0 2 3 4 5 6 7 8 9 10 11 12 13 14 15 16 17 18 19 20 21 22 23 24 25 26 27 28 29 30
1 3 7 3 13 5 29 16 29 30 27 61 39 58 76 93 78 89 86 72 56 52 47 37 27 14 17 13 12 9
128 28 335 16 173 17 248 106 179 251 92 340 160 209 233 235 171 190 147 114 89 70 66 47 33 14 17 13 12 9
502 52 811 20 365 24 479 298 298 680 171 1138 462 1191 842 1057 732 867 665 469 342 253 219 138 98 50 45 24 16 9
0 2 3 5 7 8 9 10 11 12 13 15
1 1 3 3 4 2 6 4 2 4 1 1
15 2 36 10 16 3 12 6 4 5 2 1
51 2 66 20 31 6 14 9 6 5 2 1
3 4 5 6 7 8 9 10 11 12 13 14 15 16
239 589 868 806 624 333 130 69 33 20 17 7 4 3
239 631 1303 1627 2043 1655 1013 930 635 560 678 392 308 303
3 4 5 6 7 8
14 9 37 22 27 3
14 9 59 31 97 3
