0 1 2 3 5 6 7 8 9 10 11 12 13 14 15 16 17 18 19 21
1 1 2 6 10 2 8 9 22 11 16 22 8 10 9 6 10 5 8 2
29 1 5 56 74 2 24 21 44 22 38 32 10 14 13 8 11 6 8 2
146 1 8 149 157 2 58 57 75 44 72 55 14 19 20 8 11 6 8 2
0 1 2 3 5 6 7 8 9 10 11 12 13 14 15 16 17 18 19 21
1 1 2 6 10 2 8 9 22 11 16 22 8 10 9 6 10 5 8 2
29 1 5 56 74 2 24 21 44 22 38 32 10 14 13 8 11 6 8 2
146 1 8 149 157 2 58 57 75 44 72 55 14 19 20 8 11 6 8 2
3 4 5 6 7 8
26 85 128 110 56 15
26 101 210 250 230 95
3 4 5 6 7 8
26 85 128 110 56 15
26 101 210 250 230 95
