0 1 2 3 4 5 6 7 8 9 10 11 12 13 14 15 16 17 18 19 20
1 3 3 2 2 2 2 2 1 3 3 2 4 1 3 3 2 1 2 1 1
6 4 4 7 2 9 2 5 2 4 5 2 6 1 3 3 2 1 2 1 1
775 85 142 653 37 745 88 360 374 250 807 223 2403 462 1252 5205 9317 6842 73292 281589 3087735
0 1 3 5 7 8 9 10 12
1 1 2 2 1 1 1 1 2
4 1 4 5 1 1 1 1 2
475 7 269 361 50 176 66 308 1485
6 9 10 11 12 13 14 15 16 17 18 19 21 22 24 25 27 32 35 39 43 54 69
1 3 10 6 15 7 6 5 2 1 2 2 1 2 1 1 1 1 1 1 1 1 1
7 61 297 190 1092 514 936 945 572 252 693 919 693 2178 1881 2508 2004 7436 6842 35954 37338 281589 3087735
6 10 12 14 16 18 22
1 5 8 3 1 1 1
7 169 676 552 308 231 1254
