0 1 2 3 4 5 6 7 8 9 10 11 12 13 14 15 16 17 18 19 20 21 22
1 5 4 3 5 2 3 3 2 4 3 3 6 2 5 4 5 3 4 3 4 1 1
10 7 7 10 6 10 3 7 6 6 5 3 9 2 6 5 5 3 4 3 4 1 1
4116 459 1108 3080 592 4382 387 1642 2253 1501 3350 1474 8125 3473 10931 25256 55291 165880 538665 2830594 69339770 342325709 5371315400
0 1 2 3 5 7 8 9 10 12 13
1 1 1 2 2 1 2 2 1 2 1
5 1 1 4 5 2 3 2 1 2 1
1666 11 49 874 1205 147 638 199 606 2178 1958
10 11 12 13 14 15 16 17 18 19 20 21 22 23 25 26 27 28 29 31 32 35 36 39 41 43 47 50 55 58 59 69 73 83 88 107 131
1 5 10 8 16 13 15 8 6 6 3 1 2 3 1 2 1 2 1 2 1 1 1 1 1 1 1 1 1 1 1 1 1 1 1 1 1
11 223 490 582 1708 2599 3710 3806 4038 6625 2484 1680 2109 8067 2970 6930 6270 5918 7128 24850 17622 28020 27390 66792 89298 64911 178332 267402 816904 659862 1353828 4025116 3554345 31592952 30167357 342325709 5371315400
10 12 14 16 18 20 22 26 28
1 6 5 8 3 1 1 1 1
11 294 433 1819 2232 606 594 1584 1958
