0 2 3 4 5 6 7 8 9 10 11 12 13 14 15 16 17 18 19 20 21 22 23 24 25 26 27 28 29 30 31 32 33 34 35 36 37 38 39 40 41 42 43 44 45 46 47 48
1 5 9 12 23 20 24 38 41 39 62 86 61 77 90 138 161 196 299 369 445 519 568 628 631 660 637 689 697 695 591 524 481 446 378 309 211 170 137 114 60 57 53 45 49 47 39 11
94 42 64 32 339 41 95 223 110 132 222 312 131 437 593 504 831 831 961 1121 1146 1260 1132 1257 1145 1152 1026 1031 1003 967 805 711 636 567 476 380 252 191 149 123 61 57 53 45 49 47 39 11
838 151 117 77 1136 77 237 765 190 554 697 1305 322 2292 4470 2863 18084 17503 39547 145402 88229 165702 154236 206404 193409 180590 169651 159026 139656 133880 96637 73752 62086 46343 27103 18084 12292 8592 6158 5021 3243 2448 1624 953 580 220 74 11




3 4 5 6 7 8 9 10 11 12 13 14 15 16 17 18 19 20 21 22 23 24 25 26 27 28 29 30 31 32 33 34 35 36 37 38 39 40 41 42
839 2297 2899 3122 2542 2222 1534 1291 993 897 642 579 487 443 336 293 259 228 164 147 131 105 81 70 65 47 40 34 31 19 13 10 8 5 3 4 2 2 1 1
839 2634 4540 7357 9484 13302 14252 18649 20585 26766 26667 34024 38029 47757 48085 56297 63463 74812 68706 79933 90345 94201 88680 98994 111380 101857 107322 109214 125352 95348 79904 72786 77462 50715 36930 59532 35954 43274 26015 31185



