0 2 3 4 5 6 7 8 9 10 11 12 13 14 15 16 17 18 19 20 21 22 23 24 25 26 27 28 29 30 31 32 33 34 35 36 37 38 39 40
1 1 2 1 6 4 5 7 2 5 9 13 13 14 14 14 25 22 33 43 36 56 49 67 60 70 52 64 67 83 69 69 65 70 63 43 14 11 10 4
13 3 5 1 24 4 9 20 4 7 16 17 16 25 22 17 51 34 46 64 57 75 64 88 70 80 65 72 74 92 78 75 71 73 68 46 15 11 10 4
47 3 5 3 31 4 13 40 4 7 23 22 21 59 50 31 133 132 144 398 517 543 699 1055 787 822 775 959 757 895 767 659 486 331 212 97 33 17 10 4




3 4 5 6 7 8 9 10 11 12 13 14 15 16 17 18
249 352 279 193 129 103 71 64 47 34 23 18 11 6 5 2
249 420 521 580 643 763 797 999 1073 1062 972 1036 847 606 675 352



