0 1 2 3 4 5 6 7 8 9 10 11 12 13 14 15 16 17 18 19 20 21 22 23 24 25 26 27 28 29 30 31 32 33 34 35 36 37 38 39 40 41 42 43 44 45 46 47
1 2 6 8 14 18 27 33 37 50 63 64 108 88 105 141 179 199 260 318 420 515 548 604 700 755 763 833 892 938 918 850 848 840 679 609 495 379 391 120 75 55 60 64 62 56 40 3
94 3 50 104 38 215 56 146 170 187 189 204 425 195 444 673 638 917 944 1076 1241 1278 1389 1319 1417 1368 1378 1395 1378 1360 1292 1161 1129 1088 855 719 572 436 427 143 82 55 60 64 62 56 40 3
838 4 174 380 95 1016 119 404 712 483 731 630 1691 579 2400 4782 4030 18774 20201 46149 162872 124422 199877 154296 294371 187729 295413 313270 280675 399140 246736 287488 288090 195057 120379 91946 36440 15676 8642 4717 3692 2468 1575 888 467 174 57 3




3 4 5 6 7 8 9 10 11 12 13 14 15 16 17 18 19 20 21 22 23 24 25 26 27 28 29 30 31 32 33 34 35 36 37 38 39 40 41 42 43 44
970 2635 3550 3667 3219 2731 2009 1588 1311 1093 888 741 636 564 477 378 343 296 238 196 178 146 114 99 91 68 61 50 45 34 25 20 17 13 11 9 8 6 4 3 2 1
970 3001 5693 8753 12099 16322 18832 22845 27635 32754 37258 43730 50723 60876 69953 72871 86082 98073 101794 107206 124830 130913 127659 139286 157543 146977 160960 162960 182008 169565 150678 145572 152603 131859 135410 133947 143816 129822 104060 93555 74676 44583



