0 1 2 3 4 5 6 7 8 9 10 11 12 13 14 15 16 17 18 19 20 21 22 23 24 25 26 27 28 29 30 31 32 33 34
1 1 2 3 1 4 1 6 6 3 10 7 12 9 15 18 18 14 21 23 19 15 15 13 15 10 11 10 7 5 5 3 4 5 6
1 2 3 3 1 10 1 12 11 4 18 9 30 11 31 22 37 24 34 44 27 19 18 15 16 10 11 10 7 5 5 3 4 5 6
1 4 12 11 2 75 8 77 45 15 135 32 294 51 278 203 536 912 1246 6893 18316 5064 9060 7617 6054 4218 3434 4511 1600 3052 1504 704 369 120 19




2 3 4 5 6 7 8 9 10 11 12 13 14 15 16 17 18 19 20 21 22 23 24 25 26 27 28 29 30 31 32 33 34 35
5 11 45 39 64 48 70 27 32 19 20 9 12 5 12 5 5 5 5 2 4 3 4 3 2 2 3 1 1 2 1 1 1 1
5 11 63 80 193 223 493 314 585 479 754 450 873 462 1371 828 1000 1260 1870 979 2240 2234 3465 3588 3259 4085 7066 2436 3010 7436 4565 5604 6842 8349



