0 1 2 3 4 5 6 7 8 9 10 11 12 13 14 15 16 17 18 19 20 21 22 23 24 25 26 27 28
1 1 5 5 2 6 1 5 10 4 11 12 10 7 18 12 21 10 15 20 18 7 7 6 7 7 8 6 5
9 2 14 6 2 17 1 10 22 5 19 16 17 8 40 13 46 16 34 59 22 9 8 7 7 7 8 6 5
196 9 46 21 6 112 4 58 116 13 86 60 111 27 194 63 596 451 1631 21745 2310 2064 731 931 736 254 213 59 12




2 3 4 5 6 7 8 9 10 11 12 13 14 15 16 17 18 19 20 21 22 23 24 25 26 27 30
6 11 50 35 78 46 64 24 33 8 13 8 14 3 9 3 8 4 2 1 4 1 2 1 4 1 2
6 13 65 68 241 213 431 255 617 208 402 400 942 287 1127 438 2113 935 594 385 2240 627 1584 1002 5769 1575 10318



