1 2 3 4 5 6 7 8 9 10 11 12 13 14 15 16 17 18 19 20 21 22 23 24 25 26 27 28 29 30 31 32 33 34 35 36 37 38 39 40 41 42 43 44
9 48 36 121 104 213 260 296 441 397 554 654 1056 1143 1466 1687 2302 2776 3610 3782 4110 4425 4752 4932 5863 6343 6519 6413 6124 5795 5290 4163 3345 2667 2083 1548 1255 977 765 547 422 348 276 83
809 2218 118 2138 996 2607 2354 1580 1993 1658 1949 2484 5046 5370 6877 8706 12537 13214 17314 15408 14064 13947 13784 12836 15280 15976 15096 13629 12240 10775 9131 6364 4585 3443 2558 1864 1542 1292 1046 711 517 427 331 85
6560 25174 418 16859 6484 23159 17397 9684 11220 9582 12207 17303 49568 67984 100845 205623 709004 1706506 5556129 18699365 54118734 77897579 82230269 89103715 110888627 102293458 109105990 100004402 86759673 70861853 48714316 31555462 19759811 10463378 6202473 3408717 1933580 1071547 559594 244819 113003 45521 19233 2931
1 2 4 5 6 7 8 9 10 11 12 13 14 15 16 17 18 19 20 21 22 23 24 25 26 27 28 29 31 33
3 8 12 7 24 23 12 22 7 20 32 68 50 56 50 48 37 32 19 17 16 14 12 14 5 4 4 2 1 1
14 161 99 16 77 104 26 39 23 44 57 125 79 81 72 66 43 39 20 20 19 16 13 14 5 4 5 2 1 1
29 987 480 84 364 426 86 143 87 210 215 788 480 372 324 980 712 195 140 764 319 150 165 66 14 10 16 12 2 2
3 4 5 6 7 8 9 10 11 12 13 14 15 16 17 18 19 20 21 22 23 24 25 26 27 28 29 30 31 32 33 34 35 36 37 38 39 40 41 42 43 44 45 46 47 48 49 50 51 52 53 54 55 56 57 58 59 60 61 62 63 64 65 66 67 68 69 70 71 72 73 74 75 77 78 80 81
3054 9535 17712 22609 27083 24812 24435 19140 16885 13176 11464 9244 8511 7153 6620 5583 5300 4405 4205 3610 3405 2960 2766 2379 2193 1867 1770 1568 1464 1214 1145 995 968 795 760 652 618 524 500 457 379 353 309 263 250 208 201 195 146 148 119 119 85 99 79 59 52 45 30 35 28 20 26 17 11 17 15 8 13 12 3 7 5 2 2 2 1
3054 10041 25932 46095 86334 117435 181704 212563 289281 321035 410175 450151 577919 647509 825096 893634 1145644 1216765 1530017 1671392 2065747 2216363 2694579 2844911 3358042 3517754 4240920 4520012 5398908 5349063 6320021 6572086 7957044 7770318 9378985 9320289 10804957 10944533 12825369 13848362 14025882 15215487 15845075 16338641 18500864 17863934 21256672 23497408 21025520 25268751 23819675 27604423 23895333 32057676 29269317 26616142 27015055 26676289 21153402 28647300 26791782 22430100 33446754 25388140 19157930 34213486 34852800 21437512 40140555 42652140 12263904 32880435 26963915 14179000 16236528 21239726 12132164
3 4 5 6 7 8 9 10 11 12 13 14 15 16 17 18 20 21 23
69 58 217 180 252 155 182 76 56 14 9 4 4 1 4 1 1 1 1
69 58 340 336 848 630 1318 779 942 389 323 210 322 101 472 176 297 385 627
