0 2 3 4 5 6 7 8 9 10 11 12 13 14 15 16 17 18 19 20 21 22 23 24 25 26 27 28 29 30 31 32 33 34 35 36 37 38 39 40 41 42 43 44 45 46 47 48
1 1 2 1 6 1 2 8 3 8 12 7 10 12 9 11 14 17 26 32 36 51 43 56 52 51 49 50 54 49 42 42 31 31 31 30 25 25 27 23 15 16 13 13 12 13 10 4
13 3 6 1 24 1 3 24 3 9 19 9 11 28 17 13 35 32 52 64 53 77 63 70 71 65 64 62 61 56 45 47 34 35 34 31 27 25 27 23 15 16 13 13 12 13 10 4
47 3 8 3 32 1 5 57 3 10 38 11 15 69 44 21 103 127 222 546 645 499 821 443 567 569 483 645 374 434 282 459 239 359 205 254 157 188 143 126 99 91 75 51 36 24 11 4




3 4 5 6 7 8 9 10 11 12 13 14 15 16 17 18
236 295 265 176 127 94 69 53 40 26 19 16 7 6 3 1
236 346 489 532 629 695 767 829 887 794 822 896 539 606 405 176



