0 1 2 3 4 5 6 7 8 9 10 11 12 13 14 15 16 17 18 19 20 21 22 23 24 25 26 27 28 29 30 31 32 33 34 35 36 37 38 39 40 41 42 43 44 45 46 47 48 49 50 51 52 53 54 55
1 2 8 9 11 26 16 33 40 50 42 67 99 76 101 112 155 188 237 320 392 491 552 584 676 708 731 743 778 796 808 751 764 728 697 681 693 683 663 622 548 475 492 467 423 401 379 263 188 175 152 153 150 133 87 19
94 3 52 107 37 266 42 114 197 160 149 210 381 179 451 627 593 941 996 1155 1321 1382 1450 1336 1462 1391 1427 1343 1326 1254 1258 1150 1138 1067 974 924 897 864 802 736 631 535 552 508 447 411 386 269 189 175 152 153 150 133 87 19
838 4 177 398 97 1156 102 344 819 411 696 758 1632 585 2519 4860 3948 19447 21073 47911 172259 151423 256309 151351 278574 204775 224392 301061 227349 313279 201557 248535 252861 208321 217362 215586 165771 172744 156686 148274 111877 107606 90708 76209 55945 47395 38621 27094 17646 12891 6705 3808 1735 613 165 19




3 4 5 6 7 8 9 10 11 12 13 14 15 16 17 18 19 20 21 22 23 24 25 26 27 28 29 30 31 32 33 34 35 36 37 38 39 40 41 42 43 44
1144 3114 4131 4476 3913 3427 2468 2023 1653 1391 1088 951 824 712 584 483 440 381 294 256 228 177 148 129 117 88 82 67 59 43 35 29 23 18 14 13 10 8 5 4 2 1
1144 3546 6642 10725 14782 20518 23298 29034 34622 41846 45969 55928 65967 76552 85320 93588 110796 125364 125224 140206 159845 159128 166917 183171 204398 192906 219038 221004 240966 213521 213770 211516 202697 182574 172340 193479 179770 173096 130075 124740 74676 44583



