0 3 4 5 6 7 8 9 10 11 12 13 14 15 16 17 18 19 20 21 22 23 24 25 26 27 28 29 30 31 32 33 34 35 36 37 38 39 40 41 42 43 44 45 46 47
1 3 1 3 3 2 6 5 6 7 8 14 6 14 14 27 25 28 41 39 51 53 61 73 89 91 83 84 83 62 64 58 43 36 34 37 37 35 34 28 30 36 33 28 24 3
13 17 1 7 4 4 15 11 11 13 16 18 11 29 29 56 49 64 74 75 79 77 94 106 116 126 107 112 107 83 73 67 47 42 38 39 37 35 34 28 30 36 33 28 24 3
47 41 3 7 4 4 32 17 16 21 30 36 43 77 70 146 200 354 688 1113 449 1120 1262 1061 1103 1444 865 858 921 728 495 675 300 573 316 385 376 214 232 188 152 112 79 39 24 3




3 4 5 6 7 8 9 10 11 12 13 14 15 16 17 18
303 418 356 281 201 146 112 88 68 49 37 24 16 10 6 3
303 500 669 870 983 1086 1272 1413 1581 1560 1608 1428 1302 1010 810 528



