3 15 16 27 28 39 40 51 52 63 64
110 1757 862 16362 10839 30556 18928 12097 7574 648 265
74161 81281 51188 257319 163347 118081 71641 23577 14345 648 265
2660108 16007674 7188947 1678391138943 646262824945 477772565669 238947457146 27045466709 14582158410 10560 1268
3 15 16 27 28 39 40
28 453 238 561 335 56 37
9524 4686 2473 987 593 71 44
340939 540585 411787 89862 52462 1510 884
3 4 5 6 7 8 9 10 11 12 13 14 15 16 17 18 19 20 21 22 23 24 25 26 27 28 29 30 31 32 33 34 35 36 37 38 39 40 41 42 43 44 45 46 47 48 49 50 51 52 53 54 55 56 57 58 59 60 61 62 63 64 65 66 67 68 69 70 71 72 73 74 75 76 77 78 79 80 81 82 83 84 85 86 87 88 89 90 91 92 93 94 95 96 97 98 99 100 101 102 103 104 105 106 107 108 109 110 111 112 113 114 115 116 117 118 119 120 121 122 123 124 125 126 127 128 129 130 131 132 133 134 135 136 137 138 139 140 141 142 143 144 145 146 147 148 149 150 151 152 153 155
1392 5225 12716 21755 31635 40608 46385 53262 55335 54417 48603 43597 36894 31293 27499 23363 21608 19098 17921 16049 15103 13726 12999 11885 11373 10090 9943 9012 8555 7811 7639 7042 6949 6286 6150 5563 5461 4930 4907 4478 4415 4081 3986 3764 3684 3130 3124 2946 2925 2680 2637 2318 2281 2044 1928 1938 1756 1562 1535 1463 1423 1294 1179 1087 1055 981 949 936 880 779 760 715 754 614 647 581 552 455 445 437 426 399 390 372 343 317 314 269 324 267 259 234 196 165 147 155 150 116 112 125 123 111 102 113 94 70 50 60 47 56 45 50 55 43 46 52 31 29 29 26 33 20 20 12 17 17 13 10 11 3 12 3 10 4 5 8 8 6 3 7 11 4 3 2 4 2 4 2 1 2 4 3
1392 5700 18478 43723 90715 175372 288936 515240 772466 1184935 1550454 2162520 2589982 3220284 3827994 4431862 5430736 6370086 7664947 9002587 10837307 12720111 15032243 17347144 20733551 23251875 28653871 32609338 37580278 42371619 50442325 56300344 67878322 75581585 88989087 97756346 116325350 125404117 149281614 164135240 190948326 215599317 248213660 274903807 323469417 326895352 376966853 422781655 502331624 535642068 631585548 638902792 716366948 779191340 842473324 971861152 1064596207 1112598968 1245751541 1404787632 1548754565 1654282945 1767270612 1847856288 2026980013 2296470765 2475897233 2694136924 3075308240 3127175818 3401068351 3843195357 4444199037 4166348502 5120063044 5163653928 5512916248 5411936667 6039046479 6498493258 7470742150 7939249292 8908271417 9497239088 9419132734 10186355432 11814092512 10543719346 15530525909 14412981677 15159468514 15510511209 15076227971 14236005713 13792207971 17086762102 17948940290 16060215176 17660279642 22525825828 22845396766 26161255908 25235380550 34797207272 28665476460 25767903315 18549327461 27349490226 22225742616 31762389560 27990150892 33074795299 43227160770 40219095128 42229530330 60149572122 36048843184 39076984936 45110911571 44867689889 58956726530 43329070703 44180208213 30106024234 46285772687 52488417576 45749894996 37954718141 47861864600 14505815610 64455784800 17893618512 66208308890 29386518048 40745203475 72286688608 80124653440 66585870096 36877025493 95276649265 165724659485 66682756832 55320879960 40781965514 90162617780 49817716018 110068210396 60777343956 33549419497 74054710400 163412941252 149058865263
3 4 5 6 7 8 9 10 11 12 13 14 15 16 17 18 19 20 21 22 23 24 25 26 27 28 29 30 31 32 33 35 36 38 44
31 168 301 786 816 1853 1184 3026 1748 2845 987 1897 792 766 291 236 118 122 61 69 54 56 47 27 16 22 7 14 3 8 12 2 8 2 3
31 223 469 2011 2262 9741 7230 34798 19296 75813 27710 133991 47851 113745 39437 64973 28751 44487 23360 48188 36422 59773 46133 40800 27132 51311 20858 57722 13462 48657 66648 16698 66792 49240 112014
