9 20 21 32 33 44 45 56 57
780 941 7743 5867 42227 3747 26471 1640 10583
72548 88898 376414 46344 321850 11332 81118 2216 13884
1756144 14159172295 121841718228 250298423568 2195910418963 36763199329 296739034999 197868350 908566461
9 20 21 32 33 45
167 132 1068 50 326 2
8451 580 3790 79 478 2
189020 126453 378631 5260 29546 2
3 4 5 6 7 8 9 10 11 12 13 14 15 16 17 18 19 20 21 22 23 24 25 26 27 28 29 30 31 32 33 34 35 36 37 38 39 40 41 42 43 44 45 46 47 48 49 50 51 52 53 54 55 56 57 58 59 60 61 62 63 64 65 66 67 68 69 70 71 72 73 74 75 76 77 78 79 80 81 82 83 84 85 86 87 88 89 90 91 92 93 94 95 96 97 98 99 100 101 102 103 104 105 106 107 108 109 110 111 112 113 114 115 116 117 118 119 120 121 122 123 124 125 126 127 128 129 130 131 132 133 134 135 136 137 138 139 140 141 142 143 144 145 147 148 149 150 151
1298 5247 13543 24960 39405 52039 57496 60813 59178 53985 49068 44062 39609 34912 32296 28766 26654 24373 22900 21508 20146 18519 17580 16388 14967 14167 13352 12518 12139 11129 10571 9930 9257 8494 8208 7611 7069 6608 6637 5901 5610 5008 4793 4545 4305 3933 3872 3479 3303 2951 2928 2647 2548 2476 2407 2200 2069 1872 1929 1787 1594 1560 1507 1436 1249 1171 1122 1089 997 916 920 906 779 750 702 647 584 557 626 540 506 465 444 401 372 316 322 300 242 251 245 234 165 188 175 172 154 139 162 154 130 123 128 116 94 97 86 76 72 56 52 45 39 38 39 18 27 16 16 20 24 13 17 16 20 12 15 19 18 19 9 7 7 8 6 14 17 14 13 4 3 3 3 2 3 1 2 3
1298 5845 19452 48937 109521 215748 350559 579266 841302 1189894 1594542 2117479 2688266 3312302 4187003 5064689 6285518 7589229 9309993 11327886 13841023 16486632 19941219 23621101 26847711 32496972 37993792 44050402 53406741 60186125 71175243 81516058 93971380 103055859 120389000 134386551 154813836 172800940 207367338 217748421 251597149 266652986 300417477 337869515 386172405 419830394 488750517 501854220 580483753 591539935 696785886 739128223 852155319 950005726 1082522948 1127832781 1295637067 1302043906 1534224588 1608672094 1772737627 1997313075 2195848041 2375862121 2436001396 2626308958 2816524616 3260720585 3406074971 3585487807 4292745157 4735427492 4676590289 5217010090 5229035991 5730613243 6043907685 6695744112 8330665368 8009597190 8817878361 9051657177 9736768477 10055398245 10854882434 10715420991 12473405543 12213687305 11904839933 13171539866 13961152430 16358679371 13016311893 16478564123 17952636983 19350446574 19238731862 19755810976 25009672264 26365164316 26313296158 29180909407 31775189406 32402153985 29539848049 35482372737 33371119664 32148298470 33528011891 28829461144 30549240888 31180564604 30227900960 33641199140 39327394003 22290240062 31351939914 20688153904 22941365953 32215400690 43692346755 26729924663 38482109782 40054359869 56838810000 37957528224 52788340380 74363421605 78319414800 91870165530 48341838600 41751776528 46345816223 58773036096 48894244170 126501705064 170264888560 155367030224 159800443803 54443799580 45197634405 50012067624 55320879960 45081308890 74726574027 27517052599 60777343956 100648258491
3 4 5 6 7 8 9 10 11 12 13 14 15 16 17 18 19 20 21 22 23 24 25 26 27 28 29 30 31 32 33 35 36 38 39
26 172 320 774 849 1832 1306 2114 1306 1623 954 869 334 286 162 124 55 57 39 30 22 17 15 31 19 12 4 8 5 4 1 4 2 3 1
26 234 481 2116 2419 9992 7889 25634 17974 44899 30587 54201 26722 42068 23502 29052 12134 20028 13849 19641 13687 23332 13933 46604 28331 26613 14132 27370 18328 23462 5604 28875 20286 36930 17977
