13 14 25 26 37 38 49 50 61 62
488 2240 6340 15640 14864 35777 6438 15186 1002 2025
29242 77270 135986 303800 69444 160703 14531 32987 1010 2026
2630558 6346195 1311771250177 965284165724 400368227749 680253214822 26158885534 58677679001 444250 473905
13 14 25 26 37 38
127 491 354 758 31 87
2816 6818 738 1504 42 128
230673 565803 91307 154314 2462 3972
3 4 5 6 7 8 9 10 11 12 13 14 15 16 17 18 19 20 21 22 23 24 25 26 27 28 29 30 31 32 33 34 35 36 37 38 39 40 41 42 43 44 45 46 47 48 49 50 51 52 53 54 55 56 57 58 59 60 61 62 63 64 65 66 67 68 69 70 71 72 73 74 75 76 77 78 79 80 81 82 83 84 85 86 87 88 89 90 91 92 93 94 95 96 97 98 99 100 101 102 103 104 105 106 107 108 109 110 111 112 113 114 115 116 117 118 119 120 121 122 123 124 125 126 127 128 129 130 131 132 133 134 135 136 137 138 139 140 141 142 143 144 145 146 147 148 149 150 151 152 153 154 155 156
1360 5442 13274 23545 33478 40574 45797 45711 45049 44086 40248 35237 32279 28304 26076 23054 21365 19425 18232 16571 15631 14589 13807 12291 12267 11050 10565 10039 9536 8873 8585 7810 7633 7183 6863 6169 6030 5625 5404 4824 4824 4429 4330 3916 3886 3464 3366 3112 3034 2811 2676 2430 2410 2219 2086 1883 1909 1666 1684 1523 1529 1374 1309 1236 1230 1154 1065 1033 1040 946 860 829 809 713 684 618 640 533 438 426 458 389 412 350 373 303 299 278 279 263 239 221 249 184 192 176 156 131 123 121 113 106 134 116 129 104 99 94 96 77 79 61 63 64 34 43 27 34 26 28 26 19 24 16 10 9 14 13 16 16 11 6 6 3 5 4 8 6 8 3 6 6 6 6 5 3 2 3 1 2 2 1 3 2
1360 6029 19229 46912 95443 174690 296513 455345 681103 996979 1340893 1741369 2259876 2787368 3519362 4266824 5231629 6304757 7684246 9027426 10902507 12984711 15681953 17658053 22172869 24681305 29911525 34847773 40959194 47070977 55824522 62414307 74465219 84985778 99492602 109965884 130495936 146277529 166129081 178978213 215953332 232095535 275324356 289959138 343758193 365522421 422878792 458882281 519089694 560651124 630852388 676581229 779526133 860225796 920468305 970158496 1161571805 1163886921 1371339741 1473580405 1690850928 1783613729 1935140679 2124801437 2400622050 2648182116 2733809005 3068101879 3476446283 3648936985 3784649536 4272394353 4723985839 4723532493 5258856836 5564912221 6320937045 6111523705 5692144348 6296397355 7726727416 7383591474 8940668454 9047403687 10567010069 10078624391 11372765633 11446492459 13291080261 14137088585 14599021909 15018279838 19700581468 15723680654 18114462258 18576224185 19140273054 18546741746 19477344080 21263449885 21582353007 24077130401 32647372977 32971427630 39583324113 37678861055 40466519999 43939243044 47210830139 43228236040 47875913306 42473209317 47793173706 57013510652 31610314646 50180690328 33920554282 46904443564 39182614999 47036142120 48462671855 41061124161 57222615102 39793342540 27260995964 28468146168 49269117688 49696311026 69617257600 77364349920 59084469400 35787237024 39724985334 22039888536 40745203475 36143344304 80124653440 66585870096 98338734648 40832849685 90395268810 100024135248 110641759920 122345896542 112703272225 74726574027 55034105198 91166015934 33549419497 74054710400 81706470626 45060624582 149058865263 109540672648
3 4 5 6 7 8 9 10 11 12 13 14 15 16 17 18 19 20 21 22 23 24 25 26 27 28 29 30 31 32 33 35 38 39
39 200 310 905 748 1612 1178 1645 940 1174 626 749 320 419 216 271 109 151 76 106 16 77 35 45 7 24 13 14 1 11 3 2 2 2
39 268 488 2255 2358 8591 7425 20512 14160 35431 20682 49676 22776 53151 24926 64536 24609 59287 23802 61690 10435 78052 26062 92485 8666 61983 25768 61572 3718 96826 9030 16698 24620 35954
