12 13 24 25 36 37 48 49 60 61
1185 291 2768 16013 7426 44461 3528 19803 773 3750
61701 15669 52642 371032 37465 219685 8352 46077 836 3892
2074781 925101 130050879671 1162019199582 261140055611 1010861868140 21000619774 96525502706 1265387 3634961
12 13 24 25 36 37
255 100 209 943 21 145
6901 1813 468 2044 27 199
223006 115502 44651 227570 654 7111
3 4 5 6 7 8 9 10 11 12 13 14 15 16 17 18 19 20 21 22 23 24 25 26 27 28 29 30 31 32 33 34 35 36 37 38 39 40 41 42 43 44 45 46 47 48 49 50 51 52 53 54 55 56 57 58 59 60 61 62 63 64 65 66 67 68 69 70 71 72 73 74 75 76 77 78 79 80 81 82 83 84 85 86 87 88 89 90 91 92 93 94 95 96 97 98 99 100 101 102 103 104 105 106 107 108 109 110 111 112 113 114 115 116 117 118 119 120 121 122 123 124 125 126 127 128 129 130 131 132 133 134 135 136 137 138 139 140 141 142 143 144 145 146 147 148 151 153
1403 5368 13189 23133 34115 41508 45807 45807 44937 40981 37834 33593 30411 26987 24716 22176 20969 19036 18279 16822 16043 14504 13780 12631 12487 11154 11029 10110 9772 8901 8482 7779 7610 7011 6752 6272 6308 5673 5484 5113 4767 4379 4238 3980 3890 3612 3426 3219 3113 2807 2774 2474 2445 2312 2119 1964 1890 1711 1677 1585 1469 1391 1314 1194 1182 1059 1024 945 958 894 846 825 745 714 675 648 624 573 534 497 461 419 430 396 391 338 285 278 277 227 228 210 207 193 176 141 161 148 139 138 118 88 79 80 81 80 79 76 80 57 59 74 71 79 77 70 72 50 28 26 19 17 14 23 18 8 17 3 11 9 9 12 10 9 8 2 2 2 2 3 2 3 8 3 6 2 2 1
1403 5900 19171 46644 97682 179127 294308 459950 676223 943455 1265280 1660559 2113539 2624920 3285844 3977597 4977189 5990065 7514685 8995343 10930024 12709384 15334625 18056897 22221102 24984677 31208323 35273434 42371919 47361727 55292727 62803353 74248136 83853358 97088178 109838713 132335027 144217803 168113690 189937857 209115171 234590849 269593982 299481801 347496535 377542629 425425484 477328174 538178051 566579370 656296273 685805910 781416031 871615038 945663521 1004572139 1146776062 1196938946 1333940480 1507095187 1609516575 1746883465 1973222067 2014618260 2323244860 2401909056 2649411720 2852391912 3329712137 3566535935 3766963624 4332427641 4427053424 4676270975 5363439931 5599002540 6445800242 6650766244 6949321118 7331615970 7759884907 7699668601 9512273121 9925858086 10905748238 10666492925 10746511759 11560105117 13099934068 12149316952 13577673183 14600586559 16475945984 16643672491 17811856859 15690159010 19705932279 19606161629 21169525216 23338925161 22043411686 19064975554 19731228082 23165694196 24328322890 29008145298 31069364734 34969560069 39644166749 34132036752 36209367120 49708678089 54611081531 66920900392 73198521795 78912590505 85483934412 68286606608 39800071267 44867689889 37906157790 36948828059 38186529223 56615640911 50286122223 24341458260 58758499744 11346951282 46550221685 42549060290 48341838600 71574474048 66208308890 66119665608 65192325560 18071672152 20031163360 22195290032 24584683662 40832849685 30131756270 50012067624 147522346560 61172948271 135243926670 49817716018 67098838994 40853235313
3 4 5 6 7 8 9 10 11 12 13 14 15 16 17 18 19 20 21 22 23 24 25 26 27 28 29 30 31 32 33 34 35 39 41
19 143 325 794 871 1543 1113 1682 1177 1267 537 722 260 357 147 167 68 88 24 62 13 22 11 9 6 6 2 1 4 2 3 4 1 1 1
19 202 508 1992 2639 7942 7368 20868 16935 33919 18948 46211 17602 48565 20886 42987 15431 38823 9588 43621 7779 32772 11798 27498 8820 12266 3916 2436 15318 11154 14926 22416 8349 17977 26015
