1 2 3 4 5 6 7 8 9 10 11 12 13 14 15 16 17 18 19 20 21 22 23 24 25 26 27 28 29 30 31 32 33 34 35 36 37 38 39 40 41 42 43 44
7 18 28 46 101 78 145 166 157 141 200 211 253 304 330 414 571 866 1227 1735 2421 2939 3468 4030 4443 4699 4896 5202 5849 6351 6280 6186 6119 5790 5573 5082 4309 3555 2672 1757 940 354 83 4
28 68 66 97 209 154 244 294 263 221 335 331 401 496 545 714 1091 1715 2494 3755 5350 6185 7064 7997 8682 9100 9338 9735 10512 10817 10356 9892 9366 8444 7605 6619 5393 4170 2962 1830 941 354 83 4
102 251 231 406 728 442 919 1034 889 844 1306 1701 1758 3935 5022 16711 38225 96724 617551 3677564 27655470 604633620 1232750453 1884444602 2702623382 3105078420 2207786586 3235423944 6973077453 6475081991 7314659860 11204173300 16551145677 12996009415 9211931126 4763863094 2010979459 640716400 150210198 25546473 2917139 201486 5572 5
3 4 5 8 9 12 13 14 15 16 17 18 19 20 21 23 24 25 26 27 28
2 1 3 2 3 2 4 5 5 2 3 4 5 5 3 2 5 12 5 5 4
3 1 3 5 3 2 6 7 5 2 4 4 5 7 3 2 6 12 5 5 4
6 2 5 6 3 2 12 10 14 44 10 6 277 100 14 7 90 70 28 7 30
3 4 5 6 7 8 9 10 11 12 13 14 15 16 17 18 19 20 21 22 23 24 25 26 27 28 29 30 31 32 33 34 35 36 37 38 39 40 41 42 43 44 45 46 47 48 49 50 51 52 53 54 55 56 57 58 59 60 61 62 63 64 65 66 67 68 69 70 71 72 73 74 75 76 77 78 79 80 81 82 83 84 85 86 87 88 89 90 91 92 93 94 95 96 97 98 99 100 101 102 103 104 105 106 107 108 109 110 111 112 113 114 115 116 117 118 119 120 121 122 123 124
1105 3584 6515 8461 9389 9227 8586 7699 7110 6560 6130 5545 5136 4852 4780 4402 4058 3813 3603 3359 3110 3016 2851 2622 2508 2358 2223 2040 1959 1892 1721 1564 1467 1433 1340 1225 1236 1126 1081 980 910 868 822 778 699 700 638 588 577 561 505 471 437 434 388 371 346 314 277 275 262 241 233 200 198 183 171 173 155 138 128 122 109 116 107 91 83 81 73 68 62 57 61 53 45 42 40 37 33 29 29 31 25 21 19 23 17 18 12 13 9 7 8 8 9 6 6 5 7 5 3 5 3 3 2 2 2 2 1 1 1 1
1105 3748 9215 17090 29019 43410 63083 85181 117595 155844 208721 262475 337407 430893 572221 698831 859247 1045964 1287246 1550377 1848503 2266522 2730542 3165791 3791786 4434107 5249319 5963628 7127658 8398113 9456389 10540869 11987451 14096836 16189802 17876194 21862106 23790819 27312731 30049675 33549068 37788726 42826744 48000315 51435089 60848953 66024526 71371244 83064783 94164890 100650752 110867453 119258590 137126384 145086465 163427327 178381962 184294034 192608402 219843154 246986134 260958164 294724341 287990209 337169400 352412614 388573338 442452901 463045850 480204799 498572276 547902827 567557767 691230430 731943017 712957286 739304699 809799512 844815845 892134291 932633688 984297470 1200842995 1209297474 1139976453 1219920933 1321371220 1387972080 1403363237 1402779297 1602561529 1935135827 1754395039 1674831867 1739405594 2347074142 1994480283 2367923488 1802377632 2161924897 1715123628 1477456048 1930123032 2140008029 2743212285 2053954254 2305658016 2155746945 3384519908 2709731200 1821491238 3399516015 2283006468 2554129884 1904101330 2128288902 2377816496 2655420152 1482074143 1653668665 1844349560 2056148051
3 4 5 6 7 8 9 10 11 12 13 14 15 19
17 16 24 9 8 6 4 2 2 1 2 1 1 1
17 16 39 22 37 34 40 30 44 30 84 42 77 231
