0 1 2 3 4 5 6 7 8 9 10 11 12 13 14 15 16 17 18 19 20 21 22 23 24 25 26 27 28 29
1 2 3 9 10 6 10 11 12 16 16 19 29 40 49 61 54 28 32 29 24 15 16 18 18 14 5 8 9 2
1 3 4 12 25 6 15 15 14 19 17 22 35 52 60 71 64 31 36 33 27 16 17 19 19 14 5 8 9 2
1 5 7 20 55 8 26 24 20 25 24 36 71 143 123 198 167 257 101 109 88 91 78 44 57 71 59 80 28 3
0 1 2 3 4 5 6 7 8 9 10 11 12 13 14 15 16 17 18 19 20 21 22 23 24 25 26 27 28 29
1 2 3 9 10 6 10 11 12 16 16 19 29 40 49 61 54 28 32 29 24 15 16 18 18 14 5 8 9 2
1 3 4 12 25 6 15 15 14 19 17 22 35 52 60 71 64 31 36 33 27 16 17 19 19 14 5 8 9 2
1 5 7 20 55 8 26 24 20 25 24 36 71 143 123 198 167 257 101 109 88 91 78 44 57 71 59 80 28 3
3 4 5 6 7 8 9 10 11 12 13 14 16
49 177 177 137 57 35 10 15 5 4 3 1 1
49 189 267 294 208 215 100 211 103 112 114 56 101
3 4 5 6 7 8 9 10 11 12 13 14 16
49 177 177 137 57 35 10 15 5 4 3 1 1
49 189 267 294 208 215 100 211 103 112 114 56 101
