8 19 20 31 32 43 44 55 56
442 554 7049 2630 42437 1991 30941 751 13205
32621 23092 431009 25087 361749 6265 97625 1067 18415
1091126 64602893 17155373194 116353961956 2559303601024 10446795044 364540207286 176505209 2404963510
8 19 20 31 32 43 44
100 59 1105 28 416 2 20
3512 340 4924 52 638 2 20
121632 72482 623947 5721 38321 3 26
3 4 5 6 7 8 9 10 11 12 13 14 15 16 17 18 19 20 21 22 23 24 25 26 27 28 29 30 31 32 33 34 35 36 37 38 39 40 41 42 43 44 45 46 47 48 49 50 51 52 53 54 55 56 57 58 59 60 61 62 63 64 65 66 67 68 69 70 71 72 73 74 75 76 77 78 79 80 81 82 83 84 85 86 87 88 89 90 91 92 93 94 95 96 97 98 99 100 101 102 103 104 105 106 107 108 109 110 111 112 113 114 115 116 117 118 119 120 121 122 123 124 125 126 127 128 129 130 131 132 133 134 135 136 137 138 139 140 141 142 143 144 145 146 147 149 150 151 152
1495 5315 13173 23598 37910 47453 56512 56650 56483 51307 47843 43254 40267 34505 33375 29714 28232 25345 24506 21852 21081 18420 17464 16454 15636 13903 13580 12651 11744 10601 10179 9460 9115 8231 8001 7637 7263 6510 6380 6014 5546 5139 4960 4589 4516 3788 3783 3591 3391 3030 2934 2681 2586 2277 2161 2076 1997 1789 1693 1599 1560 1429 1400 1316 1265 1071 1070 939 886 766 749 749 678 616 610 584 548 494 479 424 388 363 370 325 322 292 290 268 238 184 188 186 183 155 143 126 136 122 123 113 102 99 84 93 93 91 84 73 84 67 54 66 55 43 39 34 33 22 20 16 18 13 19 13 20 14 16 9 19 12 18 17 11 6 6 7 6 8 6 13 13 11 2 4 2 2 3 1 2
1495 5821 19142 46564 104838 195013 345542 531297 809639 1124748 1543765 2045257 2711263 3283129 4360409 5172861 6650396 7979827 10017813 11534440 14415094 16394120 19740393 23431375 27964124 31884485 38237108 44395752 50690440 58102420 67294571 76085976 91038151 101010560 118235719 136857265 155759604 174278760 198133803 221461474 246853381 281130056 314250158 349614285 402273682 406756523 477884207 530359175 589786804 641323552 723267093 757458734 874844425 914118202 968693808 1112327365 1245534639 1309327566 1421858614 1573000336 1780516721 1913002504 2183369105 2280460755 2672782525 2555150843 2871635512 2957195019 3147594379 3033275597 3474048839 4093103072 4039911279 4299633833 4853450820 5287725589 5739200571 5934861347 6479022207 6614674541 6696281181 7117733264 8215572726 8263044405 9095897063 9268919847 10832843783 10855461143 11032275010 9886815856 10972509110 12476389904 13497881403 13174299946 13665526393 14045935514 16283758413 16486089137 18731226186 19954318904 19388120618 22110390152 19865356449 27014738393 29107317115 33233233451 32822943906 33348000531 41276379144 36639905720 31979427090 43542057895 40183152146 35472333248 36718574414 38643988562 42932765078 28654414360 28406570324 25429131508 33007611185 26094529190 42829578745 32658362475 55680400964 44283782928 56307563072 35224778655 82670493400 58023262440 96683677200 101397171568 72829139779 44079777072 48894244170 63250852532 60093490080 88781160128 73754050986 176942348635 195856415755 183377581288 36880586640 81563931028 45081308890 55034105198 91166015934 33549419497 74054710400
3 4 5 6 7 8 9 10 11 12 13 14 15 16 17 18 19 20 21 22 23 24 25 26 27 28 29 30 31 32 33 34 35 40 42 43 47
42 182 239 713 655 1329 803 1353 680 1018 495 631 268 314 166 144 90 76 49 65 37 27 24 17 16 17 8 10 3 4 4 4 1 1 1 1 1
42 232 371 1868 2047 7420 5401 17970 10847 30961 15423 46722 18894 49640 21630 38075 20871 32484 18474 41506 24923 26288 21752 37641 27865 39308 17068 33958 8456 22308 23209 33624 8349 17977 26015 37338 75175
