0 2 3 5 7 8 9 10 11 12 13 14 15 16 17 18 19 20 22 24 25 27
2 1 3 8 1 7 2 2 10 3 4 6 2 3 4 4 2 1 3 1 1 1
5 1 4 15 1 11 2 3 12 6 5 11 2 3 4 4 2 1 3 1 1 1
171 10 15 87 2 36 2 18 53 20 9 129 4 32 4 10 80 1 32 11 3 1
0 2 3 5 7 8 9 10 11 12 13 14 15 16 17 18 19 20 22 24 25 27
2 1 3 8 1 7 2 2 10 3 4 6 2 3 4 4 2 1 3 1 1 1
5 1 4 15 1 11 2 3 12 6 5 11 2 3 4 4 2 1 3 1 1 1
171 10 15 87 2 36 2 18 53 20 9 129 4 32 4 10 80 1 32 11 3 1
2 3 4 5 6 7 8 9 10 11 12 14
3 15 13 23 15 13 6 3 2 3 1 1
3 15 26 57 53 76 66 62 44 130 121 77
2 3 4 5 6 7 8 9 10 11 12 14
3 15 13 23 15 13 6 3 2 3 1 1
3 15 26 57 53 76 66 62 44 130 121 77
