0 1 2 3 4 5 6 7 8 9 10 11 12 13 14 15 16 17 18 19 20 21 22 23 24 25 26 27 28 29 30 31 32
3 2 10 15 3 16 1 22 19 23 22 27 34 26 30 36 22 20 23 22 19 20 14 8 14 8 5 7 2 4 2 1 1
21 4 32 59 3 76 2 45 48 60 53 44 80 33 60 44 26 21 25 24 19 20 14 8 14 8 5 7 2 4 2 1 1
950 23 222 618 16 943 16 345 502 362 875 372 1662 365 2617 1311 1465 491 1233 2029 189 565 500 123 285 45 99 65 8 36 6 2 1
0 1 2 3 4 5 6 7 8 9 10 11 12 13 14 15 16 17 18 19 20 21 22 23 24 25 26 27 28 29 30 31 32
3 2 10 15 3 16 1 22 19 23 22 27 34 26 30 36 22 20 23 22 19 20 14 8 14 8 5 7 2 4 2 1 1
21 4 32 59 3 76 2 45 48 60 53 44 80 33 60 44 26 21 25 24 19 20 14 8 14 8 5 7 2 4 2 1 1
950 23 222 618 16 943 16 345 502 362 875 372 1662 365 2617 1311 1465 491 1233 2029 189 565 500 123 285 45 99 65 8 36 6 2 1
2 3 4 5 6 7 8 9 10 11 12 13 14 15 16 17 18 19 20 21 26
6 11 54 61 123 116 180 82 86 39 49 11 15 8 9 5 2 2 4 1 1
6 12 87 138 427 570 1435 995 1663 1156 2450 558 1302 770 1356 881 352 771 1452 385 1575
2 3 4 5 6 7 8 9 10 11 12 13 14 15 16 17 18 19 20 21 26
6 11 54 61 123 116 180 82 86 39 49 11 15 8 9 5 2 2 4 1 1
6 12 87 138 427 570 1435 995 1663 1156 2450 558 1302 770 1356 881 352 771 1452 385 1575
