1 2 3 4 5 6 7 8 9 10 11 12 13 14 15 16 17 18 19 20 21 22 23 24 25 26 27 28 29 30 31
2 7 4 15 9 15 15 16 24 18 32 42 40 52 63 83 80 72 55 63 52 50 60 59 56 43 28 22 9 5 1
9 47 9 34 22 28 24 18 37 23 42 56 59 73 83 98 98 82 59 69 56 52 64 61 56 43 28 22 9 5 1
26 114 13 78 56 60 39 32 62 33 84 144 147 197 505 300 837 286 306 238 408 452 440 385 401 155 331 49 17 9 7
1 2 3 4 5 6 7 8 9 10 11 12 13 14 15 16 17 18 19 20 21 22 23 24 25 26 27 28 29 30 31
2 7 4 15 9 15 15 16 24 18 32 42 40 52 63 83 80 72 55 63 52 50 60 59 56 43 28 22 9 5 1
9 47 9 34 22 28 24 18 37 23 42 56 59 73 83 98 98 82 59 69 56 52 64 61 56 43 28 22 9 5 1
26 114 13 78 56 60 39 32 62 33 84 144 147 197 505 300 837 286 306 238 408 452 440 385 401 155 331 49 17 9 7
3 4 5 6 7 8 9 10 11 12 13 14 15 16 17 18 19
85 297 291 286 185 109 35 27 19 12 10 2 2 4 1 1 1
85 330 473 642 753 657 393 400 445 356 444 98 189 404 135 176 231
3 4 5 6 7 8 9 10 11 12 13 14 15 16 17 18 19
85 297 291 286 185 109 35 27 19 12 10 2 2 4 1 1 1
85 330 473 642 753 657 393 400 445 356 444 98 189 404 135 176 231
