1 2 4 5 6 7 8 9 10 11 12 13 14 15 16 17 18 19 20 21 22 23 24 25 26 27 28 29 30 31 32 33 34 35
3 12 24 14 53 32 88 140 166 144 73 103 84 72 99 135 137 110 476 547 551 512 75 65 63 48 31 15 9 5 67 66 56 49
8 159 111 37 155 172 584 1013 1008 794 142 226 155 120 179 185 187 143 806 882 795 730 80 65 65 49 31 15 9 5 71 66 56 49
25 777 345 84 437 454 3795 4484 5820 3378 467 813 796 1074 757 1116 1267 1362 9168 7566 7799 6924 936 442 459 266 132 110 29 9 395 245 150 87
1 2 4 5 6 7 8 9 10 11 12 13 14 15 16 17 18 19 20 21 22 23 24 25 26 27 28 29 30 31 32 33 34 35
3 12 24 14 53 32 88 140 166 144 73 103 84 72 99 135 137 110 476 547 551 512 75 65 63 48 31 15 9 5 67 66 56 49
8 159 111 37 155 172 584 1013 1008 794 142 226 155 120 179 185 187 143 806 882 795 730 80 65 65 49 31 15 9 5 71 66 56 49
25 777 345 84 437 454 3795 4484 5820 3378 467 813 796 1074 757 1116 1267 1362 9168 7566 7799 6924 936 442 459 266 132 110 29 9 395 245 150 87
3 4 5 6 7 8 9 10 11 12 13 14 15 16 17 18 19 20 21 22 23 24 25
263 965 1503 1780 1601 1381 721 426 204 120 55 42 30 23 16 7 4 3 2 3 1 1 1
263 1095 2420 4155 5476 7366 6182 6040 4409 4204 2728 2464 2422 2603 2479 1379 990 825 682 1365 627 792 1002
3 4 5 6 7 8 9 10 11 12 13 14 15 16 17 18 19 20 21 22 23 24 25
263 965 1503 1780 1601 1381 721 426 204 120 55 42 30 23 16 7 4 3 2 3 1 1 1
263 1095 2420 4155 5476 7366 6182 6040 4409 4204 2728 2464 2422 2603 2479 1379 990 825 682 1365 627 792 1002
