1 2 4 5 6 7 8 9 10 11 12 13 14 15 16 17 18 19 20 21 22 23 24 25 26 27 28 29 30 31 32 33 34 35 36 37 38 39 40 41 42 43 44 45 46 47 48 49 53
7 11 40 22 122 39 124 274 231 278 398 480 658 1027 1292 2329 1755 1494 1674 2239 2591 2989 3178 3466 3613 6021 5880 9943 6009 3441 3400 3318 3115 3026 2847 2640 2486 3384 3037 5157 2625 1080 837 631 455 225 98 10 3
1339 132 1849 815 2183 807 1680 3005 2754 2083 3556 3400 4445 5716 7529 21150 12512 9281 12420 15554 17524 17285 17066 16412 15551 23877 21900 39835 21515 10292 9150 8304 7214 6556 5636 4688 4070 5259 4453 8102 3775 1244 908 663 482 230 98 10 3
26329 1239 33498 15693 28318 13410 28526 37243 43543 30869 63775 59476 121468 160064 483255 2815177 3074051 4926217 62321461 209524666 5856175751 51366653029 36864897203 61556851906 57838849798 65655643479 48974470405 148439807806 78018804208 47738025672 35511945061 31457497369 27202658094 19048708444 12681110850 7555906071 4454374779 2199242824 1139189286 4993951723 1570858206 54487550 13704279 2889332 391848 31533 1141 16 3
1 2 4 5 6 7 8 9 10 11 12 13 14 15 16 17 18 19 20 21 22 23 24 25 26 27 28 29 30 32
1 2 7 5 25 6 19 35 33 34 35 44 66 86 93 155 88 57 46 54 40 30 21 26 17 23 13 16 4 1
10 13 117 30 104 22 29 93 76 60 97 97 151 168 201 327 158 83 76 79 54 43 32 31 22 26 14 19 4 1
22 195 874 324 935 180 149 584 476 403 1108 891 2045 2895 2963 13562 3753 1455 1372 3119 4533 1276 1010 1336 112 797 185 523 35 1
3 4 5 6 7 8 9 10 11 12 13 14 15 16 17 18 19 20 21 22 23 24 25 26 27 28 29 30 31 32 33 34 35 36 37 38 39 40 41 42 43 44 45 46 47 48 49 50 51 52 53 54 55 56 57 58 59 60 61 62 63 64 65 66 67 68 69 70 71 72 73 74 75 76 77 78 79 80 81 82 83 84 85 86 87 88 89 90 91 92 93 94 95 96 97 98 99 100 101 102 103 104 105 106 107 108 109 110 111 112 113 114 115 116 117 118 119 120 121 122 123 124 125 126 127 128 129 130 131 132 133 134 135 136 137 138 139 140 141 142
1197 4666 11029 15179 22856 22344 27253 22012 24307 17612 18729 13072 14487 10184 11852 8374 10097 7123 8525 5946 7313 5340 6486 4565 5797 3995 5026 3466 4356 3157 4012 2720 3506 2435 3028 2141 2785 1954 2474 1679 2188 1515 1849 1273 1726 1156 1528 1009 1306 911 1128 806 1059 730 938 617 808 583 683 459 672 457 527 382 489 366 415 297 408 289 330 209 320 214 248 202 239 168 193 140 175 132 137 108 145 99 121 93 105 73 84 62 83 63 76 56 69 48 57 38 46 38 38 37 35 30 27 28 29 20 24 25 17 18 15 12 13 8 12 10 11 8 11 7 7 4 5 7 2 3 5 2 4 2 3 3 1 2 2 1
1197 5075 15228 30353 65280 98908 178813 225448 367821 404193 623036 621782 952255 920687 1446154 1374518 2207715 2043680 3188191 2868616 4513664 4207105 6514432 5791597 9371810 7902340 12656233 10787332 16707367 14776894 23265508 19407911 30582027 25686657 38733329 33188007 51870845 43476036 66857460 54733863 85585850 69856023 102570187 83668495 133236331 104637850 166347793 134734689 200376077 160559766 231363553 199837749 309102670 247829418 368592095 292957752 438232642 362661313 497623927 395257822 652877385 513290231 699790342 591190439 869499338 738596257 974276407 819265744 1261447935 1042963660 1346256673 997807475 1743136153 1313377031 1765608076 1681692593 2203197798 1795278986 2311576338 1981110134 2686996112 2350544276 2803906589 2444617868 3617670342 2950764531 4032792446 3594950267 4359005753 3586736645 4592266232 3824227973 5794914267 4991622029 6747364566 5798952289 7955213975 6418515521 8471444286 6278490095 8359253048 8315489486 8819889113 9887690106 10265418795 9857003486 10081806683 11556579309 13236280651 10854880476 14657353602 16415664419 12531541887 14963281416 13978737864 12321358268 14956752036 10344076952 17784889716 16193497606 19906483370 16025587426 25204530032 17605350358 19893583500 12652509408 17596113460 27397050065 8702157200 14505815610 26856577000 11929079008 26483323556 14693259024 24447122085 27107508228 10015581680 22195290032 24584683662 13610949895
3 4 5 6 7 8 9 10 11 12 13 14 15 16 17 18 19 20 21 22 23 24 25 26 27 29
27 97 183 298 301 329 291 245 121 93 80 57 26 31 15 17 6 5 3 3 2 2 1 2 1 1
27 130 293 782 972 1875 2192 3201 2042 2691 2856 3448 1592 2758 1956 3304 1270 1584 979 1904 1470 1584 1002 3259 792 3150
