1 2 3 4 5 6 7 8 9 10 11 12 13 14 15 16 17 18 19 20 21 22 23 24 25 26 27 28 29 30 31 32 33 34 35 36 37 38 39 40 41 42 43 44
4 10 40 31 59 74 106 138 179 205 436 404 331 431 470 545 616 773 1033 1488 2027 2905 4846 4973 4453 4746 4892 5005 5074 5078 5304 5371 5412 5424 6232 5588 4272 3640 2908 2075 1343 719 273 65
36 64 196 106 184 253 274 306 404 428 1019 835 705 924 926 1091 1287 1786 2817 4375 6154 8601 14824 14403 12290 12716 12893 12842 12425 11914 11517 10892 10174 9484 10058 8405 6045 4836 3639 2426 1465 738 273 65
278 353 1177 672 1167 1445 1386 1802 2173 2310 6491 5048 5570 10382 12901 23584 38958 107945 267176 2308131 15849875 165185757 4077630947 3231714878 9189383517 7331246217 19772717767 21984477370 25514891066 29169762935 48933848026 49185382021 34041232207 28878079914 19376970208 11105037926 4760402689 1796070992 465019011 99083825 15340414 1465826 82832 1061
2 3 5 6 7 8 9 10 11 12 13 14 15 16 17 18 19 20 21 22 23 24 25 26 27 28 29
1 2 2 2 2 3 1 5 4 7 5 8 11 14 10 10 8 19 17 18 28 26 30 23 16 9 7
1 4 2 2 2 4 1 7 5 8 6 10 12 20 13 11 11 23 19 22 37 34 38 23 17 9 7
2 18 4 6 4 6 2 14 21 18 12 23 56 1029 112 421 737 308 133 2186 1672 1147 2898 911 126 36 95
3 4 5 6 7 8 9 10 11 12 13 14 15 16 17 18 19 20 21 22 23 24 25 26 27 28 29 30 31 32 33 34 35 36 37 38 39 40 41 42 43 44 45 46 47 48 49 50 51 52 53 54 55 56 57 58 59 60 61 62 63 64 65 66 67 68 69 70 71 72 73 74 75 76 77 78 79 80 81 82 83 84 85 86 87 88 89 90 91 92 93 94 95 96 97 98 99 100 101 102 103 104 105 106 107 108 109 110 111 112 113 114 115 116 117 118 119 120 121 122 123 124 125 126 127 128 129 130 131 132 133 134 135 136
1135 3819 7015 9604 11386 11831 11582 10807 9905 8918 8271 7516 6916 6334 6044 5594 5315 4896 4773 4364 4307 3976 3701 3380 3212 3029 2854 2693 2522 2470 2320 2129 2094 1904 1860 1624 1552 1523 1423 1286 1325 1176 1109 1057 1007 927 905 849 788 699 700 672 617 572 558 518 502 451 461 424 376 346 349 316 298 274 273 262 220 217 217 181 173 175 144 140 150 128 122 103 110 110 84 81 81 81 73 59 55 60 43 44 47 33 36 37 33 35 32 30 27 17 20 21 13 15 15 13 13 12 9 9 4 6 5 7 6 4 6 6 5 4 4 2 4 4 3 3 3 2 1 1 1 1
1135 4069 10090 19880 35484 56236 84671 119659 164427 217085 287656 367390 467963 585411 754880 931225 1183669 1415812 1786883 2129694 2691513 3144254 3767709 4319423 5178563 6093544 7104576 8466340 9716628 11785420 13570541 15206073 18083781 20137995 23960253 25410048 28949057 34272468 38807857 42048956 51474963 55037767 61607178 69164507 79368655 86064181 99728561 110315212 119725946 125030391 147998719 165264488 180360059 195775580 221116822 240700061 267869479 285755659 334137871 355804810 365712899 392330941 455395272 478200036 522633681 550680227 642658863 718904360 688763805 777967704 893103088 846562271 929402366 1071135306 1039582515 1128316910 1388236661 1344658308 1466186134 1387174724 1723066332 1949528873 1694121650 1843129838 2165745582 2433000361 2512782441 2311182069 2399312621 2929000686 2402496329 2792126608 3360463239 2718734275 3229514490 3728322115 3749680297 4481683038 4619701086 4905610599 4910637297 3502708138 4691386315 5516326524 3794655670 5022312603 5722194413 5511195951 6180830062 6444911484 5464473714 6046389370 3044008624 5108259768 4760253325 7449011157 7133449488 5310840304 8892444858 9922011990 9221747800 8224592204 9165283648 5104676482 11367762000 12652509408 10557668076 11741592885 13053235800 9670543740 5371315400 5964539504 6620830889 7346629512
3 4 5 6 7 8 9 10 11 12 13 14 15 16 17 18 19 20 21 22 23 24 29
22 28 60 35 55 24 31 13 24 7 12 4 9 2 6 2 3 2 3 1 3 1 1
22 37 97 83 184 130 282 171 461 186 446 210 637 202 742 352 638 528 1155 490 1881 627 2436
