0 1 2 3 4 5 6 7 8 9 10 11 12 13 14 15 16 17 18 19 20 21 22 23 24
3 6 6 3 6 6 5 5 5 6 5 6 8 5 5 8 7 6 7 6 7 4 3 3 1
17 10 14 14 8 20 6 14 11 12 11 7 15 5 8 11 8 8 7 6 7 4 3 3 1
26603 4226 8886 21914 3023 26976 2839 13317 15664 12784 27951 13479 80408 36377 109840 430909 514256 2683971 3457093 22113054 322492495 2148617920 15859136883 1326371406758 25025873760111
0 1 2 3 4 5 7 8 9 10 11 12 13 14 15 17
1 1 2 2 1 2 2 2 2 3 1 3 1 2 1 1
8 1 4 5 1 8 5 4 4 3 1 3 1 2 1 1
14762 120 1309 7293 168 12383 2431 4805 2265 9371 242 28352 9744 60582 212696 1932934
10 13 14 15 16 17 18 19 20 21 22 23 24 25 26 27 28 29 30 31 32 33 35 36 37 38 39 40 43 45 46 47 48 50 51 53 54 59 61 62 63 67 72 73 77 83 84 87 92 101 107 111 118 130 135 153 159 188 223
1 4 15 16 21 15 31 15 17 11 7 8 4 2 3 4 2 1 4 1 2 3 2 2 1 1 2 2 2 1 1 1 1 1 1 1 1 1 1 2 1 1 1 1 1 1 1 1 1 1 1 1 1 1 1 1 1 1 1
30 403 2092 2776 6402 6548 24040 12572 28669 24083 30380 34147 18525 10089 21770 40008 15911 16170 70107 16632 37800 99987 104979 105732 30429 78456 187994 204074 399700 269655 212696 520300 372218 797610 957132 239943 1055580 2159487 3861550 6566794 2634115 8698203 11617600 13941120 32703744 60660820 72792984 54012981 137051848 354342912 965061516 768552672 2856151995 7038445384 5964539504 81706470626 73232243759 1171432692373 25025873760111
14 16 17 18 20 22 24 26 30 32 36 46 62
6 11 2 12 8 4 1 2 2 1 1 1 1
992 3388 726 10450 14593 19600 5400 12320 31782 9744 44832 212696 1932934
