2 4 6 12 13 14 15 16 17 18 19 24 25 26 27 28 29 30 31 36 37 38 39 40 41 42 43 48 49 50 51 52 53 54 55
34 145 93 193 796 746 1001 1240 1761 1859 111 3204 6649 7022 7433 8017 8220 8531 115 3864 6936 6334 5593 4868 4081 3604 66 978 1696 1376 1205 1023 752 450 4
9503 7348 4484 4931 17371 12921 16477 21208 27433 23785 943 27286 52839 49928 46084 44031 41959 38744 499 10127 17217 14940 12394 10381 8456 7208 131 1274 2071 1649 1331 1108 807 468 4
271697 153818 151574 159196 717486 554363 1467591 1774731 5017787 8961574 50339 270763255466 168069448314 343935408607 256703702461 321214224522 215710434677 303623482190 44555745 54941933845 100509620365 82715247471 61967495255 46329016133 36079600553 25319634472 142548134 411551839 377853996 131988000 36646276 7971796 1216688 110598 86
2 4 6 12 13 14 15 16 17 18 19 24 25 26 27 28 29 30 36 37
11 29 23 39 137 116 146 178 205 191 11 77 127 117 88 71 45 35 4 5
1145 606 377 263 830 525 554 626 616 474 16 113 189 168 127 97 63 50 4 5
19410 8245 6150 4642 20782 22096 49450 29825 62120 40568 177 6803 14671 15619 9016 5983 4239 1963 7 5
3 4 5 6 7 8 9 10 11 12 13 14 15 16 17 18 19 20 21 22 23 24 25 26 27 28 29 30 31 32 33 34 35 36 37 38 39 40 41 42 43 44 45 46 47 48 49 50 51 52 53 54 55 56 57 58 59 60 61 62 63 64 65 66 67 68 69 70 71 72 73 74 75 76 77 78 79 80 81 82 83 84 85 86 87 88 89 90 91 92 93 94 95 96 97 98 99 100 101 102 103 104 105 106 107 108 109 110 111 112 113 114 115 116 117 118 119 120 121 122 123 124 125 126 127 128 129 130 131 132 133 134 135 136 137 138 139 140 141 142 143 144 145 146 147 148 149 150 151 152
1303 5742 11948 19719 28018 32064 36864 35555 34899 29747 27527 22124 20364 16455 15380 12945 12480 10507 10600 8794 8766 7572 7939 6702 6826 5748 6059 5217 5208 4431 4717 4154 4112 3557 3713 3225 3284 2769 3075 2664 2606 2258 2413 2096 2029 1775 1896 1664 1625 1373 1504 1290 1277 1092 1210 1051 998 884 950 821 739 708 746 701 629 550 615 586 491 466 486 456 405 378 372 355 303 276 301 285 216 232 230 188 177 170 180 175 149 140 131 123 91 102 95 90 87 88 76 70 58 61 65 59 46 45 54 42 37 42 41 41 34 34 41 32 30 27 31 20 22 22 22 16 17 16 17 11 13 9 13 10 8 7 9 3 2 5 6 2 2 5 3 3 2 4 3 2 1 2
1303 6219 16741 39185 80071 141156 238462 360049 524438 690559 931872 1093309 1417865 1574245 1991920 2207686 2837949 3107165 4141074 4363304 5700451 6156392 8332950 8623305 11445634 11861941 15751167 16417913 20911204 21398508 28704142 29881958 37128604 38688036 49811018 50869274 65169233 63834413 87327049 88083526 106763326 107037084 141422876 141725606 167441631 169298034 217294926 220072492 261894372 257031524 334671628 328441371 388737874 391265759 502084073 506161737 563283479 575455510 710804110 714654546 762164931 837382970 1020571974 1075084931 1144749358 1145384764 1492032013 1615985393 1611835272 1701337156 2033244946 2171932232 2303530939 2393734464 2730277164 2958694151 2960052078 3041807441 3710958098 3972090447 3559753554 4226738799 4759249876 4553179411 4939968231 5223573014 6154175583 6722101050 6460023618 7255955460 7154707420 7829955085 6788189685 8535283136 8696028619 9084948366 10076517100 11900686686 10910937758 11698001432 10739187471 13798198463 14878722045 15107380238 13349814490 15835851141 19786057723 17592670755 17366070678 23218712880 23915450996 27148636753 24900885868 29075186204 37825988821 33043778358 34918664658 35015361084 44091929629 32386995212 39812966740 43752667685 49703541481 40054359869 47733783982 50288850780 59826785764 42657865642 56564021800 43517446830 69827100200 59645395040 52966647112 51426406584 73341366255 27107508228 20031163360 55488225080 73754050986 27221899790 30131756270 83353446040 55320879960 61172948271 45081308890 99635432036 82551157797 60777343956 33549419497 74054710400
3 4 5 6 7 8 9 10 11 12 13 14 15 16 17 18 19 20 21 22 23 24 25 26 27 28 29 31 32 33 35
83 103 368 546 607 904 773 1045 614 547 385 220 179 98 113 53 63 15 44 8 27 1 23 2 8 2 3 3 1 6 4
83 161 612 1537 1864 5216 5401 13921 9442 18053 13832 14201 12227 11530 15219 12658 14320 5130 16434 5192 17184 490 22100 4008 12280 4725 6352 10446 3718 31546 31889
