0 2 3 4 5 6 7 8 9 10 11 12 13 14 15 16 17 18 19 20 21 22 23 24 25 26 27 28 29 30 31 32 33 34 35 36 39 40
1 7 21 11 38 26 70 79 111 105 124 229 127 256 317 300 287 321 345 317 327 307 256 234 209 166 155 124 90 78 49 30 18 17 5 1 1 1
300 88 882 65 1220 97 651 620 830 763 787 1395 597 1028 1175 801 766 760 710 576 548 478 395 324 282 211 186 148 101 87 53 32 21 17 5 1 1 1
4530 484 5524 215 6026 266 2663 3657 2774 4568 3359 8731 3547 8430 9740 6895 7781 8007 7030 6125 4104 5385 3626 2427 2555 1497 2112 1059 539 619 124 174 47 30 5 2 2 15
0 2 3 4 5 6 7 8 9 10 11 12 13 14 15 16 17 18 19 20 21 22 23 24 25 26 27 28 29 30 31 32 33 34 35 36 39 40
1 7 21 11 38 26 70 79 111 105 124 229 127 256 317 300 287 321 345 317 327 307 256 234 209 166 155 124 90 78 49 30 18 17 5 1 1 1
300 88 882 65 1220 97 651 620 830 763 787 1395 597 1028 1175 801 766 760 710 576 548 478 395 324 282 211 186 148 101 87 53 32 21 17 5 1 1 1
4530 484 5524 215 6026 266 2663 3657 2774 4568 3359 8731 3547 8430 9740 6895 7781 8007 7030 6125 4104 5385 3626 2427 2555 1497 2112 1059 539 619 124 174 47 30 5 2 2 15
3 4 5 6 7 8 9 10 11 12 13 14 15 16 17 18 19 20 21 22 23 24
415 1536 2443 3273 3034 2488 1539 1012 527 311 136 110 71 40 24 17 13 7 1 2 1 2
415 1792 3870 7633 10172 13404 13073 13689 11083 10348 5962 6837 6067 4322 4027 3257 3536 1881 385 875 627 1419
3 4 5 6 7 8 9 10 11 12 13 14 15 16 17 18 19 20 21 22 23 24
415 1536 2443 3273 3034 2488 1539 1012 527 311 136 110 71 40 24 17 13 7 1 2 1 2
415 1792 3870 7633 10172 13404 13073 13689 11083 10348 5962 6837 6067 4322 4027 3257 3536 1881 385 875 627 1419
