7 19 31 43 55
453 5288 40969 37896 15393
75695 372382 393484 119430 22752
2202152 2010551275 2356852662073 461431786234 5517093406
7 19 31 43
92 1021 521 49
8806 5070 820 49
235463 737595 56897 134
3 4 5 6 7 8 9 10 11 12 13 14 15 16 17 18 19 20 21 22 23 24 25 26 27 28 29 30 31 32 33 34 35 36 37 38 39 40 41 42 43 44 45 46 47 48 49 50 51 52 53 54 55 56 57 58 59 60 61 62 63 64 65 66 67 68 69 70 71 72 73 74 75 76 77 78 79 80 81 82 83 84 85 86 87 88 89 90 91 92 93 94 95 96 97 98 99 100 101 102 103 104 105 106 107 108 109 110 111 112 113 114 115 116 117 118 119 120 121 122 123 124 125 126 127 128 129 130 131 132 133 134 135 136 137 138 139 140 141 142 143 144 145 146 147 148 151 152
1437 5100 12321 21872 34584 49615 59108 62039 62339 58280 52237 46113 41345 36031 32623 28736 26755 24479 22834 20681 20158 18065 17150 15592 14502 13320 12492 11353 11016 10090 9447 8434 7997 7502 6927 6333 6083 5709 5269 4914 4767 4367 4027 3776 3521 3346 3076 2814 2752 2541 2456 2149 2159 1937 1812 1549 1456 1362 1321 1242 1197 1127 1043 970 988 886 859 845 847 698 696 561 626 568 505 484 492 438 392 430 390 389 342 312 307 281 247 227 251 240 193 174 148 164 138 114 105 99 77 94 103 101 98 77 87 76 84 74 83 62 67 52 54 51 40 40 33 32 22 18 18 10 4 11 12 8 12 9 14 8 12 10 17 15 8 6 6 2 5 6 5 2 12 8 6 3 3 1
1437 5620 18039 43987 99003 201853 349860 571019 864125 1249344 1668301 2224972 2794992 3456176 4292902 5084431 6387060 7656396 9474626 11323730 14170939 16106499 20197129 23005910 26790481 31119165 36338875 41432648 49757880 55589406 64622043 71598714 82273297 92513383 106057678 117248215 135295242 154671300 174418673 191750397 223908904 239706279 260386434 300646413 326233366 366245619 408426348 437686621 495622255 544740279 606552848 625846316 746988495 765672329 840803082 843896143 905092993 970067639 1092908658 1210235003 1303375613 1418652385 1510543082 1636088422 1888219954 1992261550 2203570120 2480815322 2993257536 2668541150 3235607637 2871006070 3742616691 3785832061 3938228268 4315495500 5013053939 5003022495 5015322601 6472315619 6650672134 7434324006 7567266226 8041448228 8616259927 9422124811 9089609429 9652113821 11826447727 13001833757 11558866030 12225653844 11264702723 13953443857 12964157107 12931794122 13054683628 13544620317 12014302936 16464213773 20173474566 21563715767 24074212006 21556982200 26635353780 28173396504 33207220242 33769858008 40232376503 34865268856 42993798216 35383219459 41106352208 42411727124 37423292673 41612234343 39615567928 44466318864 32142538945 29079657882 31863525815 20561480510 9165283648 27292668664 34103286000 24341458260 42230672304 35224778655 60915100400 38682174960 64455784800 59645395040 112554125113 110199442680 65192325560 54215016456 60093490080 22195290032 61461709155 81665699370 75329390675 33341378416 221283519840 163127862056 135243926670 74726574027 100648258491 37027355200
3 4 5 6 7 8 9 10 11 12 13 14 15 16 17 18 19 20 21 22 23 24 25 26 27 28 29 30 31 32 33 34 36 39 49
42 188 270 726 792 1584 1529 2078 1710 1906 1143 1101 504 392 169 162 80 73 47 61 39 33 14 21 14 15 10 10 6 10 3 9 2 1 1
42 236 421 1980 2272 8625 9243 24087 23493 53250 37127 71781 38118 54291 25698 39645 19117 25894 17636 36625 23829 36815 13452 29272 21186 37441 24973 31668 26216 60335 14926 71813 25047 17977 105558
