0 1 2 3 4 5 6 7 8 9 10 11 12 13 14 15 16 17 18 19 20 21 22 23 24 25 26 27 28 29
2 2 9 15 2 17 7 26 20 29 22 25 38 20 28 38 19 20 19 17 16 15 10 9 7 8 5 5 2 2
19 4 23 69 2 76 7 63 44 88 40 35 82 24 51 46 21 21 20 18 16 15 10 9 7 8 5 5 2 2
932 22 201 793 10 870 32 471 494 588 463 212 982 167 1637 457 3979 396 253 1999 69 1004 500 251 122 73 34 15 5 2
0 1 2 3 4 5 6 7 8 9 10 11 12 13 14 15 16 17 18 19 20 21 22 23 24 25 26 27 28 29
2 2 9 15 2 17 7 26 20 29 22 25 38 20 28 38 19 20 19 17 16 15 10 9 7 8 5 5 2 2
19 4 23 69 2 76 7 63 44 88 40 35 82 24 51 46 21 21 20 18 16 15 10 9 7 8 5 5 2 2
932 22 201 793 10 870 32 471 494 588 463 212 982 167 1637 457 3979 396 253 1999 69 1004 500 251 122 73 34 15 5 2
2 3 4 5 6 7 8 9 10 11 12 13 14 15 16 17 18 20 21 23 26 29
6 13 52 69 116 113 155 118 83 44 29 8 7 4 5 2 2 2 1 1 1 1
6 14 82 151 386 542 1230 1313 1562 1134 1368 413 406 308 923 311 352 770 385 792 1575 3010
2 3 4 5 6 7 8 9 10 11 12 13 14 15 16 17 18 20 21 23 26 29
6 13 52 69 116 113 155 118 83 44 29 8 7 4 5 2 2 2 1 1 1 1
6 14 82 151 386 542 1230 1313 1562 1134 1368 413 406 308 923 311 352 770 385 792 1575 3010
