5 17 18 29 30 41 42 53 54
298 2622 802 29498 3628 40025 5217 15743 2167
62481 149078 69040 355427 38412 134991 17241 27085 3526
1753611 82081352 63445627 2150920613024 145017434024 487089785874 63208637612 16474511444 1527369084
5 17 18 29 30 41 42
60 627 181 610 75 73 10
7349 4514 1489 999 109 79 10
189477 456743 148221 89455 7092 709 80
3 4 5 6 7 8 9 10 11 12 13 14 15 16 17 18 19 20 21 22 23 24 25 26 27 28 29 30 31 32 33 34 35 36 37 38 39 40 41 42 43 44 45 46 47 48 49 50 51 52 53 54 55 56 57 58 59 60 61 62 63 64 65 66 67 68 69 70 71 72 73 74 75 76 77 78 79 80 81 82 83 84 85 86 87 88 89 90 91 92 93 94 95 96 97 98 99 100 101 102 103 104 105 106 107 108 109 110 111 112 113 114 115 116 117 118 119 120 121 122 123 124 125 126 127 128 129 130 131 132 133 134 135 136 137 138 139 140 141 142 143 144 145 146 147 148 149 150 153 154
1392 5551 12383 21923 31639 41078 53317 55938 55877 51784 46448 40340 36259 31166 28157 24746 22682 20129 18728 16974 16133 14806 13738 12340 11563 10385 9929 8926 8657 8140 7423 7078 6863 6112 5863 5503 5327 4588 4443 4120 3981 3565 3344 3105 3063 2888 2719 2588 2510 2287 2143 2060 2017 1901 1790 1721 1680 1518 1507 1332 1319 1204 1135 1075 1065 930 922 790 770 693 625 642 698 574 533 458 490 403 445 371 409 361 354 304 308 292 260 254 245 229 201 201 186 192 166 153 131 137 110 97 80 104 75 79 61 68 74 56 60 56 58 61 54 43 32 34 37 39 46 21 34 28 21 10 5 5 12 7 10 5 3 6 11 5 7 11 13 9 4 4 3 3 5 2 5 2 2 8 3 1
1392 6077 17919 44542 90256 176704 328028 519260 785716 1131386 1506640 1959479 2552940 3069508 3826503 4550754 5593905 6541114 8030471 9398800 11708559 13742157 16486625 18634188 21870522 24634292 29135622 32810255 38719339 45489048 50809101 58915073 70180312 75182069 87416044 99890960 115077793 120094672 141127349 153094610 173811409 190785847 205740955 228217581 267131633 302562657 337307911 385209592 428524567 459750765 509954173 579243491 634662417 724993947 783696859 891551962 1014081434 1059414884 1236639008 1261386594 1403225752 1512722602 1647826164 1865052109 2011855242 2111372721 2330718958 2369447760 2637454736 2683011136 2819101010 3508714613 4104426931 3875333260 4328738963 4056649643 4970031189 4651966848 5998393825 5658432217 7162164586 6870720532 8125688453 7556844262 8475399757 9137797834 9613937130 10545857881 11176008895 12147999774 12052627665 13754352460 13755064866 16379631755 16435464403 18421080104 16261186912 19507681946 17271776000 18651364008 16115657776 23747147983 17845123817 22583407669 19247356930 22044451473 27659549030 26487191448 29385900115 32346823520 36706302046 43080373063 41268550114 39006220612 30356241870 37467750325 46939815288 51937680212 67496387783 39454176883 61563799670 55030563536 46471529125 25001347752 14209702500 15815636760 41162386284 27397050065 43510786000 24176359350 16113946200 35787237024 72829139779 36733147560 57043284865 99394196836 130202561840 99878805144 49169367324 54443799580 45197634405 50012067624 92201466600 40781965514 112703272225 49817716018 55034105198 243109375824 122559705939 45060624582
3 4 5 6 7 8 9 10 11 12 13 14 15 16 17 18 19 20 21 22 23 24 25 26 27 28 29 30 31 32 33 34 36 37
47 184 287 987 673 1956 1198 2408 1323 1947 961 971 461 377 183 144 79 91 48 48 18 36 20 26 19 9 17 6 5 4 6 2 3 5
47 248 442 2525 1902 10971 7063 29683 17045 57960 29175 64897 33958 54085 29200 34428 19479 34883 18529 38007 11354 31542 20397 34460 27032 38107 41028 20968 17174 14872 37288 22416 33396 57216
