0 3 5 7 12 13 14 15 16 17 18 19 20 24 25 26 27 28 29 30 31 32 36 37 38
1 15 24 42 238 104 222 349 338 331 421 436 88 411 345 317 270 251 185 136 114 13 33 11 1
300 873 860 730 1744 560 1058 1492 1098 990 1058 914 188 567 458 387 321 271 196 143 121 13 33 11 1
4530 6410 5681 3642 11553 3850 9195 10917 10223 7381 10944 9539 1640 4784 4703 2994 2430 1945 1385 923 606 60 37 11 1
0 3 5 7 12 13 14 15 16 17 18 19 20 24 25 26 27 28 29 30 31 32 36 37 38
1 15 24 42 238 104 222 349 338 331 421 436 88 411 345 317 270 251 185 136 114 13 33 11 1
300 873 860 730 1744 560 1058 1492 1098 990 1058 914 188 567 458 387 321 271 196 143 121 13 33 11 1
4530 6410 5681 3642 11553 3850 9195 10917 10223 7381 10944 9539 1640 4784 4703 2994 2430 1945 1385 923 606 60 37 11 1
3 4 5 6 7 8 9 10 11 12 13 14 15 16 17 18 19 20 21 22 23 24
255 1078 1923 2601 2620 2116 1554 1031 529 280 151 100 57 29 23 16 11 6 3 1 2 1
255 1260 2952 5868 8770 11464 12871 13304 11145 9224 6474 6721 5140 3695 3824 3374 3465 1980 1364 490 1117 627
3 4 5 6 7 8 9 10 11 12 13 14 15 16 17 18 19 20 21 22 23 24
255 1078 1923 2601 2620 2116 1554 1031 529 280 151 100 57 29 23 16 11 6 3 1 2 1
255 1260 2952 5868 8770 11464 12871 13304 11145 9224 6474 6721 5140 3695 3824 3374 3465 1980 1364 490 1117 627
