0 2 3 5 7 8 9 10 11 12 13 14 15 16 17 18 19 20 21 22 23 24 25
3 1 1 7 2 2 2 2 8 5 3 8 4 6 4 5 4 3 4 3 2 3 1
6 1 1 13 2 3 2 5 12 13 4 13 5 6 4 5 4 3 4 3 2 3 1
21 4 1 30 5 9 2 56 35 85 12 91 29 49 8 47 11 7 14 5 5 5 1
0 2 3 5 7 8 9 10 11 12 13 14 15 16 17 18 19 20 21 22 23 24 25
3 1 1 7 2 2 2 2 8 5 3 8 4 6 4 5 4 3 4 3 2 3 1
6 1 1 13 2 3 2 5 12 13 4 13 5 6 4 5 4 3 4 3 2 3 1
21 4 1 30 5 9 2 56 35 85 12 91 29 49 8 47 11 7 14 5 5 5 1
2 3 4 5 6 7 8 9 10 11
5 15 15 29 17 16 8 7 1 2
5 15 20 69 57 84 67 133 22 60
2 3 4 5 6 7 8 9 10 11
5 15 15 29 17 16 8 7 1 2
5 15 20 69 57 84 67 133 22 60
