7 8 9 10 11 18 19 20 21 22 23 30 31 32 33 34 35 42 43 44
52 69 112 82 110 320 373 400 432 410 379 184 179 171 163 109 90 21 18 5
644 623 809 747 745 787 871 757 749 680 597 208 197 182 172 113 92 21 18 5
3353 4110 3812 5224 3683 7939 11015 7175 6721 6445 5243 1564 1177 884 860 593 552 34 22 5
7 8 9 10 11 18 19 20 21 22 23 30 31 32 33 34 35 42 43 44
52 69 112 82 110 320 373 400 432 410 379 184 179 171 163 109 90 21 18 5
644 623 809 747 745 787 871 757 749 680 597 208 197 182 172 113 92 21 18 5
3353 4110 3812 5224 3683 7939 11015 7175 6721 6445 5243 1564 1177 884 860 593 552 34 22 5
3 4 5 6 7 8 9 10 11 12 13 14 15 16 17 18 19 21 23 26
241 778 1311 1635 1616 1432 816 537 273 145 67 68 42 22 10 11 9 2 1 1
241 909 2119 3868 5787 7816 7445 7662 5991 4951 3278 4312 3898 3083 1864 2406 2129 770 627 1255
3 4 5 6 7 8 9 10 11 12 13 14 15 16 17 18 19 21 23 26
241 778 1311 1635 1616 1432 816 537 273 145 67 68 42 22 10 11 9 2 1 1
241 909 2119 3868 5787 7816 7445 7662 5991 4951 3278 4312 3898 3083 1864 2406 2129 770 627 1255
