1 2 3 4 5 6 7 8 9 10 11 12 13 14 15 16 17 18 19 20 21 22 23 24 25 26 27 28 29 30 31 32 33 34 35 36 37 38 39 40 41 42 43 45 46
1 18 34 37 78 84 170 190 329 436 388 524 728 556 572 670 794 992 1171 1597 3769 5674 5603 6818 7282 3073 3117 3059 3107 3051 2994 2911 6834 8683 7275 7127 6305 1427 1030 712 405 186 43 109 36
6 354 372 321 477 673 980 823 1304 1513 1219 1558 2043 1502 1511 1918 2443 3533 4671 6428 18086 27402 24777 26719 25675 8709 8416 7835 7345 6637 5995 5285 13703 16576 13210 11968 9711 1730 1190 779 424 187 43 109 36
32 3163 3147 3057 4121 5688 6909 5659 9472 11138 10314 19701 20683 19911 28954 60599 112678 415372 2188652 12477413 284776250 2765900783 8721807321 18070244324 21204341040 6781552125 4730771876 4686855360 7305551182 4838922985 4721513749 8303740331 41461812942 49908935204 31705802108 20091537190 9452560433 211730096 47526297 7071332 626174 31608 542 5116 241
1 2 3 4 5 6 7 8 9 10 11 12 13 14 15 16 17 18 19 20 21 22 23 24 25 26 27 29 32
1 2 2 3 5 2 6 8 18 18 22 19 25 18 17 23 18 19 12 14 35 56 52 49 35 6 1 2 1
4 3 5 9 9 4 13 16 34 27 39 35 55 31 32 36 28 22 14 16 44 69 70 62 39 7 1 3 1
20 5 11 95 52 22 53 126 130 176 172 308 590 144 189 456 815 109 233 91 3301 2837 1975 2544 1157 107 2 25 1
3 4 5 6 7 8 9 10 11 12 13 14 15 16 17 18 19 20 21 22 23 24 25 26 27 28 29 30 31 32 33 34 35 36 37 38 39 40 41 42 43 44 45 46 47 48 49 50 51 52 53 54 55 56 57 58 59 60 61 62 63 64 65 66 67 68 69 70 71 72 73 74 75 76 77 78 79 80 81 82 83 84 85 86 87 88 89 90 91 92 93 94 95 96 97 98 99 100 101 102 103 104 105 106 107 108 109 110 111 112 113 114 115 116 117 118 119 120 121 122 123 124 125 126 127 128 129 130 132
1136 3623 8822 12469 15253 15428 16249 14110 14104 11705 11019 9696 9241 7776 7963 7294 7019 6068 6364 5188 5112 4731 4741 4245 4328 3644 3656 3313 3115 2823 2987 2481 2647 2233 2190 2070 2062 1695 1730 1657 1482 1286 1462 1262 1263 1071 1082 887 950 785 848 794 708 636 671 559 595 474 496 457 480 362 400 387 318 295 318 275 256 245 240 215 201 168 184 160 135 122 144 105 123 89 119 87 73 67 70 73 57 59 64 40 42 26 47 30 43 27 25 27 15 20 22 20 12 15 19 5 12 13 14 8 8 10 3 7 6 5 5 6 4 1 2 3 2 2 2 1 1
1136 3863 12188 24523 45143 68848 112867 148533 221550 271728 374030 454990 610541 705206 960053 1172419 1528209 1701391 2368694 2496813 3146918 3682568 4780933 5307449 6923370 7285102 9098827 10258826 11816797 13075444 17175425 17298858 22700960 23457873 28232303 31097474 38549314 38122264 45937901 53113050 57595559 59901232 78658168 83337427 98069267 98294277 117353940 111338474 142946062 139597993 176882407 195284506 204559401 213270763 262360712 258601928 311205275 298143237 363518686 381717704 465829490 409019139 526940882 581909052 542659729 601854477 734912766 737574009 791727903 882630145 944251118 985472515 1080053636 1050236937 1260285567 1266879630 1256919699 1266223113 1665423447 1416534843 1898643344 1554872275 2363319842 2009512065 1862501663 1963704776 2324137417 2683360744 2494600981 2808794472 3407776184 2385857834 2953783966 2072129229 4110307351 3193083321 4836583142 3476302102 3551346928 4416952713 2921072170 4146151516 5093564314 5215094003 3590511550 5214540936 7049546622 2015127786 5749680673 6753084140 8304639926 5366486167 6006918295 8333017336 2755477958 7336917371 7133449488 6638550380 7410370715 9922011990 7377398240 2056148051 4582641824 7657014723 5683881000 6326254704 7038445384 3913864295 4835271870
3 4 5 6 7 8 9 10 11 12 13 14 15 16 17 18 19 20 21 22 23 24 26 27
16 49 99 99 133 72 81 42 50 24 21 14 6 3 4 2 2 1 2 1 4 1 1 1
16 61 163 257 469 426 607 510 856 717 773 826 387 308 573 540 487 462 682 490 2514 792 1255 1575
