8 9 10 11 12 20 21 22 23 24 32 33 34 35 36 44 45 46 47 48 56 59
109 122 305 320 221 1989 3950 4809 10732 2767 4918 8397 8176 27037 3634 1732 2676 2390 11860 957 12 2885
3568 7006 6935 12104 3620 23335 54767 51569 230994 24687 18239 29419 25501 132773 9809 3013 4381 3765 28205 1302 12 3308
108699 269819 105642 441050 89179 181020002 1892781530 12764173123 484811449089 42524980709 133410643845 194747745592 165786777257 771703561713 54666096233 6676883731 6727176513 4178374772 67053903221 513894057 14 19389539
8 9 10 11 12 20 21 22 23 24 32 33 34 35 36
20 35 61 70 47 114 189 177 645 76 16 25 24 119 8
216 383 467 409 251 222 376 312 1503 112 23 28 25 143 8
3692 5409 7869 6112 5303 17970 43416 55436 174032 28017 388 362 145 8408 10
3 4 5 6 7 8 9 10 11 12 13 14 15 16 17 18 19 20 21 22 23 24 25 26 27 28 29 30 31 32 33 34 35 36 37 38 39 40 41 42 43 44 45 46 47 48 49 50 51 52 53 54 55 56 57 58 59 60 61 62 63 64 65 66 67 68 69 70 71 72 73 74 75 76 77 78 79 80 81 82 83 84 85 86 87 88 89 90 91 92 93 94 95 96 97 98 99 100 101 102 103 104 105 106 107 108 109 110 111 112 113 114 115 116 117 118 119 120 121 122 123 124 125 126 127 128 129 130 131 132 133 134 135 136 137 138 139 140 141 142 143 146 147 148
1204 5229 12191 20963 29692 35121 39134 38398 38080 32998 31482 27083 24980 21928 21054 18527 17909 16240 15239 13941 13388 11971 11745 10840 10280 9553 9320 8025 8014 7277 7007 6569 6148 5658 5628 5072 4736 4490 4391 3999 3809 3547 3445 3151 3001 2858 2727 2504 2222 2190 2014 1879 1826 1691 1618 1587 1362 1358 1269 1122 1096 1020 1030 880 861 812 694 672 630 604 626 538 502 492 423 400 432 373 351 322 291 271 311 257 214 218 213 230 199 168 177 177 156 156 152 158 106 95 99 80 76 88 64 78 50 58 50 47 37 45 41 41 37 27 39 28 24 35 19 25 20 27 17 14 29 27 7 10 4 6 9 6 5 8 4 12 4 6 5 3 4 3 1 2
1204 5702 17081 41775 83862 149860 250206 376592 564438 741700 1036036 1296131 1686379 2037152 2674237 3154941 4067438 4850588 6045336 7104379 8939254 10205140 12750283 14884924 18254695 20467326 25529266 27094850 33854757 37589714 45310442 49961127 59570964 66070204 79896268 87089865 98430355 110760515 132081219 141634172 163167870 178742379 213629262 227439229 259202710 288029577 325326095 348541369 380260044 425847236 462399048 513747927 585704272 629546097 712159604 783166179 820581607 945857040 1022865944 1073980395 1213579617 1269847659 1525523507 1493204616 1606683901 1799867472 1739290014 1945357997 2132185848 2354977346 2714460700 2746235922 2925653994 3295621836 3221784614 3556111499 4311254282 4283440204 4585735863 4634498250 5053639530 5340839265 6572495312 6297011372 6043348047 6949910297 7577720637 9252894378 9239233698 8846192005 10238516157 11534700519 11052760874 12967454591 14217945429 17015547251 12266748047 13083670874 14971721336 13435008201 14408120426 18747820520 15066418918 22098083289 15452701260 20365740659 19101406305 20816792514 17861895271 24902994996 26148453462 29457060913 27863795539 23695803020 39629416114 30467114312 27535687576 44804230724 27850680583 46412040587 35933586725 58357502533 42124060162 35210700716 81837069982 84762064800 24634558844 39138642950 17404314400 29011631220 48341838600 35787237024 33104154445 58773036096 32596162780 108430032912 40062326720 66585870096 61461709155 40832849685 60263512540 61172948271 22540654445 49817716018
3 4 5 6 7 8 9 10 11 12 13 14 15 16 17 18 19 20 21 22 23 24 25 26 27 28 29 30 31 34 37 40 41
68 114 284 418 406 567 560 539 368 287 218 127 104 64 68 40 53 31 37 21 28 10 19 4 12 4 12 3 7 1 1 1 2
68 170 481 1247 1352 3199 4072 7646 6074 8951 8078 7917 7829 7193 8947 7765 11498 10000 13470 12381 17127 9741 18654 5514 17620 7984 28034 10318 25318 5604 12310 17977 52030
