0 1 4 5 6 7 8 9 10 11 12 13 14 16 17 18 19 20 21 22 23 24 25 26 28 29 30 31 32 33 34 35 36 37 38 40 41 42 43 44 45 46 47 48
3 1 38 21 128 97 188 225 223 357 408 561 168 592 1359 1525 2151 2682 3422 4202 4837 5365 5840 1717 3842 6268 6203 6134 6094 5927 5619 5343 4956 4504 1178 1527 2007 1437 1068 785 502 305 153 38
184 159 625 196 1010 767 1047 1017 1201 1606 1671 2613 676 3613 8807 11425 17785 21801 26929 28791 29817 29007 27627 7934 13964 21511 19928 18366 16911 15558 13653 12050 10472 8808 2188 2409 2971 1992 1373 932 540 305 153 38
1804 1491 7604 2144 9693 7968 11854 10126 17409 20799 24310 46810 12366 186599 909242 3459216 18395116 87304150 658944469 5508171617 10496004135 15261189700 9841444544 7797073009 8575036881 15466567007 14762629737 12501083729 10070410590 8747342288 6741374559 4680870247 2480004824 1273801763 220473564 55737070 41925179 15534197 4715717 1224238 232407 41488 4041 166
0 4 5 6 7 8 9 10 11 12 13 14 16 17 18 19 20 21 22 23 24 25 26 28 29 30 31 32 33
1 6 1 10 9 19 15 22 30 26 49 10 39 80 70 73 59 65 55 53 54 44 13 9 8 5 2 1 1
2 13 4 23 23 35 47 55 68 49 139 14 62 159 101 129 90 111 84 82 70 51 16 10 8 5 2 1 1
2 107 60 117 201 224 261 292 543 325 3339 157 722 18457 2574 4382 2473 11280 5516 1747 2261 835 586 60 25 27 13 231 1
3 4 5 6 7 8 9 10 11 12 13 14 15 16 17 18 19 20 21 22 23 24 25 26 27 28 29 30 31 32 33 34 35 36 37 38 39 40 41 42 43 44 45 46 47 48 49 50 51 52 53 54 55 56 57 58 59 60 61 62 63 64 65 66 67 68 69 70 71 72 73 74 75 76 77 78 79 80 81 82 83 84 85 86 87 88 89 90 91 92 93 94 95 96 97 98 99 100 101 102 103 104 105 106 107 108 109 110 111 112 113 114 115 116 117 120 121
1691 5207 10332 16019 20619 23119 23778 22242 21131 18915 17169 15310 14048 12758 11676 10753 9977 9134 8549 7931 7408 6718 6405 5955 5649 5196 4839 4407 4115 3840 3669 3437 3264 3046 2821 2645 2464 2267 2120 1975 1897 1768 1648 1491 1373 1343 1236 1144 1057 1021 978 877 806 751 723 761 686 618 556 515 510 447 405 387 365 363 318 261 241 243 256 213 185 176 171 190 148 108 138 149 146 117 84 94 91 94 67 54 65 55 55 35 24 38 31 38 21 14 22 20 20 11 13 17 17 17 5 7 8 9 9 1 1 4 3 1 1
1691 5773 15805 34668 65795 110901 174407 248888 355360 475344 628954 800664 1024331 1270107 1579103 1958142 2423297 2928969 3529019 4239092 5181774 5963957 7307248 8389905 10103628 11608410 13754080 15439796 17433392 20045851 23673407 27277849 31787742 35254490 40007222 46079289 51983077 56873486 62387348 70274000 81490341 91292563 100898667 104825628 115090909 136115163 148804631 162740349 169931028 197810893 225791071 239651411 260819637 266459063 306703042 375492459 407750246 427212069 424750039 472455354 548435492 540731194 583053218 606878367 694402724 811798273 824270288 757800430 772796459 922772642 1147601601 1079557306 1084785415 1103836527 1293413489 1644107575 1461413121 1175086703 1689714088 2179339446 2430058974 2230438959 1769667882 2242256368 2519995137 2943386897 2325873482 2106044207 2943842853 2931894083 3336364651 2382666519 1771237935 3290583283 3040908883 4385807982 2605874251 1865233020 3418115998 3532739860 3979130254 2358567006 3136449927 4883877911 5455701785 5861668010 2053954254 3018045723 4142111776 4702185972 5268821196 607163746 761002156 3224757568 2755477958 1327710076 1482074143
3 4 5 6 7 8 9 10 11 12 13 14 15 16 17 18 19 20 21 22 23 24 25 26 29 30 31 35
24 71 112 201 173 221 145 128 107 68 49 29 27 25 19 18 10 5 10 1 3 1 2 1 1 1 1 1
24 96 193 543 586 1301 1079 1733 1885 2138 1891 1765 1710 2663 2439 3553 1987 1477 3476 770 2047 1254 1117 1002 3150 4872 3718 8349
