0 12 24 36 48 60
1 1211 17319 51195 24089 6184
21993 62659 468461 277837 59619 6926
1311699 3392040 1632067388449 1474536276324 150614341102 20811033
0 12 24 36
1 301 1170 211
3046 7780 2851 282
183271 419558 307660 12541
3 4 5 6 7 8 9 10 11 12 13 14 15 16 17 18 19 20 21 22 23 24 25 26 27 28 29 30 31 32 33 34 35 36 37 38 39 40 41 42 43 44 45 46 47 48 49 50 51 52 53 54 55 56 57 58 59 60 61 62 63 64 65 66 67 68 69 70 71 72 73 74 75 76 77 78 79 80 81 82 83 84 85 86 87 88 89 90 91 92 93 94 95 96 97 98 99 100 101 102 103 104 105 106 107 108 109 110 111 112 113 114 115 116 117 118 119 120 121 122 123 124 125 126 127 128 129 130 131 132 133 134 135 136 137 138 139 140 141 142 143 144 145 146 147 148 149 150 152 153 155 156
1211 5314 12728 23201 34528 43278 48521 50142 48896 46033 44030 39567 36119 31852 28875 25740 23739 21322 20126 18534 17701 16183 15421 14122 13512 12418 11663 10975 10879 9640 9369 8735 8331 7809 7303 6679 6663 5881 5710 5372 5215 4782 4682 4226 4167 3825 3541 3268 3293 3034 2837 2804 2642 2318 2320 2118 2115 1922 1783 1633 1740 1488 1417 1305 1272 1147 1113 999 1003 887 856 771 804 742 708 648 634 575 550 513 510 478 405 377 406 361 402 324 310 330 300 282 250 222 207 171 174 169 124 140 131 122 119 84 84 100 60 72 73 57 65 47 58 49 39 59 43 49 63 48 58 35 35 33 8 10 8 9 10 11 5 4 9 5 10 7 8 7 4 3 3 3 2 2 5 5 4 2 2 2 1 2
1211 5849 18187 46418 97470 183232 306034 488130 715741 1036150 1461430 1938067 2503749 3168399 3951541 4684207 5770065 6803266 8322857 9928956 12267590 14382728 17666934 20279665 24067430 28088507 32886827 38157472 47849450 51738044 62319670 71041607 82499583 93252930 106144258 118094605 140002408 151966705 176759214 197579092 229507540 250131620 293020554 316727776 360604044 403173159 443722420 480863136 575156177 614849904 687226664 796752587 849549076 894236816 1030651713 1104077664 1285251410 1338158567 1462131457 1565252272 1912164718 1863519891 2072937190 2260350837 2427874715 2567211271 2915436865 2969698914 3388349698 3497356893 3889342615 4003434119 4774395264 4990480073 5517672717 5811155445 6354653594 6603325794 7319888115 7394337685 8605496983 9023321169 8971102036 9473031186 11373163329 11334654089 14323499745 13044195106 14191690979 16727283045 18054505025 19020908741 18445879633 19509740050 19949420857 18843112688 21991084451 22789144515 20507750680 24336886263 25120941782 27913515031 28469313676 23287025291 25884367694 33611941205 23719443030 34922687016 35554408428 33855775448 41021665774 35430710826 42840541800 42192971800 35921887491 60094271745 49501125303 75003650612 94482450491 77660150700 104874784635 69847196875 79255540476 91826341627 21287512705 30988899816 27441590856 34830137052 43073571695 52219604030 26856577000 23858158016 59587478001 36733147560 81490406950 63250852532 80124653440 77683515112 49169367324 40832849685 45197634405 50012067624 36880586640 40781965514 112703272225 124544290045 110068210396 60777343956 74054710400 81706470626 49686288421 109540672648
3 4 5 6 7 8 9 10 11 12 13 14 15 16 17 18 19 20 21 22 23 24 25 26 27 28 29 30 31 32 33 34 37 43
15 168 251 709 643 1692 1034 2030 999 2093 748 1316 471 699 275 244 120 168 76 81 35 37 15 13 5 3 2 3 5 1 2 4 1 1
15 207 398 1821 2011 9099 5831 24393 13013 58687 20910 101357 26798 120842 33592 65349 25359 76743 31777 68255 20260 39338 16282 19419 8775 6300 4872 12180 19482 3718 10169 26130 12310 37338
