0 2 3 4 5 6 7 8 9 10 11 12 13 14 15 16 17 18 19 20 21 22 23 24 25 26 27 28 29 30 31 32 33 34 35 39
1 3 8 3 15 1 9 14 14 15 23 23 11 40 33 30 32 33 40 26 24 21 25 10 15 10 12 8 7 9 2 2 1 5 1 1
51 12 50 3 136 1 18 63 29 41 62 63 33 81 60 40 54 47 58 30 25 22 28 10 15 10 12 8 7 9 2 2 1 5 1 1
286 18 110 4 389 1 33 238 36 122 161 240 86 224 169 97 209 138 205 75 50 89 62 20 41 19 20 10 14 32 2 2 1 7 1 1
0 2 3 4 5 6 7 8 9 10 11 12 13 14 15 16 17 18 19 20 21 22 23 24 25 26 27 28 29 30 31 32 33 34 35 39
1 3 8 3 15 1 9 14 14 15 23 23 11 40 33 30 32 33 40 26 24 21 25 10 15 10 12 8 7 9 2 2 1 5 1 1
51 12 50 3 136 1 18 63 29 41 62 63 33 81 60 40 54 47 58 30 25 22 28 10 15 10 12 8 7 9 2 2 1 5 1 1
286 18 110 4 389 1 33 238 36 122 161 240 86 224 169 97 209 138 205 75 50 89 62 20 41 19 20 10 14 32 2 2 1 7 1 1
3 4 5 6 7 8 9 10 11 13
126 275 267 204 110 62 33 6 6 1
126 346 439 625 494 507 384 108 141 42
3 4 5 6 7 8 9 10 11 13
126 275 267 204 110 62 33 6 6 1
126 346 439 625 494 507 384 108 141 42
