1 2 4 5 11 12 13 14 15 16 17 23 24 25 26 27 28 29 35 36 37 38 39 40 41 47 48 49 50 51 52 53
17 37 33 100 312 644 947 952 1165 1421 549 4637 6515 7400 7713 8323 8564 2527 6266 7900 7514 6998 6461 5848 1459 1521 1658 1157 718 438 185 21
2785 2479 1276 3947 3518 7250 9649 8422 10636 13223 5323 39975 50495 51823 46369 45073 41289 11067 16107 19004 16707 14850 12490 10643 2586 1760 1840 1222 718 438 185 21
67096 52038 34032 70223 82220 149205 262332 307004 525392 912174 449177 65652044339 186862440217 225831223470 178533412638 143221460903 152175957585 49877465170 48692623344 50952695586 39660336293 28023460434 17318205599 11863435130 2391568265 27130747 11342873 2356794 390052 45256 2815 29
1 2 4 5 11 12 13 14 15 16 17 23 24 25 26 27 28 29 37 38
4 7 13 17 45 80 100 98 128 141 49 85 76 62 50 38 32 9 1 1
165 132 63 173 167 338 389 357 420 335 109 117 99 86 67 45 37 9 1 1
1115 1078 681 1851 2001 5170 6039 9876 26288 27280 6940 5617 4625 3229 1913 1048 408 52 5 1
3 4 5 6 7 8 9 10 11 12 13 14 15 16 17 18 19 20 21 22 23 24 25 26 27 28 29 30 31 32 33 34 35 36 37 38 39 40 41 42 43 44 45 46 47 48 49 50 51 52 53 54 55 56 57 58 59 60 61 62 63 64 65 66 67 68 69 70 71 72 73 74 75 76 77 78 79 80 81 82 83 84 85 86 87 88 89 90 91 92 93 94 95 96 97 98 99 100 101 102 103 104 105 106 107 108 109 110 111 112 113 114 115 116 117 118 119 120 121 122 123 124 125 126 127 128 129 130 131 132 133 134 135 136 137 138 139 140 141 142 143 144 145 146
872 3954 10273 16535 22401 25905 28051 26213 25747 23143 20142 17533 15770 13726 12640 11546 10607 9716 9177 8330 7984 7467 7050 6463 6447 5756 5505 5235 4860 4516 4480 3964 4058 3776 3455 3138 3177 2820 2838 2740 2509 2421 2331 1957 2039 1925 1755 1683 1710 1428 1436 1369 1269 1218 1155 1021 1086 1026 925 858 822 746 751 695 671 605 580 514 556 475 495 426 448 383 389 340 363 351 308 258 260 247 229 213 189 186 190 161 162 150 141 122 136 110 100 96 89 73 78 68 73 70 63 46 65 41 38 42 44 30 37 33 24 27 30 17 29 15 12 14 11 7 11 9 9 8 6 3 5 3 3 6 5 4 3 3 1 3 2 2 5 1 1 2
872 4243 14203 32399 65226 113223 189093 267438 400027 538570 683983 859048 1088066 1294161 1600903 1969108 2394265 2858628 3553880 4195438 5061071 6065085 7372069 8396707 10667556 12030302 13913170 16805580 19417365 21962769 27014281 29812517 36433282 41767763 46342902 49971624 61780422 66993002 79685831 93497556 102907663 116103408 137619366 136844535 163481859 185710079 200551797 223353800 272972723 268715071 310868263 357773046 388210159 426017505 483449972 500722289 594715147 688194484 704167544 750322149 848375540 913169460 1006612948 1106388035 1236214294 1233504774 1408619192 1465444558 1729561435 1788302949 2149212697 2078914984 2502361254 2480986922 2744550758 2837473679 3560389780 3739164416 3822410547 3711369158 4142979106 4470445886 4723609235 4967018397 4908528878 5696243916 6480825522 6315735641 7262996238 7433296735 7727463427 8037922282 9580509054 9015740056 9453356304 10297669957 10287611913 9859202784 11785476648 12024073984 13794555933 14781948628 15334675652 12360311038 20128208610 13814814618 14273616445 18323642286 20658205425 15982125896 22570688492 22025617047 17696359073 23243930660 27655453617 17529986737 33230701222 19638047484 17167433448 22808172266 20287845160 14181237866 24734184310 22971044169 24998259982 24983831964 21115336152 11741592885 21755393000 14505815610 16113946200 35787237024 33104154445 29386518048 24447122085 27107508228 10015581680 33292935048 24584683662 27221899790 75329390675 16670689208 18440293320 40781965514
3 4 5 6 7 8 9 10 11 12 13 14 15 16 17 18 19 20 21 22 23 24 25 27 28 30 32
15 105 168 319 349 516 384 338 275 161 159 93 61 46 32 21 21 11 6 7 5 7 2 2 3 2 2
15 126 272 799 1117 3019 2697 4346 4679 4709 6054 5428 4776 4848 4449 4292 4717 4114 2605 3395 3300 6765 2586 2510 4725 9744 9130
