0 2 3 4 5 6 7 8 9 10 11 12 13 14 15 16 17 18 19 20 21 22 23 24 25 26 27 28 29 30 31
1 2 4 2 10 3 10 9 15 16 17 32 20 28 42 33 31 42 42 33 28 38 33 19 20 15 14 9 9 8 1
51 13 57 3 84 4 45 40 56 45 43 104 42 73 80 62 51 62 59 41 36 45 34 19 20 15 14 9 9 8 1
286 23 210 3 299 6 118 172 136 160 116 372 123 218 222 227 121 165 179 102 76 89 73 36 38 25 26 12 12 11 1
0 2 3 4 5 6 7 8 9 10 11 12 13 14 15 16 17 18 19 20 21 22 23 24 25 26 27 28 29 30 31
1 2 4 2 10 3 10 9 15 16 17 32 20 28 42 33 31 42 42 33 28 38 33 19 20 15 14 9 9 8 1
51 13 57 3 84 4 45 40 56 45 43 104 42 73 80 62 51 62 59 41 36 45 34 19 20 15 14 9 9 8 1
286 23 210 3 299 6 118 172 136 160 116 372 123 218 222 227 121 165 179 102 76 89 73 36 38 25 26 12 12 11 1
3 4 5 6 7 8 9 10
116 319 289 238 134 91 30 8
116 416 483 749 598 771 372 152
3 4 5 6 7 8 9 10
116 319 289 238 134 91 30 8
116 416 483 749 598 771 372 152
