1 2 3 4 5 6 7 8 9 10 11 12 13 14 15 16 17 18 19 20 21 22 23 24 25 26 27 28 29 30 31 32 33 34 35 36 37 38 39 40 41 42 43 44 45
1 16 29 32 46 65 146 156 126 175 146 201 265 1061 1267 901 1062 1342 1804 2440 1318 745 785 909 1779 10562 10192 6502 6499 6756 6869 6940 2729 508 428 434 1069 7870 6380 3429 2555 1797 1039 525 97
10 126 472 376 290 478 1004 970 648 1181 641 1065 1033 4146 4603 2780 3626 5611 8681 13002 7066 2631 2693 2712 5508 40388 35457 19935 18979 18446 17444 16134 5780 773 632 597 1571 12570 9492 4386 3068 2020 1098 527 97
100 1272 5069 5481 3948 5769 11962 12150 7778 13786 7413 12824 12331 100041 131431 105892 168391 555082 2830553 21283987 54225380 302079336 5878217719 7681574920 22088355512 52176543998 54560360392 55867070209 77834009536 88447968696 57834185676 77963621380 21251211674 1142305834 701847847 412087229 1057734411 5186967538 1819459301 522221381 112331874 21981478 3243960 308271 11818
2 3 4 5 6 7 8 9 10 11 12 13 14 15 16 17 18 19 20 21 22 23 24 25 26 27 28 29 30 31
2 4 2 2 8 12 14 10 10 7 6 7 70 92 54 39 44 55 44 20 7 2 8 10 48 28 10 5 5 1
2 21 2 2 19 25 22 14 13 11 10 10 154 168 79 59 65 72 58 26 9 2 10 10 57 30 10 5 5 1
3 130 2 8 108 107 109 61 50 68 70 43 2904 2083 2567 2021 1357 2162 4948 436 137 16 83 42 1157 7860 142 48 12 42
3 4 5 6 7 8 9 10 11 12 13 14 15 16 17 18 19 20 21 22 23 24 25 26 27 28 29 30 31 32 33 34 35 36 37 38 39 40 41 42 43 44 45 46 47 48 49 50 51 52 53 54 55 56 57 58 59 60 61 62 63 64 65 66 67 68 69 70 71 72 73 74 75 76 77 78 79 80 81 82 83 84 85 86 87 88 89 90 91 92 93 94 95 96 97 98 99 100 101 102 103 104 105 106 107 108 109 110 111 112 113 114 115 116 117 118 119 120 121 122 123 124 125 126 127 128 129 130 132 133 134 135 136 137 139 140 141 142 143 144
1185 4201 8183 11617 14723 16071 16179 15404 14339 12513 11389 10138 9199 8155 7850 7225 6820 6352 5959 5389 5179 4804 4656 4233 4023 3798 3552 3220 3109 3008 2872 2679 2606 2296 2213 2078 2085 1850 1773 1651 1583 1480 1322 1316 1208 1156 1109 1016 937 861 891 805 761 737 669 641 602 566 555 507 512 465 428 377 400 355 330 308 277 259 242 219 184 192 215 167 160 160 153 142 140 142 128 121 108 98 87 82 82 87 64 57 48 55 59 49 40 38 36 24 25 36 32 25 18 20 17 16 17 16 16 13 11 12 5 8 8 5 4 4 3 1 4 5 3 3 4 3 3 3 3 3 2 2 2 2 2 1 1 1
1185 4492 11836 24264 45409 75136 115992 167857 234616 304417 400569 505042 635382 772667 995506 1221664 1533271 1883685 2301758 2703464 3326525 3911423 4801557 5562788 6645727 7947899 9210641 10405899 12182617 14684800 17232254 19697991 23326799 25202336 29410225 32657384 39972320 43531900 49464113 55125677 64204393 71250822 74257081 90153003 99692898 111229234 124593931 135010221 148446564 156908038 196282010 207191914 230277938 257491625 272445504 309321743 329433068 365184540 422739468 442184341 517523419 548879546 592135451 587083609 736781843 749625559 787997559 850163600 877903476 961894988 1004348981 1029824662 1044628524 1237646635 1565931509 1410442252 1566929114 1771424372 1905498361 2065456483 2298092500 2699320716 2691464925 2948427130 2929283302 2983377804 3064687972 3134248702 3594633511 4417686744 3684200470 3691972002 3405914088 4589880205 5497086984 5059781576 4782731602 5072254558 5416579948 3966358305 4803940212 7695957942 7774474838 6933935227 5794055565 6776072105 6280993950 6429659694 7853074163 8378922860 9323314900 9082208100 7965528951 9945396120 4458231214 8288968036 9136974593 6499748552 5928296572 6443080138 5533048680 2056148051 9165283648 12761691205 8525821500 9489382056 14076890768 11741592885 14505815610 16113946200 17893618512 19862492667 14693259024 16298081390 20031163360 22195290032 24584683662 13610949895 15065878135 16670689208
3 4 5 6 7 8 9 10 11 12 13 14 15 16 17 18 19 20 21 22 23 24 25 27 28 33
26 40 116 144 151 110 131 70 57 28 24 12 15 10 11 5 5 2 4 2 1 1 3 1 1 1
26 50 192 390 528 649 1069 883 974 665 889 636 1051 1031 1421 918 1045 759 1337 1067 594 627 2838 1575 1958 5604
