16 17 28 29 40 41 52 53 64
2298 676 23334 7768 35926 11148 14230 4453 166
142998 42078 323858 106049 130549 39708 26033 7985 166
49024011 17581754 1948896389656 667078895222 478006111626 195985397813 22673048866 5657783289 272
16 17 28 29 40 41
562 176 649 196 66 23
5989 1455 1159 317 75 26
569362 126053 96276 30355 1240 359
3 4 5 6 7 8 9 10 11 12 13 14 15 16 17 18 19 20 21 22 23 24 25 26 27 28 29 30 31 32 33 34 35 36 37 38 39 40 41 42 43 44 45 46 47 48 49 50 51 52 53 54 55 56 57 58 59 60 61 62 63 64 65 66 67 68 69 70 71 72 73 74 75 76 77 78 79 80 81 82 83 84 85 86 87 88 89 90 91 92 93 94 95 96 97 98 99 100 101 102 103 104 105 106 107 108 109 110 111 112 113 114 115 116 117 118 119 120 121 122 123 124 125 126 127 128 129 130 131 132 133 134 135 136 137 138 139 140 141 142 143 144 145 146 147 148 149 150 151 152 154
1438 5633 12922 21543 30539 37450 42266 48880 48238 44850 41414 36560 33375 29545 27154 24431 22756 20565 18936 17187 15911 14393 13864 12584 12039 11130 10254 9367 9186 8174 7741 7288 6953 6449 6258 5693 5584 5320 5105 4595 4425 4143 3967 3604 3501 3181 3198 2852 2695 2575 2371 2201 2176 1977 1921 1767 1690 1632 1529 1450 1371 1238 1241 1111 1108 1005 972 946 927 859 864 713 693 668 656 586 548 452 486 425 400 359 382 291 366 243 295 275 247 221 207 205 183 170 167 158 153 159 130 132 106 77 78 78 59 75 51 67 66 58 53 57 41 46 44 31 37 27 35 32 24 24 18 17 22 6 12 10 10 6 6 6 7 7 6 6 12 4 14 7 5 3 5 5 3 4 2 2 8 5 3
1438 6157 18547 43494 89039 162894 274531 469373 686315 981628 1337838 1762388 2272897 2889080 3627664 4492353 5613177 6807859 8103084 9688545 11448457 13194780 16351130 19000499 23064606 26678647 30236473 34082692 41481793 44998040 52466720 60713044 69865820 78904953 92036983 100752845 118426723 135563968 155660225 168355079 196881755 215772333 247444406 268088584 305474189 331040580 393544419 419100887 467644487 526663592 557915331 612223759 722697251 764937058 858351131 930562776 1024739995 1152311990 1256862378 1429694613 1523273587 1579122856 1827583708 1864114930 2210106194 2276828088 2501176559 2870736599 3162794837 3385585099 3838196056 3642653468 4121663471 4579428882 5156972107 5269449437 5583787924 5368072116 6509854859 6365456225 7085671738 7048946204 8331413093 7170480764 10989660693 7667797335 10706724239 11523994147 11680947802 11583050671 12574961732 13399175167 14030689635 14463083504 15796808451 17105033099 18977326537 23565889363 19854409440 24787931613 22205718527 18763289723 20245769653 22676557700 18567819740 27451220742 19492403334 29364618012 33032187298 32213981052 32847460860 42716675778 31781016851 40219095128 43785625217 33826941828 44495964717 36699168440 52212554152 52683526203 49544297835 48076762278 40538257833 42084663452 62233088741 18978764112 42230672304 38744001347 43510786000 29011631220 32227892400 35787237024 46345816223 51426406584 48894244170 54215016456 120186980160 44390580064 172092785634 95276649265 75329390675 50012067624 92201466600 101954913785 67621963335 99635432036 55034105198 60777343956 268395355976 185136776000 135181873746
3 4 5 6 7 8 9 10 11 12 13 14 15 16 17 18 19 20 21 22 23 24 25 26 27 28 29 30 31 32 33 34 35 36 38
36 199 327 682 671 1204 854 1089 672 773 472 472 307 324 173 177 128 118 64 51 43 45 37 19 11 24 15 8 7 3 3 7 2 2 2
36 264 501 1882 2009 6784 5696 14158 10051 22716 15716 30659 20931 37961 22333 38547 29547 43833 24129 30299 23637 52440 35608 31206 16588 56750 30228 47698 25866 18590 13040 39228 16698 33396 24620
