2 10 11 12 13 14 15 22 23 24 25 26 27 34 35 36 37 38 39 46 47 48 49 50 51 58
8 44 28 73 68 66 43 371 586 763 978 1074 774 1509 1992 1937 1852 1830 1104 1036 1349 1285 1210 1066 608 7
130 172 125 194 279 192 212 3334 4190 5167 5463 5164 3325 3129 3879 3530 3289 3117 1835 1246 1574 1465 1347 1155 644 7
1057 944 925 876 2000 1499 2175 11819996 64426071 437285796 4499828963 2319967851 3069483713 3278172450 3934869355 3830974909 2986632340 3446456895 2106484939 301984310 236117546 127082210 58833576 24624600 6966212 7




3 4 5 6 7 8 9 10 11 12 13 14 15 16 17 18 19 20 21 22 23 24 25 26 27 28 29 30 31 32 33 34 35 36 37 38 39 40 41 42 43 44 45 46 47 48 49 50 51 52 53 54 55 56 57 58 59 60 61 62 63 64 65 66 67 68 69 70 71 72 73 74 75 76 77 78 79 80 81 82 83 84 85 86 87 88 89 90 91 92 93 94 95 96 97 98 99 100 101 102 103 104 105 106 107 108 109 110 111 112 113 114 115 116 118 122
310 1231 2174 3124 3069 3596 2969 2880 2251 2479 1963 1987 1637 1826 1485 1478 1182 1406 1103 1108 906 1035 824 865 666 790 597 675 513 646 493 518 377 444 305 376 284 327 230 272 197 248 187 219 173 222 151 185 138 165 125 130 109 120 92 88 82 90 62 69 70 78 55 64 55 62 38 47 37 47 26 32 23 35 23 16 10 23 13 8 11 11 5 5 8 6 4 3 3 2 6 6 4 3 8 5 2 4 6 1 2 2 6 5 4 4 3 4 3 2 2 3 2 1 2 1
310 1448 3463 6920 10677 18761 25414 36715 43927 67843 81234 109952 127880 188162 220784 280921 302862 453900 493649 620515 657421 925087 1032541 1265985 1246666 1785480 1790918 2476466 2304390 3523899 3506688 4245420 4013989 5454442 4975696 6956254 6626122 8606484 8013583 10410820 9342125 12827025 13129981 17136764 15218110 23194055 21124562 27878166 23943284 33084005 33553118 39062584 37427478 46474058 43946735 47194686 48482224 64546711 50806382 67486742 73417098 101429541 75428793 113868518 102651804 149973068 91679562 164619047 119794982 215158215 110281156 202129493 123862168 274771616 163821323 174233916 90549256 285672793 192636079 109072714 169865584 220809145 102531275 131534172 229277367 290030587 137051848 146301270 132324327 99991850 339805038 384674154 290135228 246030531 741357760 523257095 236228608 532923720 901188816 169229875 381138584 428962252 1447592274 1356244750 1219205460 1369302836 1152829008 1724597556 1450508532 1083892480 1214327492 2039709609 1522004312 851376628 2128288902 1653668665



