19 31 43 55 67
3394 23347 45562 22194 5492
758563 559093 247719 59916 6351
15262368452 3881381262945679 1550554773577472 109602017303809 1048430108
19 31 43
706 600 132
8074 1314 182
14918607 2323230 43628
3 4 5 6 7 8 9 10 11 12 13 14 15 16 17 18 19 20 21 22 23 24 25 26 27 28 29 30 31 32 33 34 35 36 37 38 39 40 41 42 43 44 45 46 47 48 49 50 51 52 53 54 55 56 57 58 59 60 61 62 63 64 65 66 67 68 69 70 71 72 73 74 75 76 77 78 79 80 81 82 83 84 85 86 87 88 89 90 91 92 93 94 95 96 97 98 99 100 101 102 103 104 105 106 107 108 109 110 111 112 113 114 115 116 117 118 119 120 121 122 123 124 125 126 127 128 129 130 131 132 133 134 135 136 137 138 139 140 141 142 143 144 145 146 147 148 149 150 151 152 153 154 155 156 157 158 159 160 161 162 163 164 165 166 167 168 169 170 171 172 173 174 175 176 177 178 179 180 181 182 183 184 185 186 187 188 189 190 191 192 193 194 195 196 197 198 199 200 201 202 203 204 205 206 207 208 209 210 211 212 213 214 215 216 217 218 219 220 221 222 223 224 225 226 227 229 230 231 232 233 234 236 237 238 239 240 241 242 244 247 249 251 252 253
457 2180 6566 12252 23482 31935 43039 64358 75294 75480 77635 70969 69302 62410 60961 53981 52605 47256 46471 40988 40199 36382 35377 31757 31063 27558 27543 24403 23799 21489 21440 19146 18896 16887 16577 14672 14949 13294 13263 12033 11665 10918 10796 9780 9737 8856 8426 7717 7757 6823 6959 6325 6186 5692 5674 5072 5090 4659 4642 4053 4172 3706 3784 3419 3461 3060 3323 2868 3026 2708 2721 2517 2641 2170 2438 2148 2265 2004 1995 1808 1895 1772 1774 1605 1791 1571 1548 1358 1362 1275 1358 1129 1292 1179 1070 1026 1059 946 991 886 918 863 936 796 898 692 728 630 670 557 656 571 582 535 544 443 501 435 429 458 463 374 435 297 368 337 327 297 343 272 285 261 283 229 251 191 215 238 246 193 197 176 195 147 161 151 180 139 144 121 134 106 140 170 174 132 154 100 84 61 88 62 93 63 73 54 66 71 48 51 53 42 73 38 45 29 42 35 42 32 34 23 28 27 38 16 20 16 23 22 15 20 20 16 26 18 18 10 16 20 27 11 14 13 8 12 6 6 13 6 2 7 5 3 3 3 5 2 4 6 5 9 3 2 4 1 2 1 2 2 1 1 2 1 2 2 2 3 1 1 1 1 1 1
457 2278 8899 21961 59389 114251 238538 489431 838641 1272672 2048831 2800347 4138864 5321107 7643166 9254015 12836701 15491963 20863421 24208373 32183410 36654480 47927439 54504322 69641707 76919160 100101158 109191335 135219879 148472597 187851179 201707983 252902706 269624768 330298816 348732754 442060684 458251195 567790357 610550676 732165679 801556494 955793238 1007841044 1221143155 1290075922 1495079181 1591406544 1915730954 1928903146 2333022233 2466186702 2839733325 2975283569 3547591798 3660610162 4216221798 4417783460 5074455924 5013338532 6118407341 6015702936 7263964747 7444424964 8807478377 8611077493 10818442938 10479296038 13178496554 13293488007 16161168305 16454454534 20750063023 17722380712 23625461023 23763665096 29050406521 28513102614 33772315987 33335179063 40395803076 42523540632 48820924671 49858834863 64888184990 60900747350 70542543530 70093134004 80959356321 82687041857 104639092140 92110326523 120541111586 125048359079 127712022208 134913874043 175181071311 158851827461 185534610662 192316055473 225793233096 224473131148 283103167213 262064763366 327189219523 294512427143 350943737560 343082165460 411107426509 360623120318 479858723883 472888357148 553703831622 540125847398 633686222892 557253532990 732022955346 720655191612 788402068925 896954383755 1044321725240 911725435780 1167616116016 887142389089 1218025023397 1266952329595 1371858656377 1327429960048 1731995725051 1567709792368 1788254086355 1758694618230 2335385021582 1800794063809 2283742352386 2095261391973 2464082126622 3131837543446 3575144766577 2912862941333 3341135245056 3149777893899 4215491288141 3327166494460 4312919902456 4326144946029 5419329887255 4615861627178 5119577311298 5037892681598 6485535245415 5118708659163 7768701293854 10302011824212 11136753342827 9464669014197 12461216160308 8877117428189 8046354349812 6525798511797 11641539089653 8184209680416 13394324165009 9648599587335 12161214631053 10726250904060 13828051454500 15209108507599 12079010364525 12479499279318 15636249617084 14300222285193 23541514730983 14302175831093 19401049485294 12882773741895 19420966415940 19545684917320 25047859212430 21303382212645 26778310694972 16592741262513 25910430455503 25223581348646 38917433279679 18653301680717 27791683538785 19937284926813 37141946919837 36892521450085 28895462837930 41555194663822 39733904915091 33791282441974 65456329331489 47532241748591 48091239255840 32740093100074 60796592638582 73560456590355 114939925117221 54491904416116 67242674244321 64646476734199 42897174421872 70547218602295 44209978561160 54151609661220 98759458341546 58324218964149 26332265180105 69785497889957 53061253387311 35750043708834 38850287777685 42211637097861 76425756242405 33203196215828 72112730066684 117443136966870 106241395046835 207556840564641 75077621280333 54304817851230 117818199767000 34643126322519 75122267165140 40718063627362 88265869768510 95652479491840 51820051838712 60806135438329 131703171940550 71304185514919 154391785327024 167122207851742 180873679337634 293588801110755 114540884553038 144867692496445 169296722391554 197726516681672 213636919820625 230793554364681
3 4 5 6 7 8 9 10 11 12 13 14 15 16 17 18 19 20 21 22 23 24 25 26 27 28 29 30 31 32 33 34 35 36 37 38 39 40 41 42 43 44 45 46 47 48 49 50 51 52 53 54 55 57 59 61 63
19 19 125 210 416 678 593 878 764 818 702 606 482 473 358 316 248 274 207 230 151 117 99 99 90 69 74 74 63 42 29 27 31 28 21 12 17 9 10 9 12 9 15 7 5 6 4 6 5 2 1 2 2 1 2 2 2
19 19 164 359 1092 2412 3330 7475 10679 17444 22293 27951 34791 47287 53128 63547 61419 95602 90329 124559 107059 108769 119880 166294 155724 139587 231841 234443 264521 225609 211567 230522 275573 332506 308420 226871 367589 222925 301918 311856 501045 419243 748992 356664 349305 529916 632610 943384 755170 249508 294546 694100 485815 386155 1299133 1768866 1663640
