1 2 3 4 5 6 7 8 9 10 11 12 13 14 15 16 17 18 19 20 21 22 23 24 25 26 27 28 29 30 31 32 33 34 35 36 37 38 39 40 41 42 43 44 45 46 47 48
1 7 17 24 20 34 41 49 54 46 54 79 68 102 139 170 227 302 462 651 1033 1531 2123 2777 3164 3438 3799 4123 4627 5008 5637 5764 5834 5786 5749 5487 5027 4724 4606 4198 3840 2911 2631 1823 1042 568 158 42
1 20 40 41 51 52 77 80 88 75 88 115 112 157 203 257 352 509 876 1528 2703 4195 6183 8151 8976 9242 9902 10393 11198 11752 12932 12684 12343 11876 11389 10617 9443 8261 7534 6471 5542 3930 3291 2174 1156 579 158 42
3 251 230 291 301 173 340 361 344 262 799 715 939 2070 4809 15994 36839 73160 313834 2369221 24454145 389964714 7981461808 424986750662 831186665082 860726746705 1006062952344 963558001465 923751411625 459556752159 598245894596 1216981560586 2751645050769 4303916780198 3180410053795 5299815261969 19413136516300 11610776654168 6430797991579 2783254865529 1093464420232 216384398516 57494794703 8982229724 1003950612 83215567 2626480 15016
8 12 14 15 18 19 20 21 23 24 25 26 27 28 29 30 32 36
1 1 2 2 1 5 1 1 2 2 3 3 1 3 3 6 2 1
1 1 2 2 1 5 2 1 2 2 3 3 1 4 3 6 2 1
2 1 3 2 11 150 191 22 16 4 11 5 2 14 8 25 3 5
3 4 5 6 7 8 9 10 11 12 13 14 15 16 17 18 19 20 21 22 23 24 25 26 27 28 29 30 31 32 33 34 35 36 37 38 39 40 41 42 43 44 45 46 47 48 49 50 51 52 53 54 55 56 57 58 59 60 61 62 63 64 65 66 67 68 69 70 71 72 73 74 75 76 77 78 79 80 81 82 83 84 85 86 87 88 89 90 91 92 93 94 95 96 97 98 99 100 101 102 103 104 105 106 107 108 109 110 111 112 113 114 115 116 117 118 119 120 121 122 123 124 125 126 127 128 129 130 131 132 133 134 135 136 137 138 139 140 141 142 143 144 145 146 147 148 149 150 151 152 153 154 155 156 157 158 159 160 161 162 163 164 165 166 167 168 169 170 171 172 173 174 175 176 177 178 179 180 181 182 183 184 185 186 187 188 189 190 191 192 193 194 195 196 197 198 199
740 2352 3740 5995 6940 7248 6671 7085 6591 6291 5666 5879 5603 5364 4705 5008 4679 4518 3987 4290 4040 3853 3419 3649 3417 3340 2937 3108 2924 2838 2489 2709 2503 2461 2198 2293 2189 2087 1827 1988 1878 1796 1599 1701 1661 1598 1411 1496 1415 1341 1187 1279 1210 1146 1013 1072 1048 1015 879 933 878 833 748 779 741 721 626 707 677 609 557 585 544 524 458 503 498 464 431 463 423 383 348 366 351 335 309 311 297 274 237 256 244 212 200 206 191 192 161 179 169 172 162 168 134 154 123 126 126 118 117 121 110 101 84 93 90 86 77 80 76 71 53 60 59 45 51 52 47 50 35 40 41 36 31 34 33 34 24 29 22 20 19 22 22 24 16 21 14 13 15 14 12 17 10 10 9 5 9 9 6 11 5 7 6 7 3 6 5 6 4 3 2 2 2 2 2 2 2 2 2 2 1 1 1 1 1 1 1 1 1 1 1 1 1 1 1
740 2517 5471 12958 22466 35926 50269 81608 114649 158851 202868 299921 396180 516888 612436 877401 1088827 1383710 1586563 2234578 2713122 3291013 3641985 4999010 5928286 7196229 7864988 10462944 12185630 14779508 15636815 21105495 23821580 28485307 30741698 39136988 45359521 51831096 54172855 70529245 80398375 92247210 96894249 123209095 142434100 163383095 167858138 213513397 239717835 265802641 274454106 348452143 392180624 426002055 436012783 540199197 618307622 696723674 704333056 880502644 955834870 1046626629 1074012619 1300653250 1447935973 1623625216 1595623568 2100301831 2314648660 2366363692 2453414509 2990508609 3190451170 3512770723 3523148537 4368401887 5024274030 5338284401 5601284437 6810659232 7209865523 7405186188 7643128062 9198740575 9894484589 10881532497 11293099739 12823603725 13895405380 14416467903 14187024894 17751914691 18617679104 18602362800 19421746110 22682206344 23570339599 26588784780 25169865106 31966292726 33439916136 38410587468 39701441329 46524095598 42182853783 53649086342 49071923491 57339942907 61904626448 65894993780 74231708152 83664956943 85847666600 87854577574 83062245320 102849095750 108313923715 114335889013 115773287388 130946608056 140525744160 145632953674 120646764139 154839453439 164440958101 137600525264 174195099728 193260261662 196630836710 230627148290 179955386050 230276442704 260297112904 251414287218 240584093800 293029700488 316797756984 364335170512 284263932609 378894250187 318354964810 322180106649 334439136072 436897484032 480846695974 578866963704 429840063224 620932395264 453888135363 463965939085 589843249017 609811797803 582358469535 910759525896 586807721932 646522294519 652351132169 395756102835 790645195185 870053607242 634853525885 1289028843736 649569523185 999592971510 941516851770 1206728601785 568004467737 1247342520612 1141023663755 1502633550690 1099074468520 904154406144 660990999226 724653719790 794250149500 870315395660 953431714580 1044231662390 1143403211310 1251693506240 1369914781872 1498948823562 819876908323 896684817527 980462880430 1071823774337 1171432692373 1280011042268 1398341745571 1527273599625 1667727404093 1820701100652 1987276856363 2168627105469 2366022741845 2580840212973 2814570987591
3 4 5 6 7 8 9 10 11 12 14 15 19
4 5 11 3 7 1 4 1 1 2 1 1 1
4 5 17 6 31 7 40 11 22 37 42 77 176
