5 6 7 8 9 10 17 18 19 20 21 22 29 30 31 32 33 34 41 42 43 44 45 46
123 84 211 143 329 190 1546 1930 2388 2895 3651 1651 9676 9775 9986 10060 10002 4188 7637 6930 6105 5121 4002 1375
1471 1282 2136 1160 2819 1261 7748 10656 14796 21872 29741 16325 49133 46352 44341 41618 38534 15544 15084 12630 10261 8051 5836 1875
32436 33752 46811 24641 66438 27899 1854606 6674565 22987641 175374582 1835174452 4630939782 80377068633687 103448587955491 106307550028116 87397389809921 53552948253993 61182221555999 3482555876384 1080193863308 248604667625 46950489274 8211689452 938202148
5 6 7 8 9 10 17 18 19 20 21 22 29 30 31 32 33 42
13 7 14 11 28 15 58 61 70 64 66 21 34 18 6 5 7 1
40 17 44 36 73 35 133 134 130 117 106 43 41 20 7 5 8 1
740 239 494 713 913 622 52116 61002 62186 81239 52603 81218 1266 384 8669 1758 10380 5
3 4 5 6 7 8 9 10 11 12 13 14 15 16 17 18 19 20 21 22 23 24 25 26 27 28 29 30 31 32 33 34 35 36 37 38 39 40 41 42 43 44 45 46 47 48 49 50 51 52 53 54 55 56 57 58 59 60 61 62 63 64 65 66 67 68 69 70 71 72 73 74 75 76 77 78 79 80 81 82 83 84 85 86 87 88 89 90 91 92 93 94 95 96 97 98 99 100 101 102 103 104 105 106 107 108 109 110 111 112 113 114 115 116 117 118 119 120 121 122 123 124 125 126 127 128 129 130 131 132 133 134 135 136 137 138 139 140 141 142 143 144 145 146 147 148 149 150 151 152 153 154 155 156 157 158 159 160 161 162 163 164 165 166 167 168 169 170 171 172 173 174 175 176 177 178 179 180 181 182 183 184 185 186 187 188 189 190 191 192 193 194 195 196 197 198 199 200 201 202 203 204 205 207 208 212 216 220 229
810 3105 6523 9762 13226 15170 16639 16345 16562 14864 14503 12390 12639 10763 10619 9219 9495 8522 8553 7374 7917 6910 6822 6141 6449 5695 5667 5106 5398 4782 4730 4244 4463 4100 4077 3672 3894 3427 3395 3122 3175 3003 2902 2675 2783 2561 2474 2297 2278 2252 2088 1966 2013 1903 1809 1673 1661 1609 1582 1459 1417 1465 1309 1320 1178 1253 1135 1134 1050 1076 1005 981 872 922 852 874 766 842 754 791 663 695 645 659 586 606 598 576 488 511 496 455 418 437 462 407 333 359 364 369 292 333 336 318 252 272 285 266 212 238 249 239 163 194 200 193 140 172 187 163 115 143 142 143 100 116 131 126 87 85 103 112 71 79 91 91 70 71 75 81 57 49 68 63 47 52 47 67 44 37 34 50 46 46 28 49 35 33 19 33 34 28 16 31 28 18 15 14 31 18 12 16 24 16 10 7 18 16 6 10 11 13 5 5 9 14 3 7 5 11 3 3 3 9 2 5 3 4 3 1 2 4 2 2 2 2 2 2 1
810 3386 9494 20346 40946 72574 118544 179404 274690 375407 530198 654126 947366 1129678 1512161 1758937 2452457 2929220 3832746 4272890 5961809 6735104 8413067 9483235 12682176 14184402 17689517 19482384 25991478 28356029 34678375 37205763 48401840 55191678 65986229 70915240 91463494 98188009 115221045 125979379 154693337 177185113 204011053 218952951 276429936 304647346 342001331 369530494 439887927 515188204 559580965 594015606 741630215 831043231 898070926 936754507 1121503112 1295859042 1464184396 1485419451 1754017795 2103261998 2168389743 2423547433 2602376291 3221495140 3320987059 3636941584 4035645608 4806422962 5100122274 5505043877 5794420920 7059111252 7503855481 8457189354 8789259220 10983140277 11333192459 12977261084 12446264110 15150822869 15909779973 18184778597 19049247706 22119999975 24511021196 26187999512 25054464301 30284775448 32677161227 34168291150 35725989269 42252893031 50232279862 50263141250 46360441248 54888655441 63940851963 72275442412 66064816914 83131487945 94418614631 98814509362 88874306084 109286804183 126190585231 131205363278 121934428178 149831363873 177055421082 183330966582 143881151388 186265487205 215751960238 233275672251 197575545187 257858195533 312510047059 296791336438 247823805278 331489008717 373070575122 412032862003 310412604229 417504345578 519732646506 541301205049 416498865231 479084678931 629097549850 721207243504 520769506572 678159088092 845043721838 847960157296 782877907592 898929984742 1059082717907 1121925739428 950566922019 970412342493 1418864425426 1280917430032 1157738665212 1481063295958 1532779876460 2017993572604 1608657670527 1466904092207 1550976602274 2215088595770 2434888015806 2648837490202 1946902612332 3282345643824 2807999429933 2866945138337 1815929481129 3304723559796 3984712589488 3449229350211 2457220058220 4480502485792 4668411225315 3042484950345 2944632049644 2819298469012 7540250768007 4441198074978 3272893713545 4768924462932 8127111828898 5733567037756 3936452532645 3008071261730 9035619232280 8308453325215 3430209633930 6204322383735 7805714226520 9614133311463 4099384541615 5072877268346 9301960426882 15711913039427 3514298077119 9914353288459 6755047321249 18069419487392 5003182212279 6823883312931 5961830569089 21142220307372 4732045483690 12689383593737 8443712962773 12021060623181 10036097951094 3345365983698 7945998058776 16958090005329 9429133772166 11180176634990 12170507718520 17057162604750 23833362472556 33203196215828 34643126322519
3 4 5 6 7 8 9 10 11 12 13 14 15 16 17 18 19 20 21 22 23 24 25 26 27 28 29 30 31 33 34 35 36 37 38 39 40 41 43
8 16 56 52 117 87 109 72 136 44 79 27 44 14 16 9 12 10 6 4 9 6 8 3 7 3 5 3 5 1 2 4 2 3 1 5 1 3 1
8 16 69 93 322 376 685 729 2075 1004 2659 1372 3040 1410 2106 1517 2951 3092 2222 1821 5242 5129 7241 3301 11106 6089 10599 8596 15190 4565 12446 26399 18492 39151 12310 84673 17977 69289 31185
