1 2 3 4 5 6 7 8 9 10 11 12 13 14 15 16 17 18 19 20 21 22 23 24 25 26 27 28 29 30 31 32 33 34 35 36 37 38 39 40 41 42 43 44 45 46 47
1 7 22 27 73 95 89 169 128 79 110 119 129 132 203 419 489 561 742 1141 1113 702 834 1057 1249 1200 2262 6371 6805 7143 7544 10219 6839 997 874 872 789 702 2379 8321 7558 6558 5378 5141 2333 16 2
14 77 95 114 253 287 220 388 272 188 254 256 307 317 543 980 1086 1248 1723 2902 2959 2149 2829 3479 3892 3724 7664 22722 23257 23983 24437 31207 19265 2250 1858 1736 1406 1160 4231 14584 12232 9784 7480 6573 2805 22 2
76 540 698 1430 2927 2646 2312 3674 2443 2226 3003 3531 5105 4467 23808 66858 233499 474245 452779 946690 5182986 230542997 4362375654 340076009188 2454475352948 1649259933510 3017024478698 4800486333037 12460709959990 18300285654999 59964499852285 64332910615814 42804538123362 2046100775466 2579506705427 1559661675884 1369375188228 532972150733 5351935751162 17752972179885 6649736831829 1871358972180 454785100353 97621403504 12384047910 23989 4
3 5 6 8 9 11 13 15 16 17 18 19 20 21 26 27 28 29 30 31 32 33 40
2 2 1 2 1 2 1 2 8 16 9 17 14 9 1 7 32 37 20 21 17 11 1
3 3 1 2 1 2 1 6 13 25 14 21 18 11 1 7 38 40 25 22 18 11 1
9 6 1 4 4 6 1 395 338 6041 2270 4221 6353 1044 5 8464 11977 6336 4996 661 4941 8379 5
3 4 5 6 7 8 9 10 11 12 13 14 15 16 17 18 19 20 21 22 23 24 25 26 27 28 29 30 31 32 33 34 35 36 37 38 39 40 41 42 43 44 45 46 47 48 49 50 51 52 53 54 55 56 57 58 59 60 61 62 63 64 65 66 67 68 69 70 71 72 73 74 75 76 77 78 79 80 81 82 83 84 85 86 87 88 89 90 91 92 93 94 95 96 97 98 99 100 101 102 103 104 105 106 107 108 109 110 111 112 113 114 115 116 117 118 119 120 121 122 123 124 125 126 127 128 129 130 131 132 133 134 135 136 137 138 139 140 141 142 143 144 145 146 147 148 149 150 151 152 153 154 155 156 157 158 159 160 161 162 163 164 165 166 167 168 169 170 171 172 173 174 175 176 177 178 179 180 181 182 183 184 185 186 187 188 189 190 191 192 193 194 199 200 201 202 203 204 205 210 211 212 215 216 217 218 219
596 2132 4203 6135 7507 8526 8642 8412 8157 7635 7074 6675 6313 5960 5709 5494 5278 5071 5031 4677 4681 4409 4295 4070 3970 3759 3688 3508 3333 3234 3121 2965 3009 2879 2722 2639 2587 2542 2409 2333 2262 2180 2177 2029 1972 1882 1726 1726 1663 1669 1558 1555 1470 1455 1396 1368 1316 1244 1188 1231 1128 1091 1012 1007 893 948 964 910 883 842 757 811 738 716 687 693 656 651 623 590 550 518 463 516 476 480 442 442 407 414 370 380 349 358 325 335 291 299 260 263 255 288 252 233 224 225 187 216 187 197 191 177 163 161 139 126 127 142 121 136 110 114 92 95 100 99 90 100 89 84 74 70 62 63 61 67 62 59 52 48 36 46 38 44 44 48 38 38 32 27 26 29 27 30 24 24 18 16 15 20 18 19 14 20 13 15 8 11 7 12 9 13 8 11 3 8 4 7 5 4 4 8 4 5 4 5 3 4 2 5 2 1 1 1 1 1 1 1 1 1 1 1 1 1 1 1 1
596 2244 6267 12784 23808 40921 64319 92868 139250 187547 257103 340171 459063 579776 777069 984747 1286555 1593549 2140813 2504941 3327533 3907091 4954117 5820512 7398540 8547346 10864980 12530694 15110585 17779474 21919497 24585943 31407029 35367784 41528570 48090580 58822571 67414245 78640980 88597177 106488993 119146965 146430834 157292848 187839888 208087975 234731828 268161916 313669683 359076035 401407137 449615829 518089177 584351132 678178723 744205042 880127983 937811332 1056649455 1244042051 1361863983 1481997631 1626879940 1802524671 1917996042 2277535993 2775640202 2884609849 3326575190 3552376901 3772064306 4490339008 4850148304 5217987676 5869781750 6535696021 7268950469 8035825008 9031841203 9575394348 10343970101 10683758344 11206107730 14003660113 14949427635 16360649965 17799377463 19504481526 21060555151 23564029898 24353277599 26955775893 28772479777 32395460082 34580221005 39604233994 39981316909 44064164490 45034513818 48888851644 54224284267 66885014510 69849679064 69562508487 77912768414 84997855180 83716173798 100889660833 100527140160 112425644099 128909995322 128268691288 135335235060 148177981646 147805489012 141439661692 160999055270 200186950315 194927096777 242102681986 213842117044 240965327753 224143167992 250983530114 296372336036 324028092314 330459066464 401703872013 404416246928 422570310855 422064390440 443338848128 427242681382 479534020169 523578560468 620721965649 650980498199 700477808272 709264904679 685875477890 580025098198 807391846372 737623625488 897040639545 977873190712 1230043576056 1086254919332 1152898102360 1087236683215 1021941453439 1101805907521 1342183301545 1309150140494 1686558139629 1502237461808 1582554937804 1344239199787 1311536632993 1379424390667 1979629701631 1982672444388 2180696846347 2008093456932 2895698184186 2126270257305 2523965703985 1653178336239 2249683426076 1577118816608 2938564524288 2424258170140 3784921502034 2556631904209 3858270017717 1121778794540 3367163713400 1906863429160 3564010870555 2808922253815 2449241865015 2680718925928 5866761252558 3279507633292 4483424087635 3921851521720 5359118871685 3514298077119 5120044169072 2796683491142 7636367998125 3335454808186 1820701100652 2814570987591 3068829878530 3345365983698 3646072432125 3972999029388 4328363658647 4714566886083 7206841706490 7840656226137 8528581302375 10963707205259 11916681236278 12950095925895 14070545699287 15285151248481
3 4 5 6 7 8 9 10 11 12 13 14 15 16 17 18 19 20 21 22 23 24 25 26 27 29 31 32 33 35
9 9 24 14 48 14 28 9 22 7 16 8 15 4 7 5 9 2 5 3 7 1 3 3 1 4 2 1 3 1
9 9 42 29 150 61 206 90 382 170 605 352 984 329 934 651 1950 583 1914 1441 3511 627 2421 3841 1575 9266 6154 3010 16812 8349
