1 2 3 5 6 7 8 9 10 11 12 13 14 15 17 18 19 20 21 22 23 24 25 26 27 29 30 31 32 33 34 35 36 37 38 39 41 42 43 44 45 46 47 48 49
3 7 5 16 64 78 138 135 100 105 113 159 186 140 201 617 781 1003 1451 1410 2014 2681 3326 4073 3582 1357 3657 3766 3727 7957 8047 8364 8531 8504 8504 6510 673 1419 1047 659 2192 1601 787 268 36
24 40 20 52 235 264 480 364 198 219 212 313 338 277 538 1755 2533 3782 5380 4954 7463 9662 12837 15525 13201 4985 13446 12578 11738 23100 22220 21423 20505 19115 17639 12542 942 1957 1423 861 2611 1806 821 268 36
160 360 194 475 2522 2932 5844 3883 1606 3525 4401 6294 7418 6086 57689 591234 961117 6390325 20195389 13364223 285860254 6502013454 47246464326 328947310129 443436921567 2697057411621 11069880070723 6248539161624 4597295513257 46701321570931 140344638936418 132041930558409 121961325205615 82949859179874 61579291575523 27257445802964 97325055926 97106617657 14949806433 1295435450 6540798787 1270200245 65010785 956949 437
5 6 7 8 9 11 12 13 14 15 17 18 19 20 21 22 23 24 25 26 27 32 33 34 35 36 37 38 39
1 2 2 6 2 1 1 1 5 2 6 12 12 25 22 13 18 19 25 30 19 1 9 9 4 2 2 1 1
1 3 2 8 2 1 1 6 10 6 12 17 19 28 27 17 19 28 34 39 25 1 10 10 4 2 2 1 1
5 18 5 36 6 10 15 72 643 19 1252 2904 2532 1342 11110 1691 2272 2281 7320 4686 15590 4 8689 218 2422 11 441 5 56
3 4 5 6 7 8 9 10 11 12 13 14 15 16 17 18 19 20 21 22 23 24 25 26 27 28 29 30 31 32 33 34 35 36 37 38 39 40 41 42 43 44 45 46 47 48 49 50 51 52 53 54 55 56 57 58 59 60 61 62 63 64 65 66 67 68 69 70 71 72 73 74 75 76 77 78 79 80 81 82 83 84 85 86 87 88 89 90 91 92 93 94 95 96 97 98 99 100 101 102 103 104 105 106 107 108 109 110 111 112 113 114 115 116 117 118 119 120 121 122 123 124 125 126 127 128 129 130 131 132 133 134 135 136 137 138 139 140 141 142 143 144 145 146 147 148 149 150 151 152 153 154 155 156 157 158 159 160 161 162 163 164 165 166 167 168 169 170 171 172 173 174 175 176 177 178 179 180 181 182 183 184 185 186 187 188 189 190 191 192 193 194 195 196 197 198 199 200 201 202 203 204 205 206 207 208 209 210 212 213 214 215 216 217 218 219 220 221 222 223 224 225 226 227
574 2077 4190 6362 8145 9455 9769 9727 9059 8900 8342 7884 7244 6981 6668 6384 5943 5821 5611 5380 5101 5046 4696 4573 4255 4227 4109 3889 3732 3574 3413 3193 3089 3112 2938 2813 2683 2728 2564 2412 2291 2248 2189 2122 2033 2000 1854 1711 1640 1710 1600 1514 1516 1471 1448 1346 1301 1286 1195 1139 1146 1112 1064 928 900 890 885 831 841 813 796 798 743 725 664 618 649 609 603 564 504 494 464 473 473 439 438 412 413 394 375 331 331 343 338 315 297 294 252 241 265 259 250 232 215 234 223 179 163 184 184 174 156 175 166 125 114 146 143 130 115 116 125 96 92 99 93 98 85 88 99 77 60 61 77 75 71 61 61 60 50 49 50 55 53 39 43 47 43 30 27 44 38 29 32 38 24 20 20 29 20 20 18 24 20 19 13 13 17 13 12 16 13 10 7 13 11 10 10 11 9 9 9 6 6 7 6 5 5 5 5 1 4 3 3 3 2 2 2 2 2 2 2 2 2 2 2 2 2 2 2 1 1 1 1 1 1 1 1 1 1 1 1 1
574 2172 6086 13408 25348 44374 71092 108061 150712 217561 299958 405642 521560 690752 903701 1170763 1448113 1852184 2379268 2941128 3626926 4521480 5445497 6683496 7886267 9683329 11844274 13902852 16929747 19715791 23450233 26639952 31843458 38691028 44742510 51416598 60133628 73151127 83142534 93708778 105843145 123727101 144244138 164392654 191543937 221599454 242198423 263238078 301308551 365728306 407016375 444318590 526090988 598238142 694160275 741008571 844472904 959598275 1047654352 1132558954 1348628562 1521345057 1724321412 1679579005 1906701300 2177563515 2541493179 2674260082 3114057998 3452072586 3924971569 4482168919 4756890102 5375075860 5657555748 5778503380 7175408105 7610636693 8855808969 9162386408 9381577389 10432540956 11044385090 12773399327 14387994631 15457137344 17584100223 18737974377 20986064342 22867508424 24617726691 24697339058 26718852815 31878317338 36179895924 38250916168 39341530646 44659834061 42389117072 45844398133 57285062441 62604898050 69398215463 71337526039 73668269216 88371799208 96203943606 85220722965 90196585374 105036814039 125033358300 126226622018 129116969030 158351806835 171065802876 141990747065 146475829284 203232059218 232746978336 228340360457 230127291238 247363110888 303067439667 260223877068 284737757902 330405788658 344340759892 398809287480 392802815951 441413883405 551537983040 483993655486 426051082932 478588109633 661954792352 713612488823 757433021723 733477280300 770501346876 840746447742 786962882927 841588621696 931124452331 1123111053984 1229858954174 976218588838 1205822811223 1437473760854 1494580990213 1133062334242 1084068284596 2010364780140 1949727296792 1642635244758 1936822971656 2567679651625 1809691474466 1677697851788 1774458400479 2911702238416 2236558906409 2470848597862 2362570662213 3571037889957 3282782704110 3465482555755 2515127337514 2665464266280 3924856375677 3372739797426 3199904637500 4715692093096 4150888007144 3559605878386 2640682663830 5504919579470 5036083632890 5084958390235 5568258733170 6721878841925 5987284604976 6551718643494 7167684685281 5149685177550 5798999219677 7320044632545 6928987236202 6291476861445 6873378024552 7507436144071 8338637020465 1820701100652 7949107425452 6505881316407 7098068225535 7742520638919 5629141975182 6137659757060 6690731967396 7292144864250 7945998058776 8656727317294 9429133772166 10268410575946 11180176634990 12170507718520 13245975416080 14413683412980 17057162604750 18550205150710 20170131771534 10963707205259 11916681236278 12950095925895 14070545699287 15285151248481 16601598107914 18028182516671 19573856161145 21248279009367 23061871173849 25025873760111 27152408925615 29454549941750
3 4 5 6 7 8 9 10 11 12 13 14 15 16 17 18 19 21 22 23 24 25 26 27 28 29 30 31 35 37
3 4 24 21 55 21 40 20 22 11 17 11 20 6 12 5 8 5 5 5 1 4 3 4 1 4 1 1 1 1
3 4 34 40 176 91 302 207 360 256 590 500 1314 553 1332 771 1796 1969 1925 2724 627 3378 3006 5660 1958 9266 2436 3718 8349 12310
