8 20 32 44 56 68
122 816 6815 11084 9908 2067
1907 18704 33634 24337 12166 2067
21631 17435122 38840454516 40064261308 7372070007 1301652




3 4 5 6 7 8 9 10 11 12 13 14 15 16 17 18 19 20 21 22 23 24 25 26 27 28 29 30 31 32 33 34 35 36 37 38 39 40 41 42 43 44 45 46 47 48 49 50 51 52 53 54 55 56 57 58 59 60 61 62 63 64 65 66 67 68 69 70 71 72 73 74 75 76 77 78 79 80 81 82 83 84 85 86 87 88 89 90 91 92 93 94 95 96 97 98 99 100 101 102 103 104 105 106 107 108 109 110 111 112 115 116 117 118 119 120 121 122 123 124 126 127
362 1341 2632 4272 4795 5779 5481 5485 4303 4297 3951 3844 3011 2990 2785 2731 2243 2253 2063 2059 1661 1648 1561 1519 1167 1184 1108 1100 889 841 805 833 657 631 624 642 538 495 461 474 437 426 389 378 354 342 278 268 246 268 212 222 215 233 228 183 190 177 170 137 145 135 129 100 88 84 91 83 72 56 51 47 46 40 42 50 51 47 49 41 32 25 30 33 32 16 19 24 21 19 13 18 25 28 20 20 15 15 9 9 9 11 3 2 7 4 3 7 6 1 4 1 1 2 3 3 2 4 1 1 1 1
362 1525 4015 8921 15115 27568 39254 61984 75368 111393 144098 201232 217603 303431 369860 498265 534213 724179 833988 1106732 1153017 1466381 1712720 2207365 2058777 2766958 3189827 3946068 3808348 4548011 5036350 6701261 6484045 7564174 9386465 11669697 11375429 13126616 14799301 18065912 20136132 22662999 25413936 29117113 33209353 36390052 34834447 42564350 41300323 53652208 52271040 62192947 69583503 84656071 108132852 96114550 120808098 132761241 151181395 141271728 173254094 185733297 208911441 176546711 192094876 194106149 261847838 268215598 265785968 263863011 300990527 270276385 282865869 264719044 315735544 448640678 531539956 591094595 772037747 676434666 564182754 475419093 642561654 867717081 929930232 643117453 895011037 1033358312 988384327 1058695638 909674957 1328211852 2258872463 2844849149 1996095668 2173716401 1862903094 2292340358 1468046948 1504037136 1863014086 2335380552 911493010 753779708 2371306090 2171133899 1152829008 3018045723 2901017064 541946240 3044008624 851376628 952050665 2128288902 3566724744 3983130228 2964148286 6614674660 1844349560 2056148051 2552338241 2841940500



