1 2 13 14 24 25 26 27 36 37 38 39 48 49 50 51
17 60 1129 1768 1513 14666 16425 1003 2767 23047 22754 1712 776 6534 5468 358
3766 1749 15347 21078 27219 173513 174469 9090 10735 85339 77378 5556 1390 11200 8945 551
233289 40984 867350 1577569 1934540082375 357065612745471 478745928580712 8263030036540 27097811003964 243636610681932 171674432519096 5950448157649 18620394748 121475307848 43864740044 1673323730
1 2 13 14 24 25 26 27 37 38
3 10 117 198 27 241 228 11 2 3
99 115 478 745 48 409 369 19 2 3
847 2063 17981 29768 12675 222200 169313 39348 2 390
3 4 5 6 7 8 9 10 11 12 13 14 15 16 17 18 19 20 21 22 23 24 25 26 27 28 29 30 31 32 33 34 35 36 37 38 39 40 41 42 43 44 45 46 47 48 49 50 51 52 53 54 55 56 57 58 59 60 61 62 63 64 65 66 67 68 69 70 71 72 73 74 75 76 77 78 79 80 81 82 83 84 85 86 87 88 89 90 91 92 93 94 95 96 97 98 99 100 101 102 103 104 105 106 107 108 109 110 111 112 113 114 115 116 117 118 119 120 121 122 123 124 125 126 127 128 129 130 131 132 133 134 135 136 137 138 139 140 141 142 143 144 145 146 147 148 149 150 151 152 153 154 155 156 157 158 159 160 161 162 163 164 165 166 167 168 169 170 171 172 173 174 175 176 177 178 179 180 181 182 183 184 185 186 187 188 189 190 191 192 193 194 195 196 197 198 199 200 201 202 203 204 205 207 208 209 211 212 213 215 216 217 218 219 221 223 224 225 226 236 244
669 2754 7451 10925 18488 19287 25574 22250 26777 20838 24402 18256 20721 15571 17944 13178 15906 11884 14420 10503 13150 9692 12014 8947 11070 8322 10437 7483 9472 7034 8961 6506 8161 6045 7666 5544 6820 5226 6580 4775 6030 4562 5747 4127 5182 3825 4894 3600 4393 3375 4215 2997 3737 2919 3636 2652 3234 2510 3121 2303 2800 2151 2713 1962 2450 1829 2276 1678 2192 1576 2046 1507 1863 1408 1721 1284 1612 1190 1573 1104 1363 990 1221 924 1170 880 1040 837 1001 725 911 655 896 629 814 572 754 537 700 478 651 475 633 451 581 426 529 371 486 341 428 293 447 318 374 250 376 248 313 244 313 215 253 187 261 188 225 162 238 171 172 134 179 131 142 123 151 142 120 107 139 95 103 103 107 99 100 82 103 92 79 65 81 78 76 62 69 60 65 40 50 54 48 47 36 46 42 42 28 35 39 29 31 39 27 20 26 21 23 16 18 20 23 13 16 13 21 8 17 11 14 8 8 5 11 5 8 7 7 3 5 5 5 4 4 4 2 2 2 2 1 1 3 1 1 1 1 1 1 2 1
669 2919 10769 21562 54430 84429 174084 226168 425438 492289 867357 926990 1541556 1590313 2565444 2490154 4102137 3968538 6434914 5989307 10026239 9260531 15071524 13725184 22711268 20683552 33387426 29155479 47057038 42174066 67688317 58170853 93478373 81773189 129800280 112273405 171223906 152337164 240873313 202541040 321336708 276692178 433562823 356905537 564788959 468973976 725622829 610057671 928240741 814756563 1209810920 988615952 1466724367 1297764698 1954744865 1589487018 2430916587 2091901345 3085940337 2562719999 3733199846 3260664240 4819958970 3887045573 5929243306 4982890625 7108274593 5923488199 9189332952 7430639206 11355922666 9173688921 13880167049 11431061157 16290785314 13689606233 20309163456 16668686937 24775646280 19168335618 29394529936 23123418623 32704305564 27587670845 40595897562 34132656180 46620690597 40884952754 58597180122 47169574751 66097412682 53304188536 81534254553 65595608396 94060467094 73721577875 111357879635 88877980145 133209575113 99798627607 154483092120 123428093271 186659864395 146871673472 219440613343 171314868801 248847638924 182851507412 274465376352 213709509874 314204190503 228344469691 400141154662 309446318823 437999105777 310388191029 512577379134 382326222538 548508714595 445932449072 689316021752 503522672521 660325866562 538065743262 874558777824 671349134075 949343105027 716591021681 1237912524503 962785787254 1079412321460 888764531820 1348112113284 1105595881627 1345882296610 1223180471616 1704654325137 1774409122975 1690382463791 1625581047277 2447503230629 1633638657828 2201506515220 2226070515898 2755376119900 2552214176885 2862852856798 2589027279988 3964572160575 3667226355315 3375083714750 3111941438323 4323084595608 4572046401457 4692126096481 4383973497467 5192173271360 5210472245618 6245832359582 4218616478347 6270655412882 6801254111579 6469500332944 7059724663068 5739841981722 8013931113615 8380814455989 9389792769757 6957208132999 9366902616933 10838911850327 8917069904800 11262391664932 14549269549668 10855461085505 8757985423630 12372630233310 10987148573335 12802036508845 10832080376440 13226262716192 14279801006325 20331164664810 11426478900239 15436071898171 13385543702939 25074256805954 10240088338144 26428535768481 16026418471551 25840915638680 14259661412098 17052612928712 10480435029133 27602690356636 12904201064865 26977056002820 20973291367832 23141025780718 10938217296375 22530287787276 21641818293235 23572834430415 27038675528431 24341015437040 25416483134600 15681312452274 17057162604750 18550205150710 21927414410518 11916681236278 12950095925895 42211637097861 15285151248481 18028182516671 21248279009367 23061871173849 25025873760111 27152408925615 121612270876658 114540884553038
3 4 5 6 7 8 9 10 11 12 13 14 15 16 17 18 19 20 21 22 23 24 25 26 27 28 29 30 31 32 33 34 35 36 37 41 44 45
9 31 76 143 198 216 205 302 206 214 127 126 63 70 40 57 32 38 25 15 14 9 11 5 9 6 5 6 3 7 4 4 4 2 2 1 1 1
9 31 119 268 568 840 1277 2981 3161 5000 4329 6173 4742 6649 5465 9305 7833 10630 10308 7565 10032 6804 12165 4800 17002 10065 11949 16810 16044 29482 24248 25942 39114 16698 24620 26015 62370 53174
