1 12 13 24 25 36 37 48 49 60 61
29 645 1257 10583 14770 23168 30023 8691 10447 268 114
10984 11942 24183 199381 267092 112202 137535 19455 22784 268 114
693139 745130 1602753 132248965623076 206764741152607 176255822479833 261544724333811 872267033431 852171775960 6808 386
1 12 13 24 25 36 37
9 96 185 243 296 15 13
941 565 1204 456 534 23 20
15065 17850 57700 116430 329774 2898 2988
3 4 5 6 7 8 9 10 11 12 13 14 15 16 17 18 19 20 21 22 23 24 25 26 27 28 29 30 31 32 33 34 35 36 37 38 39 40 41 42 43 44 45 46 47 48 49 50 51 52 53 54 55 56 57 58 59 60 61 62 63 64 65 66 67 68 69 70 71 72 73 74 75 76 77 78 79 80 81 82 83 84 85 86 87 88 89 90 91 92 93 94 95 96 97 98 99 100 101 102 103 104 105 106 107 108 109 110 111 112 113 114 115 116 117 118 119 120 121 122 123 124 125 126 127 128 129 130 131 132 133 134 135 136 137 138 139 140 141 142 143 144 145 146 147 148 149 150 151 152 153 154 155 156 157 158 159 160 161 162 163 164 165 166 167 168 169 170 171 172 173 174 175 176 177 178 179 180 181 182 183 184 185 186 187 188 189 190 191 192 193 194 195 196 197 198 199 200 201 202 203 204 205 206 207 208 210 212 213 215 216 218 219 221 222 224 225
738 2966 7139 11996 20320 25282 30335 31749 33178 31055 30054 27647 26126 23355 22832 19983 19400 17803 17434 16053 16187 14298 14322 13451 13081 12250 12647 11065 11185 10431 10340 9480 9696 8505 8870 8267 8097 7507 7697 6719 6947 6251 6452 5827 6007 5379 5607 5046 5039 4764 4947 4136 4415 3972 4046 3701 3799 3426 3472 3087 3135 2992 3021 2670 2751 2546 2609 2366 2440 2181 2274 2002 2109 1850 2002 1683 1759 1522 1683 1487 1548 1349 1415 1272 1301 1144 1181 1029 1177 954 996 895 906 829 874 751 766 743 786 611 699 585 579 574 623 507 565 450 468 418 425 368 428 333 347 288 351 297 309 221 300 243 273 198 245 193 198 198 231 159 183 144 156 161 150 116 156 111 138 106 108 107 110 74 99 82 76 66 69 54 55 55 53 55 71 31 52 39 39 39 42 36 36 27 28 39 30 16 34 31 27 13 20 4 13 14 10 14 18 8 16 13 9 8 12 4 11 6 3 8 9 3 8 4 10 7 2 6 2 5 1 3 9 1 2 4 3 1 3 2 2 1 1 1 1 1 1
738 3113 10282 23428 57973 105095 194998 304541 500699 702507 1015290 1372565 1924505 2343353 3238500 3841674 5001288 6026399 7893695 9244493 12292736 14100233 17915458 21302994 27277479 30542661 40689158 44815015 55535580 64439865 80286524 87071062 112872287 120480034 151165021 171613275 210879537 222500037 285663717 301035651 367123325 390207837 503135602 518254869 655221601 692793448 854340797 895657651 1098125316 1149417117 1457140232 1455987944 1783022546 1863878649 2339826556 2298141354 2886286001 3020623262 3477780462 3605858885 4447637486 4603277056 5575882662 5698835284 6744134210 7102603157 8855318808 8735169927 10642484385 10809117461 13014207173 12921427343 16136669697 15360393334 19816106396 18955389731 22362686676 21992108174 28588769552 26879181240 33224389792 33280441370 39559700050 39777870086 46925623567 44327476797 54265923351 53227772072 66447153996 61283388926 75962938465 72871575060 86985736039 89320444813 104130694113 102442357639 118409182735 125680108664 156666303744 132295852196 163320782146 159203155514 186561790087 187649242876 240634077129 212937550077 264165376004 235845502567 286362311527 272833210358 325131330768 315142708734 401040233185 347131758689 436445396571 359192386324 509240620498 487311738769 576011073679 424240935836 700157213502 586109462055 797879134240 580635450525 837908615827 693858352776 889613076259 913073704950 1212456919599 883497930263 1190008397160 1013984441030 1195919536015 1350117813684 1471730756690 1220953314928 1877575353133 1463967278261 2040496582542 1597761451377 1871858066357 2001379820031 2207469337747 1881672146326 2475934087600 2237594960768 2619780845257 2295980799411 2437454577320 2167139981319 2716884408216 2904002501074 3297392256723 3675268260467 4510967621511 2027404309074 4410058019511 3287909779963 3829359530505 4244772152045 4813669372597 5032558416819 5825711152331 4711712790182 5078450358951 7191888215930 6220038254489 3867361142468 9225708573695 8714225179585 7512312247438 4033073934246 7378788736977 1385644719016 6597413616966 6299169728970 4873376531430 7332337754970 11684891384130 5933596646410 11112279905568 9782954535639 9416107920624 8352384901638 14514513206238 6065499070394 14332144738525 9371461538984 6518385914643 11444597672676 16800009595875 5462103301956 15565063339482 11923661138178 22870644872946 18065881490811 5161680425946 17141684816485 12275319514120 17628949263771 3972999029388 12274361717423 40113882610131 5134205287973 20536821151892 22360353269980 21620525119470 8528581302375 27825307726065 21927414410518 23833362472556 14070545699287 15285151248481 18028182516671 19573856161145 23061871173849 25025873760111
3 4 5 6 7 8 9 10 11 12 13 14 15 16 17 18 19 20 21 22 23 24 25 26 27 28 29 30 31 32 33 34 35 36 37 41 53
12 19 93 110 244 306 454 517 430 386 310 230 151 109 111 64 42 23 41 14 16 10 7 12 7 3 6 2 2 1 3 1 1 1 3 1 1
12 19 130 185 711 1081 2722 4445 5840 8494 10287 12369 11038 12107 16316 12392 10563 8052 17761 9098 10894 9149 7407 11522 10675 6461 14790 4394 7882 2436 17605 9130 11208 8349 41318 21637 204226
