2 3 4 5 6 7 8 9 10 11 12 13 14 15 16 17 18 19 20 21 22 23 24 25 26 27 28 29 30 31 32 33 34 35 36 37 38 39 40 41 42 43 44 45 46 47 48 49 50 51 52 53 54 56 57 58 59
2 1 9 8 14 10 25 26 33 41 41 31 40 53 48 57 60 89 165 334 419 536 316 421 487 547 582 644 709 707 933 1631 1572 1623 667 701 758 685 554 399 349 284 454 980 943 899 209 218 217 194 134 58 9 116 478 390 384
10 2 22 18 33 18 38 95 108 114 56 44 54 70 74 84 102 173 475 1273 1539 1597 666 819 882 884 957 943 995 942 1388 2619 2572 2598 761 784 837 737 603 431 367 286 509 1196 1136 1043 209 218 217 194 134 58 9 116 478 390 384
38 8 86 45 95 24 79 277 320 282 114 84 109 136 196 350 372 1184 6454 81836 210905 355767 1041429 157656 1231232 734083 769555 802064 785834 1431776 2915579 4786426 5190533 6032599 756557 613160 371796 460186 315450 322850 237902 184401 577496 2174068 1962203 1844938 22659 10968 4248 1506 407 86 9 48442 181775 103325 58495




3 4 5 6 7 8 9 10 11 12 13 14 15 16 17 18 19 20 21 22 23 24 25 26 27 28 29 30 31 32 33 34 35 36 37 38 39 40 41 42 43 44 45 46 47 48 49 50 51 52 53 54 55
1282 2800 3183 2932 2549 2302 1935 1606 1592 1343 1181 1099 952 867 822 715 636 639 557 479 452 391 344 319 263 232 227 192 178 163 150 124 115 111 80 84 70 58 57 49 32 37 38 31 30 24 13 10 7 1 2 5 1
1282 3363 5394 7902 11007 15678 19939 24688 35271 42286 52141 67695 80102 98304 126272 140495 164874 216112 242924 261256 324344 353596 388056 454278 467129 502451 621973 645017 719204 821481 947341 950749 1061149 1283052 1140413 1363888 1378787 1358502 1612171 1627120 1244880 1709757 2128588 1961091 2255250 2139216 1372254 1247540 1030911 173525 408452 1199715 281589



