4 5 6 7 8 16 17 18 19 20 28 29 30 31 32 40 41 42 43 44
13 48 60 86 79 465 640 755 1016 1103 9039 9693 10200 10680 9037 11962 11337 10021 8374 5381
60 175 211 309 253 1224 1442 1859 2949 3703 36836 37428 38437 38543 30888 22218 19382 15744 12227 7386
803 2481 2601 3995 3293 251127 298674 568436 1081871 1151063 26178159974739 70743863389634 135637440251419 105959800970368 115122371526237 32073950968428 13688260188961 4500229372941 1111644405283 196810264567
5 6 7 8 16 17 18 19 20 28 29 30 31 32 40 41 42
1 2 1 1 21 29 28 31 25 62 59 40 34 23 1 1 1
6 2 1 1 28 42 38 43 34 77 65 45 41 25 1 1 1
34 12 3 3 1627 99635 1471 41526 10001 49712 15692 5150 66156 2280 176 1 1
3 4 5 6 7 8 9 10 11 12 13 14 15 16 17 18 19 20 21 22 23 24 25 26 27 28 29 30 31 32 33 34 35 36 37 38 39 40 41 42 43 44 45 46 47 48 49 50 51 52 53 54 55 56 57 58 59 60 61 62 63 64 65 66 67 68 69 70 71 72 73 74 75 76 77 78 79 80 81 82 83 84 85 86 87 88 89 90 91 92 93 94 95 96 97 98 99 100 101 102 103 104 105 106 107 108 109 110 111 112 113 114 115 116 117 118 119 120 121 122 123 124 125 126 127 128 129 130 131 132 133 134 135 136 137 138 139 140 141 142 143 144 145 146 147 148 149 150 151 152 153 154 155 156 157 158 159 160 161 162 163 164 165 166 167 168 169 170 171 172 173 174 175 176 177 178 179 180 181 182 183 184 185 186 187 188 189 190 191 192 193 194 195 196 197 198 199 200 201 202 203 204 205 206 208 213 214 215 216 217 218 225 226 227 228 229
449 1746 3893 5502 7489 8215 8928 8721 9058 8240 8184 7615 7405 6728 6708 6120 6182 5600 5661 5050 5109 4785 4869 4484 4577 4241 4270 3812 3940 3501 3549 3253 3267 3025 3186 2932 2985 2761 2831 2514 2551 2338 2337 2129 2197 1924 2003 1938 1950 1786 1822 1684 1723 1530 1563 1378 1399 1289 1291 1216 1306 1165 1162 1125 1123 1021 1006 983 929 850 874 787 792 782 756 696 742 666 694 611 644 548 586 515 497 450 517 442 457 447 452 418 397 377 364 327 354 289 295 306 295 268 299 257 261 238 246 203 213 213 181 165 181 158 167 168 151 152 142 143 135 120 128 109 109 112 105 99 111 82 98 88 89 69 69 74 63 67 69 56 50 53 39 52 49 43 41 39 44 41 36 37 32 26 35 25 37 26 24 20 21 27 22 18 17 12 13 16 12 13 15 12 16 12 14 10 9 8 9 5 8 3 6 6 5 7 6 6 4 5 7 6 2 2 1 2 2 4 2 2 2 2 2 2 1 1 1 1 1 1 1 1 1 1 1 1
449 1834 5546 11171 23031 37876 64477 94213 149477 198416 292146 380844 534953 658794 919568 1110815 1534193 1795413 2431145 2754722 3660834 4290354 5719239 6564396 8538875 9942698 12908263 14016614 18260053 20037116 25206409 27819252 34699859 38418036 49318504 55223462 68550835 74979525 95263212 101782392 124053800 134512936 162273521 170549981 213755882 218997841 272796163 303203527 370232174 392510711 478460719 510983831 640883601 644032558 783165344 785815526 941151937 993870091 1179544142 1243075350 1574036543 1638977739 1913222438 2052779527 2478214227 2587874907 2914011662 3309050351 3642116671 3735909148 4403038295 4530380755 5191536292 5787749368 6600201582 6895039615 8370943457 8481547192 10269281783 9955107910 12274115779 11808983203 14465531635 14005740233 15484183881 15706652236 20411236240 20248131552 24406043725 26148740477 30926686210 31341110774 33575985389 35476909851 39365561750 39036582805 48234465459 44020297581 50619898640 57432893973 65507053416 65112820478 83189329198 79241533816 91462872497 89022877243 106139223807 97471611156 116514307083 129699119045 124422040419 118135786014 148427593493 145137458521 175666666313 193379353669 203610820934 221607789416 234521581528 262935597331 279747638097 265072685700 317134267539 298879220301 348433075369 361383436333 410646280021 413678989957 523953143833 403587327172 572959862255 533484532988 635920893337 527048395697 588553079070 713146728302 684835257252 772180532028 861040371214 813648874577 798101621839 940374658773 752323323867 1126690084008 1149886881154 1119222721828 1191826713626 1203506092745 1602996384442 1585019659619 1581075367058 1621648715978 1670112221622 1399746234620 2200004268417 1705010728779 2816841031808 2162143299750 2145707143753 2068381480433 2197548763320 3181693964524 2742625394412 2622985283619 2597028683190 2163715778515 2410517626555 3404247959073 2804147024571 3417208182154 4274649414005 3563385254740 5501980703161 4284259598176 5782885046975 4672636806890 4642484094520 4994158442425 5991203015445 3075088618135 5302327214040 2119389193653 4778456456854 5226493086754 4734758276344 7320044632545 6928987236202 7571487903713 5475036278981 7507436144071 11252730415247 10465285514235 3974553712726 4337254210938 2366022741845 5161680425946 5629141975182 12275319514120 6690731967396 7292144864250 7945998058776 8656727317294 9429133772166 10268410575946 6085253859260 9275102575355 10085065885767 10963707205259 11916681236278 12950095925895 14070545699287 25025873760111 27152408925615 29454549941750 31946390696157 34643126322519
3 4 5 6 7 8 9 10 11 12 13 14 15 16 17 18 19 20 21 22 23 24 25 26 27 28 29 31 33 35 37 38 39 40 41 42 44 46
7 7 36 28 58 28 55 23 44 12 32 9 20 12 13 8 12 2 10 1 5 3 2 2 5 1 1 1 2 4 1 1 1 1 1 1 1 1
7 7 52 56 197 125 425 242 774 286 1082 441 1384 1004 1858 1262 2733 462 3950 385 3125 1711 2004 1794 7201 1958 2436 3718 9322 32670 12310 10143 17977 14883 21637 26015 44583 63261
