20 32 44 56 68
1223 25859 45881 22152 4880
79035 568874 242216 57840 5519
264900654 6077243665974606 1364240147106045 99071811954987 416856636
20 32 44
217 616 132
1495 1149 175
610488 1000933 30303
3 4 5 6 7 8 9 10 11 12 13 14 15 16 17 18 19 20 21 22 23 24 25 26 27 28 29 30 31 32 33 34 35 36 37 38 39 40 41 42 43 44 45 46 47 48 49 50 51 52 53 54 55 56 57 58 59 60 61 62 63 64 65 66 67 68 69 70 71 72 73 74 75 76 77 78 79 80 81 82 83 84 85 86 87 88 89 90 91 92 93 94 95 96 97 98 99 100 101 102 103 104 105 106 107 108 109 110 111 112 113 114 115 116 117 118 119 120 121 122 123 124 125 126 127 128 129 130 131 132 133 134 135 136 137 138 139 140 141 142 143 144 145 146 147 148 149 150 151 152 153 154 155 156 157 158 159 160 161 162 163 164 165 166 167 168 169 170 171 172 173 174 175 176 177 178 179 180 181 182 183 184 185 186 187 188 189 190 191 192 193 194 195 196 197 198 199 200 201 202 203 204 205 206 207 208 209 210 211 212 213 214 215 216 217 218 219 220 221 222 223 224 225 226 227 228 229 230 231 232 233 234 235 236 237 238 239 241 242 243 245 246 247 248 249 250 251 252
477 2055 6157 11258 18775 23934 30844 32077 35613 33643 34966 31231 31360 27959 28614 25029 25040 22761 22626 20271 20694 18212 18810 16364 16724 15071 15564 13722 14387 12667 13034 11425 11828 10641 10783 9793 10096 9061 9648 8202 8501 7700 7811 7191 7511 6829 6827 6206 6207 5566 5958 5140 5297 4851 5038 4358 4641 4018 4186 3774 3962 3563 3865 3176 3428 3119 3075 2765 2975 2660 2774 2425 2503 2341 2326 2140 2169 2076 2177 1799 1929 1650 1701 1633 1569 1415 1573 1385 1445 1358 1306 1216 1155 1034 1163 952 988 937 1026 860 865 804 807 730 763 699 716 562 674 596 693 511 596 548 497 431 467 433 481 376 409 350 413 320 348 349 352 266 325 282 277 269 245 249 285 225 230 203 228 187 196 171 259 220 206 219 165 135 122 127 146 117 120 109 99 99 77 82 107 91 104 97 71 77 81 61 85 57 66 66 58 45 47 45 85 36 38 40 41 27 24 30 32 26 26 30 25 20 31 19 30 25 24 18 17 25 14 11 21 16 17 13 16 11 11 3 9 16 7 6 11 4 1 5 3 14 4 5 7 8 1 1 1 3 5 2 1 3 1 1 1 1 3 5 1 1 2 3 2 3 1 1 1 2 1 1 6 1
477 2173 8480 20519 50222 92151 184132 284047 501069 692456 1098186 1425651 2126862 2625676 3872709 4578039 6372132 7640301 10251202 11774008 16133785 17972219 24389873 26527854 35594469 39168940 52197483 55835379 74219430 78696174 103180601 108277619 140783955 149750993 190592957 206848919 263137982 277647848 366333314 368549408 466080034 499107096 601718227 649995886 819257369 864379204 1039679714 1094044493 1353453015 1371269510 1778800672 1775150784 2155599933 2285212785 2809778625 2800586692 3593028863 3500901908 4295770438 4503916746 5449581457 5567517512 7126843649 6704294691 8661178578 8666272603 10384845548 10478517464 12867262626 13229490745 15898953291 15614542903 19256271992 19814154584 22660804156 23629650103 27226178665 29165871086 35481013016 33248612645 41219924213 38934295856 46672343738 50626576987 55414738624 55167557653 73144109678 69044587603 80744028572 85261949222 94446051768 98993580473 110441676131 107750575109 138498709355 125896821628 147118362241 156153634478 194351061806 182044120963 204798838175 213141158722 246069126914 237286255766 287920288364 298624782046 350602447802 294904231709 401534203482 385962867183 513911375465 439235022889 543270996473 559526695393 578407022696 529797793506 662467661372 674279800393 837302426325 720747556922 913154212554 834941877145 1156250878696 966161208322 1136275409010 1220775787145 1426844558965 1195846685605 1594864749206 1539350624926 1681490430675 1867976409156 1933163314741 2050490139819 2667316103875 2265006610350 2701633459522 2421907606876 3241950802997 2844862447021 3447298160929 3194946056920 5046539077591 4682508226685 4979050072652 5900795365180 5108197058587 4761892872512 4513281257119 5059083654564 6248063010022 5731029760823 6944836889542 6666015060679 6537584674416 7454490670637 6527977040361 7394139039074 10765723033072 9663797393605 12606696099384 12123918608104 10327358022152 11328572833704 13842496645059 10884031511580 17970572281043 12154753448016 16022422337725 18227970467322 16507551169023 13974507791130 16250357862511 16927911781300 35971057102068 15713619521125 20412430753600 19666517581255 26768936945415 18071515676555 16577499750902 24264015064314 31853479680300 22545726163662 28408549658064 34706151343225 33051193492434 26228761788258 50178718749123 28115675414497 54315017063206 46114439044480 49836864952617 45170892832834 39432804065861 61728378199661 43163289604512 32231575318196 69173473958668 60178992655563 79509860449992 53781175157598 77830417698795 64226838332309 60123322403879 17265430494250 67475526300640 111222489314690 61457620769802 65476950114048 99040043236985 40340263543068 10085065885767 58630432150371 38850287777685 196987639790018 61140604993924 83007990539570 126197277616697 156590849289160 21248279009367 23061871173849 25025873760111 81457226776845 147272749708750 63892781392314 34643126322519 112683400747710 40718063627362 44132934884255 47826239745920 51820051838712 168414446012841 304030677191645 65851585970275 71304185514919 154391785327024 271310519006451 195725867407170 317646740168199 123888443077259 133978259344888 144867692496445 313236825055892 169296722391554 182973889854026 1186359100090032 213636919820625
3 4 5 6 7 8 9 10 11 12 13 14 15 16 17 18 19 20 21 22 23 24 25 26 27 28 29 30 31 32 33 34 35 36 37 38 39 40 41 42 43 47
15 16 68 90 159 213 187 232 215 256 192 172 123 130 85 91 74 84 52 55 40 49 19 27 46 18 17 21 14 10 5 5 3 8 1 6 8 4 2 1 3 3
15 16 98 159 484 842 1331 2096 3186 5524 6517 8143 8377 12698 11128 16473 16555 25551 24192 31005 27699 36025 22763 41696 82949 39141 49445 74873 63815 57880 33694 35904 29258 76581 13684 110259 150650 80603 71908 43274 99708 225525
