6 7 8 9 10 11 18 19 20 21 22 23 30 31 32 33 34 35 42 43 44 45 46 47
9 12 53 74 39 117 157 336 439 541 647 811 1431 2767 2948 3250 3520 3457 1173 1860 1636 1330 841 507
99 168 277 311 183 423 566 1274 1794 2400 3521 4207 3854 6795 6684 6742 6522 5968 1513 2359 2022 1584 982 559
941 1466 1548 1855 948 2076 13550 44123 181253 975914 17496187 65388293 721853689 1814423380 1895320444 1838598279 1665683747 1409754074 83982193 97118693 48055530 25699495 13340305 5017047




3 4 5 6 7 8 9 10 11 12 13 14 15 16 17 18 19 20 21 22 23 24 25 26 27 28 29 30 31 32 33 34 35 36 37 38 39 40 41 42 43 44 45 46 47 48 49 50 51 52 53 54 55 56 57 58 59 60 61 62 63 64 65 66 67 68 69 70 71 72 73 74 75 76 77 78 79 80 81 82 83 84 85 86 87 88 89 90 91 92 93 94 95 96 97 99 100 102 103
471 1641 2633 3429 3897 3607 3205 2974 2643 2373 2265 1955 1902 1860 1585 1550 1527 1333 1255 1227 1077 1025 1021 828 898 849 689 703 708 567 604 580 458 510 475 388 450 401 301 379 359 243 310 285 209 248 237 164 221 189 125 175 160 90 139 136 85 107 105 58 88 79 59 70 65 42 50 45 29 36 41 31 37 35 24 24 26 15 16 18 8 11 8 2 6 5 1 6 6 3 7 7 2 4 5 3 2 2 1
471 1813 4032 7484 12857 18841 25905 36679 49422 63128 86153 104799 135508 183859 214226 268408 357822 415792 492587 633251 722514 871217 1103622 1135546 1535746 1832958 1891799 2313372 2975833 3035559 3851885 4554173 4467425 5906865 6727694 6971585 9276784 10090956 9554950 13680203 15563154 13348414 19179305 21193463 19537324 26541436 29161741 24482704 39327741 38401677 32025563 51072664 53097814 40075585 67473252 74288620 59346992 84669204 91606478 66375732 108492023 108087379 101394350 138797644 135899585 105445549 145526116 148286870 116309074 161387802 205630293 170090237 243724391 253529884 183282201 217023752 266964460 172553039 219925009 289221926 150173456 225224847 195054838 64350979 199528516 196676711 60334714 292602540 331983128 226428361 483154565 547098487 200758525 391098145 534699234 354342912 266461860 338459750 190569292



