2 3 4 5 6 7 8 9 10 11 12 13 14 15 16 17 18 19 20 21 22 23 24 25 26 27 28 29 30 31 32 33 34 35 36 37 38 39 40 41 42 43 44 45 46 47 48 49
1 1 2 8 6 7 6 7 9 13 14 15 9 20 20 30 30 41 83 144 256 389 519 616 741 855 1013 1139 1194 1377 1702 1730 1944 1964 1916 1408 1305 1268 1093 957 783 733 723 462 348 165 93 9
1 1 2 12 6 11 7 9 10 15 17 21 9 23 21 33 39 57 129 220 381 590 775 944 1096 1249 1441 1593 1674 1845 2212 2152 2362 2281 2144 1550 1418 1346 1143 974 795 736 723 462 348 165 93 9
1 2 5 24 13 23 14 17 22 27 41 55 14 49 59 86 219 466 2713 13441 54676 319110 4019185 27107781 52867981 63626631 125240125 284494227 470255180 858281992 1387175296 1923825640 1528726235 1575198299 1424399937 1095145773 784995135 583869657 346573520 215145675 93349754 37994836 14289351 3053142 730068 75117 4688 22




3 4 5 6 7 8 9 10 11 12 13 14 15 16 17 18 19 20 21 22 23 24 25 26 27 28 29 30 31 32 33 34 35 36 37 38 39 40 41 42 43 44 45 46 47 48 49 50 51 52 53 54 55 56 57 58 59 60 61 62 63 64 65 66 67 68 69 70 71 72 73 74 75 76 77 78 79 80 81 82 83 84 85 86 87 88 89 90 91 92 93 94 95 96 97 98 99 100 101 102 103 104 105 106 107 108 109 110 111
366 1119 1666 1811 1736 1655 1488 1404 1282 1227 1181 1104 1008 998 890 841 798 762 676 646 604 599 560 526 497 481 425 424 383 363 338 334 290 290 264 253 229 230 220 214 171 186 170 155 146 145 133 124 124 97 98 101 91 76 78 76 69 69 65 50 49 48 41 39 44 44 37 34 32 33 23 29 25 26 20 19 19 18 16 15 13 11 9 8 9 7 8 4 6 6 3 4 4 4 3 2 3 3 3 3 3 1 2 2 1 2 1 1 1
366 1232 2531 4142 6320 9350 13203 18345 24419 33661 45765 58695 72608 97200 117138 145218 180752 230452 264792 326255 390107 490901 580957 696847 786580 992915 1101005 1352725 1497490 1819665 2003174 2476474 2576940 3111049 3367201 4166389 4358679 5430533 6077772 7310677 6844630 9372699 9670977 10763005 12412521 14892293 15380384 17742844 20305223 19271345 21607881 27690597 27224747 30097731 33751676 37688966 39833155 46914524 50920476 45859182 52261032 58426977 56770109 65351437 82595011 98963528 95246930 95586803 111621286 132553525 111080350 159960825 154132132 187634270 168199390 178489960 197335040 222990810 221437310 238976784 241056660 211636222 215561093 204381793 238892940 211171499 274103696 155550692 264648654 299975550 169902519 256449436 290135228 328040708 278009160 209302838 354342912 399692790 450594408 507689625 571707876 214481126 482530758 542497900 304801365 684651418 384276336 431149389 483502844



