0 1 2 3 4 5 6 7 8 9 10 11 12 13 14 15 16 17 18 19 20 21 22 23 24 25 26 27 28 29 30 31 32 33 34 35 36 37 38 39 40
1 7 15 12 15 9 13 17 30 27 34 35 40 38 57 56 57 45 82 70 102 109 101 112 85 67 62 56 54 48 40 47 41 42 25 18 17 20 23 15 8
16 24 38 27 30 56 18 35 58 42 92 55 72 44 129 100 124 100 212 230 270 364 355 332 124 93 85 72 69 59 49 53 45 45 25 18 17 20 23 15 8
1849 175 532 341 337 1598 170 776 831 552 1733 951 1186 651 3848 2012 4703 11202 16037 140531 359548 890920 13505658 295762587 149675628 88714731 63593459 51000612 66169731 47589166 49723925 32956123 27374176 18440513 10154898 4539752 1623172 461469 76745 4463 45




2 3 4 5 6 7 8 9 10 11 12 13 14 15 16 17 18 19 20 21 22 23 24 25 26 27 28 29 30 31 32 33 34 35 36 37 38 39 40 41 42 43 44 45 46 47 48 49 50 51 52 53 54 55 56 57 58 59 60 61 62 63 64 65 66 67 68 69 70 71 72 73 74 75 76 77 78 79 80 81 82 83 84 85 86 87 88 89 90 91 92 93
13 20 99 93 236 183 376 184 376 180 240 92 157 65 137 48 97 39 85 31 76 35 60 25 45 24 59 18 40 20 36 8 26 17 31 10 19 15 33 5 11 10 23 8 12 3 18 8 9 7 21 5 9 5 15 3 9 5 10 4 5 2 13 2 5 3 7 4 4 1 6 2 3 1 7 1 3 2 4 1 3 1 2 2 2 1 2 1 2 1 1 1
13 24 138 191 692 752 2646 1837 5745 4249 8422 4472 11468 5790 18394 8397 22922 10837 38705 17645 50661 29733 69346 33075 86654 47395 163215 67012 178549 103137 282158 61561 230889 187886 441466 147882 349261 366508 910799 158065 414238 538809 1607886 501696 848045 264958 2374599 976232 1260441 1367601 4727296 1168970 2389354 1522950 8869360 1375948 4187155 3461120 6080614 2658748 3925900 1798287 18529223 2421661 7116809 4988759 20024630 9339287 10718756 3087735 34199341 8175936 14091615 5392783 55012720 7089500 24354792 18578182 80409228 12132164 41545950 15796476 36008654 41012510 46676938 26543660 60334714 34262962 77775346 44108109 49995925 56634173



