13 14 25 26 37 38 49 50 61 62
147 199 2563 1818 10197 6528 2669 1335 592 335
1281 2079 24579 16649 26988 16079 4174 2114 592 335
13248 30707 12595025252 1529759454 49211154142 37833242739 774969562 397301795 225353 48990




3 4 5 6 7 8 9 10 11 12 13 14 15 16 17 18 19 20 21 22 23 24 25 26 27 28 29 30 31 32 33 34 35 36 37 38 39 40 41 42 43 44 45 46 47 48 49 50 51 52 53 54 55 56 57 58 59 60 61 62 63 64 65 66 67 68 69 70 71 72 73 74 75 76 77 78 79 80 81 82 83 84 85 86 87 88 89 90 91 92 93 94 95 96 97 98 99 100 101 102 103 104 105 106 107 108 109 110 111 112 113 114 115 116 117 122 126
372 1343 2857 4608 5364 5599 5334 5100 4568 4279 3665 3663 3078 2947 2738 2581 2417 2247 2037 2023 1888 1715 1601 1580 1286 1197 1120 1005 922 874 870 839 813 702 691 685 601 555 570 596 482 441 402 408 374 350 368 398 361 273 285 278 255 206 203 191 152 140 125 130 103 90 108 105 92 99 98 95 85 98 105 90 73 71 69 53 51 48 47 53 39 35 35 33 21 23 23 22 20 22 21 11 8 11 11 8 8 7 6 8 10 5 5 4 3 3 4 4 3 2 1 19 17 16 15 1 1
372 1508 4332 9598 16850 27318 40649 60098 79499 109314 136105 192032 223653 302973 371363 468841 595687 743662 872337 1105522 1326147 1548714 1841131 2290789 2321647 2800226 3245824 3614698 4044876 4819691 5897909 6695004 8215538 8540283 9921363 11992125 13233572 14546002 18118333 21567432 22116850 23676085 26483380 30589208 34840137 37437118 46440053 59763857 71102757 66472041 79101333 91396480 99846692 94384031 111484110 121134543 116951316 118388936 110701257 129832626 125837686 122737409 163757716 179091125 188920698 233555630 261709814 291079518 310385201 365234033 482311094 458669740 435364306 489518508 555643496 522996829 564266923 613505148 650130321 900779816 741128150 770794916 872496280 965925257 735411171 866337824 1115637903 1130375079 1112612403 1470337648 1605981387 1049327858 803034100 1154341695 1090717554 905917674 944914432 917499884 901188816 1334807261 1905692920 1239063088 1206326895 1296277608 914404095 1026977127 1537105344 2062000839 1450508532 1083892480 607163746 12918160857 12937036652 13622026048 14280759975 1653668665 2552338241



