19 31 43 55 67
3092 23467 45483 21943 6012
366248 566709 260887 61056 7053
1855865662 5876797852057813 1699517212968726 124674914323238 1956103960
19 31 43
718 727 158
7201 1444 190
6489808 1988986 44181
3 4 5 6 7 8 9 10 11 12 13 14 15 16 17 18 19 20 21 22 23 24 25 26 27 28 29 30 31 32 33 34 35 36 37 38 39 40 41 42 43 44 45 46 47 48 49 50 51 52 53 54 55 56 57 58 59 60 61 62 63 64 65 66 67 68 69 70 71 72 73 74 75 76 77 78 79 80 81 82 83 84 85 86 87 88 89 90 91 92 93 94 95 96 97 98 99 100 101 102 103 104 105 106 107 108 109 110 111 112 113 114 115 116 117 118 119 120 121 122 123 124 125 126 127 128 129 130 131 132 133 134 135 136 137 138 139 140 141 142 143 144 145 146 147 148 149 150 151 152 153 154 155 156 157 158 159 160 161 162 163 164 165 166 167 168 169 170 171 172 173 174 175 176 177 178 179 180 181 182 183 184 185 186 187 188 189 190 191 192 193 194 195 196 197 198 199 200 201 202 203 204 205 206 207 208 209 210 211 212 213 214 215 216 217 218 219 220 221 222 223 224 225 226 227 228 229 230 232 233 234 235 236 237 238 240 241 242 243 244 245 246 247 250 251 253
544 2356 6972 13177 23372 29907 40064 48187 56142 53207 55022 50117 48945 43343 43133 37648 37377 33301 32976 29179 28785 25209 25644 22862 22400 20094 20206 17783 18012 15636 15898 13999 14263 12664 13079 11399 11665 10317 10603 9292 9505 8427 8601 7721 7914 6993 7263 6532 6776 5871 6118 5391 5762 5165 5369 4710 4893 4399 4614 3940 4275 3644 3864 3431 3753 3257 3370 2996 3315 2760 2917 2515 2792 2446 2477 2195 2250 2024 2178 1884 1930 1732 1797 1633 1775 1541 1602 1482 1590 1338 1413 1197 1327 1227 1208 1043 1141 964 1087 898 916 845 891 772 871 729 776 754 750 723 714 607 706 595 631 566 590 477 522 457 453 392 417 458 402 329 335 319 387 313 301 297 282 302 269 250 251 225 246 238 230 203 202 180 165 158 137 142 151 124 123 118 109 107 108 106 97 98 95 78 129 139 114 120 58 57 52 56 55 57 46 42 51 54 36 38 37 26 47 23 26 34 30 20 15 28 25 18 24 24 17 20 16 21 16 17 12 28 8 7 13 6 20 19 2 9 8 8 7 5 5 8 3 5 2 6 2 4 5 1 4 1 2 14 1 2 8 1 1 2 3 1 1 1 6 1 1 2 3 2 2 3 1 3 1 5
544 2472 9566 23916 61040 112056 233703 401579 720069 1003549 1624810 2169144 3201712 3985504 5836152 6895132 9684203 11346058 15442247 17650211 23511671 25836089 35012257 39207935 50389421 55672260 72649064 78796531 100629876 106103764 135333480 144729098 185209097 196480995 251980847 263808762 328684130 339991840 433122826 448072965 553908679 582599840 705550669 741109888 900807412 940625317 1162572301 1204081770 1479902734 1498902450 1856457860 1892289388 2368269690 2484492871 3006332653 3014874574 3708347104 3828186522 4641994664 4683390939 5844784307 5668793377 7145728874 7048715643 9190066997 9054267092 11010572428 10823775286 14203562724 13397860436 16648460920 15582787534 21036201001 20644272855 24435324617 23986267139 28241793601 28621924001 36252911094 34344798001 41212176672 41061574797 48687884617 49801000948 61840464398 59389834298 72752373434 71843498074 92527680166 84449168939 104482212891 96119835646 125621233874 127007932048 146224509097 137461271035 174325510503 157793697963 217178112406 188771306037 216208974650 224350836206 279580510709 257525298443 339091397935 299363564921 376446733371 399558447347 452407948593 491333700468 534331533447 492981344098 639174343516 601429847289 768376513236 694507157703 885654953379 740623484798 966323859213 882853197637 1028776865158 952891199815 1186370434440 1409089953514 1394272212555 1216974906597 1493194398972 1426537115248 2107038376730 1784778348060 1921346957365 2060914098078 2215167255206 2571647831834 2686958450673 2652318506647 2854981921086 2897178297151 3765549864291 3777357320973 4037330235945 3955146938885 4405356424631 3928991430418 4311385763174 4451228176765 4213790776210 4958924408244 5535886139295 4784826649090 5415041922257 6245925517764 5731690292734 6407391874172 7078785577724 7909320443265 8275405992134 8447999099212 9331362261637 8345601796761 14966196362956 17112951851320 17114849639093 17933134598065 10250988939012 10345131271250 10743444951885 13005146849515 12973012280909 14437529949977 13344972911286 14187437270474 18701648257057 20059412240980 15279228021602 16625201948090 19455473502640 14203693941435 25880047092050 14784405841565 18740662218640 26013323511441 23656121744463 18754184816590 14849625457850 33268883993260 34621061856951 22823042061034 38303627258802 41970161016153 30563190242023 38678660945313 32784252023905 45714943580152 38051034611229 42800196264901 32372467203384 83638906580389 29002149432610 24620387679594 49687427798466 25614817322623 96688685243127 107077578708946 15402615863919 53776953649810 51370700117980 57654733651920 51715520984724 40579131283161 46375512876775 79870563775724 32012480296285 58630432150371 25900191851790 83302824422330 30570302496962 66406392431656 90140912583355 19573856161145 84993116037468 23061871173849 50051747520222 380133724958610 29454549941750 63892781392314 277145010580152 37561133582570 44132934884255 95652479491840 155460155516136 56138148670947 60806135438329 65851585970275 427825113089514 83561103925871 90436839668817 195725867407170 317646740168199 229081769106076 247776886154518 401934778034664 144867692496445 548921669562078 197726516681672 1153967771823405
3 4 5 6 7 8 9 10 11 12 13 14 15 16 17 18 19 20 21 22 23 24 25 26 27 28 29 30 31 32 33 34 35 36 37 38 39 40 41 42 43 44 45 46 47 48 49 51 52 53
23 43 167 281 428 633 591 906 714 765 592 579 428 375 264 350 253 220 171 137 110 103 69 92 72 59 53 47 52 36 28 19 33 22 16 10 14 8 15 8 7 6 7 4 7 6 3 5 1 3
23 43 234 533 1205 2507 3693 7934 10035 17172 19227 27602 28742 39416 36048 66942 60001 75117 68872 74754 80035 99756 78015 137061 115380 132397 142378 183192 210100 177297 175179 152669 283112 273812 168655 186794 334090 158112 483761 343776 292308 249480 269703 225607 625262 529916 451050 755170 249508 419300
