7 19 20 31 32 43 44 55 56
67 835 67 7159 682 12721 1145 2095 177
1081 18298 6889 34996 3214 22324 1961 2504 205
8874 4205743 5473542 46851612865 5691527734 11260704143 762464026 108688075 7164521




3 4 5 6 7 8 9 10 11 12 13 14 15 16 17 18 19 20 21 22 23 24 25 26 27 28 29 30 31 32 33 34 35 36 37 38 39 40 41 42 43 44 45 46 47 48 49 50 51 52 53 54 55 56 57 58 59 60 61 62 63 64 65 66 67 68 69 70 71 72 73 74 75 76 77 78 79 80 81 82 83 84 85 86 87 88 89 90 91 92 93 94 95 96 97 98 99 100 101 102 103 104 105 106 107 108 109 110 111 112 113 114 115 116 117 118 119 120 121 122 123 124 128
307 1376 2427 3957 5309 5566 5058 5825 5102 3976 3456 3995 3532 2714 2428 2706 2572 2041 1836 2095 1895 1520 1412 1530 1385 1105 1081 1082 1055 841 811 710 660 592 542 541 546 471 436 406 370 351 388 304 302 271 273 266 218 213 212 186 203 161 165 140 160 136 158 161 131 116 97 67 79 65 55 54 60 51 53 42 38 34 85 83 81 78 68 67 72 70 70 75 58 11 21 8 12 17 7 7 18 11 9 5 5 4 4 4 5 6 4 2 4 1 1 1 1 1 1 1 1 2 1 1 1 1 1 1 1 1 4
307 1534 3654 8504 16253 26521 36902 61576 80600 100131 127387 204399 241411 278308 330941 495494 606793 689932 778469 1175274 1342722 1409639 1580172 2223716 2427886 2541232 3056566 4003559 4711337 4695469 5339149 5846068 6787706 7168111 8088793 9868171 11575416 11773893 13791704 15503019 17389429 20244416 24890442 23194863 28020304 31413559 36963956 41286834 40190290 46644247 52071781 53636763 75269348 66891834 76972745 77321202 101305705 96290982 134335665 156556569 146287509 168239603 144679627 122144004 173212679 163830797 156936696 168598956 225921005 227392027 269094903 249992098 252247373 259483501 674098337 710581397 808551132 887466190 860846500 968943463 1216179130 1555917098 1712709584 1776076016 1628496837 446440742 819713605 400016137 593755967 888151018 439796888 490464314 1352877989 965169384 905378114 603945116 759485703 532923720 717056268 939252294 1227287959 1620201672 1528152135 753779708 1694598530 342325709 384276336 431149389 483502844 541946240 607163746 679903203 761002156 1702753256 952050665 1064144451 1188908248 1327710076 1482074143 1653668665 1844349560 2056148051 12652509408



