20 21 32 33 44 45 56 57 68 69
1936 1483 13840 12519 24404 20693 11492 9729 2133 1767
611348 186334 285721 234107 119519 101420 28622 23930 2337 1923
208487289598 5037011648 2513284297809770 892215238660716 769699148585916 708619857416473 39991585502143 30068032346801 56100403 40408463
20 21 32 33 44 45
312 283 310 239 57 49
3074 2220 632 430 72 55
5543532 2614836 500166 731206 7109 9972
3 4 5 6 7 8 9 10 11 12 13 14 15 16 17 18 19 20 21 22 23 24 25 26 27 28 29 30 31 32 33 34 35 36 37 38 39 40 41 42 43 44 45 46 47 48 49 50 51 52 53 54 55 56 57 58 59 60 61 62 63 64 65 66 67 68 69 70 71 72 73 74 75 76 77 78 79 80 81 82 83 84 85 86 87 88 89 90 91 92 93 94 95 96 97 98 99 100 101 102 103 104 105 106 107 108 109 110 111 112 113 114 115 116 117 118 119 120 121 122 123 124 125 126 127 128 129 130 131 132 133 134 135 136 137 138 139 140 141 142 143 144 145 146 147 148 149 150 151 152 153 154 155 156 157 158 159 160 161 162 163 164 165 166 167 168 169 170 171 172 173 174 175 176 177 178 179 180 181 182 183 184 185 186 187 188 189 190 191 192 193 194 195 196 197 198 199 200 201 202 203 204 205 206 207 208 209 210 211 212 213 214 215 216 217 218 219 220 221 222 223 224 225 226 227 228 229 230 231 233 234 235 236 237 238 239 240 242 244 245 248 251
457 2254 6969 12057 21664 29276 50169 57873 68122 66315 67971 60664 60449 55418 54786 49430 48142 43551 43133 38474 37943 34965 35001 31476 30793 27934 27680 24883 24452 22462 22776 20324 20014 18331 18360 16140 16033 14824 15121 13607 13067 12014 12152 10694 10658 9630 9924 8925 8841 8009 8294 7107 7283 6648 6825 6073 6089 5476 5763 5118 5071 4527 4829 4245 4360 3951 4049 3525 3628 3341 3392 3040 2954 2660 2775 2477 2332 2165 2273 1994 2073 1709 1841 1642 1681 1535 1532 1330 1372 1226 1219 1067 1176 1115 1098 925 981 881 911 817 898 827 913 809 786 651 710 605 636 582 602 535 583 514 507 441 492 442 432 382 437 341 397 345 454 416 397 374 353 264 250 248 272 274 258 226 242 196 204 179 195 193 182 141 147 179 135 85 170 134 110 94 89 109 91 86 97 79 79 83 95 84 59 71 69 80 75 54 55 56 45 31 52 40 42 36 30 37 37 26 29 32 26 23 30 21 39 29 20 20 19 17 11 19 22 11 20 22 10 12 13 13 12 10 15 14 4 2 6 24 4 4 10 6 5 5 6 2 4 1 2 5 1 2 2 1 1 2 3 1 1 2 2 2 2 4 1 2 1 2 1 1
457 2354 9735 21739 57182 107646 253815 410421 769117 1091227 1789765 2309860 3560130 4496776 6494427 8002684 11210387 13148408 18133767 20926622 28018614 32307573 43039646 48637158 63465886 70944045 90620830 101120266 127666098 140229122 180255035 197691423 244941048 268574548 337965267 351085219 441338837 476930930 588831014 636201517 760111598 811776929 981827242 1021703559 1239364081 1275437191 1593834903 1679636366 2001036051 2115751081 2583935844 2600336140 3212726666 3264851309 3978426740 4278056747 5011443456 5105494879 6478235167 6317417879 7515902861 7562636254 9408634099 9677878191 11924659067 11997918524 14471425927 14073113650 17013816608 17312311831 20663987385 21266335219 24586764144 24943976494 30064614983 30001933546 32697746976 33472059216 41318115911 41011034181 49464209384 45014919001 57720623927 56263258175 65451262919 65700321396 75738127333 74270041697 85409265740 84683849276 96183903585 87641569449 111450198776 115428626206 130684406986 122560774728 150000752732 149261190146 177586039235 174448899196 216315952079 222092690562 272294656439 271498045645 310978829943 282270160922 342974815050 319812781749 390244416204 387097131525 455781152053 450507889029 548072902384 506419048940 606268720803 547489601808 744220904172 704955933872 783622822259 773256027200 987317658525 811463136624 1094916979204 1016988288486 1571987631311 1489385757456 1636334713268 1620877169161 1766886141791 1469170851797 1596722898100 1709794281866 2225501606817 2256788969834 2625794381137 2419697406847 2764691182302 2492559362286 2927989338596 2639141510773 3445612338964 3709209855806 3645547039087 3299476899719 3830102019509 4820580972164 4144841965984 2982209204412 6559038381831 5869058224760 4791249364255 4749503504722 5562487241087 6695421727880 6390182288815 6280875226773 7918996599226 6828736049163 7843011290745 9336313263376 11213457950958 10400043177097 8430609363826 11536340729050 12311425955415 14717623957565 14181661062183 12273087030901 13307535870517 14126252898266 14342113922602 9289439816246 18884095756198 14582611923727 18711193980359 16020334638370 15093319915200 21320190239210 23766468963940 16410556007055 22914939881322 25005781016280 22720392893237 20829164437812 36227378827098 21777412109821 50323857123921 36468850126402 29461880666229 33064383126511 31528648623776 33522505036475 26156118431972 39027712014639 54415798167768 29681177728908 56067490669377 71109328175330 41554005051898 42249336943365 49033574603940 54136539786857 66470267789449 53538789354473 91384437161239 81727395237285 25416483134600 14413683412980 60189991730508 203310101104524 36353889028440 40340263543068 109637072052590 71500087417668 64750479629475 70352728496435 91710907490886 33203196215828 72112730066684 19573856161145 42496558018734 115309355869245 25025873760111 54304817851230 58909099883500 31946390696157 34643126322519 75122267165140 122154190882086 47826239745920 51820051838712 112276297341894 121612270876658 131703171940550 142608371029838 308783570654048 83561103925871 195725867407170 114540884553038 247776886154518 156618412527946 197726516681672
3 4 5 6 7 8 9 10 11 12 13 14 15 16 17 18 19 20 21 22 23 24 25 26 27 28 29 30 31 32 33 34 35 36 37 38 39 40 41 42 43 44 45 46 47 50 51 52 53 54 56 59 63
9 18 89 133 291 465 461 540 492 595 439 390 326 317 237 255 150 174 163 131 87 105 72 80 66 57 42 59 22 38 23 20 23 23 10 24 12 6 5 2 4 4 3 2 3 2 4 1 3 2 1 1 2
9 18 129 218 791 1639 2806 4609 6681 12193 14510 19276 22794 31091 33117 49216 37853 54424 73242 73023 60120 93837 79939 117596 118079 132194 123971 211235 97426 216089 149779 176868 220371 267174 158659 441240 303148 150413 150914 43274 155288 224448 202526 97757 319044 178268 544054 124754 762617 377751 479886 526823 1663640
