6 7 18 19 20 30 31 32 42 43 44 54 55
168 285 1617 6193 653 11766 35835 3992 9488 26738 2690 253 312
2876 3966 17567 85205 10445 65420 185674 20852 19546 52311 4995 253 312
71480 103818 17306885 229372539 34705547 307603280377116 1645767228461217 316670999165689 27141153055960 54817656966025 3763481998855 66924 19309
6 7 18 19 20 30 31 32 43
21 38 123 412 49 51 120 11 3
87 100 302 993 135 64 154 15 3
1138 1808 371560 468105 61826 83553 229222 14242 1316
3 4 5 6 7 8 9 10 11 12 13 14 15 16 17 18 19 20 21 22 23 24 25 26 27 28 29 30 31 32 33 34 35 36 37 38 39 40 41 42 43 44 45 46 47 48 49 50 51 52 53 54 55 56 57 58 59 60 61 62 63 64 65 66 67 68 69 70 71 72 73 74 75 76 77 78 79 80 81 82 83 84 85 86 87 88 89 90 91 92 93 94 95 96 97 98 99 100 101 102 103 104 105 106 107 108 109 110 111 112 113 114 115 116 117 118 119 120 121 122 123 124 125 126 127 128 129 130 131 132 133 134 135 136 137 138 139 140 141 142 143 144 145 146 147 148 149 150 151 152 153 154 155 156 157 158 159 160 161 162 163 164 165 166 167 168 169 170 171 172 173 174 175 176 177 178 179 180 181 182 183 184 185 186 187 188 189 190 191 192 193 194 195 196 197 198 199 200 201 202 203 204 205 206 207 208 209 210 211 213 214 215 216 217 218 219 220 221 222 223 224 225 226 228 233 234 236 240 241 244 245 248 249
692 2728 6007 9546 13570 16711 19522 20090 21176 19611 18974 17195 16250 14694 14079 12801 12101 11155 10595 9797 9415 8644 8459 7660 7434 6775 6709 6165 5849 5529 5383 5007 4905 4545 4308 4165 3875 3669 3612 3419 3239 3091 3085 2874 2767 2673 2663 2401 2409 2229 2217 2000 1978 1943 1869 1737 1751 1651 1651 1412 1510 1343 1407 1275 1209 1205 1183 1155 1116 1004 1038 977 959 948 834 863 825 808 793 725 740 698 704 665 583 616 585 535 522 487 489 482 476 413 412 426 402 374 366 332 321 347 337 305 277 282 287 269 248 245 268 269 246 222 200 207 194 173 163 160 166 176 144 152 138 151 153 126 123 118 128 130 110 109 91 110 106 90 85 73 77 91 64 79 52 79 70 54 72 44 66 64 36 59 36 63 52 31 47 34 45 38 26 32 30 30 31 23 28 17 30 19 25 28 14 26 20 21 20 12 24 14 17 15 7 14 14 14 7 5 8 12 9 9 3 6 9 8 4 5 4 7 4 7 2 4 4 4 2 3 5 2 1 1 4 3 3 3 1 5 4 4 2 1 1 1 1 1 1 1 1 1 1
692 2837 8292 18687 39552 72295 129803 200802 327694 446408 653924 855030 1183695 1478831 1969794 2454017 3128044 3822142 4845460 5757459 7342529 8475622 10742776 12313519 15199347 16804099 21495645 24402440 29049394 33154569 39821299 45401373 54713187 59846268 69736311 82706794 91629782 103847911 124243502 140252185 158819402 176282669 216280342 236908984 268546067 303125320 362456091 383743696 462688932 492501194 585007382 608287058 723517082 815788784 936066817 992617311 1174064029 1297707977 1514931178 1469276847 1838126482 1900348160 2329134322 2389639113 2628867662 3030440641 3364131158 3837544027 4208825676 4347158067 5129941118 5481429621 6246774469 7076808748 7163678141 8580458148 9100124247 10299262688 11352813641 11978269299 13917739649 14936940301 17288407416 18324778714 18741314440 22365136182 23313181329 24305871500 27265909177 28521011677 32495562662 34529233014 40129404511 39542528204 44091966703 50602351022 53921943546 55455208107 64311657623 64208580166 71358960557 84442295513 93094896924 96784301132 96683377103 110173963433 124134644876 126354846014 141847972028 145406940611 184951872345 205319250792 214226635376 219729648289 212058879876 234056295232 246839737528 240333418079 265320688808 283130744765 326073044470 393735711408 352501754288 417535023468 424575164117 518709570607 568723614918 498074420454 554262309669 600090651518 711754943680 809402153274 745543268141 860907212040 792093340259 1076737921031 1149385394261 1001944456132 1068123233288 1045831625794 1203920680925 1564921507953 1179579979378 1632382188734 1245702584994 2057901676220 2046344185372 1701275792082 2466604142575 1718900149423 2817239284277 3149731811835 1872228215435 3417439274096 2427183395934 4530333223017 3854968014913 2647153100067 4320254205205 3358621675306 5035819259521 4743214654053 3511998619600 4703935531353 4823736498330 5330829708640 6121327332986 4825590855139 6396238525766 4101822380407 8680184792701 5515668252471 8603160816336 9925053217803 5316163542515 11410198641915 9678567727410 10692032611665 11285274789720 7131145005185 16591939033056 10234573681554 13656297455323 13219848535293 7592368854731 14457367477276 17846442815644 17485841192172 9670061515694 8776846035588 14728639027901 24877920622892 19373041296497 19517643949221 9069299694628 17421429077427 24629946564465 24042121246362 13104927829624 17929655712198 15565069520289 29943180981270 18085861089460 35100160212031 10724293605468 24341015437040 25954216983380 28243512827510 15681312452274 27078786453085 49615366118423 21927414410518 11916681236278 12950095925895 56282182797148 45855453745443 49804794323742 54084547550013 19573856161145 106241395046835 92247484695396 100103495040444 54304817851230 31946390696157 47826239745920 51820051838712 60806135438329 83561103925871 90436839668817 114540884553038 123888443077259 156618412527946 169296722391554
3 4 5 6 7 8 9 10 11 12 13 14 15 16 17 18 19 20 21 22 23 24 25 26 27 28 29 30 31 32 33 34 35 36 37 38 39 41 42 44 45 46 47 48 49
22 26 80 75 144 135 203 160 146 125 122 80 88 55 47 52 35 37 26 24 18 12 16 17 16 4 18 7 10 7 9 3 5 1 8 5 4 3 1 1 1 2 1 1 1
22 26 120 136 453 562 1470 1678 2392 2808 4435 3930 6465 5501 6199 8900 7516 10769 10002 11372 12675 9303 17734 23307 22499 7530 41673 22766 36490 35254 47480 22825 41590 13684 85851 69932 56959 73667 26015 31185 44583 97757 75175 126522 105558
