15 27 39 51 63
2791 12915 43798 27211 13278
159539 707949 406089 101416 20845
27159999 4020401313718797 4013763546177158 523601669814958 776233026414
15 27 39 51
545 933 297 7
17868 3100 429 7
3415085 3852401 345090 634
3 4 5 6 7 8 9 10 11 12 13 14 15 16 17 18 19 20 21 22 23 24 25 26 27 28 29 30 31 32 33 34 35 36 37 38 39 40 41 42 43 44 45 46 47 48 49 50 51 52 53 54 55 56 57 58 59 60 61 62 63 64 65 66 67 68 69 70 71 72 73 74 75 76 77 78 79 80 81 82 83 84 85 86 87 88 89 90 91 92 93 94 95 96 97 98 99 100 101 102 103 104 105 106 107 108 109 110 111 112 113 114 115 116 117 118 119 120 121 122 123 124 125 126 127 128 129 130 131 132 133 134 135 136 137 138 139 140 141 142 143 144 145 146 147 148 149 150 151 152 153 154 155 156 157 158 159 160 161 162 163 164 165 166 167 168 169 170 171 172 173 174 175 176 177 178 179 180 181 182 183 184 185 186 187 188 189 190 191 192 193 194 195 196 197 198 199 200 201 202 203 204 205 206 207 208 209 210 211 212 213 214 215 216 217 218 219 220 221 222 223 224 226 227 228 229 230 231 234 235 236 237 238 239 240 243 244 245 246 248 251 254
406 2144 7263 14302 28179 39131 51745 55187 61799 58183 58833 52686 50951 43768 43144 36983 35765 32207 31063 27925 28042 25146 25096 22736 22928 20439 20963 18678 18985 17661 17714 15999 16205 14426 14844 13581 13437 12618 12915 11647 11916 10690 10781 9840 9970 9146 9180 8593 8613 8043 8208 7143 7316 6803 6612 6240 6300 5550 5749 5452 5106 5008 4991 4520 4649 4323 4084 3787 3985 3581 3606 3395 3182 3152 3094 2792 2833 2835 2661 2691 2599 2271 2355 2207 2159 2106 2031 1956 1933 1823 1669 1661 1708 1465 1494 1438 1224 1285 1230 1179 1188 1096 951 1012 950 835 815 785 805 814 753 688 700 634 658 598 593 559 588 547 553 466 456 437 449 409 420 388 399 358 360 250 305 319 306 274 251 205 261 226 217 204 178 181 173 175 158 134 155 129 141 128 122 117 109 112 102 99 104 108 106 75 56 70 82 68 76 87 100 74 63 55 67 76 89 85 64 45 52 30 44 36 47 41 49 36 19 22 33 25 39 29 27 20 21 14 26 20 29 18 27 10 13 18 16 17 16 17 17 13 14 12 18 11 12 12 26 32 12 4 8 9 2 3 2 3 5 1 1 2 5 2 4 2 1 2 1 1 1 4 2 1
406 2253 9805 24918 71702 140349 287306 453633 818149 1144128 1816716 2332058 3483450 4064286 5925310 6750352 9144208 10713671 14065669 15908339 21462684 24285245 31393292 35127210 46998608 50181978 67781843 73309684 95384770 106960500 137881694 146883462 191915174 200932032 258776352 278748381 351333844 381021434 481137339 504471913 639712095 682648542 858663472 867159614 1108578980 1172802635 1424734696 1509834321 1891708404 1979549394 2489638009 2462007365 3031828181 3190183053 3756267609 3912709061 4941114732 4959454519 6052120808 6405065304 7308118739 7767285833 9394378031 9472221307 11618154734 12246940577 13977360630 14175815482 17509013698 17877126951 20465234642 22039838617 25267003031 26603229407 31461715040 31439592940 37028154852 41007481897 44904259261 50980970244 59273212322 55903434401 66917394272 69934531905 78413544528 83180668527 94884608736 104256413424 113976491773 121339591425 127710879022 144841902370 166916908579 160503630846 185452552181 197426865480 194198580019 222026789621 241985735092 265701741382 294314876050 301880754957 296789655827 358023368420 375833895060 370199225095 406017623674 446161659662 490248626351 561071548674 562830421021 597190918978 655610275366 659427416690 793032024027 786693405348 860769418911 882726996056 1063181683035 1074897946589 1227010383307 1177657276508 1243741010819 1331781269567 1523382701340 1487701662331 1797964176440 1788091702308 1984245081742 2017329467317 2340659329305 1696608586002 2342392746888 2673600312467 2771963690635 2872575713683 2873714952912 2406016949372 3721582956476 3489293030823 3781739264251 3883590019651 3817862509169 4116519296212 4396415300748 4930733866480 4963777414909 4417334983886 5706235182769 5165345606752 6324355751326 6096964381231 6845770165628 7271837665481 7007996587218 8183157503913 8121390409820 8364967272226 9815870143274 11619284109970 11994610735696 9349315006870 7798345949567 10246018039021 13993411576359 12133987931560 15576249789183 18372415272256 23330689525632 20036329411895 18034938101570 15773388105550 21736000207152 27853096139696 35902680051407 36402156031205 31707783631900 23317486585175 31709935382450 18805652724605 29680575701111 27815533983898 39772049924755 37533934241088 51568739095358 37306603361434 23404779523401 27617351180421 44370317054298 41712297308045 63057297247552 52326427571175 52811964131077 44808192334622 51260192880419 34413223212598 79762514135370 58834008661210 104036747043170 65967605277678 113305292130906 49808176128210 58199743699591 90317503174064 85794348843744 109182671282995 113836440256920 118429331021180 126953010647859 107431931549685 141682949748860 117780937387556 210487730910260 147293063823462 150234077662655 164364749297876 396199326911312 527301798874949 212058436973781 76749751000106 164962963530270 203929656235677 54304817851230 88363649825250 63892781392314 103929378967557 187805667912850 40718063627362 51820051838712 112276297341894 304030677191645 131703171940550 285216742059676 154391785327024 83561103925871 211764493445466 114540884553038 123888443077259 133978259344888 626473650111784 395453033363344 249291451168559
3 4 5 6 7 8 9 10 11 12 13 14 15 16 17 18 19 20 21 22 23 24 25 26 27 28 29 30 31 32 33 34 35 36 37 38 39 40 41 43 44 45 47 49 51 52 53 55 60
10 43 157 307 790 1541 1483 2599 1815 2442 1618 2132 1119 1173 621 862 397 491 253 381 155 204 67 192 92 110 48 81 36 46 16 23 25 23 11 4 9 5 3 3 3 1 2 3 1 1 2 3 1
10 43 206 514 1892 4870 7477 19601 22335 48529 46682 94909 73637 118994 84842 156965 111978 173586 126194 217262 134944 213269 70626 310694 192523 296614 130018 340372 162644 272196 81726 228060 242020 302278 154186 92247 240195 102650 86791 99708 130893 74676 138436 274377 124754 124754 347050 719829 614154
