1 5 6 7 8 9 10 11 12 13 14 16 17 18 19 20 21 22 23 24 25 26 28 29 30 31 32 33 34 35 36 37 38 40 41 42 43 44 45 46 47 48 49 50 52 53 54 55 56 57 58
2 5 12 4 20 26 17 22 32 27 20 17 255 163 130 187 268 336 450 595 682 307 218 2624 1682 1088 1170 1215 1207 1291 1299 1300 519 278 3431 1931 1189 1113 1056 981 913 852 771 293 99 1140 568 339 201 92 17
5 19 42 11 39 66 33 39 90 41 37 22 669 457 482 633 1359 1469 1901 2143 2230 902 474 7103 4032 2130 2149 2133 2026 1995 1976 1906 739 363 4837 2554 1432 1315 1199 1081 968 892 816 313 99 1222 587 339 201 92 17
13 137 182 48 180 324 155 155 434 177 161 61 7053 6223 15309 41415 540578 2916205 13571047 236245352 383442384 262685956 61191932 2419827154 2015905437 1029562591 917569564 1140454995 1401162273 1097358031 1275922084 990707324 402643880 104727293 1034224092 581647740 374815106 267494842 205849680 130801994 83185925 49660047 26281828 5635970 254637 1581004 342673 24930 4191 555 19




3 4 5 6 7 8 9 10 11 12 13 14 15 16 17 18 19 20 21 22 23 24 25 26 27 28 29 30 31 32 33 34 35 36 37 38 39 40 41 42 43 44 45 46 47 48 49 50 51 52 53 54 55 56 57 58 59 60 61 62 63 64 65 66 67 68 69 70 71 72 73 74 75 76 77 78 79 80 81 82 83 84 85 86 87 88 89 90 91 92 93 94 95 96 97 98 99 100 101 102 103 104 105 113
485 1553 2725 3277 3354 3269 2980 2678 2497 2244 2058 1927 1726 1617 1565 1460 1305 1292 1199 1079 1091 1028 920 975 836 789 758 712 633 619 535 531 555 476 413 441 343 348 330 309 265 265 247 243 257 221 192 218 182 173 171 151 142 148 110 117 133 99 96 115 81 85 92 71 74 70 62 53 61 38 42 49 35 34 32 24 29 28 21 18 26 21 16 14 14 10 8 5 10 10 8 8 8 7 6 7 5 5 5 3 3 2 1 1
485 1687 4151 7075 11484 17250 24368 32560 46094 58700 75784 99213 124515 157926 203063 248163 301567 390553 458527 534143 709302 851428 942580 1286338 1374729 1631708 1926319 2221900 2486945 3127919 3067166 3968492 5041381 5047901 5423099 6971224 6735184 8427172 9413201 10478096 11004845 13045897 13730089 16339320 21497695 21511776 22514260 30942064 29205667 33961051 39028230 39969080 45107018 55353783 46423233 59356773 76574342 66321742 73795259 102874134 86449996 106844524 131793640 117176290 146866508 159881558 151926906 154025294 210587340 137974310 190171595 265685357 197969974 231726999 241805823 211991780 289055123 319900349 263883006 280522734 444463022 432445367 341100551 326738566 391744518 298049873 274103696 194438365 435860654 532291727 453073384 512898872 635961367 574071239 556018320 732559933 590571520 769152328 867254404 507689625 571707876 428962252 241265379 607163746



