0 1 2 3 4 5 6 7 8 9 10 11 12 13 14 15 16 17 18 19 20 21 22 23 24 25 26 27 28 29 30 31 32 33 34 35 36 37 38 39 40 41 42 43 44 45 46 47 48 49
1 4 13 17 30 20 17 53 81 83 102 125 150 149 176 159 209 194 129 388 438 691 973 1392 1851 2368 2828 3277 3694 3554 3494 5091 5166 5516 5779 5861 5938 5973 5922 5690 5235 4649 3928 3396 2376 1504 861 336 109 5
2 18 46 58 96 70 37 113 165 222 219 245 288 312 341 297 440 391 242 847 1093 1844 2942 4336 6130 7803 9152 10395 11353 10874 10506 14232 13690 13830 13862 13257 12687 11947 11000 9848 8420 6899 5466 4445 2891 1739 922 336 109 5
4 138 389 569 842 829 173 1010 1497 1842 1783 2270 2814 3555 4089 17798 21900 97299 56150 280607 1141711 21835046 2064931536 20265523086 1435340509793 3034867797383 2377649146090 1281534091521 1121543934144 1052739110466 1875265254655 5034484851302 15008387694200 16431021217964 13996427778493 40411725136498 55219604241515 44283464470802 27338567836214 15072926277473 7655283576644 2676417002992 786799180770 172209104648 29543100747 3819894424 345511727 13339964 120903 12
2 7 14 15 16 17 18 19 20 21 22 23 24 25 26 27 28 29 30 31 32 33 34 35 36 38
1 1 3 2 6 7 3 3 6 7 4 5 1 8 15 16 18 24 17 16 7 2 1 3 2 1
1 1 4 3 7 7 3 4 6 9 5 6 1 9 22 20 21 27 18 16 7 2 1 3 2 1
7 2 12 9 40 425 32 2585 78 220 682 19 297 308 1323 845 1369 1573 1319 287 20 13 14 513 84 7
3 4 5 6 7 8 9 10 11 12 13 14 15 16 17 18 19 20 21 22 23 24 25 26 27 28 29 30 31 32 33 34 35 36 37 38 39 40 41 42 43 44 45 46 47 48 49 50 51 52 53 54 55 56 57 58 59 60 61 62 63 64 65 66 67 68 69 70 71 72 73 74 75 76 77 78 79 80 81 82 83 84 85 86 87 88 89 90 91 92 93 94 95 96 97 98 99 100 101 102 103 104 105 106 107 108 109 110 111 112 113 114 115 116 117 118 119 120 121 122 123 124 125 126 127 128 129 130 131 132 133 134 135 136 137 138 139 140 141 142 143 144 145 146 147 148 149 150 151 152 153 154 155 156 157 158 159 160 161 162 163 164 165 166 167 168 169 170 171 172 173 174 175 176 177 178 179 180 181 182 183 184 185 186 187 188 189 190 191 192 194 195 196 197 198 199 200 201 202 203 204 205 206 207 208 209 210 211 212 213 214 215
595 1986 3873 5576 7023 7489 7853 7435 7416 6684 6443 6026 5925 5496 5322 4840 4921 4734 4590 4363 4333 3952 3851 3674 3635 3515 3489 3203 3167 3033 3042 2875 2785 2602 2481 2504 2417 2192 2205 2010 2059 2001 1929 1833 1758 1613 1618 1599 1560 1525 1467 1375 1363 1304 1304 1249 1128 1075 1082 1085 980 933 941 907 859 843 817 758 728 714 713 724 674 624 619 584 583 573 547 496 469 478 461 430 410 381 395 352 357 358 321 318 302 307 286 290 250 259 255 252 243 223 194 188 185 203 175 173 164 164 159 148 155 140 132 120 126 121 117 103 99 80 99 86 97 69 65 74 72 73 64 66 62 56 56 56 53 50 48 52 49 52 39 38 34 33 33 35 24 18 24 22 23 24 16 15 22 19 21 17 16 18 13 15 15 17 10 5 12 9 9 6 6 7 9 6 9 7 5 5 6 5 7 2 2 2 2 2 2 2 2 2 2 2 2 2 2 2 2 2 2 1 1 1 1 1 1 1 1 1 1 1
595 2115 5726 11537 22173 35724 57740 82318 125074 164236 229941 303300 418706 534339 707953 859532 1147174 1460684 1863376 2279033 2937109 3440240 4288732 5140024 6451232 7790723 9717758 11088744 13681553 16118582 19977077 22920092 27618564 31154894 36262758 43924043 52417831 57328638 69210940 73228903 91535298 105632999 122037953 136831963 158391124 169484806 202414956 234985657 271743159 314512539 354476873 394079579 456862807 507756842 599230559 659621459 718519093 780960877 909086069 1064614464 1137525670 1245630084 1400412086 1571655282 1734001991 1960788390 2194188546 2301921395 2576905410 2904004772 3345161125 3857758865 4205474381 4470970816 5078024152 5410254081 6220042942 6943904540 7598868568 7823796148 8363963086 9596797444 10609453103 11365933280 12334433809 12668315858 15136574156 15244174425 17546983382 19960423160 20221181522 21989777902 24022544193 27237481099 28793580962 32639332615 31889055699 36969051789 41148974915 45921878727 49995141490 50481028126 50447959850 53613765964 60773040277 74451853392 73072681933 80289062052 82302252007 95409085154 102737747227 105570833929 125356444130 127065952666 133868787170 134246947909 155190086904 168964361101 180418557132 179429838852 187662335581 176927468662 236903653280 232807032976 288864739384 231683251119 231159290092 296219457280 326320739121 363263130780 361153509310 393799681220 417003059183 428258218260 458108080923 509845040651 549255009263 558389001100 602616707863 719194773004 738868168284 884408983717 730911388796 782477589851 791010780705 851723020608 921365727525 1072691714364 812230704061 652580650788 983072081695 953467237383 1105779322971 1268731640649 932188750744 972851696187 1550457807740 1472798562531 1815062470644 1597889737164 1650582535079 2073258686881 1641861415441 2064674391192 2297310211965 2853274979535 1825568136494 983785307941 2657199542416 2165013556579 2399928478125 1728460257534 1953862300113 2504456658983 3539327457895 2572913563900 4248884556150 3609410844460 2858508028275 3129233765600 4109744345616 3747372058905 5739138358261 1793369635054 1960925760860 2143647548674 2342865384746 2560022084536 2796683491142 3054547199250 3641402201304 3974553712726 4337254210938 4732045483690 5161680425946 5629141975182 6137659757060 6690731967396 7292144864250 7945998058776 8656727317294 4714566886083 5134205287973 5590088317495 6085253859260 6622987708040 7206841706490 7840656226137 8528581302375 9275102575355 10085065885767 10963707205259
3 4 5 6 7 8 9 10 11 12 13 14 15 16 17 18 19 21 22 23 24 25 26 27
8 6 33 17 27 14 24 8 14 4 8 2 10 3 9 2 6 4 1 2 1 1 1 1
8 6 53 29 94 63 207 89 261 104 302 102 658 266 1079 270 1315 1364 490 1117 627 1002 1002 1575
