19 31 43 55 67
1100 22722 47148 23092 5936
83884 577789 266774 63192 6892
239595048 5254884710634547 1438976245007713 131164179835922 1526232180
19 31 43
243 654 124
2177 1309 165
3314028 4237355 39196
3 4 5 6 7 8 9 10 11 12 13 14 15 16 17 18 19 20 21 22 23 24 25 26 27 28 29 30 31 32 33 34 35 36 37 38 39 40 41 42 43 44 45 46 47 48 49 50 51 52 53 54 55 56 57 58 59 60 61 62 63 64 65 66 67 68 69 70 71 72 73 74 75 76 77 78 79 80 81 82 83 84 85 86 87 88 89 90 91 92 93 94 95 96 97 98 99 100 101 102 103 104 105 106 107 108 109 110 111 112 113 114 115 116 117 118 119 120 121 122 123 124 125 126 127 128 129 130 131 132 133 134 135 136 137 138 139 140 141 142 143 144 145 146 147 148 149 150 151 152 153 154 155 156 157 158 159 160 161 162 163 164 165 166 167 168 169 170 171 172 173 174 175 176 177 178 179 180 181 182 183 184 185 186 187 188 189 190 191 192 193 194 195 196 197 198 199 200 201 202 203 204 205 206 207 208 209 210 211 212 213 214 215 216 217 218 219 220 221 222 223 224 225 226 227 229 230 232 233 234 237 238 239 240 241 242 244 245 247 248 250 253 256
408 2006 6227 11347 19596 25492 31828 32934 37670 35261 35735 32670 32892 28517 29581 26052 26229 23507 23541 21092 21409 18749 18867 17184 17665 15788 16198 14203 14374 13278 13099 12050 12669 11279 11605 10508 10397 9440 9725 8781 8906 8252 8286 7561 7904 7086 7075 6648 6743 6120 6366 5609 5736 5404 5336 4770 4977 4611 4621 4226 4199 3938 3895 3522 3694 3363 3305 3093 3224 2951 2893 2724 2689 2545 2532 2324 2304 2238 2161 1963 2080 1887 1921 1796 1786 1736 1690 1536 1522 1437 1370 1297 1302 1278 1206 1061 1052 1016 1017 938 916 913 819 844 790 870 886 751 700 666 591 560 616 589 620 525 507 471 454 391 437 422 387 338 340 322 303 313 318 294 285 246 271 243 274 245 217 225 202 208 204 176 170 171 151 138 132 138 128 158 124 118 131 97 121 115 99 158 140 134 87 75 69 60 70 66 70 61 72 47 59 41 52 51 42 45 48 32 36 38 41 26 25 23 25 18 22 26 21 31 19 16 28 14 16 22 28 17 17 15 13 12 10 13 15 17 7 8 12 5 11 5 3 9 5 2 1 3 4 3 1 6 5 5 1 1 1 4 3 2 1 3 1 3 4 3 1 1 1 3 1 2 2
408 2088 8494 20932 52066 97363 189420 291699 525542 716369 1140228 1486898 2241915 2676790 4056419 4704107 6685705 7712550 10690499 12046592 16736045 18002797 24361665 27467527 37058208 39957866 54316998 56276095 72898833 82236507 103740392 112258402 150292415 156464615 203741174 219277578 272705757 282700940 368599098 393729573 485182657 513695596 650779177 671585914 878858841 888892395 1084468009 1184242579 1463726486 1486527744 1879329045 1930565870 2378374354 2489403392 3034614149 3012537670 3819849130 3878567941 4764840146 4969617237 5889933896 5952589640 7245333521 7278269364 9089653944 9453833362 11007984299 11366554683 13915272244 14034574839 16508232514 17841255500 20674217244 21302649184 25799440663 26276456772 30565294490 32111847051 36638811685 35626553484 46675158367 45094755976 53023595244 56401244274 63778985650 67713525443 79498402974 78303856502 91149510511 97119906821 105662288844 110970759535 131335488261 132908871412 149544543804 148319626625 163629600367 177956095395 199369552763 202361550637 232022986526 252621835597 258417518112 288659547709 321889199763 356494110942 421333961591 403999045593 412030831757 421631426702 466625912941 473328863354 598977652415 608754807702 732506770926 684617340071 738944251389 744325152835 841167816529 793592675578 995991625360 1002837269364 1115031535528 1021507594963 1181810161031 1196326989306 1306639003319 1465489435429 1663165314936 1634534288629 1718619110615 1675817601678 2076124111157 1945657362586 2458519139604 2539061553499 2562217480633 2956069801349 2859470578440 3063291586080 3538157672657 3214433316473 3351916936644 3905180075529 3954269196967 3806841994010 4137315947175 4334142205336 4522737796325 6484736101652 5759204429693 5898591962269 7428221611398 5523027640016 7711200118280 8169706834697 8484637364312 13433545484573 13628375502547 13436354631087 10068504195730 10100253483972 11058135887107 9239258515009 12534365089455 12311777114195 14752613466233 13716482798456 17112793937192 11591846765926 17889776253277 13103263996101 18457361620130 19963313335664 16928424186593 19842062498950 26879700980890 15542674534490 21011318285140 24116863839465 28246584791072 19397087847102 27086794174840 19471632165061 24319142010538 20705588335484 29935331087459 35491644977347 32021902750765 49606529014278 35145011040898 28978243913873 57940915921611 31259954838293 47120334305857 57425967658227 76704410680986 58071231988393 63035814201608 53187554239740 50014354395729 49808176128210 45600855951086 64646476734199 95150993360646 107058741757855 50832966269200 54151609661220 90918802115409 42642906511875 123879265871130 48805402808011 32012480296285 101532286940388 64750479629475 28141091398574 15285151248481 49804794323742 72112730066684 58721568483435 21248279009367 138371227043094 125129368800555 135762044628075 29454549941750 34643126322519 37561133582570 176531739537020 143478719237760 103640103677424 65851585970275 213912556544757 77195892663512 250683311777613 361747358675268 293588801110755 114540884553038 123888443077259 144867692496445 469855237583838 182973889854026 461587108729362 581453915832224
3 4 5 6 7 8 9 10 11 12 13 14 15 16 17 18 19 20 21 22 23 24 25 26 27 28 29 30 31 32 33 34 35 36 37 38 39 40 41 42 43 44 45 47 49 50 53 57 61 63 65
10 19 72 141 191 246 309 313 270 325 255 204 186 136 137 114 98 78 74 62 66 34 40 33 22 17 28 15 11 9 41 10 6 8 8 12 7 3 4 7 5 2 5 7 2 2 2 2 1 1 1
10 19 108 243 517 935 2088 2721 3962 6775 8911 9979 12721 13716 20365 20293 24963 26659 31547 29910 47024 27817 41018 42689 37919 34278 79924 45194 49370 54097 220351 78965 53008 84392 96374 155464 134055 74415 79946 204281 201931 99708 313194 520741 211116 178268 589092 772310 715220 831820 1300156
