21 33 45 57 69
3517 30701 42915 20249 2618
869563 553789 202012 47899 2682
1977148323177 4649653867797783 1359710633972047 49079597241105 18201017
21 33 45
559 582 92
3390 1046 108
4671132 1098437 8515
3 4 5 6 7 8 9 10 11 12 13 14 15 16 17 18 19 20 21 22 23 24 25 26 27 28 29 30 31 32 33 34 35 36 37 38 39 40 41 42 43 44 45 46 47 48 49 50 51 52 53 54 55 56 57 58 59 60 61 62 63 64 65 66 67 68 69 70 71 72 73 74 75 76 77 78 79 80 81 82 83 84 85 86 87 88 89 90 91 92 93 94 95 96 97 98 99 100 101 102 103 104 105 106 107 108 109 110 111 112 113 114 115 116 117 118 119 120 121 122 123 124 125 126 127 128 129 130 131 132 133 134 135 136 137 138 139 140 141 142 143 144 145 146 147 148 149 150 151 152 153 154 155 156 157 158 159 160 161 162 163 164 165 166 167 168 169 170 171 172 173 174 175 176 177 178 179 180 181 182 183 184 185 186 187 188 189 190 191 192 193 194 195 196 197 198 199 200 201 202 203 204 205 206 207 208 209 210 211 212 213 214 215 216 217 218 219 220 221 222 223 224 225 226 227 228 229 230 231 232 234 236 237 238 239 240 242 243 246 247 249 250 255
455 2097 6500 11712 20827 40265 52289 57086 64613 63175 62262 56180 56925 52312 51407 46826 46219 42964 42458 36924 37580 35635 34353 31183 31576 29181 28464 25898 25952 24982 24120 21605 21943 20884 20043 17791 18429 17265 16950 15218 15500 14872 14503 12915 13093 12659 12132 10904 11254 10542 10396 9235 9416 9017 8995 7805 7951 7684 7420 6537 6565 6328 6273 5508 5724 5397 5222 4662 4677 4571 4399 3848 3887 3743 3623 3212 3388 3153 3051 2752 2822 2654 2576 2250 2353 2191 2132 1893 1868 1815 1903 1682 1572 1475 1532 1279 1327 1208 1221 1070 1046 963 958 863 953 872 839 748 745 634 599 541 585 517 548 455 460 438 447 404 444 399 371 349 326 284 323 292 296 329 341 258 274 244 236 233 202 206 198 228 200 171 158 160 152 144 134 142 132 99 116 110 105 131 117 99 111 96 86 90 81 88 90 80 64 69 64 48 58 72 45 62 49 40 42 37 33 44 38 30 29 43 26 25 20 16 31 13 19 22 13 23 27 10 20 15 21 13 13 20 11 23 14 12 12 4 5 22 7 3 12 4 3 5 1 4 3 2 2 2 3 4 3 2 2 1 1 1 4 2 7 1 6 6 1 3 1 2 1 1 1 1 2
455 2191 8812 21032 53986 130748 255562 420004 738188 1086093 1665592 2232190 3344138 4208465 6051139 7647937 10227462 12460157 17211355 19480341 26021562 31385404 39940072 46040520 60924596 67509564 86706134 100293714 123270101 142045818 178662565 194492506 243225660 277023507 332163828 361740973 458483487 488720695 608456960 666122435 799190005 893280947 1087515240 1157947335 1368757946 1574450558 1798141762 1948829109 2375075221 2514490483 3042776758 3281069461 3756785590 4119571403 5051553974 5091066213 6041108040 6596710793 7576711950 7932173029 9087924008 9822173952 11630585972 12127085574 14228055950 14909763430 17554169000 18068005318 20821801160 23167340926 26125093556 26326972210 31047066433 31983076537 37536892829 38806026825 45967036471 48306864021 54609574443 56318782475 65392006484 67363852558 77116683495 78717081354 92511746578 95286670317 111015528128 108342806771 122610088273 126605064045 157071841266 160831948412 172176431849 178308998698 202719889195 192712297028 230444216857 231732797644 268988807766 264922524450 296178108276 303090559769 339297003529 317419751892 382405600919 397010299134 441978675976 420943170832 478676929848 434865315005 453234986247 436139881743 560774386206 523989470429 663871289246 578955831138 674787238466 705456451421 867494816576 740238825089 991764927199 975548650193 1004390105352 1029390274616 1086795090027 1050680427614 1321899496646 1332123884462 1517777826445 1865643325239 2280731691920 1765929280104 2163948790401 1932616091240 2178301574263 2388622622182 2455163103975 2592455063435 2813196223752 3460907438436 3228520995196 3387911737041 3284135640544 3531012254967 3877672507252 4192271897954 4440837166739 5148502467321 5688889313313 4328442050917 5830550139875 5356597668473 5708364291453 7741821511586 7625837039408 7524835055761 9138907135383 8358269851380 8153770997355 10014276654652 9889420719512 12268246884703 12974910799635 12376339299332 10879902228264 12701862200675 12776024643900 10370075353917 13806332676443 20025404875119 13066013294854 19279533057160 18670043046845 14371884701561 16803751121537 17085454636100 18302130901470 24494443385840 24344143485615 19269064035330 22342781086768 35138352571289 23469867305018 23135179344373 20481068551721 16601015025950 41251222339045 19285814827443 27590216107446 33709042396781 22224553221558 41861142056940 56619942088092 24935423770992 49091565774950 39145268696288 69672884058096 41183806062847 41554005051898 71417916400365 45060575574552 101393175402715 71571037902968 59092633044336 65257527691852 24341015437040 33114938540200 153295831556730 60823806250155 25585743907125 110554709631280 40340263543068 32891121615777 59583406181390 12950095925895 56282182797148 45855453745443 33203196215828 36056365033342 39147712322290 63744837028101 92247484695396 75077621280333 54304817851230 58909099883500 31946390696157 34643126322519 37561133582570 162872254509448 88265869768510 362740362870984 60806135438329 395109515821650 427825113089514 77195892663512 250683311777613 97862933703585 211764493445466 133978259344888 144867692496445 169296722391554 182973889854026 538465402505158
3 4 5 6 7 8 9 10 11 12 13 14 15 16 17 18 19 20 21 22 23 24 25 26 27 28 29 30 31 32 33 34 35 36 37 38 39 40 41 42 43 44 45 47 49 50 51 55 56 57 59
7 19 76 113 188 285 387 421 329 355 340 282 225 211 224 155 134 94 104 74 75 60 65 48 54 23 14 17 23 19 20 14 10 7 1 4 21 7 8 4 4 2 3 7 2 1 3 1 1 1 2
7 19 110 188 512 1090 2257 4000 4572 7934 11018 14021 15261 20466 30317 29560 32604 32253 43350 45523 47002 59697 71311 79420 84555 56441 50102 58333 106564 78504 114009 102099 78358 85733 16698 78729 409899 143229 201295 99682 124740 74676 212814 480646 255908 105558 396781 239943 281589 386155 902552
