1 2 3 4 5 6 7 8 9 10 11 12 13 14 15 16 17 18 19 20 21 22 23 24 25 26 27 28 29 30 31 32 33 34 35 36 37 38 39 40 41 42 43 44 45 46 47 48
4 13 26 31 87 72 136 199 178 218 248 279 306 384 458 593 679 884 1256 1917 2331 3169 4087 5080 5578 5689 5627 5643 5523 5225 6390 8358 4125 3628 3183 2872 2634 2267 1941 1525 1250 923 1975 2660 209 108 27 1
26 52 70 115 262 154 326 466 378 406 447 516 585 712 871 1132 1407 2072 3284 5524 7209 11028 13758 16200 16723 16409 15434 14740 13895 12538 15849 21652 8650 7582 6456 5548 4953 4014 3217 2411 1789 1268 2584 3343 251 121 27 1
234 508 522 1287 2151 1012 2880 3443 2345 2968 3454 4741 5791 8894 19720 94801 169506 1251789 1785684 15468501 134526409 1575453540 33602501640 201989687213 3130484143911 3308735011901 1703093507493 1894124084650 1029187071168 1239424894104 15769518055603 22238779490739 847742270823 2340416465319 3526357779240 1745016863244 1199105879421 1915117245156 2201080964283 750410532952 219579914245 52065995256 70056647929 47646476117 19755415 394083 5000 2
3 6 8 9 10 11 12 13 14 15 16 17 18 19 20 21 22 23 24 25 26 27 28 29 30 31 32 33 34
1 1 4 1 1 2 4 5 11 9 11 11 12 11 12 12 7 13 8 13 4 9 5 2 9 13 13 3 2
3 2 5 3 2 2 8 9 16 12 13 12 19 14 15 15 9 14 9 16 5 11 5 2 10 14 14 3 2
9 8 14 3 15 6 42 95 72 160 37 54 671 111051 18272 12003 1825 1581 639 3195 287 772 71 1586 1922 769 880 38 3
3 4 5 6 7 8 9 10 11 12 13 14 15 16 17 18 19 20 21 22 23 24 25 26 27 28 29 30 31 32 33 34 35 36 37 38 39 40 41 42 43 44 45 46 47 48 49 50 51 52 53 54 55 56 57 58 59 60 61 62 63 64 65 66 67 68 69 70 71 72 73 74 75 76 77 78 79 80 81 82 83 84 85 86 87 88 89 90 91 92 93 94 95 96 97 98 99 100 101 102 103 104 105 106 107 108 109 110 111 112 113 114 115 116 117 118 119 120 121 122 123 124 125 126 127 128 129 130 131 132 133 134 135 136 137 138 139 140 141 142 143 144 145 146 147 148 149 150 151 152 153 154 155 156 157 158 159 160 161 162 163 164 165 166 167 168 169 170 171 172 173 174 175 176 177 178 179 180 181 182 184 186 187 188 189 194 195 213 214
782 2627 4761 7047 9041 9487 10269 9672 9092 8464 8096 7364 7082 6725 6222 5952 5710 5206 5200 4960 4679 4528 4502 4051 4057 3826 3627 3425 3258 3151 3127 2927 2888 2727 2617 2422 2352 2250 2130 2124 1984 1951 1924 1866 1632 1684 1593 1514 1346 1401 1248 1330 1263 1181 1103 1107 1045 1020 940 927 845 860 746 832 739 773 679 675 581 634 599 540 519 501 428 469 455 444 407 386 342 366 312 307 306 301 232 275 236 252 240 232 209 229 175 180 147 170 149 163 154 166 121 121 104 120 99 106 89 112 75 87 72 96 70 75 59 68 58 63 61 64 50 57 41 55 37 37 24 28 29 41 34 36 23 31 20 35 20 21 19 21 21 22 13 20 13 18 16 17 15 7 12 15 10 11 9 11 8 6 4 7 4 5 3 5 5 8 9 4 2 3 3 4 3 4 2 3 1 2 2 1 1 1 1 1 1 1 1
782 2750 7008 14928 28953 45079 76262 107123 153057 209432 295673 375706 513590 663865 846995 1066466 1397549 1645710 2207113 2679947 3339003 4069325 5278904 5948213 7631601 8823496 10754214 12278931 14787482 17133766 21454303 24156438 30202998 33734984 40352186 43872164 52198480 59270426 69773595 81744931 94044773 107531783 128241018 145792601 155890695 187631331 214430317 232713898 249849845 297390948 316955597 395696809 449233008 481902339 520570622 608907060 677186022 752142968 834210560 948818038 1006393822 1134563314 1181395775 1497043077 1589752545 1854003660 1932872958 2115236808 2209702525 2619940462 3013952961 2978700460 3356023353 3648057038 3599237738 4369086051 5154739499 5527397767 5823785474 6165059873 6397185329 7464086918 7460901062 7960397366 9486305758 10132055494 9171082468 11581235613 12204581660 13777082154 15316492907 16640548570 17906831464 20706324610 19041944501 20661955916 19443310594 24270593737 24859207846 28669269221 31560098002 37716246060 31294048981 34391782604 33704038963 43039543351 40800054927 48224192461 45183612804 64191843805 49118734205 60691397386 57110160032 83113639317 70192789576 81890116827 73249211360 93216134036 94051954161 105805744330 116244183582 131961299103 126448075462 148369282614 121082880704 182007918007 138723416664 154358890818 104447394652 139772348265 161749115990 242945405428 237935589259 273523682992 203048535057 284965043991 202582200671 389278552068 261444586401 302228800509 288495848892 343665229076 393299224256 465975312924 284429821033 506508593241 372197763436 554411812550 551375646335 635190972273 593669129130 343655439580 632044757956 801218853248 652750732168 706878967799 705366190942 857345728419 701893416383 568154471824 419977206953 816392570028 519655618548 701109888357 470758425885 846478676315 912784068247 1588900970724 1992899656812 979521508096 549537234260 877538221226 991486498839 1417476079298 1156577009395 1702598168240 911873555120 1566347493585 571701605655 1251693506240 1498948823562 896684817527 980462880430 1071823774337 1171432692373 1820701100652 1987276856363 9275102575355 10085065885767
3 4 5 6 7 8 9 10 11 12 13 14 15 16 17 18 19 20 21 22 23 25 27 30 31 32 33 39 42 45
15 14 32 27 42 13 22 7 16 10 11 3 7 3 6 2 6 1 5 1 4 6 3 1 1 1 1 2 1 1
15 14 47 52 148 60 203 72 283 229 412 140 553 255 719 277 1370 231 1925 385 2508 5802 4725 3010 3010 3718 5604 35954 31185 53174
