17 29 41 53 65
2104 17370 46201 24814 9503
165989 614689 334468 79763 12769
122774576 4812863528822717 2507450536040089 263610882128531 53231390890
17 29 41 53
432 805 192 1
6933 2007 280 1
4029985 4356174 121666 627
3 4 5 6 7 8 9 10 11 12 13 14 15 16 17 18 19 20 21 22 23 24 25 26 27 28 29 30 31 32 33 34 35 36 37 38 39 40 41 42 43 44 45 46 47 48 49 50 51 52 53 54 55 56 57 58 59 60 61 62 63 64 65 66 67 68 69 70 71 72 73 74 75 76 77 78 79 80 81 82 83 84 85 86 87 88 89 90 91 92 93 94 95 96 97 98 99 100 101 102 103 104 105 106 107 108 109 110 111 112 113 114 115 116 117 118 119 120 121 122 123 124 125 126 127 128 129 130 131 132 133 134 135 136 137 138 139 140 141 142 143 144 145 146 147 148 149 150 151 152 153 154 155 156 157 158 159 160 161 162 163 164 165 166 167 168 169 170 171 172 173 174 175 176 177 178 179 180 181 182 183 184 185 186 187 188 189 190 191 192 193 194 195 196 197 198 199 200 201 202 203 204 205 206 207 208 209 210 211 212 213 214 215 216 217 218 219 220 221 223 225 226 227 228 229 230 231 232 233 234 235 237 238 240 241 242 243 245 246 249 250 255 258
463 2202 6810 13010 23124 29830 40724 41830 48000 48297 50780 45923 45184 40004 39009 34774 34864 29879 30068 26267 26203 23584 22980 20699 21115 18185 19041 16541 17184 14790 14974 13579 13763 12260 12774 11449 12111 10418 10668 9437 10099 9054 9193 8183 8550 7587 7810 6820 7232 6450 6636 5930 6211 5613 5530 5108 5480 4744 4990 4549 4745 4305 4218 3805 4068 3515 3680 3153 3479 2996 3117 2872 2839 2529 2601 2372 2580 2114 2227 2020 2104 1842 1868 1773 1820 1576 1748 1491 1570 1378 1433 1359 1423 1215 1250 1153 1271 1114 1123 1056 1114 955 968 910 915 847 878 792 847 723 684 683 722 618 593 534 590 490 515 429 466 397 419 413 404 350 401 366 354 301 288 290 277 282 267 247 260 203 231 230 247 208 186 217 223 164 165 170 201 166 134 139 131 103 98 112 114 123 93 92 105 73 72 100 92 62 71 69 68 62 53 67 75 46 38 48 46 38 42 36 39 33 24 28 24 24 21 15 26 19 19 10 22 24 56 49 17 19 10 11 8 14 9 10 13 9 8 12 22 9 9 8 3 3 3 5 5 1 5 5 2 5 3 1 4 2 5 1 3 6 2 1 1 1 2 1 4 1 4 2 2 2 2
463 2308 9372 23545 61431 113034 237801 355064 642547 947503 1512483 1986869 2941791 3718567 5284423 6502090 8964895 10422568 14154129 16219926 21266510 24427753 31459845 35024798 46002718 49466932 66157239 69478562 90551034 93584100 122096549 132191065 165395460 178636381 230494258 242764202 318515111 320486215 414958942 426395468 557183819 588431045 728273417 748435166 939067488 988290769 1236104850 1224411346 1563560050 1625712192 2007889054 2059045271 2542459620 2679872322 3245953016 3253920827 4205230245 4181289435 5147944744 5317360560 6655366008 6859208843 8078156253 8177328201 10158118912 9948254566 12224759907 11862329416 15461817905 14978791001 18118647566 18937487266 21117086688 21560273514 26048589911 25818328520 33396814496 29805758651 38130929576 37116108527 44715697488 44343633378 51987897978 54804686090 65204296153 61619307600 82005283646 75276216595 91223216652 89350449670 104416026715 109748516547 134120877080 130151351157 154940192145 150093561172 193061940456 186496771182 220580700830 223424002994 268250649059 260063805600 303944566946 307992828518 356695443652 348183048155 417825476501 413026155228 529805224671 496360714474 523199656995 582149296433 648860223252 642663666888 714119485576 659002226243 886371641745 782259786070 975271342155 837706279463 1081027695995 971389253499 1213819143181 1271813081819 1403133121306 1301492720461 1843434386303 1702235262638 1756514243144 1714567203803 1843330674722 1981820354184 2227480762255 2388270042285 2670365949765 2537762512933 3024973846518 2685377446257 3388982814247 3503928361143 4076969515651 4117414808722 3895300305129 4908179859750 5620289286894 4344852550373 5145025499788 5875715737487 6831897988580 6293372124415 6328979756203 7039160721982 6843353494443 5781249012851 6080830727004 7977464140945 8922223168331 11638447828165 9323063656824 9909640966512 11266565930748 8861001364095 9897376314432 15765855656104 14637508336683 11669978733650 14818928675878 15306712770996 16732626994005 15949866069208 15561165041388 22067836897052 25315475767783 17673514210504 18595735957523 23863863251095 20847588451430 20510642075235 24373444089500 22973460628155 28335488370994 29109676324913 20529190055649 25850855447602 22044014459163 24353357175483 23803215195545 20891560919396 37141946919837 28502470976659 35970015618183 20930571028470 44041610139239 52039474647453 135057967026874 132485151305572 55833759894759 56527955455497 32624051521476 39806090304948 33468505083651 58820268074763 44828449496214 50083137674060 69935849950303 63966799201270 51908433966760 85898246479430 169959178896426 75381381568899 83475923178195 97610805616022 31133838976793 35750043708834 37816873088068 70352728496435 75211150693211 16601598107914 90140912583355 106241395046835 50051747520222 135762044628075 88363649825250 31946390696157 138572505290076 75122267165140 203590318136810 44132934884255 143478719237760 310920311032272 112276297341894 65851585970275 71304185514919 83561103925871 180873679337634 97862933703585 423528986890932 123888443077259 535913037379552 338593444783108 365947779708052 538465402505158 677708528497360
3 4 5 6 7 8 9 10 11 12 13 14 15 16 17 18 19 20 21 22 23 24 25 26 27 28 29 30 31 32 33 34 35 36 37 38 39 40 41 42 43 44 45 46 48 49 51 55 61 64
16 19 144 259 394 626 693 828 742 898 640 625 377 444 321 274 278 291 202 135 103 121 133 82 73 70 88 44 28 33 43 20 20 26 47 14 8 6 26 1 4 5 9 3 3 1 1 1 1 1
16 19 217 489 1132 2453 3977 7232 9761 18676 19087 31048 24763 48928 41479 54283 68595 104449 74492 90001 77397 130373 155239 150819 158808 197781 208554 151548 161146 233098 256539 174642 219629 297302 582355 217723 198133 137287 722261 44649 131659 199416 436170 159522 276872 105558 147273 239943 614154 1121505
