12 13 24 25 36 37 48 49 60 61
1073 524 15244 6823 38635 13955 15211 5043 2610 877
36158 19641 361536 138262 220165 74472 39111 12768 3297 1078
2527794 2009180 127215063102500 218844331573252 1224156475735805 360600090610776 11645024519538 3716914298676 822269377 106187467
12 13 24 25 36 37 48 49
220 118 508 200 49 12 1 1
2150 892 1122 407 55 12 1 1
92303 41541 1822209 378320 33439 4430 22 3
3 4 5 6 7 8 9 10 11 12 13 14 15 16 17 18 19 20 21 22 23 24 25 26 27 28 29 30 31 32 33 34 35 36 37 38 39 40 41 42 43 44 45 46 47 48 49 50 51 52 53 54 55 56 57 58 59 60 61 62 63 64 65 66 67 68 69 70 71 72 73 74 75 76 77 78 79 80 81 82 83 84 85 86 87 88 89 90 91 92 93 94 95 96 97 98 99 100 101 102 103 104 105 106 107 108 109 110 111 112 113 114 115 116 117 118 119 120 121 122 123 124 125 126 127 128 129 130 131 132 133 134 135 136 137 138 139 140 141 142 143 144 145 146 147 148 149 150 151 152 153 154 155 156 157 158 159 160 161 162 163 164 165 166 167 168 169 170 171 172 173 174 175 176 177 178 179 180 181 182 183 184 185 186 187 188 189 190 191 192 193 194 195 196 197 198 199 200 201 202 203 204 205 206 207 208 209 210 211 212 213 214 215 216 217 218 219 221 222 223 224 225 226 228 229 233 235
670 2722 7965 12960 23628 26568 36855 34661 40843 34189 37555 30115 32275 25542 27444 21466 23775 18623 20705 16717 18755 14875 16971 13539 15745 12450 14459 11233 13180 10486 11996 9616 11215 8731 10384 7983 9468 7340 8839 6806 8092 6481 7647 5999 7041 5470 6402 5146 6021 4872 5634 4455 5112 4068 4739 3749 4380 3442 3909 3240 3611 2912 3419 2775 2957 2562 2820 2411 2707 2199 2397 2183 2354 1940 2241 1816 2012 1666 1867 1644 1817 1407 1600 1373 1511 1200 1408 1126 1270 1035 1188 994 1106 886 963 841 876 782 865 790 796 644 738 661 716 589 681 585 603 447 556 440 507 411 525 421 459 364 421 369 379 326 399 330 337 281 297 280 293 240 262 255 224 215 234 190 209 183 184 179 173 152 184 154 153 156 145 134 121 99 108 84 94 99 82 84 69 67 60 54 63 49 51 67 34 65 34 55 44 56 31 34 29 41 33 27 30 34 30 29 17 30 20 19 17 24 21 28 12 25 11 11 4 15 5 6 6 9 5 4 5 5 3 6 1 6 2 3 4 1 2 5 2 4 2 4 3 4 5 4 1 2 2 1 1 2 2
670 2839 11375 24104 67574 105559 239414 318198 617076 733636 1295448 1427975 2388182 2484176 3968628 3951875 6376500 6132360 9676299 9287309 14996012 14010600 22324403 20618225 33832233 30437194 49078878 43311964 70168170 63141163 97804442 86858806 137741451 118776669 191559717 160482235 256622398 215529024 344966574 291884783 461954546 393635463 623778746 517540473 830303323 672108356 1028311027 892727578 1355457200 1160145138 1761379399 1474334004 2212323226 1859386457 2790881376 2299844551 3478944160 2885378493 4270290894 3673497734 5248148694 4414023100 6499563444 5614889186 7581529725 6851488628 9430868936 8542319113 11857935205 10446254494 14092437311 13451912777 18282563051 15377629205 22823328282 18926823968 26687041155 22600211171 32239500970 29070510239 39804306110 31715007410 45691162746 40041599769 57311850941 45720906419 66340773821 54797888417 76687131339 64609653825 92583692862 78368796232 108022731002 91571665337 123007071753 109741846925 137927946116 126636168540 173392114786 160807806710 202782140697 171406159149 232907672487 210815656022 288675629164 233620077680 349017805968 298935939316 396881324214 288589399731 426655502347 335707895385 489333407520 401546450819 647296259845 513246646861 705004465510 536361333183 809812565454 703155064861 898837852150 757458736862 1183994702793 925162465339 1285957793221 1004774435790 1204834774550 1194667444807 1540194209646 1255140927240 1690720580340 1658816550842 1741933768270 1749076649680 2225152136541 1792451349343 2518146785888 2191190597990 2569909295842 2621662265562 3117544200891 2668634464983 3896311824990 3176821397394 3762526708391 4134265553298 4799141042566 4018506989232 4815307428045 3657045480607 4859260952598 3849054959919 5468713150327 5682731685557 6129423982189 5721899950303 6117753345035 5839634473241 5936773800624 5591067909429 8492309464579 6243566974377 7587376269775 9570202153675 6749676872016 11585494966270 7381830578758 11641086771032 11592263147384 14318681110682 10567910542657 10523881702259 10725626769717 14694218213023 13104952383731 11651958816120 15100370987960 17464538190425 18297381779690 18589072134745 13733888193680 24578891708724 18082741429467 18215917894435 16894329281613 24718800751111 28289728128965 34754525684554 16188447430337 39818136795281 23611373016715 22292351039445 7949107425452 34871808052807 11435322436473 14840588864454 21114183253020 31468798645379 16726829918490 13982876831646 19864995146940 21641818293235 22028021520671 29965954924058 5590088317495 46701368707020 13245975416080 21620525119470 30094995865254 8528581302375 18550205150710 48805402808011 21927414410518 47666724945112 25900191851790 56282182797148 45855453745443 72112730066684 97869280805725 84993116037468 23061871173849 50051747520222 54304817851230 31946390696157 34643126322519 95652479491840 112276297341894
3 4 5 6 7 8 9 10 11 12 13 14 15 16 17 18 19 20 21 22 23 24 25 26 27 28 29 30 31 32 33 34 35 36 37 38 39 40 41 43 45 48 52 57 61
12 25 83 172 280 366 455 622 466 442 369 312 211 179 124 102 101 56 63 27 30 19 19 11 15 11 14 5 6 6 12 2 3 3 2 3 1 1 3 2 1 1 1 1 1
12 25 123 320 759 1428 2603 5593 6313 9974 10955 16139 14053 20620 17300 21269 22751 22722 20111 17598 17011 17864 17151 13341 24752 21006 28127 16142 18864 39056 53185 12446 24892 34210 26841 43891 14883 14883 66913 104060 74676 126522 249508 386155 715220
