9 20 21 32 33 44 45 56 57 68 69
174 80 1031 242 7163 299 10885 245 9162 59 1753
1385 626 27216 1215 33152 608 22964 306 11073 59 1753
10394 37532 105270529 1408196644 37477448367 2047649225 36193352261 80924557 5448837814 26935 318649




3 4 5 6 7 8 9 10 11 12 13 14 15 16 17 18 19 20 21 22 23 24 25 26 27 28 29 30 31 32 33 34 35 36 37 38 39 40 41 42 43 44 45 46 47 48 49 50 51 52 53 54 55 56 57 58 59 60 61 62 63 64 65 66 67 68 69 70 71 72 73 74 75 76 77 78 79 80 81 82 83 84 85 86 87 88 89 90 91 92 93 94 95 96 97 98 99 100 101 102 103 104 105 106 107 108 109 112 113 114 115 116 117 119 120 121 122 124 126 129
407 1402 2908 4764 5306 6152 5725 5985 4592 4630 4026 4108 3159 3255 3011 3059 2331 2357 2262 2275 1706 1717 1661 1660 1217 1258 1263 1254 949 886 980 965 745 720 740 755 560 578 602 630 458 487 486 474 303 338 349 383 292 285 298 304 250 209 202 191 150 170 129 159 144 120 98 98 81 88 81 63 51 62 53 63 47 58 52 51 46 45 40 33 36 50 34 25 19 23 18 17 20 19 29 32 27 21 15 12 14 8 10 5 6 5 6 5 6 9 6 2 3 2 2 3 3 2 2 5 1 1 1 2
407 1571 4347 9847 16973 28709 41695 67215 79846 116686 143074 212858 229318 321384 390330 538354 561870 742073 893583 1221920 1207694 1471715 1817461 2354324 2247147 2851928 3417841 4332090 4218157 4591164 6189953 8084174 7642523 8596788 10648006 13883933 12605393 14856538 19185901 24343952 21115226 26014611 30547762 37525669 27031178 36404632 45063838 59136596 49707032 56115703 73785941 86507220 84273970 80576183 95541932 108729613 98839063 123399074 107008933 165641412 175457341 158321446 153243323 182450584 168796117 202589057 238172280 249086890 203037815 259844899 228003586 333630095 293215721 402329464 437100689 548127549 544470604 529186024 502023139 513771261 602641650 1024757163 834232333 781859793 595380357 765460905 656590005 779643445 977943455 1102803747 1982614185 2543155358 2284136807 2037500902 1604097702 1336505049 1744788790 1168845118 1485014154 977315772 1122076335 1072405630 1635289147 1356244750 2066504725 3080931381 2305658016 1083892480 1821491238 1359806406 1522004312 2554129884 2856151995 2377816496 2655420152 7410370715 1653668665 2056148051 2552338241 7038445384



