2 3 4 5 6 7 8 9 10 11 12 13 14 15 16 17 18 19 20 21 22 23 24 25 26 27 28 29 30 31 32 33 34 35 36 37 38 39 40 41 42 43 44 45 46 47
6 13 7 29 18 34 38 66 108 111 121 150 96 73 90 89 112 155 218 405 680 986 1295 1516 1134 1098 1159 1218 1229 1270 1279 1485 1802 1922 2033 1856 1197 930 832 616 445 335 250 169 45 20
9 23 9 57 46 65 68 113 175 149 161 202 116 96 129 123 205 299 523 931 1859 2565 3114 3268 2282 2123 2129 2070 1924 1891 1820 2023 2363 2455 2494 2212 1426 1095 945 683 478 361 270 173 45 20
37 72 38 164 149 172 178 420 505 475 539 743 430 355 453 566 1408 4849 28312 156423 2195042 28622742 56305255 344472431 376659172 303634254 439153577 336782660 418255298 451993104 489961758 296610174 399448966 342095902 319777583 250327595 136327847 77956078 36163689 16783516 5624746 1307226 188759 22291 2683 165




3 4 5 6 7 8 9 10 11 12 13 14 15 16 17 18 19 20 21 22 23 24 25 26 27 28 29 30 31 32 33 34 35 36 37 38 39 40 41 42 43 44 45 46 47 48 49 50 51 52 53 54 55 56 57 58 59 60 61 62 63 64 65 66 67 68 69 70 71 72 73 74 75 76 77 78 79 80 81 82 83 84 85 86 87 88 89 90 91 92 93 94 95 96 97 98 99
652 1799 2834 3033 2757 2641 2312 2037 1876 1756 1557 1608 1398 1275 1255 1166 1013 1027 887 807 835 793 641 721 579 559 545 487 428 467 381 366 394 341 276 306 267 241 241 208 180 244 171 154 155 138 123 148 103 102 119 89 80 104 65 64 76 60 46 62 41 47 48 31 28 42 27 24 28 19 14 20 13 14 11 11 11 15 7 7 11 7 7 7 6 6 7 5 4 4 3 3 3 2 2 2 1
652 1987 4293 6781 9722 14704 19755 25740 34835 46713 57197 83532 98524 120683 159417 194782 224254 297879 339038 389835 522865 621278 636507 917663 924214 1112777 1316689 1530238 1626088 2215012 2227339 2593534 3399078 3547219 3505583 4702612 4934035 5342111 6757143 6731648 6927163 11507223 9549443 10078178 12058511 13213318 13537222 20422870 15551319 18578951 25449476 22376398 22925628 35308644 26357569 29835624 41913181 37998728 33731922 53633140 40211611 55181261 63399941 50433692 50832114 91339090 65205346 69858420 88728223 75395930 60252274 100901562 74107806 95799400 77984500 95361640 102180001 159297945 84925148 96940550 173761236 126030289 143543785 163369283 159261960 181004142 239840734 194438365 176432436 199983700 169902519 192337077 217601421 164020354 185339440 209302838 118114304



