3 7 8 13 16 17 18 19 20 21 22 23 24 25 26 27 28 29 30 31 32 33 34 35 36 37 38 39 40 41 42 43 44 45 46 47
1 1 1 1 1 1 7 25 53 105 196 331 455 607 678 757 719 661 731 841 939 1002 978 914 922 977 1038 1060 951 662 568 428 298 196 47 5
1 1 1 1 1 1 8 25 56 127 229 382 518 694 760 842 789 727 788 899 980 1051 1025 970 971 1013 1068 1090 961 662 568 428 298 196 47 5
2 2 1 1 1 1 12 222 301 7357 30718 361277 1507440 7879792 9171461 17994839 12229409 18440385 27626089 21202160 18111472 11984305 12724385 63369371 46566111 58245134 32688300 22665906 13336778 6134432 2374577 636679 118879 13338 854 8




3 4 5 6 7 8 9 10 11 12 13 14 15 16 17 18 19 20 21 22 23 24 25 26 27 28 29 30 31 32 33 34 35 36 37 38 39 40 41 42 43 44 45 46 47 48 49 50 51 52 53 54 55 56 57 58 59 60 61 62 63 64 65 66 67 68 69 70 71 72 73 74 75 76 77 78 79 80 81
539 1097 1132 1087 1029 944 874 828 772 722 705 625 576 536 498 442 440 392 357 367 322 293 284 266 226 225 206 184 180 165 156 141 131 124 126 107 97 85 80 81 74 53 54 61 50 32 36 38 30 31 27 26 25 24 20 19 14 14 13 8 14 10 8 8 7 5 5 4 5 5 4 3 3 3 2 3 1 2 1
539 1181 1784 2697 4240 5927 8225 11252 15346 20089 27296 33090 40929 51885 64686 74448 97566 114895 132572 178424 197792 226962 281289 332884 350177 442176 504648 547918 676336 758879 864619 975608 1117743 1264149 1575170 1641519 1774281 1913421 2141227 2562835 2857407 2484384 2953599 4001008 3952224 2899545 3985370 4913376 4395671 5500296 5656926 6238518 7039725 7918344 7723100 8574244 7375522 8598156 9297860 6654560 13530538 11215050 10401248 12043992 12191410 10062790 11617600 10718756 15438675 17771725 16351872 14091615 16178349 18557067 14179000 24354792 9289091 21239726 12132164



