13 25 37 49 61
1756 10564 41541 30203 15933
119760 572309 432847 121296 27590
24725500 3396340497859566 3440017850225756 670107421541729 2923441684470
13 25 37 49
342 966 339 12
13813 3911 516 12
2728826 5674863 514308 566
3 4 5 6 7 8 9 10 11 12 13 14 15 16 17 18 19 20 21 22 23 24 25 26 27 28 29 30 31 32 33 34 35 36 37 38 39 40 41 42 43 44 45 46 47 48 49 50 51 52 53 54 55 56 57 58 59 60 61 62 63 64 65 66 67 68 69 70 71 72 73 74 75 76 77 78 79 80 81 82 83 84 85 86 87 88 89 90 91 92 93 94 95 96 97 98 99 100 101 102 103 104 105 106 107 108 109 110 111 112 113 114 115 116 117 118 119 120 121 122 123 124 125 126 127 128 129 130 131 132 133 134 135 136 137 138 139 140 141 142 143 144 145 146 147 148 149 150 151 152 153 154 155 156 157 158 159 160 161 162 163 164 165 166 167 168 169 170 171 172 173 174 175 176 177 178 179 180 181 182 183 184 185 186 187 188 189 190 191 192 193 194 195 196 197 198 199 200 201 202 203 204 205 206 207 208 209 210 211 212 213 214 215 216 217 218 219 220 221 222 223 224 225 226 228 229 230 231 232 234 235 236 237 238 240 242 247 249 252 255
511 2320 7374 13919 25467 32961 45252 48612 52248 51992 52511 46736 47457 42594 40395 36103 34505 31002 30074 26822 26525 23844 23568 21303 20854 19319 18736 17228 17514 15712 15589 14421 13905 13054 13228 12076 12252 11241 11297 10309 10282 9364 9490 8796 8823 8316 7831 7487 7354 6873 6970 6347 6533 5966 5903 5477 5372 4946 5063 4762 4905 4345 4360 4214 3988 3722 3766 3394 3744 3234 3209 3019 2986 2759 2901 2748 2723 2492 2401 2303 2204 1924 2076 2000 2038 1904 1789 1731 1680 1630 1641 1518 1665 1512 1405 1381 1300 1189 1343 1209 1223 1123 1149 1023 1013 878 1020 887 946 819 825 763 708 681 756 636 696 634 580 556 533 461 529 476 539 474 471 506 415 372 396 346 369 383 323 340 293 237 319 274 253 264 225 305 263 203 219 192 199 169 177 141 118 122 121 112 127 103 86 115 85 76 101 96 64 78 51 76 72 56 60 48 57 55 45 46 45 36 51 44 50 47 51 47 44 37 54 32 33 49 20 33 22 18 14 20 20 23 20 17 14 14 11 12 19 19 7 17 7 5 14 9 6 16 5 7 7 6 8 7 6 6 6 9 3 19 2 2 1 3 3 1 2 1 4 1 2 1 2 2
511 2411 10172 25002 67136 124330 262062 409468 708685 1030434 1627319 2101149 3257705 3978672 5597725 6757540 9129890 10812704 14243442 16216209 21440520 23937631 31035953 34562827 44529239 49911474 61966421 70021380 90192135 97751471 124120650 135212441 166545491 186595837 234916954 251984538 323467593 343958146 429954945 464556101 572282812 599630058 745050916 800739608 978352639 1071152838 1214175613 1308073835 1594879573 1717465327 2060842759 2171506698 2702669418 2760722538 3369998014 3492226666 4149903031 4346429889 5276084134 5468980973 6926034035 6586821039 7953315956 8836648396 9870843076 10238872494 12268078846 12339799325 16167321208 15457509586 18059411695 18313111866 22126997829 22909181947 27839657255 29549751629 34444605248 34518003967 39908501813 41340755791 46745993738 45801788480 57457322518 60278019007 72582744668 72903342114 80221745800 85854109913 100120053307 104829426100 119085424524 122225349852 156867484584 153234800342 174008621916 177002232535 197770412276 205099067148 251719159177 254917163579 296775165938 288135766237 358416017057 339786038878 397926029327 377118816349 530678250917 458913337219 575327571841 544906575763 628140152515 621853512761 690110855968 691095859550 854960564704 796192910440 997852098708 981463110710 1077416605306 1072381778394 1223175121807 1113195026359 1410677605250 1402862294751 1903141111563 1635351612360 2069250649058 2198182160580 2112998365735 2128066548024 2645601740265 2315706031584 2843137149795 3353831457003 3232996645852 3346917651448 3555697595447 3017530915227 4659480873694 4440569517501 4584385791323 4951336444198 5076050619080 7114668662559 6468534415806 5440867943470 6564003568029 6515796001107 7841159147396 6693561346923 8193337934817 7020482976859 6069239454119 7540962580993 8912689900647 8137552031696 10712359658479 9169465989032 8183365881395 12378449144902 9788749365608 9987325617316 14423108644210 15357577575485 11612255062068 15683576587965 11570762380181 17352847771085 17120797243959 14533341874077 17507211369832 15846659707851 19100891030827 20674363741869 18174561567688 20871183754870 23371892783110 19049759987805 33265512589835 29599061814135 34056537482600 37724418254984 41175643201594 40736633965176 46007133756992 38902085546666 66500822657012 39983148203521 46693677732228 78108999990937 34442742018558 59609231973783 43875034383528 41559039618320 31347757658446 54200675031870 56301221443995 75212916804878 78656499699426 63223652190834 56325719468190 66055536875021 66856471016885 59092633044336 101652847737185 133028521178270 42596777014820 117845477022730 52983150024018 41267056359399 143922513567800 88335703040667 62267677953586 206876470004852 62683650250241 94012020801441 105781453190173 99609588647484 141372291315854 135471319483541 125815251207980 134744042714130 150155242560666 244371680330535 95839172088471 658219400127861 75122267165140 81436127254724 44132934884255 155460155516136 168414446012841 60806135438329 131703171940550 71304185514919 334244415703484 97862933703585 289735384992890 169296722391554 427273839641250 538465402505158
3 4 5 6 7 8 9 10 11 12 13 14 15 16 17 18 19 20 21 22 23 24 25 26 27 28 29 30 31 32 33 34 35 36 37 38 39 40 41 42 43 44 45 47 48 49 50 51 53 54
15 34 114 307 482 786 1216 2154 1216 2122 1356 1736 848 1196 640 882 392 611 316 433 199 305 132 184 58 133 56 66 41 34 31 18 21 13 21 14 24 8 6 3 4 1 4 4 2 6 2 1 4 1
15 34 166 543 1327 2908 6133 16338 15075 38430 36538 78134 53069 119491 81190 178460 97174 227609 132983 305783 144283 335910 138626 369367 101760 430202 142546 391372 183893 238210 200738 147707 179567 146762 261976 285757 501496 169901 130631 99055 158466 52030 247109 266785 150350 598485 283826 124754 698549 347050
