18 30 42 54 66
1215 19570 46839 24076 8295
235607 603340 299363 73027 10433
1253310191 7290588524988651 2396865983489812 217031275561266 15077152607
18 30 42
322 750 179
4365 1798 247
4185901 3306924 136555
3 4 5 6 7 8 9 10 11 12 13 14 15 16 17 18 19 20 21 22 23 24 25 26 27 28 29 30 31 32 33 34 35 36 37 38 39 40 41 42 43 44 45 46 47 48 49 50 51 52 53 54 55 56 57 58 59 60 61 62 63 64 65 66 67 68 69 70 71 72 73 74 75 76 77 78 79 80 81 82 83 84 85 86 87 88 89 90 91 92 93 94 95 96 97 98 99 100 101 102 103 104 105 106 107 108 109 110 111 112 113 114 115 116 117 118 119 120 121 122 123 124 125 126 127 128 129 130 131 132 133 134 135 136 137 138 139 140 141 142 143 144 145 146 147 148 149 150 151 152 153 154 155 156 157 158 159 160 161 162 163 164 165 166 167 168 169 170 171 172 173 174 175 176 177 178 179 180 181 182 183 184 185 186 187 188 189 190 191 192 193 194 195 196 197 198 199 200 201 202 203 204 205 206 207 208 209 210 211 212 213 214 215 216 217 218 219 220 222 223 224 225 226 227 228 229 230 231 233 234 237 238 239 240 242 243 244 245 246 247 249 250 252 255
435 1959 6316 11857 20807 27128 36317 38171 43494 49977 51261 46902 46904 41057 40978 36021 35787 31625 31470 27971 28002 25093 24356 21987 22120 19502 19700 17599 17764 16242 16109 14178 14463 12914 13198 12012 11978 10770 10832 9866 10072 8809 9089 8078 8481 7726 7663 6900 7161 6419 6585 6115 6104 5658 5770 5108 5255 4810 4816 4477 4684 4030 4174 3801 3961 3559 3731 3143 3415 3148 3133 2770 2957 2611 2773 2489 2486 2188 2309 2116 2351 2138 2124 1824 1960 1780 1743 1511 1655 1445 1659 1438 1494 1391 1383 1246 1276 1097 1230 1062 1087 915 1008 818 932 848 881 773 780 646 725 585 689 582 622 525 568 495 508 477 493 406 505 385 460 377 386 327 355 331 389 281 298 330 364 329 279 251 232 204 238 181 190 173 164 153 167 148 161 134 132 120 131 100 121 95 113 78 84 87 93 74 90 77 82 72 62 54 80 48 60 46 57 39 41 29 35 39 45 32 32 61 76 66 23 23 29 17 21 35 21 16 32 15 17 19 20 15 15 15 9 28 18 19 33 10 16 15 5 7 14 8 8 13 8 3 10 10 8 6 5 6 1 4 7 4 2 3 2 11 2 1 4 6 2 1 3 2 1 2 2 1 3 5
435 2053 8702 21183 54264 101173 209676 323305 584873 930487 1427336 1966963 2967236 3642325 5368848 6471155 8992119 10508682 14594227 16544609 22722432 25784804 33298651 37843555 49245633 52875451 70148420 76970816 98302940 110079228 138563859 147148118 187919261 198363576 249275724 271329953 336497293 353445933 433704078 473749818 575241999 587545947 750452662 761648666 979988066 1019817401 1216598270 1274892242 1569594888 1558876853 1939909502 2065846474 2479687171 2596967017 3199484761 3257477493 3992741179 4228879882 4940520559 5274229716 6593606507 6334322063 7763985165 7992169308 9776531908 9784670916 12350561671 11588588245 14856912297 15264573242 17508430053 17832275755 22405329172 21282083401 27212264744 27773067520 32101321383 31302087704 37260374893 39220911501 51982216756 51022344574 59997792499 55779075102 70899414559 70469152041 77267739163 77270284604 98105326576 93115718972 123865256797 118782269138 139892389218 143065841021 167923570344 169183195777 196410571323 183791639801 238905103152 226643981571 270427029244 248417172644 308951904560 277714065251 358230254428 356547704953 441453853793 424885056726 474422389991 441165322733 563086788971 491865821722 703833790154 584021572094 720358510815 693644737169 872049577361 803123290539 951242575911 960978571010 1093420109968 998726758525 1456469314293 1201583901638 1667557018220 1428935561790 1573501091250 1546265936022 1872268356143 1847657586839 2578904183873 1990021224378 2327904895719 2805779203319 3449492621883 3326687848044 3187484784616 3202427950825 3238165290158 3337126384122 4257960850380 3530436301906 4320186487551 4045738819741 4138373133529 4160240650529 5311624076908 4902270123883 6079058323787 5604566157091 5896513985466 6044314621118 7059174774548 5874399812079 8172801981418 6554077497214 8867806313068 6577893844963 7976877488630 8820408434032 11403688101675 9474413072058 12199104941097 11345300975626 13636852373466 12445610656455 12951365297298 11745696481991 18948193821093 12217437905947 18337803720175 13402362305246 19805959803500 14189663352490 17362999852270 13028435417765 18146474872770 21505264918270 25679916878745 19165333113405 21135758936190 45757726301127 63291823330135 58848956227045 22441994312581 28366569591110 32278196472205 21954415261874 30150238191982 51520598176065 37093646053927 31395856542705 63069867712145 33609932192868 46528147396729 49038994605924 65679857505240 43998377050438 50760494687488 53788967136594 34122358278177 124875804949784 87645754698397 95451708462037 182768874322478 63966799201270 114374174105700 104015647608200 44508679278234 73317606340185 123879265871130 78250637154900 86831016322580 149199011885500 103600767407160 39970737551077 144349273640452 166015981079140 151953828355738 127489674056202 115309355869245 150155242560666 27152408925615 117818199767000 223624734873099 138572505290076 75122267165140 122154190882086 95652479491840 570020570225832 131703171940550 71304185514919 308783570654048 501366623555226 195725867407170 105882246722733 343622653659114 247776886154518 133978259344888 289735384992890 338593444783108 182973889854026 640910759461875 1346163506262895
3 4 5 6 7 8 9 10 11 12 13 14 15 16 17 18 19 20 21 22 23 24 25 26 27 28 29 30 31 32 33 34 35 36 37 38 39 40 41 42 43 44 45 46 47 48 49 52 55 61
11 22 101 156 306 449 406 604 484 555 395 440 274 377 203 248 191 178 97 117 87 104 81 67 56 64 32 35 28 27 20 33 24 23 16 8 9 14 11 6 26 9 5 2 1 3 2 1 1 1
11 22 135 260 825 1577 2592 5150 6741 11411 12727 20589 18922 35997 27648 42957 45291 62848 40002 62973 64451 93983 92128 93822 101481 146304 97670 123995 107771 125792 115764 291592 256030 298569 263617 166981 199429 380793 307105 198397 1232207 351946 332710 178332 63261 189783 276872 124754 239943 715220
