8 20 21 32 33 44 45 56 57
40 957 237 7567 1705 11293 2015 1816 352
1516 17695 2668 32941 6339 18428 3362 2058 384
18234 17157244 621741 46259451615 22856332384 4482346981 588245501 52486032 7165207




3 4 5 6 7 8 9 10 11 12 13 14 15 16 17 18 19 20 21 22 23 24 25 26 27 28 29 30 31 32 33 34 35 36 37 38 39 40 41 42 43 44 45 46 47 48 49 50 51 52 53 54 55 56 57 58 59 60 61 62 63 64 65 66 67 68 69 70 71 72 73 74 75 76 77 78 79 80 81 82 83 84 85 86 87 88 89 90 91 92 93 94 95 96 97 98 99 100 101 102 103 104 105 106 107 108 109 110 111 112 113 114 115 116 117 118 119 120 121 122 123 126 127
392 1483 2661 4094 4646 5413 5207 4882 4001 3968 3740 3414 2737 2704 2669 2443 1990 1947 1916 1788 1446 1458 1367 1333 1073 1065 1074 1017 722 710 733 718 556 533 589 598 484 418 450 434 398 389 348 315 299 275 253 222 230 227 204 168 171 176 157 168 153 129 118 99 80 138 141 138 117 115 116 114 107 101 94 113 82 77 44 24 32 35 32 28 40 16 21 17 13 11 16 15 9 12 8 13 10 4 4 7 8 4 5 8 5 5 3 4 4 1 1 1 1 1 1 2 2 1 1 1 1 1 1 1 1 6 5
392 1675 3988 8733 14627 25795 37039 55755 69358 102130 133559 179527 201406 277637 356957 444011 476652 626170 785474 963278 990928 1331392 1525882 1961627 1978331 2620145 3086644 3679578 3172478 4033304 4940476 5929542 5695115 6761345 9085867 11397896 10918013 11932802 15158735 17402732 18432456 21555547 24002430 25881126 28469955 29844209 33482183 34082566 42133027 48888827 51932770 49077451 56198648 65677073 68825861 88322374 91119155 90596105 105845692 95171910 97660164 176960999 211541023 230286062 232382755 256472105 305815446 356380535 381303383 405344474 435170216 579913845 486136594 510254526 344886450 225543085 330279233 407974319 634175943 658383905 896669300 303120970 502010628 479459750 425600692 439193348 593657808 605593909 430640218 676391686 489792813 924294455 781028981 391098145 360019337 881954276 1127291500 738919076 983518128 1728306452 1248627376 1405720546 1099189883 1507559416 1219205460 342325709 384276336 431149389 483502844 541946240 607163746 1359806406 1522004312 851376628 952050665 1064144451 1188908248 1327710076 1482074143 1653668665 1844349560 15314029446 14209702500



