1 2 3 4 6 8 12 13 14 15 16 17 18 19 20 21 22 23 24 25 26 27 28 29 30 31 32 33 34 35 36 37 38 39 40 41 42 43 44 45 46 47
1 2 7 1 1 3 1 1 6 7 13 15 32 49 155 543 1226 2287 3182 3332 2925 2467 2415 2363 2396 2336 2094 2033 2044 2285 2690 3168 3184 3521 3741 3681 3424 2811 1702 684 192 25
1 2 8 1 1 3 1 1 7 8 15 16 34 53 189 707 1712 3162 4313 4342 3729 3126 3171 3120 3137 2956 2639 2600 2574 2901 3440 3916 3772 4097 4339 4081 3731 2940 1709 684 192 25
1 2 8 1 1 3 1 1 36 39 87 1996 6719 935 11034 411399 11581676 485711218 3692281415 4074613661 4097004729 2422258076 2771445154 3964205514 1495300206 955339632 1846393282 2599040054 1493305691 1118990703 4913105894 9852252694 3627643229 1656513380 9958715364 21645343929 6824656699 922055666 87472665 5689461 157787 294




3 4 5 6 7 8 9 10 11 12 13 14 15 16 17 18 19 20 21 22 23 24 25 26 27 28 29 30 31 32 33 34 35 36 37 38 39 40 41 42 43 44 45 46 47 48 49 50 51 52 53 54 55 56 57 58 59 60 61 62 63 64 65 66 67 68 69 70 71 72 73 74 75 76 77 78 79 80 81 82 83 84 85 86 87 88 89 90 91 92 93 94 95 96 97 98 99 100 101 102 103 104 105 106 107 108 109 110 111 112 113 114 115 116 117 118 119
982 2074 3054 3169 3162 2931 2934 2736 2680 2421 2453 2281 2158 2035 2009 1899 1892 1709 1706 1539 1593 1433 1393 1345 1313 1218 1211 1090 1041 979 947 920 864 792 838 755 729 694 689 605 617 581 553 500 489 473 446 438 402 361 369 345 340 308 298 283 264 240 241 223 218 202 188 184 183 167 151 140 137 136 129 114 112 101 97 93 81 74 71 69 61 53 51 47 37 39 42 30 35 34 29 23 27 25 25 19 18 17 18 14 12 12 15 12 10 9 12 8 6 6 6 4 2 2 2 1 1
982 2103 4616 6913 11118 15850 24479 32898 47765 60292 86766 110098 143165 179242 239567 296817 392959 457352 597278 684294 919151 1041926 1288205 1559275 1916796 2219685 2771651 3046175 3612216 4161583 4968296 5842814 6792623 7531927 9744167 10460899 12301067 13996048 16990189 17575217 21790755 24437007 27778619 29728875 34905846 39893710 44508372 51699218 56246759 58815493 71437647 78616142 90474626 96919269 109774665 121629403 132416133 139449839 164419034 177147348 201399163 216311502 234067570 265101922 305258823 322550786 335303420 360197362 407513947 467059570 510271936 521468919 586602246 609689375 670509091 737509564 738366447 773892914 847772935 943541448 953845906 947605778 1040815149 1096908043 982115420 1176526923 1439044404 1166630190 1543783815 1699861450 1642391017 1474584257 1958412789 2050254425 2316743000 1988376961 2126057472 2264925810 2703566448 2369218250 2286831504 2573773512 3618980685 3254987400 3048013650 3080931381 4611316032 3449195112 2901017064 3251677440 3642982476 2719612812 1522004312 1702753256 1904101330 1064144451 1188908248



