8 9 20 21 22 23 32 33 34 35 44 45 46 47 56 57 58 59 71
13 19 175 357 109 1106 1116 1992 506 5857 956 1458 356 7714 109 68 11 4762 209
63 73 1549 2998 1157 16237 2733 4665 995 22091 1258 1843 429 14157 109 68 11 5335 209
507 515 403516 1870918 3292900 2232322440 1561852233 4044573282 124463335 28273314613 612791597 679282690 124671248 20115025708 1808 515 21 1525662876 424




3 4 5 6 7 8 9 10 11 12 13 14 15 16 17 18 19 20 21 22 23 24 25 26 27 28 29 30 31 32 33 34 35 36 37 38 39 40 41 42 43 44 45 46 47 48 49 50 51 52 53 54 55 56 57 58 59 60 61 62 63 64 65 66 67 68 69 70 71 72 73 74 75 76 77 78 79 80 81 82 83 84 85 86 87 88 89 90 91 92 93 94 95 96 97 98 99 100 101 102 103 104 105 106 107 108 109 110 111 112 113 114 115 116 117 118 119 120 122 123 128
430 1375 2487 3924 4271 4572 4016 3985 3366 3406 2859 2744 2442 2433 2022 2018 1787 1865 1520 1608 1321 1345 1205 1195 1009 1083 960 972 772 895 774 800 678 687 567 562 489 508 465 482 394 392 324 336 276 246 251 232 198 210 194 226 168 159 156 143 108 103 118 132 97 100 96 89 60 76 71 73 56 46 64 73 54 56 53 69 42 49 41 50 32 34 44 38 24 18 26 31 15 16 13 10 8 3 5 7 8 4 9 6 6 2 3 3 2 4 3 1 1 1 2 1 2 3 3 6 1 1 1 2 1
430 1516 3863 8324 13714 22325 31417 48166 60925 87989 109384 147164 179182 241586 286121 365645 425551 609742 645341 876248 920362 1179746 1353761 1735933 1812725 2461800 2815953 3470927 3430165 4854488 5085354 6814796 6789923 8361702 8382934 10249911 10647018 13132277 13478218 18758635 16935399 21745818 20861525 25994102 24872472 25946822 30496859 36049616 34372903 44118162 45690313 64674737 53084988 65207468 68560900 82368221 70898879 80095434 106705501 137277221 114169999 136370981 145738051 161561743 126481683 189511828 195262216 249339761 198038765 194187313 297824682 370216103 326008133 403451451 403678536 662936962 392328426 635440761 512643002 822720612 580441910 690043241 1074468748 1084099291 751437126 634692278 1034980709 1692985710 829957820 838155093 866317280 769516745 691652278 309087968 452689057 720578234 1036102966 532923720 1468046948 1015379250 1291306210 428962252 723796137 1236310466 609602730 1369302836 1152829008 431149389 483502844 541946240 1214327492 679903203 1522004312 2554129884 2856151995 6384866706 1188908248 1327710076 1653668665 3688699120 3163127352



