5 6 16 17 18 28 29 30 40 41 42 52 53 54
43 68 471 3552 1742 4335 24464 14057 4611 24150 14582 781 4111 3026
3285 2297 4776 38105 22592 35540 196663 130036 13093 68800 44879 1102 5778 4426
162323 98233 1381785 15288379 13408212 204180607287485 716549354473835 258368725877270 9663326628524 40367576106495 16816633443652 495626467 3317705101 4669337882
5 6 16 17 18 28 29 30 40 41
11 15 35 327 145 25 155 78 1 1
102 94 122 1017 479 40 222 114 1 2
3145 1702 87743 206260 165619 2397 37257 45780 5 37
3 4 5 6 7 8 9 10 11 12 13 14 15 16 17 18 19 20 21 22 23 24 25 26 27 28 29 30 31 32 33 34 35 36 37 38 39 40 41 42 43 44 45 46 47 48 49 50 51 52 53 54 55 56 57 58 59 60 61 62 63 64 65 66 67 68 69 70 71 72 73 74 75 76 77 78 79 80 81 82 83 84 85 86 87 88 89 90 91 92 93 94 95 96 97 98 99 100 101 102 103 104 105 106 107 108 109 110 111 112 113 114 115 116 117 118 119 120 121 122 123 124 125 126 127 128 129 130 131 132 133 134 135 136 137 138 139 140 141 142 143 144 145 146 147 148 149 150 151 152 153 154 155 156 157 158 159 160 161 162 163 164 165 166 167 168 169 170 171 172 173 174 175 176 177 178 179 180 181 182 183 184 185 186 187 188 189 190 191 192 193 194 195 196 197 198 199 200 201 202 203 204 205 206 207 208 209 210 211 212 217 218 220 221 223 224 228 232 233 236 240
655 2806 7031 10216 16637 18195 22657 20845 23978 20154 21799 17833 18731 14765 16226 12684 13877 11350 12571 10036 11413 9079 10441 8226 9283 7669 8812 7069 7902 6484 7511 5952 6965 5515 6305 5239 5851 4697 5566 4425 5139 4123 4682 3926 4459 3572 4145 3488 3833 3092 3737 2804 3423 2726 3164 2523 3153 2350 2757 2206 2624 2020 2363 1922 2210 1774 2064 1665 2014 1524 1829 1432 1649 1335 1609 1227 1473 1194 1284 1059 1304 1067 1128 977 1115 907 933 812 922 787 836 691 756 682 719 573 669 556 644 487 601 489 542 442 500 428 426 368 440 388 373 312 395 339 347 264 334 297 305 244 248 247 248 205 231 234 201 179 192 189 185 149 175 156 170 137 129 118 135 127 104 110 107 105 80 76 94 74 74 66 80 63 71 51 56 52 51 45 57 50 57 39 50 28 46 30 49 26 36 24 41 21 20 21 22 19 21 15 17 6 27 14 11 13 18 4 14 11 9 6 7 11 11 8 5 5 7 3 7 5 5 5 3 2 3 4 2 1 2 2 1 1 1 1 1 4 2 1 1 2 1
655 2959 10192 20406 49725 80656 156120 214903 382772 475705 775448 911720 1398556 1519413 2323685 2441213 3630201 3882501 5764699 5810098 8814476 8766004 13072204 12718338 18749341 18823936 27879664 27651135 38371820 38417376 55880050 52707474 78606973 73330025 103906038 102116118 142992082 133551455 194832251 185829088 264752690 248949050 345332223 328703188 464001505 437295173 601256726 567696755 781035401 720540351 1043608301 912250525 1308249155 1232313102 1659812437 1499226844 2324121557 1942622418 2632219716 2413181705 3461804778 3026915467 4129321110 3822799776 5148612377 4636370501 6479869422 5828273945 8269330108 7155755968 9761405169 8645919892 11914188705 10498746337 15045022320 12927765922 17710014044 16197788899 20490668633 18509546457 27163355680 24361678410 29849254730 28335539980 37601528075 34098489816 41334181260 38873451089 51226235203 49232806431 60593955613 53945182302 69404970538 66903171104 82549643980 72178742186 100879892933 87375342728 118721932095 102791914888 140588503297 123088433820 161228016322 139333888265 184746678058 172324577413 185418703655 186913206416 259069613860 240313659130 277970345533 255568324936 358331715373 330480823999 392353759707 330871228346 466873122923 482773881312 532626969389 463661845909 563275726936 583054311329 661179065248 595739849215 759873690412 817764417909 825507064688 770540228671 941311437192 1005867410352 1120488697790 987384906926 1308087342403 1228796589666 1522058760938 1386191354031 1439240723523 1465849234242 1815923503877 1844231928797 1755928866604 1956727545964 2194607268871 2248565734797 2100985569943 2081979296471 2714386935513 2549640936349 2789600232284 2528142409334 3588366148191 3058008396138 3774478216460 2960357367283 3797948671193 3763097581938 4061801965200 3775891299840 6235512393162 5296499452324 6372998265955 4913316381041 7360134408306 4133802539340 8176072629036 5069667495410 10097348789432 5618430765302 8307880931982 6203973119324 12261414320007 7215225832184 6736630608918 7925151419353 9113423215740 8474958218120 10465766804150 8603569286885 9745185382730 4272636976910 19036215407720 10299090702399 9416107920624 11580094718647 20648624677527 4195934203441 16675010123271 13754386415263 14435113574857 10304119635213 11533638024183 19874738410613 22514716230668 16804966096434 11435322436473 14625771393326 24396215789847 9206489635590 25656783448912 17929655712198 19538068549677 20931089034717 14143700658249 14563339060139 16314381922963 24341015437040 13245975416080 6622987708040 15681312452274 17057162604750 12950095925895 14070545699287 16601598107914 18028182516671 21248279009367 92247484695396 63892781392314 44132934884255 47826239745920 121612270876658 83561103925871
3 4 5 6 7 8 9 10 11 12 13 14 15 16 17 18 19 20 21 22 23 24 25 26 27 28 29 30 31 32 33 34 37 38 39 42 43
9 28 68 104 157 218 205 237 197 183 130 111 81 81 58 36 38 43 34 33 22 18 23 14 10 10 7 7 7 4 7 4 1 3 2 2 1
9 28 100 194 439 897 1409 2390 3083 4381 4482 5763 5525 7681 7985 6638 8777 12344 14035 17672 12669 12879 26064 22935 19314 22303 16572 23310 32070 21778 41006 22416 16698 36930 35954 52030 31185
