0 12 24 36 48 60
1 188 2208 9147 11505 6591
892 2184 34361 32568 20170 7147
20790 36936 13313956944 48986337226 28778952548 1747292696




3 4 5 6 7 8 9 10 11 12 13 14 15 16 17 18 19 20 21 22 23 24 25 26 27 28 29 30 31 32 33 34 35 36 37 38 39 40 41 42 43 44 45 46 47 48 49 50 51 52 53 54 55 56 57 58 59 60 61 62 63 64 65 66 67 68 69 70 71 72 73 74 75 76 77 78 79 80 81 82 83 84 85 86 87 88 89 90 91 92 93 94 95 96 97 98 99 100 101 102 103 104 105 106 107 108 109 110 111 112 113 114 115 116 117 118 119 120 121 122 123 127 128
371 1383 2866 4718 5315 5686 5173 5326 4375 4129 3792 3572 2967 2970 2655 2666 2421 2353 2042 2072 1776 1768 1632 1671 1527 1405 1262 1332 1195 1121 1023 975 843 830 768 782 729 657 578 593 529 486 451 419 375 356 323 336 323 267 226 256 241 188 170 157 204 181 153 151 158 133 110 103 114 89 80 68 76 76 76 73 92 74 65 56 65 51 56 44 65 41 33 36 43 37 31 21 23 12 8 7 24 10 12 14 16 12 8 6 13 8 7 7 10 2 1 4 4 3 2 2 5 5 7 2 1 1 4 1 1 2 1
371 1544 4232 9694 16325 27431 37723 60371 75833 106464 140727 187485 210960 294586 351855 472752 567066 749015 822072 1078679 1193576 1554552 1824059 2347486 2718153 3226439 3598779 4590935 5127914 6193965 6766764 8073735 8344357 10216610 11399505 13399374 14755515 16726488 18257804 22314652 23703065 26806395 28367403 32223768 34056106 37334302 40124924 49385322 58281529 56324434 55388143 73502507 85102418 78904367 83137307 91949210 138690049 143584705 135890018 147402267 193099357 182614138 188453799 184493733 247363875 216195187 216342228 205843360 265307218 310089840 365114170 375779175 571208535 487380714 484979733 531351894 649388233 561469341 766310402 689233052 1198516646 910367673 817601068 963072858 1420940213 1383984371 1270725838 994470639 1117832839 696948531 496431061 490464314 1793243054 873682837 1172727731 1626495908 2396571413 1686652212 1201585088 1146545647 2878393336 2049163924 2064251399 2110024458 3456301890 684651418 384276336 1724597556 2691603244 1625838720 1214327492 1359806406 3805010780 4256883140 6664354655 2128288902 1188908248 1327710076 5928296572 1653668665 1844349560 5683881000 3163127352



