22 34 46 58 70
5215 31564 41569 19933 1714
817892 540554 183676 44414 1733
14284626333715 6523204765471018 1275234385217303 33883119320273 2816618
22 34 46
731 534 93
4351 967 109
4704348 1598510 5261
3 4 5 6 7 8 9 10 11 12 13 14 15 16 17 18 19 20 21 22 23 24 25 26 27 28 29 30 31 32 33 34 35 36 37 38 39 40 41 42 43 44 45 46 47 48 49 50 51 52 53 54 55 56 57 58 59 60 61 62 63 64 65 66 67 68 69 70 71 72 73 74 75 76 77 78 79 80 81 82 83 84 85 86 87 88 89 90 91 92 93 94 95 96 97 98 99 100 101 102 103 104 105 106 107 108 109 110 111 112 113 114 115 116 117 118 119 120 121 122 123 124 125 126 127 128 129 130 131 132 133 134 135 136 137 138 139 140 141 142 143 144 145 146 147 148 149 150 151 152 153 154 155 156 157 158 159 160 161 162 163 164 165 166 167 168 169 170 171 172 173 174 175 176 177 178 179 180 181 182 183 184 185 186 187 188 189 190 191 192 193 194 195 196 197 198 199 200 201 202 203 204 205 206 207 208 209 210 211 212 213 214 215 216 217 218 219 220 221 222 223 224 225 226 227 228 229 230 231 232 233 234 235 236 237 238 239 240 242 244 245 247 249 252
517 2254 6810 12278 29174 37021 48733 51865 58891 55249 56696 49805 52998 46331 45817 41452 42708 37160 38259 33435 34994 31870 30633 27813 29398 25851 26329 23615 24774 22163 21854 19490 20988 18332 18592 16521 18055 15951 15725 14386 15278 13743 13658 12150 12922 11994 11437 10550 11357 9843 10260 8858 9701 9046 8655 7853 8570 7599 7382 6615 7162 6749 6374 5754 6232 5425 5392 4691 5253 4982 4669 4362 4595 4133 4085 3685 4039 3887 3602 3224 3449 3148 3081 2677 2981 2851 2765 2425 2538 2358 2237 1940 2079 2063 1849 1747 1842 1775 1633 1422 1490 1536 1397 1240 1304 1204 1128 961 1033 1064 937 881 917 790 771 639 693 716 636 573 560 537 475 435 436 447 410 366 338 342 293 273 268 252 257 234 232 194 179 180 165 150 156 147 180 135 140 126 101 111 109 118 126 114 104 99 85 95 81 89 74 78 76 78 57 75 66 74 59 48 54 52 49 37 52 50 44 38 25 36 25 19 29 24 17 25 26 20 22 30 21 34 25 16 22 13 18 20 17 18 18 17 10 10 17 11 12 17 8 11 6 4 3 5 6 1 2 2 6 5 1 3 2 1 3 6 1 6 2 5 3 3 2 6 4 1 1 1 2 3 11 1 3 2
517 2363 9416 22132 69673 123711 264526 406602 734033 1022795 1643926 2076687 3319424 3939002 5856152 7022337 9902925 11290527 16327055 17768622 25086184 28708292 37291742 41864030 57445736 60664837 83335090 90482584 119217575 126042699 167504763 172588958 234382480 243296377 314788181 326623959 447800922 443681796 585915037 616234361 785574760 813046774 1041272047 1028682211 1349164993 1426289889 1707219676 1816807700 2322932042 2207791938 3004284562 2850248746 3749889250 3918013659 4847632570 4808457856 6250016431 6152586105 7509702721 7478852697 9606194374 9739646457 12048908063 12092160217 14703345969 14269991205 17898231411 16232443466 22728990970 23149686316 26634047133 28015703046 33362640776 32639283785 41217194921 39334595467 48840813761 53867250586 61104036238 60557983721 72434718133 71175466982 85245506613 80592355957 103308726275 107454616602 131437905956 128193875365 146509817891 149549594007 174079962722 160442262529 197673337782 222569112952 231350680546 254636137591 290124217973 301504202387 343555442206 311713279075 375236083731 429106154650 474417309535 464380524787 539020967301 538482308158 592423685168 552473116452 682237406203 748072136491 799390448825 858841718362 967131944412 903088881164 1033323043175 876345956770 1132212565724 1273502434444 1313113864718 1329764147617 1428999794286 1477520342201 1491134058319 1461413977006 1637511885511 1849748957308 2014729104881 1910596906967 1949113347107 2069250922776 1885527901399 1838446605402 2231099801628 2180821665230 2304395366767 2429248120096 2652181964603 2400132522097 2547002459705 2841859435359 2821937517877 2803218796704 3352553594800 3502698198683 4715345009854 3934381587693 4399265047182 4410644700989 3856154660467 4677041046634 4724150525261 5801427923237 7171050092420 6953341920144 7067199069889 7438740074659 6706329177654 8534471691120 8422914705853 9677668614511 8143711436205 9085561533383 10706149757246 11400775548998 9781638297564 13874950461350 13965076512743 16458337726978 13684446800549 12983204543445 16716040898903 15901896044334 17127896083737 14487722667351 23989592453446 23205991804125 21732834830560 21482948093610 15591816875350 23847236253575 18238002231503 17148664611759 26794824384671 21111385981707 19333049545485 27568828498494 31106763779832 27400194480631 32710260276518 50231279635525 33477283636805 60221126760019 54954184530982 34871808052807 60921679484175 36779245954443 51373271792667 64717409527331 56898154444548 66268311726105 75209934823341 70383900533668 45987059178522 50083137674060 89560905043151 65947461368330 77862650950140 132259160435710 62725249809096 92438544173649 52664530360210 40340263543068 32891121615777 57677458119352 77700575555370 14070545699287 28141091398574 33203196215828 108169095100026 97869280805725 21248279009367 69185613521547 50051747520222 27152408925615 88363649825250 191678344176942 34643126322519 225366801495420 81436127254724 220664674421275 143478719237760 155460155516136 112276297341894 364836812629974 263406343881100 71304185514919 77195892663512 83561103925871 195725867407170 343622653659114 1362772873849849 144867692496445 507890167174662 427273839641250
3 4 5 6 7 8 9 10 11 12 13 14 15 16 17 18 19 20 21 22 23 24 25 26 27 28 29 30 31 32 33 34 35 36 37 38 39 40 41 42 43 44 45 47 48 49 50 54 55 57 65
45 23 99 185 275 343 444 476 427 392 381 325 281 239 230 174 163 123 105 95 89 67 73 58 44 34 33 28 31 14 19 15 18 10 15 5 15 2 10 4 2 3 1 2 1 2 2 1 1 2 1
45 23 143 299 748 1300 2958 4289 6142 8404 12969 15688 20044 23081 31458 32035 40450 40324 48027 53314 61909 62694 81581 83394 86291 72709 84026 88227 118610 62624 134720 94084 142478 97107 190007 88851 264784 59532 314688 95304 62370 187110 37338 119758 63261 300700 211116 347050 281589 772310 1300156
