8 9 20 21 32 33 44 45
509 182 7138 5472 32594 21340 20811 11949
6013 1832 107056 87067 155479 96097 37298 20134
172278 44840 1276852586 2937192900 1339680569781706 1122955872199718 20410122379141 6574829613521
8 9 20 21 32 33 45
59 18 372 257 90 49 2
166 53 802 532 109 65 2
3080 771 765123 964038 147631 300049 261
3 4 5 6 7 8 9 10 11 12 13 14 15 16 17 18 19 20 21 22 23 24 25 26 27 28 29 30 31 32 33 34 35 36 37 38 39 40 41 42 43 44 45 46 47 48 49 50 51 52 53 54 55 56 57 58 59 60 61 62 63 64 65 66 67 68 69 70 71 72 73 74 75 76 77 78 79 80 81 82 83 84 85 86 87 88 89 90 91 92 93 94 95 96 97 98 99 100 101 102 103 104 105 106 107 108 109 110 111 112 113 114 115 116 117 118 119 120 121 122 123 124 125 126 127 128 129 130 131 132 133 134 135 136 137 138 139 140 141 142 143 144 145 146 147 148 149 150 151 152 153 154 155 156 157 158 159 160 161 162 163 164 165 166 167 168 169 170 171 172 173 174 175 176 177 178 179 180 181 182 183 184 185 186 187 188 189 190 191 192 193 194 195 196 197 198 199 200 201 202 203 204 205 206 207 208 209 210 211 212 213 214 215 216 217 218 219 220 221 222 223 224 226 229 230 231 234 235 238 239 240 241 243 244 245 246
672 2734 6111 9842 14627 18018 21686 21994 23008 21106 20598 18642 18151 16121 15787 14087 13934 12742 12250 11105 10846 10133 9741 8997 8454 7889 7769 7151 6992 6336 6327 5659 5528 5087 4869 4605 4526 4249 4070 3722 3621 3387 3304 3070 2886 2747 2663 2487 2435 2207 2225 2101 2135 1943 1764 1747 1745 1560 1528 1322 1452 1307 1332 1248 1152 1205 1122 1030 1022 984 920 907 866 868 771 767 754 752 695 646 660 649 594 588 522 551 541 497 447 452 456 464 440 411 372 390 394 355 332 329 323 337 332 280 261 275 283 273 239 196 204 218 195 182 169 195 191 161 164 138 174 187 142 143 127 150 152 115 116 97 130 125 80 94 81 89 87 58 75 60 87 72 48 66 54 68 54 44 55 58 67 56 41 51 44 47 46 33 38 22 41 30 35 27 19 31 35 25 26 12 27 32 21 15 13 20 19 14 13 8 13 15 12 15 9 14 9 10 8 8 10 10 4 10 7 9 3 6 3 3 7 7 5 4 1 7 5 6 7 2 5 2 3 4 1 3 2 3 4 2 2 1 1 1 1 1 1 1 2 2 1 2 1 1 1 1
672 2849 8517 19038 41787 76535 141211 216202 348243 475936 702555 914478 1295700 1594691 2178692 2660093 3545647 4310587 5518875 6498267 8283625 9977426 12334985 14445100 17394370 20052126 24990092 28854458 34737680 38598632 48900018 52295053 63330190 70266130 83441323 93056488 111891543 127214436 144197320 163179686 184288939 202355687 241483772 258109216 295408329 329696742 382008957 414594696 483421350 525901220 602027337 673459822 803922317 845840973 929526595 1008971274 1180968860 1233541860 1392135348 1392773087 1797755928 1812829230 2157710189 2368480017 2479661437 2990486183 3165835080 3373772127 3910277621 4381464422 4518826205 5117996779 5812768139 6556313634 6596544419 7636610857 8487943064 9633221653 10541028022 10741871045 12590808050 13840677243 14644742393 16679920882 16503549614 19240021573 21419076865 22311691251 23919673303 25861300869 29404277468 33523287212 37881665809 39504342429 39948586915 47590471140 54294730671 54492181220 60179424308 63373799338 70024747874 80320165259 91953324249 88021572745 91110069741 105956337042 123122938574 131175405659 132233998044 121002198872 135735062129 164429485620 160780087528 167298541533 176337677859 215280694364 246834493710 225161456655 264399236380 243030613540 339253268371 408556514430 336965286638 391212566731 382238717219 493833990930 586569965816 470205636260 539826332956 510424182565 780373449460 833001279462 576576775975 760004136983 714861092437 865758152237 919361959736 672491749997 969446432240 905739527210 1399665227043 1296112973907 915857187479 1419986511254 1321104642592 1833891764200 1554338539019 1387510602801 1914361111820 2290470218405 2913205442125 2683440536407 2071450453591 2938841622761 2826330182964 3320448898112 3685470268984 2691545426127 3480017115337 2139311359729 4514812979936 3417066623328 4714420415465 3728982487346 3111742749450 5130198949655 6735742775603 5165538730052 5713383042639 3166769257039 7355001091081 9850126988765 6865845738223 5243914736733 6006019047450 8360860348880 9512335089570 6946421845490 7283363550135 4844338582565 9860586399328 10984048093335 10844654247644 13066232716885 10282423307312 16601015025950 11315891251586 14708662407846 11068403261265 13358666834463 16536820236462 17748089916843 7615955914030 21504920805584 16167367920163 22583109503373 7976251413537 17904461489302 10036097951094 10637510847948 26830213413927 29232451722752 23186631202979 20117182750002 5590088317495 42101611473055 32577204691420 42657196240490 54250779063312 17057162604750 46375512876775 20170131771534 32891121615777 47666724945112 12950095925895 42211637097861 30570302496962 49804794323742 72112730066684 39147712322290 42496558018734 23061871173849 27152408925615 34643126322519 37561133582570 40718063627362 51820051838712 56138148670947 142608371029838 154391785327024 83561103925871 180873679337634 105882246722733 114540884553038 123888443077259 133978259344888
3 4 5 6 7 8 9 10 11 12 13 14 15 16 17 18 19 20 21 22 23 24 25 26 27 28 29 30 31 32 33 34 35 36 37 38 39 40 43 44 45 46 47 48 54 55
19 23 62 101 128 142 157 152 151 133 91 78 72 67 48 27 41 28 30 21 20 11 22 4 10 16 9 3 12 8 5 2 8 5 4 2 1 1 3 2 3 1 1 1 1 3
19 23 92 178 419 623 1166 1493 2426 2980 3278 4052 5107 6359 6147 4748 9301 8004 11269 11420 13097 10069 22667 5261 17137 30335 23171 11748 46738 40546 25457 14734 72679 45573 40945 30429 14883 14883 126489 93555 172433 89166 63261 75175 239943 761475
