16 28 40 41 52 53 64 65
984 17130 44577 1800 24159 1230 9624 492
233927 599589 334142 15182 79525 4291 13242 685
392771293 2193033063514258 2362082122154430 6543201264023 270857400109030 14170657185635 80704726842 4123319484
16 28 40 41 52
261 821 204 8 2
8897 2039 289 12 2
24881821 4011641 296739 393 106
3 4 5 6 7 8 9 10 11 12 13 14 15 16 17 18 19 20 21 22 23 24 25 26 27 28 29 30 31 32 33 34 35 36 37 38 39 40 41 42 43 44 45 46 47 48 49 50 51 52 53 54 55 56 57 58 59 60 61 62 63 64 65 66 67 68 69 70 71 72 73 74 75 76 77 78 79 80 81 82 83 84 85 86 87 88 89 90 91 92 93 94 95 96 97 98 99 100 101 102 103 104 105 106 107 108 109 110 111 112 113 114 115 116 117 118 119 120 121 122 123 124 125 126 127 128 129 130 131 132 133 134 135 136 137 138 139 140 141 142 143 144 145 146 147 148 149 150 151 152 153 154 155 156 157 158 159 160 161 162 163 164 165 166 167 168 169 170 171 172 173 174 175 176 177 178 179 180 181 182 183 184 185 186 187 188 189 190 191 192 193 194 195 196 197 198 199 200 201 202 203 204 205 206 207 208 209 210 211 212 213 214 215 216 217 218 219 220 221 222 223 224 225 226 228 229 230 231 232 233 234 237 238 239 240 244 245 246 247
412 1939 6432 12163 22134 29413 38234 44061 49113 46705 58035 54048 52775 46539 45343 40534 38592 34342 33382 29703 29236 25927 25051 22860 22356 19626 19710 18212 17672 16041 15765 14264 14417 12796 12734 11794 11870 10490 10928 9959 10014 8960 9177 8366 8525 7785 7891 7482 7406 6536 6706 6240 6223 5612 5802 5265 5315 4738 4914 4637 4598 4333 4301 3988 3977 3640 3702 3255 3480 3194 3217 2831 2908 2615 2820 2567 2578 2248 2287 2010 2010 1824 1848 1786 1795 1559 1583 1519 1504 1420 1399 1229 1246 1140 1210 1154 1128 1038 982 974 964 857 896 858 890 820 833 733 746 629 683 704 652 587 582 514 554 480 502 459 412 354 398 315 375 303 309 305 313 291 301 284 239 220 249 216 232 206 219 212 208 180 202 193 153 173 200 159 138 136 142 139 120 150 165 99 94 109 99 95 97 89 66 80 94 73 79 73 59 62 45 62 58 37 56 50 32 34 30 32 30 29 37 31 25 21 10 17 25 15 19 24 12 12 13 16 18 13 35 43 12 9 9 9 5 6 13 6 9 9 10 9 8 9 3 1 2 2 3 4 5 1 2 3 1 7 3 3 2 2 3 1 2 2 1 1 1 2 2
412 2033 8736 21528 57274 109283 221648 366554 642377 905733 1692296 2201239 3395074 4189383 6095198 7474762 10241486 12207940 16308785 18665077 24900181 28085697 35441440 40540444 51737334 56107751 71808171 81385410 100156849 108618445 134356476 145380476 184579244 195450507 236383629 261338750 322772552 329035391 422305690 447346246 546941641 577763000 729522249 758163844 939157091 1015568968 1223225781 1361341861 1608644972 1596455321 2007756125 2178022553 2583741270 2639639561 3312921651 3405392226 4128166252 4273323832 5192073815 5476272928 6555213890 6806050393 8118277903 8722456313 9938081832 10351073687 12635966090 12232676923 15801637349 16255193935 18781859493 18843923524 22650650775 22572459290 28150721225 28683006186 33549776727 32370899687 39419857065 37981903680 44252807203 46012066437 52611785372 54729109021 65841767327 62761786590 73664922745 79786670857 89823893348 92205358598 107569808353 101505916793 118070565114 123626108944 143485416912 155652894869 172085658356 177558725661 186726258522 209100907407 237029549693 230986924825 284355649335 282168803870 334724088781 361097704637 396251607321 382829718688 446287856077 407569549447 508815509473 563040694464 590289696551 588318715451 681468260298 622254235347 774978686920 758258604224 852288184927 881022148346 915516668920 855757693134 1074182043607 942092221682 1265386546604 1061380719618 1306489742509 1439259378035 1690135241103 1657020999513 1920516124670 1862417561092 1903223334427 1813916995617 2389323310053 2303528005818 2595590356521 2531835466180 3194643786343 3131696904572 3553940242844 3388659498742 4148780867207 4478292004408 3898392619392 4882873033796 6074377236737 5274716394120 5301423366289 5366892436671 6571983820739 6701049036897 6560122343091 8346353136399 10717241922458 6563551772735 7346714963356 9774000092057 9036844183093 10608586800174 12016039603536 10826821891510 9462912180035 11400232106047 15315491214963 13512245201375 16883923715177 15131946540492 14825470464304 16362819495515 12919179636752 19434657180862 20273153970359 12954408622263 24160931151649 22549107184265 15339143335580 18853127602835 18458696504735 19696567690610 20692209586869 23026238630375 33365610602649 27695411341212 24738032325053 24170635387669 11216282333550 21000139269291 34108602022089 23920650177784 31809556232712 45349570561685 28643122555468 27466751374673 31545153294822 42585378793773 56534952218613 39640529529951 122672396976154 155277582339240 59317938705789 37178449781528 46373262405958 43270378778527 27950441587475 41606445931290 83410170960620 43241050238940 75237489663135 91062694021173 92004504480570 90765592971903 85073733683596 107250131126502 38850287777685 12950095925895 30570302496962 33203196215828 54084547550013 78295424644580 106241395046835 23061871173849 50051747520222 81457226776845 31946390696157 242501884257633 112683400747710 122154190882086 88265869768510 95652479491840 155460155516136 65851585970275 142608371029838 154391785327024 83561103925871 114540884553038 123888443077259 267956518689776 289735384992890
3 4 5 6 7 8 9 10 11 12 13 14 15 16 17 18 19 20 21 22 23 24 25 26 27 28 29 30 31 32 33 34 35 36 37 38 39 40 41 42 43 44 45 46 47 48 49 50 51 52 54 56 57 58 63
7 24 100 203 388 687 678 856 840 1082 545 730 633 750 435 427 351 443 181 203 224 273 170 103 115 146 56 59 59 65 57 42 29 42 14 22 5 42 16 12 1 19 3 6 1 10 22 7 1 21 6 18 3 6 1
7 24 135 352 952 2079 3690 6735 10292 19692 15475 33637 33449 67342 55591 84406 74441 136405 77005 118062 119330 237614 177301 166943 207026 323836 179723 230764 220126 376124 388011 344760 290170 480216 261347 451179 93434 706744 373715 519288 52030 810810 221405 267498 63261 1075437 2048829 659558 124754 3368358 2082300 5758632 844767 3959172 966467
