2 5 6 7 8 9 10 11 12 13 14 15 16 17 18 19 20 21 22 23 24 25 26 27 28 29 30 31 32 33 34 35
3 1 1 2 1 1 3 1 2 2 3 1 4 4 6 6 6 10 13 15 6 11 8 7 3 4 3 4 4 5 6 3
3 1 1 2 1 1 3 1 2 2 3 1 4 4 8 7 7 11 18 18 7 12 8 7 3 4 3 4 4 5 6 3
4 1 3 5 3 2 3 2 2 7 9 1 13 19 56 34 275 329 1736 7785 2712 2038 1598 1264 1004 1423 876 706 314 151 42 4




2 3 4 5 6 7 8 9 10 11 12 13 14 15 16 17 18 19 20 21 22 23 24 25 26 27 28 29 30
7 13 20 21 18 13 10 8 6 7 4 4 3 4 5 2 2 3 1 1 2 1 1 2 1 1 1 1 2
7 13 25 40 60 60 80 96 82 163 168 182 189 399 505 270 352 693 297 385 980 627 792 2004 1255 1575 1958 2436 6728



