5 17 18 29 30 41 42 53 54 65 66
87 256 225 2124 3177 4640 6396 4232 6109 1135 1528
2715 4950 4799 14063 20833 11487 15465 5790 8182 1164 1534
31384 380368 424875 9783782333 23863178800 16761514397 26270189756 5177996763 7686883218 14948419 13911471




3 4 5 6 7 8 9 10 11 12 13 14 15 16 17 18 19 20 21 22 23 24 25 26 27 28 29 30 31 32 33 34 35 36 37 38 39 40 41 42 43 44 45 46 47 48 49 50 51 52 53 54 55 56 57 58 59 60 61 62 63 64 65 66 67 68 69 70 71 72 73 74 75 76 77 78 79 80 81 82 83 84 85 86 87 88 89 90 91 92 93 94 95 96 97 98 99 100 101 102 103 104 105 106 107 108 109 110 111 112 113 114 115 116 117 118 119 120 121 123 124 125 129
362 1481 2797 4366 4850 5842 5415 5248 4504 4595 3449 3078 2797 2957 2409 2186 2067 2079 1761 1775 1652 1507 1301 1355 1219 1225 1118 1130 1003 974 891 870 815 753 655 625 563 529 513 504 496 462 408 387 407 386 357 324 318 261 256 222 225 210 169 168 192 153 121 145 154 121 122 106 102 91 89 108 106 93 79 74 67 55 48 58 44 38 34 30 40 29 31 26 24 21 20 23 16 23 14 8 18 13 10 13 11 11 10 9 14 16 18 9 5 4 5 4 1 1 6 2 3 1 1 2 2 1 2 2 3 3 1
362 1647 4107 9219 15274 27877 39339 59330 75739 115226 128548 162833 201339 296649 331623 400185 506514 678537 743552 945227 1129334 1335978 1454507 1935306 2178623 2800006 3074047 3936887 4352632 5265195 5921364 7117145 8050393 9205810 9465033 11066988 11328864 13557897 15342276 18875176 21896626 25059638 25952287 30061577 35848479 39956935 46397744 47353781 53026788 53809819 62753841 65288601 75604287 80740301 80332587 84685650 119666729 107484902 102055033 142049818 178388693 153443952 193790940 203963788 227080344 232278032 272314460 356637035 394691427 403769395 408358779 439353852 461874537 416652832 455645270 584715661 481517482 478190893 491470788 465038420 725217096 600623150 655856202 711353555 780374826 790814167 725115929 1090126527 793453047 1220459045 916313205 611210846 1352877989 1192247175 1283450370 1602532510 1572822946 1877530942 1601277878 1654235272 2667970088 3431698016 4530473695 2441240550 1524006825 1369302836 2221756762 1724597556 483502844 541946240 3642982476 1359806406 2283006468 851376628 952050665 2128288902 2377816496 1327710076 2964148286 3688699120 6168444153 6873962736 3519222692



