0 1 2 3 4 5 6 7 8 9 10 11 12 13 14 15 16 17 18 19 20 21 22 23 24 25 26 27 28 29 30 31 32 33 34 35 36 37 38 39 40 41 42 43 44 45 46 47 48 49 50 51
2 5 3 6 2 4 3 5 9 7 59 58 81 89 112 82 23 28 30 46 54 67 516 795 1017 1321 1807 993 287 295 279 292 273 234 1724 2131 2144 2236 2618 1238 88 84 66 64 52 45 1018 1135 909 827 761 401
3 61 8 39 3 9 9 12 16 8 141 116 147 160 204 144 32 41 57 88 123 162 2055 3060 3524 4112 4711 2490 525 481 430 427 377 314 2666 3182 3063 3025 3363 1612 104 86 66 64 52 45 1127 1255 985 857 764 401
4 527 25 266 27 47 31 56 80 28 518 477 580 1107 1412 864 91 142 299 467 1485 6065 5164793 59050732 115672093 3944559478 1430056986 1458203830 105921276 107879333 27046727 68474687 65193629 31817075 1995645125 2806135657 2677861268 1876342187 2384932397 1374452840 914778 536255 218947 90464 43134 9781 166712077 107908702 48848758 20772629 6813160 1429580




3 4 5 6 7 8 9 10 11 12 13 14 15 16 17 18 19 20 21 22 23 24 25 26 27 28 29 30 31 32 33 34 35 36 37 38 39 40 41 42 43 44 45 46 47 48 49 50 51 52 53 54 55 56 57 58 59 60 61 62 63 64 65 66 67 68 69 70 71 72 73 74 75 76 77 78 79 80 81 82 83 84 85 86 87 88 89 90 91 92 93 94 95 96 97 98 99 100 101 102 103 104 105 106 107 108 109 111 112 113 117
563 1608 2430 2980 2868 2791 2316 2198 1906 1824 1637 1562 1339 1394 1234 1163 1038 1000 896 942 825 764 709 705 608 639 499 526 482 481 408 381 362 384 366 313 240 297 258 255 243 194 195 206 178 190 136 125 139 148 128 84 103 117 104 96 65 87 88 80 70 50 64 65 63 52 39 32 48 45 34 19 20 31 23 23 10 13 18 17 11 8 10 12 14 13 6 8 8 8 7 6 5 7 6 6 1 4 3 4 3 1 3 2 3 4 3 1 3 2 1
563 1785 3752 6813 10092 15575 19907 28528 36118 49702 62113 82968 96287 136466 162206 205597 239331 306369 349927 470860 537506 637859 731834 953015 995290 1329610 1328607 1692781 1889115 2359266 2398734 2855150 3242293 4117356 4838773 5198254 4610916 6874088 7141505 8688358 9936107 10041209 10945853 14582650 14148040 18635301 16075251 17064956 20892947 27925183 28981301 21492988 29701397 41380356 40573785 48301743 37473799 55614632 68396409 70207472 69424238 60032991 89385833 103821213 113061403 109858221 95246930 95597968 156052712 169902008 150006554 112072757 107160082 216475981 172718445 203873516 105614957 136727447 236594076 254541920 185662060 184800491 202560622 315409710 371611240 392175641 257721276 306476673 352864872 399967400 396439211 433830141 362669035 574071239 556018320 627908514 118114304 532923720 450594408 676919500 571707876 214481126 723796137 542497900 914404095 1369302836 1152829008 483502844 1625838720 1214327492 952050665



