4 15 16 27 28 39 40 51 52
169 997 2710 7707 27981 10383 37448 2820 9783
7476 16515 39800 100701 336178 37533 134403 5172 16939
401969 2179828 7308554 295432589140283 466842247355038 31592394450514 99200628773506 44538953051 92420971646
4 15 16 27 28 39 40
24 130 343 85 260 3 12
387 727 1625 153 408 3 14
7724 68130 302733 53336 106541 7 330
3 4 5 6 7 8 9 10 11 12 13 14 15 16 17 18 19 20 21 22 23 24 25 26 27 28 29 30 31 32 33 34 35 36 37 38 39 40 41 42 43 44 45 46 47 48 49 50 51 52 53 54 55 56 57 58 59 60 61 62 63 64 65 66 67 68 69 70 71 72 73 74 75 76 77 78 79 80 81 82 83 84 85 86 87 88 89 90 91 92 93 94 95 96 97 98 99 100 101 102 103 104 105 106 107 108 109 110 111 112 113 114 115 116 117 118 119 120 121 122 123 124 125 126 127 128 129 130 131 132 133 134 135 136 137 138 139 140 141 142 143 144 145 146 147 148 149 150 151 152 153 154 155 156 157 158 159 160 161 162 163 164 165 166 167 168 169 170 171 172 173 174 175 176 177 178 179 180 181 182 183 184 185 186 187 188 189 190 191 192 193 194 195 196 197 198 199 200 201 202 203 204 205 206 208 210 211 212 213 214 217 220 226 229 232
712 2625 6605 11346 18078 21857 25935 26236 27722 26103 25760 23429 22372 19804 18849 16722 16524 15139 14781 13457 13408 12027 11835 11025 10916 10333 10217 9316 9324 8659 8443 7928 8030 7342 7466 6937 6939 6304 6498 5843 5864 5581 5523 5064 5329 4829 4816 4545 4622 4171 4169 3769 3885 3618 3553 3256 3445 3042 3166 2844 2939 2740 2755 2412 2549 2364 2343 2152 2241 1950 2054 1893 1935 1797 1827 1605 1698 1606 1520 1415 1493 1304 1369 1275 1201 1135 1090 1001 1047 947 965 892 912 792 852 726 784 779 718 630 679 615 635 562 600 516 534 471 505 450 444 383 423 369 373 357 327 304 344 268 286 292 253 217 228 223 230 197 197 158 194 150 158 179 155 136 136 130 118 117 114 101 104 89 93 84 82 73 85 72 83 61 69 60 70 48 50 51 42 32 45 30 40 26 25 33 35 27 23 31 24 22 13 20 19 15 20 16 21 11 12 9 16 14 11 12 12 11 5 6 8 4 12 7 4 10 5 3 4 4 5 5 4 1 1 2 2 1 1 2 1 1 2 2 2
712 2796 9674 22420 52278 93569 174489 260527 432226 605890 888854 1180927 1654058 1993214 2710505 3266859 4257007 5196365 6823143 7773524 10319227 11842812 14693036 17546859 22206170 25364399 32399092 37051144 45000732 52008287 65144312 71098696 91906333 102375742 124112813 141333477 176341576 183091419 237772905 255981648 299063985 342295917 428667185 430699082 567191730 599902553 701509610 795876725 968068180 970235685 1209041716 1261542432 1509283911 1647827813 1978967387 1987462565 2566507727 2606957005 3122669099 3255505365 4007309925 4062080698 5004252474 4987896349 6107016038 6419542891 7637455005 7624981801 9561251520 9424102111 11235788507 11912289154 14527904282 14403563673 17710523339 17591516510 20818435267 21898957172 25060119863 24819522587 31556491338 31440841580 37061297628 38628225807 43432302348 43369088741 49625417709 51060124815 59743213698 62365913896 74435264948 70717902715 86813016058 83287051795 96901581167 96007816556 122214041799 128336481454 143248992642 134580351694 165285974031 163718011264 198935928145 184510931537 226153565603 215372030407 254462909108 237817066816 295166468325 283605795192 319107379289 315000281029 390186733443 366496525555 443411107480 428898362057 489475744449 476064955266 602273480358 518885693838 652210908634 680741211991 731947131221 677167234342 750718553355 847266928853 955037246963 876231876346 1097095190320 898683597793 1271297933235 1058968114160 1254264858164 1501317333188 1495554686972 1458215805800 1634038948189 1664111021566 1732688600656 1784760544025 1958804782207 1917414146051 2044324948664 2015588934177 2540517524301 2323992742554 2647511812495 2320771674666 3557186423656 2969064195873 3905713263374 3016697521760 3923497717228 3731013649016 4845589810334 3526707053913 4103146559184 4444923545080 4118533122964 3422653293281 5551638652158 3887949430237 6231725047919 4331465402315 4838043395538 6165404131285 7286059234270 6365825031041 6208394983644 7942594091591 6960679513527 6865181646106 4277608623802 7499161838894 8078552416828 6070973990490 10738217400520 7990653507880 12927466144360 6721878841925 9116518370576 6616235664339 12766018050458 12246355808562 11262886187742 13202821915125 16575401205235 14817240757741 6991708727855 10046255927105 16940463400343 6976857009490 29964096388987 14636338990965 9266695331004 24949132245218 16186233601692 9206489635590 12828391724456 17027536366917 19538068549677 20575724405458 18085861089460 5134205287973 6085253859260 20452817122570 22254339639117 8528581302375 8528581302375 19360168461122 12950095925895 16601598107914 54304817851230 69286252645038 88265869768510
3 4 5 6 7 8 9 10 11 12 13 14 15 16 17 18 19 20 21 22 23 24 25 26 27 28 29 30 31 32 33 36 37 38 41 42 43
12 20 93 166 241 316 362 347 279 260 226 196 177 120 92 65 70 56 48 38 24 16 17 9 13 16 9 6 5 3 4 2 5 1 1 1 1
12 20 151 305 745 1231 2412 3430 4314 5767 7690 9982 12499 12279 13477 11218 17181 16144 19233 22198 13904 15665 18946 15945 20456 33658 22566 28478 19850 8788 19060 11208 51461 10143 26015 31185 31185
