0 2 4 5 6 7 8 9 10 11 12 13 14 15 16 17 18 19 20 21 22 23 24 25 26 27 28 29 30 31 32 33 34 35 36 37 38 39 40 41 42 43 44 45 46 47 48 49 50 51 52
1 5 18 15 35 28 31 43 44 65 60 18 35 132 190 165 158 240 285 384 492 653 732 234 538 1719 2217 1258 1280 1301 1336 1402 1383 1356 1303 345 677 1856 2054 980 815 684 563 437 295 151 42 1 14 27 4
2 29 137 59 162 104 77 104 94 136 118 40 50 223 349 341 408 635 1047 1299 1891 2360 2492 797 1348 4243 5175 2743 2525 2394 2271 2197 2066 1904 1753 443 880 2366 2563 1156 926 749 604 455 300 151 42 1 14 27 4
3 114 776 275 688 388 303 385 306 546 509 242 262 1040 2570 4792 9946 24394 131324 302159 4829729 56857021 93986208 276106245 91358540 2471794215 2373187648 4011433788 2710245568 1915300666 3145443038 2365534300 3134664881 2470110237 2264731165 637400435 87567719 607922585 838130701 430958284 186947747 64720687 16704482 2633033 239583 13686 610 1 268 195 4




3 4 5 6 7 8 9 10 11 12 13 14 15 16 17 18 19 20 21 22 23 24 25 26 27 28 29 30 31 32 33 34 35 36 37 38 39 40 41 42 43 44 45 46 47 48 49 50 51 52 53 54 55 56 57 58 59 60 61 62 63 64 65 66 67 68 69 70 71 72 73 74 75 76 77 78 79 80 81 82 83 84 85 86 87 88 89 90 91 92 93 94 95 96 97 98 99 100 101 102 103 104 105 106 107 108 109 110 111 112 113 114 115 116
700 1744 2915 3572 3430 3156 2832 2601 2210 1978 1842 1814 1646 1486 1354 1284 1144 1091 943 945 823 812 760 737 641 624 590 615 484 463 407 417 396 362 306 332 293 318 234 237 220 228 210 193 173 165 150 163 129 119 110 115 115 97 78 80 79 91 64 67 62 65 72 52 56 54 44 50 42 43 36 36 34 28 26 31 23 29 22 20 18 16 17 17 14 11 13 13 9 10 8 8 7 6 5 7 6 5 6 5 5 6 5 4 4 4 3 3 3 2 2 1 1 1
700 1928 4649 8077 12376 17760 25076 34221 42552 54715 72889 98130 122782 149020 185494 231733 275045 336932 379577 491640 546770 683360 807855 987990 1087283 1312356 1554021 2002731 1939773 2279512 2472895 3180544 3643060 3960746 4156973 5397980 5712911 7507280 6656199 8112394 8973783 11049988 11920875 13452857 13989332 16150814 17261650 21474584 20566401 22746538 24829636 30059326 34460393 34543560 32086257 40298881 45781145 57582614 50497556 61889272 66492207 83566756 98366487 84660412 106457037 114591730 110267722 145584851 142069588 167568958 158182490 185274561 197969974 197126008 205454512 274880364 234491404 339809303 294230294 306503548 308138216 315246482 379611133 467450137 411877796 354760890 471490258 530553289 430640218 499959250 453073384 562054859 507736649 492061062 463348600 732559933 708685824 666154650 901188816 846149375 952846460 1286886756 1206326895 1084995800 1219205460 1369302836 1152829008 1293448167 1450508532 1083892480 1214327492 679903203 761002156 851376628



