3 15 16 27 28 29 39 40 41 51 52 53 63 64
31 319 392 2243 4359 347 5294 9001 891 1889 3016 270 339 252
815 2328 4042 17644 30447 2917 12662 20746 1944 2586 3980 337 339 252
4086 58006 84851 8019717258 28361904920 785742340 7356952467 10954496901 689722326 387630463 550291667 26079280 5844 933




3 4 5 6 7 8 9 10 11 12 13 14 15 16 17 18 19 20 21 22 23 24 25 26 27 28 29 30 31 32 33 34 35 36 37 38 39 40 41 42 43 44 45 46 47 48 49 50 51 52 53 54 55 56 57 58 59 60 61 62 63 64 65 66 67 68 69 70 71 72 73 74 75 76 77 78 79 80 81 82 83 84 85 86 87 88 89 90 91 92 93 94 95 96 97 98 99 100 101 102 103 104 105 106 107 108 109 110 111 112 113 114 115 116 117 120 123 124 127 128
505 2018 3628 5477 5919 6478 5710 5807 4429 4407 3554 3684 2900 3019 2443 2675 2164 2274 1821 2024 1601 1786 1552 1645 1301 1421 1211 1336 1115 1179 999 1034 876 911 799 809 729 736 568 582 512 533 469 441 326 356 317 323 255 302 249 270 210 218 178 162 137 159 127 143 122 130 117 110 101 94 110 100 86 79 85 93 85 84 85 85 75 73 64 44 43 40 27 35 26 18 18 22 16 14 9 18 11 9 8 11 8 7 12 10 2 3 8 5 1 2 2 4 1 2 2 1 2 1 1 1 1 1 1 1
505 2292 5352 11578 18807 31678 42720 66668 76651 112603 129949 192244 206605 301015 333020 479589 511630 705174 738036 1060362 1073435 1543509 1666716 2244660 2231416 3062086 3276450 4396386 4581457 5999526 6445487 8067191 8444558 10557044 11238131 13993425 14832600 18378377 16559446 20291264 21641993 27247547 28243845 32455743 27930583 37600660 38467144 45326279 43387716 62887388 55048977 76240272 69641594 85951837 83753241 83043723 82899683 121978045 102235190 148210051 138116147 174417288 169702211 185306206 207886176 221250457 292247966 304030603 293433256 320271607 407393680 480999872 517454032 594818498 680062216 753006549 763737016 864471964 925574591 648503842 711055288 900368518 636675567 957408430 764257890 621034502 690852967 935194137 796290583 870162671 626504092 1237378064 853562788 927263904 802048851 1300559952 944914432 1035614188 1802377632 1954631544 381138584 643443378 2680910524 1537542987 304801365 684651418 1068927754 2062000839 483502844 1083892480 1214327492 679903203 1522004312 851376628 952050665 1327710076 1844349560 2056148051 2841940500 3163127352



