3 15 27 39 51 63
271 3150 14263 44415 25895 12002
278635 196781 683286 381334 92918 17919
23361728 66086501 6264451818496130 3742234741160883 426762249341948 406775671950
3 15 27 39 51
49 587 857 244 1
33146 16927 2349 356 1
2509137 3729854 2497761 723019 3010
3 4 5 6 7 8 9 10 11 12 13 14 15 16 17 18 19 20 21 22 23 24 25 26 27 28 29 30 31 32 33 34 35 36 37 38 39 40 41 42 43 44 45 46 47 48 49 50 51 52 53 54 55 56 57 58 59 60 61 62 63 64 65 66 67 68 69 70 71 72 73 74 75 76 77 78 79 80 81 82 83 84 85 86 87 88 89 90 91 92 93 94 95 96 97 98 99 100 101 102 103 104 105 106 107 108 109 110 111 112 113 114 115 116 117 118 119 120 121 122 123 124 125 126 127 128 129 130 131 132 133 134 135 136 137 138 139 140 141 142 143 144 145 146 147 148 149 150 151 152 153 154 155 156 157 158 159 160 161 162 163 164 165 166 167 168 169 170 171 172 173 174 175 176 177 178 179 180 181 182 183 184 185 186 187 188 189 190 191 192 193 194 195 196 197 198 199 200 201 202 203 204 205 206 207 208 209 210 211 212 213 214 215 216 217 218 219 220 221 222 223 225 226 228 229 231 232 233 234 235 236 237 238 241 242 243 244 246 247 248 249 250 252 255 258
420 2218 7135 14760 28949 40489 58598 69280 87931 89252 97453 92741 88048 72682 63925 51253 44908 36391 33708 29162 28328 24887 24506 22283 22772 19866 20043 18230 18152 16103 16893 14943 15330 13585 14049 12783 13195 11315 11783 10964 11169 10137 10181 9283 9511 8550 8728 7986 8511 7263 7387 7022 7019 6160 6602 5852 6203 5522 5361 5001 5262 4459 4635 4353 4562 4017 4165 3716 3829 3424 3701 3413 3585 3042 3101 2917 2969 2415 2812 2340 2564 2228 2323 2086 2249 1915 1933 1888 1959 1601 1872 1540 1560 1385 1537 1355 1422 1181 1237 1224 1211 977 1160 907 1032 908 954 835 961 740 809 765 771 645 790 701 704 611 647 568 683 490 582 567 543 415 527 412 433 378 367 332 391 266 308 333 346 242 287 246 231 218 223 206 234 155 200 198 174 149 173 148 155 130 143 131 138 90 94 103 98 96 77 103 102 72 75 82 111 86 75 66 79 47 53 67 42 42 38 45 41 28 30 32 29 27 24 31 26 13 18 16 14 14 20 16 22 13 18 14 8 10 14 9 11 11 8 18 8 12 8 32 27 7 3 6 11 4 4 4 5 6 7 7 1 4 1 2 8 2 5 1 3 3 3 2 1 5 2 1 4 2 2 2 3
420 2306 9707 26125 72940 144491 318635 537628 1049755 1562168 2718630 3793502 5674488 6898350 9373803 10464171 13128567 13857985 16970704 18516476 23294954 25836452 32425818 36771518 48448049 51859862 67336899 74372079 93544351 100746250 131575514 138376250 180813935 189747069 248991366 265893566 338922789 340293806 437221494 484017601 605893564 635513941 792358727 829154635 1047965553 1086653740 1353018700 1404412765 1829049404 1781159448 2189341176 2384714886 2895075775 2836235403 3710874275 3705019306 4755676727 4765836392 5636238714 5878789171 7330513695 7074242779 8683679478 9107128807 11608242770 11009150383 13894273200 14032101408 16721399771 16570745091 21800483003 22162931163 27757705779 25318288132 31099465219 32552427625 37880304278 35188377024 47551261178 42973618657 56063044074 53093460554 64884464977 64472406146 80135643492 74742947640 90591227823 97538364722 117737676775 102718783693 140788055921 127983339747 149386824781 142449892906 191175447478 177687755633 220846888254 202020140325 239318283436 266369913185 294688433793 257237206220 365613327253 312941025104 393159509688 402032686338 477160830301 453621104639 574455181146 491862769874 606949004098 637179106260 758626999745 664368288988 929986299807 893004690174 1014717246277 989496541353 1194985165565 1087899765159 1532764768379 1194926788107 1691465809141 1753854660965 1912017841406 1442991356766 2291085000599 1875988197891 2129484523205 2155046511857 2312376928070 2152660111470 2983699302509 2262678972686 2914758312709 3536250154984 4048295901616 3099717066106 4422424401180 3717958238560 3978793924682 4194803271475 5081359431416 4413508153130 6377814521098 4439856847065 6042627576884 7289882233716 6849393233943 6076865845034 8832019485511 7682514447262 8442697052732 8771028569897 9538600690967 9179653370282 11479870037614 8310157344407 9700411852524 10708194015571 11756159236556 11878953679499 11495736722041 16179107042435 16346154735555 13160716372890 15107707588993 18986907363035 26797633120206 22025389309277 22140951481279 19979621429316 28384750894936 17800839651632 25001846934296 30227987923105 20346942116580 22977337680605 21401419995175 31449813164060 30257242797117 20595077098555 27966713775704 29130363080894 27274470959226 28299715649750 32377805390241 38268823761673 34581924835301 19080965670801 29176370446866 29575155442053 28643122555468 29454028231036 54415798167768 40434173523056 62865286517649 44252635941377 61626200954086 53488260688167 29822432651526 43283636586470 64845326722854 50083137674060 65257527691852 66442626910095 51908433966760 127971588721470 62725249809096 100279200399786 71961256783900 322722108344544 296020094541993 83416768653946 38850287777685 84423274195722 168136663733291 66406392431656 72112730066684 78295424644580 106241395046835 150155242560666 190066862479305 223624734873099 34643126322519 162872254509448 44132934884255 95652479491840 414560414709696 112276297341894 304030677191645 65851585970275 213912556544757 271310519006451 293588801110755 211764493445466 114540884553038 669891296724440 289735384992890 156618412527946 677186889566216 365947779708052 427273839641250 538465402505158 1016562792746040
3 4 5 6 7 8 9 10 11 12 13 14 15 16 17 18 19 20 21 22 23 24 25 26 27 28 29 30 31 32 33 34 35 36 37 38 39 40 41 42 43 44 45 46 47 48 51 58
13 33 166 379 987 1821 2294 4686 4320 6951 5184 7733 4183 5122 2378 2451 1097 971 486 340 199 196 175 101 98 94 38 36 40 40 32 15 19 18 9 15 12 7 10 7 6 3 2 4 3 3 1 1
13 33 217 633 2170 5817 11300 31377 43011 111181 125573 299491 235276 529923 350641 625666 350319 506030 277324 305152 167112 211531 223921 191261 180100 266949 143353 145287 166985 243233 187483 108344 147376 210655 115106 219763 203032 151482 314047 311168 208336 93555 127850 204105 256698 276872 124754 451276
