23 35 47 59 71
5228 35674 38598 19419 1078
634841 512605 168042 41063 1078
58230525403799 4641743226644927 960728906052089 21871863243689 303096
23 35 47
576 469 64
3121 805 71
4425851 1402170 2697
3 4 5 6 7 8 9 10 11 12 13 14 15 16 17 18 19 20 21 22 23 24 25 26 27 28 29 30 31 32 33 34 35 36 37 38 39 40 41 42 43 44 45 46 47 48 49 50 51 52 53 54 55 56 57 58 59 60 61 62 63 64 65 66 67 68 69 70 71 72 73 74 75 76 77 78 79 80 81 82 83 84 85 86 87 88 89 90 91 92 93 94 95 96 97 98 99 100 101 102 103 104 105 106 107 108 109 110 111 112 113 114 115 116 117 118 119 120 121 122 123 124 125 126 127 128 129 130 131 132 133 134 135 136 137 138 139 140 141 142 143 144 145 146 147 148 149 150 151 152 153 154 155 156 157 158 159 160 161 162 163 164 165 166 167 168 169 170 171 172 173 174 175 176 177 178 179 180 181 182 183 184 185 186 187 188 189 190 191 192 193 194 195 196 197 198 199 200 201 202 203 204 205 206 207 208 209 210 211 212 213 214 215 216 217 218 219 220 221 222 223 224 226 227 228 229 230 231 232 233 234 235 237 238 239 241 242 243 244 245 251 254
503 2220 6382 13168 23603 32507 43186 44429 50345 48167 48897 43623 44230 39242 40200 35528 35354 32339 33348 28738 29553 27159 26428 24000 24815 21946 23090 20426 19713 18853 19316 16296 17437 16000 16319 14276 14749 13299 13685 12188 12183 11326 12184 10380 10593 10168 9907 8741 9233 8196 8959 7934 7684 7348 7726 6469 6784 6332 6540 5676 5816 5349 5369 4781 4727 4335 4930 4027 4236 4014 4031 3375 3632 3259 3641 3092 3072 2826 3030 2564 2532 2517 2753 2215 2372 2215 2160 1879 1916 1752 1992 1657 1692 1645 1654 1354 1400 1254 1363 1200 1139 1129 1204 995 1010 933 1062 849 838 856 843 759 675 708 756 711 606 707 658 524 565 513 580 485 450 490 500 448 379 385 428 347 399 359 362 280 299 270 296 254 229 248 248 196 184 198 193 194 170 175 176 144 142 134 148 115 108 104 85 89 99 70 94 78 71 68 75 40 55 57 57 46 39 38 52 25 28 34 37 31 36 46 26 23 30 14 25 24 22 17 29 27 17 14 22 20 16 20 12 16 10 25 16 11 10 17 5 7 9 5 2 3 2 5 4 2 4 2 2 4 4 4 5 3 1 3 3 3 3 1 6 3 2 2 1 1 2 1 1 3 1 2
503 2338 8816 23285 60527 117180 239266 367121 656499 918763 1464313 1879833 2865020 3506232 5183545 6087670 8629323 10161547 14247721 15953283 22188475 25142696 32980280 37454284 49855251 54158264 73794139 78451193 101513997 113845642 147959460 150502212 206330690 217376100 280169060 293808285 379093048 396216060 512143624 522819003 657541900 708357359 908603201 917648757 1179327713 1237050441 1521965096 1567873778 1966383176 1982575594 2627467801 2655654393 3248769911 3434415499 4269961797 4131776404 5272838353 5333384301 6694261482 6664206276 8290781440 8298461948 10117077507 9990502058 12013425041 11957253949 15826107944 14490918923 19417920518 19038148302 23081134046 22392402894 27786772743 26836231596 36474590209 32936184384 39910464359 40261539611 49678516883 46445806412 56622778709 56844125007 73343544101 67846345658 86267905222 82781443845 98693215956 94118602254 114993232191 110727134322 144637065574 130283109962 171869132234 170222872196 195496865771 180008537177 220199169223 199722069018 265846531120 252776372809 284994243783 311090703014 368707430577 333600900249 416575703847 372469842299 499531326832 456642712068 514659660849 553687607391 617213592572 616759184097 641320006229 692267955825 799636008033 893569112172 870820212437 1130952642015 1102603497699 1046390703655 1264896784030 1110736983992 1580479309722 1459923706599 1547512338856 1821657071315 2043406713696 2042712513389 1962875635331 2020678041124 2504337491095 2475096369592 3056468519156 3122384389906 3393201556201 2914220973717 3924859822224 3404684851279 4146895075098 4022057805647 4313751101573 5085647503229 5290042952487 5183036853074 4954188200597 5196071136077 6311998165093 7006339838824 6866846625794 8247781826622 8513605323977 7421351873079 8372054739859 8180649478630 10344533785697 9124312479483 9269295309014 9661345434899 8757611778362 9597827785462 10892365672446 8308362267554 13898547378063 11149311810685 11745875130921 12902492959660 15644771406810 9212289670522 13764212770688 14540010688789 17602002822071 14443913944380 12771810187819 14961050992072 22409678239664 12335345504605 15410854207410 19658833952365 24156570673975 18894607376080 24442324615238 36634999318065 21478101005662 20598740710200 31408842487851 14366006583369 28763898395086 30480179158170 33065252386427 25943742544602 47503653642366 55355934986243 35759351202365 31441305087399 53428819985888 51405017347769 50438348694195 64208891745453 37932102963032 57435039568719 38749210502091 106496256427419 73502054040148 56476258167703 59667439374357 108049072841385 43672244712380 49280183948530 69298276995939 40579131283161 18550205150710 30255197657301 21927414410518 59583406181390 51800383703580 28141091398574 61140604993924 33203196215828 36056365033342 78295424644580 84993116037468 92247484695396 135762044628075 88363649825250 31946390696157 103929378967557 112683400747710 122154190882086 132398804652765 47826239745920 310920311032272 168414446012841 131703171940550 142608371029838 77195892663512 90436839668817 195725867407170 105882246722733 114540884553038 371665329231777 197726516681672 498582902337118
3 4 5 6 7 8 9 10 11 12 13 14 15 16 17 18 19 20 21 22 23 24 25 26 27 28 29 30 31 32 33 34 35 36 37 38 39 40 41 42 43 44 45 47 48 49 50 51 53 55 56 57 63
11 11 77 116 212 250 299 366 304 316 313 230 201 188 128 149 93 101 84 72 48 60 61 50 36 43 22 22 20 18 10 8 12 11 14 3 11 1 1 1 6 1 1 3 1 3 1 1 3 1 1 1 1
11 11 116 195 606 893 1881 3486 4544 6740 10874 11266 13726 19145 17912 27207 21882 31743 35990 42063 31911 55996 77182 72067 68308 94838 67381 68385 89078 107218 66863 60083 106183 149374 219320 37336 233686 14883 21637 26015 223811 31185 44583 227602 126522 345042 178268 124754 702998 281589 329931 329931 966467
