13 14 15 25 26 27 37 38 39 49 50 51 61 62 63
98 391 146 772 3404 1630 2431 9104 3901 1028 3739 1491 256 936 318
372 3311 1982 9322 29545 13189 6933 23929 9795 1555 5430 2125 256 936 318
1508 47599 34927 3018490078 17158765842 7289438379 4664508592 17270423148 7180035396 297034641 937163957 325253153 134811 193830 16192




3 4 5 6 7 8 9 10 11 12 13 14 15 16 17 18 19 20 21 22 23 24 25 26 27 28 29 30 31 32 33 34 35 36 37 38 39 40 41 42 43 44 45 46 47 48 49 50 51 52 53 54 55 56 57 58 59 60 61 62 63 64 65 66 67 68 69 70 71 72 73 74 75 76 77 78 79 80 81 82 83 84 85 86 87 88 89 90 91 92 93 94 95 96 97 98 99 100 101 102 103 104 105 106 107 108 109 110 111 112 115 116 117 118 125 129
488 2036 3778 5929 5934 7068 5818 6199 4984 5053 3918 4162 3329 3498 2847 3098 2408 2709 2133 2378 1768 1905 1520 1735 1374 1429 1240 1335 964 1136 920 1098 761 852 706 857 633 767 659 720 563 607 531 542 441 465 409 430 351 347 307 295 227 228 209 205 145 170 134 157 120 133 121 104 85 98 85 83 54 71 64 70 54 57 52 51 56 53 59 57 56 54 60 43 42 31 37 25 27 20 25 18 10 10 13 7 10 8 11 5 7 4 7 5 3 5 5 3 1 1 2 1 3 1 1 1
488 2287 5612 12280 18709 34631 43824 72591 85722 127202 143526 218570 236859 346238 369528 541944 563398 839825 834349 1235833 1190932 1644405 1680954 2370830 2373111 3165397 3328393 4535483 4024352 6023699 5828982 8665999 7308732 10020792 9924970 14694875 12773396 19254442 19329640 26483914 24530267 31811664 32408617 39003050 38842106 48474141 49519476 63216037 60249672 69829050 72154207 84856925 75550560 88288175 95122345 107786642 88430978 121053961 115750664 152300000 136209409 170802605 183317273 198548274 190194028 243480605 234471975 272700550 206714424 291424056 297025488 390086752 340722946 400878396 421967139 487145330 588161203 638417300 852807920 884368601 1020546600 1115084980 1398447203 1114102242 1298427262 993076865 1415968896 1172526584 1320367455 1152799672 1626004462 1195700263 772607533 917787534 1408098719 813247954 1363520108 1168845118 1884706944 977315772 1333985044 857924504 1688857653 1567526558 914404095 2246182587 1921381680 1293448167 483502844 541946240 1522004312 851376628 2856151995 1064144451 2291320912 3519222692



