7 8 9 10 11 19 20 21 22 23 31 32 33 34 35 43 44 45 46 47
251 282 361 499 325 2410 3116 3988 5212 3574 12319 12815 12849 12584 6884 7187 5910 4716 3357 1356
2411 2483 2572 3687 1895 14486 22888 32861 44769 32069 52802 50986 47156 43285 22194 11781 8896 6506 4111 1524
53510 56801 57706 78576 36058 13251860 87042567 1470551584 23633788207 111835933775 34856574136969 31690537064414 32210494774751 33381832678653 11747928208223 113290009827 25299210086 4396294106 636651398 66229949
7 8 9 10 11 19 20 21 22 23 31 32 33 34
18 20 10 15 10 62 73 61 50 31 13 6 6 4
36 36 14 24 21 120 113 91 70 43 15 7 7 4
168 317 56 161 237 72191 14905 23520 6969 3621 656 211 133 195
3 4 5 6 7 8 9 10 11 12 13 14 15 16 17 18 19 20 21 22 23 24 25 26 27 28 29 30 31 32 33 34 35 36 37 38 39 40 41 42 43 44 45 46 47 48 49 50 51 52 53 54 55 56 57 58 59 60 61 62 63 64 65 66 67 68 69 70 71 72 73 74 75 76 77 78 79 80 81 82 83 84 85 86 87 88 89 90 91 92 93 94 95 96 97 98 99 100 101 102 103 104 105 106 107 108 109 110 111 112 113 114 115 116 117 118 119 120 121 122 123 124 125 126 127 128 129 130 131 132 133 134 135 136 137 138 139 140 141 142 143 144 145 146 147 148 149 150 151 152 153 154 155 156 157 158 159 160 161 162 163 164 165 166 167 168 169 170 171 172 173 174 175 176 177 178 180 181 183 184 185 186 187 188 189 190 191 192 193 194 195 196 197 198 199 200 201
800 2767 6512 9058 12649 15856 17232 16368 17497 15704 14368 13877 13047 11022 11820 10349 9418 9540 9033 7834 8503 7584 7061 7105 6662 5858 6448 5544 5273 5413 5093 4377 4941 4192 3974 4129 3827 3412 3834 3189 3211 3264 2936 2558 2967 2472 2410 2495 2352 1995 2362 1890 1862 1921 1772 1566 1853 1476 1475 1542 1367 1205 1437 1145 1194 1246 1122 977 1160 894 885 916 866 717 991 702 729 721 676 557 707 535 565 603 525 437 585 409 408 461 383 327 446 352 342 370 311 224 348 244 244 289 256 212 258 198 186 200 179 160 227 156 161 157 149 105 138 105 118 121 125 87 112 87 70 84 83 60 97 72 64 67 59 38 61 43 49 66 49 34 50 33 28 35 31 25 46 24 28 29 18 13 28 13 23 25 13 20 12 10 17 9 13 21 10 8 14 5 5 8 2 4 9 1 3 5 2 5 4 2 2 4 3 3 7 3 4 6 2 3 2 1 1 2 1 1 2
800 2891 9836 18779 39645 74001 124588 174169 292409 388471 524940 730056 990963 1123301 1687605 2006847 2427313 3254645 4155141 4522387 6438388 7451471 8652089 11078329 13496764 14553437 20407588 22244008 25478187 31980939 38425612 38599931 53995232 56866302 65048792 81118514 95469687 96344769 133836012 134206262 160500658 192572413 216276459 210979582 301930995 302819441 338879481 405925838 473773079 448157874 645048697 606775669 695709962 820658105 943071231 915300940 1276951890 1213807872 1382519028 1628102631 1801746438 1709271773 2449003014 2301643928 2693653123 3176973315 3473392770 3246362356 4593771478 4109527534 4639491972 5417043903 6244752586 5415647257 9092392815 7223304837 8748163740 9492998056 10528480680 9490769983 14043812763 12223746057 14574836507 17061479849 17680323520 16324495424 25062680090 19755452330 22362047971 27934864760 27007248807 24920539871 39198419404 34998895572 37383775526 45568021895 45398654480 36185899768 63154214145 48125910215 56360606650 73012382049 74634197500 66095129951 94291424229 77645612254 82147777246 99849713612 102909568602 95035658134 160964777023 119491507499 136807371716 146576784923 170574092090 120551136295 193749471867 150507172187 194627984709 224255133421 269523841519 196361159231 303717269182 236006787220 226813942576 300761710881 341193192996 266917112753 502078927599 378653293096 392838697350 474109269348 444897932648 328157994909 604631173580 409168014965 591258809011 866145677166 651418399173 514455384009 911088364967 544103259620 563508730882 806628687957 727776320129 666831187981 1393492648501 731382013203 980556057826 1127058027388 727866807118 630391105083 1508012913982 712693717859 1431712692722 1656376901272 1038434654272 1634060492069 1073287077119 1012703501554 1943570720744 989330731166 1832194134704 3051382271409 1470351397395 1458686252535 2738352204741 1002340905464 1287971145910 2165013556579 549537234260 1400459270568 3217622903435 362326859895 1121778794540 2534880940820 1430147571870 3231866536090 3188344403416 2054872172808 1639753816646 4253000360023 3586739270108 3215471323011 8973025866840 4685730769492 5593366982284 10175187781159 3054547199250 5462103301956 3807977957015 1987276856363 2366022741845 4946862954818 2580840212973 3068829878530 6414195862228
3 4 5 6 7 8 9 10 11 12 13 14 15 16 17 18 19 20 21 22 23 24 25 26 27 28 31 34 35 37 42 44
12 21 55 41 68 64 74 51 40 30 26 15 25 17 11 13 8 5 5 3 2 2 2 2 2 1 1 1 1 1 1 1
12 21 88 76 219 282 547 557 652 692 980 650 1665 1456 1250 1869 1921 961 1639 1485 1084 980 1881 2046 3006 1958 3718 9130 6842 16698 21637 37338
