9 10 20 21 22 32 33 34 44 45 46 56 57 58
131 131 469 1084 220 3543 6948 1358 3879 6711 1193 1193 1909 316
1033 1219 14016 25953 4505 15366 28638 5501 6964 11812 2036 1393 2157 349
4844 13684 16297177 103306471 4282885 13520645282 25052976708 6605860615 1595844844 2538484806 459668898 47354597 51441556 6661081




3 4 5 6 7 8 9 10 11 12 13 14 15 16 17 18 19 20 21 22 23 24 25 26 27 28 29 30 31 32 33 34 35 36 37 38 39 40 41 42 43 44 45 46 47 48 49 50 51 52 53 54 55 56 57 58 59 60 61 62 63 64 65 66 67 68 69 70 71 72 73 74 75 76 77 78 79 80 81 82 83 84 85 86 87 88 89 90 91 92 93 94 95 96 97 98 99 100 101 102 103 104 105 106 107 108 110 111 112 113 114 115 116 117 119 120 125
520 1972 3662 6581 6527 8022 7149 7585 5267 5598 4955 5267 3654 3812 3578 3780 2614 2818 2652 2853 1875 2067 2001 2060 1333 1491 1559 1550 1014 1122 1179 1290 862 863 924 948 641 649 697 694 459 505 470 445 294 324 322 338 225 237 254 257 200 199 191 201 166 163 140 166 120 119 124 105 87 97 71 86 68 62 44 53 44 51 40 47 47 39 28 21 21 24 17 24 19 14 12 15 16 14 11 19 15 12 6 9 10 12 13 11 12 7 7 5 4 2 3 1 1 3 1 2 1 1 2 1 1
520 2235 5459 13410 20058 36986 50086 83408 90104 138680 171636 264032 258647 369660 449961 650570 613648 869206 1033578 1493752 1291234 1759784 2069827 2838310 2342878 3312638 4131649 5358855 4299936 5898050 7113377 10435733 8260343 10152742 12707057 16798053 13258957 16570636 20888646 26882203 20294795 26638573 30859363 35872553 26357662 33801033 39444350 51126588 36952144 46591336 60557133 72647261 63366974 72321407 85343055 102215679 92950246 116800928 112543485 160444793 135276455 149046612 189717010 175634334 185853134 232262920 192015120 277968381 230015497 257634663 200743131 289805307 249811070 382845066 330293913 499795754 479365201 478134786 406511884 310461652 349684166 548818020 379611133 712014127 601790739 491102887 433131691 633342175 835178256 814603829 709691257 1267290808 1190967479 1110236998 698719588 1103238813 1454708642 1804766516 2185103216 2123861419 2413382545 1501367882 1876554526 1356244750 1456901995 684651418 1293448167 483502844 541946240 1821491238 679903203 1522004312 851376628 952050665 2377816496 1327710076 2291320912



