3 4 5 6 7 8 9 10 11 12 13 14 15 16 17 18 19 20 21 22 23 24 25 26 27 28 29 30 31 32 33 34 35 36 37 38 39 40 41 42 43 44 45 46 47 48 49 50
5 7 11 18 21 30 23 23 27 29 23 18 47 62 74 101 156 251 251 303 662 780 661 758 1368 1622 1716 1747 1805 1807 1178 789 1337 1551 1169 1132 1506 1468 1248 1057 873 755 345 84 138 151 95 23
12 13 26 37 41 52 40 41 37 40 28 22 77 111 125 229 374 610 698 857 1736 1800 1383 1440 2712 3056 3146 3040 3020 2921 1899 1246 1870 2043 1448 1358 1751 1696 1435 1197 991 814 364 86 138 151 95 23
41 45 84 110 111 151 117 119 93 114 92 155 368 613 732 2993 10544 24837 142618 1078636 11712892 31434762 48220706 597377111 1625016889 1584795326 1481254724 2223274863 2671323507 2048386749 695492063 545723460 1216365239 1959557279 1686395287 1118347594 1034670287 651354406 474675406 226257354 109738980 39763164 6351912 28037 187069 95829 5868 58




3 4 5 6 7 8 9 10 11 12 13 14 15 16 17 18 19 20 21 22 23 24 25 26 27 28 29 30 31 32 33 34 35 36 37 38 39 40 41 42 43 44 45 46 47 48 49 50 51 52 53 54 55 56 57 58 59 60 61 62 63 64 65 66 67 68 69 70 71 72 73 74 75 76 77 78 79 80 81 82 83 84 85 86 87 88 89 90 91 92 93 94 95 96 97 98 99 100 101 102 103 104 106 107 108 109 110 111 117 118
443 1462 2151 2543 2642 2426 2139 2104 1842 1696 1680 1555 1403 1414 1216 1111 1125 1035 921 963 836 860 842 720 661 635 588 530 529 496 454 477 431 402 385 332 300 306 271 247 258 236 234 233 201 197 206 154 155 139 136 145 128 128 113 103 99 94 70 73 74 71 78 64 62 58 49 55 45 34 34 30 27 37 27 30 21 23 20 16 14 11 11 16 16 12 12 9 10 10 7 6 8 6 8 8 5 4 3 3 3 2 2 4 2 2 1 2 1 1
443 1622 3349 5679 9278 13453 18241 26778 35445 45878 64043 83346 103423 138244 163478 196541 259949 321916 365193 494343 563129 730577 901881 1001404 1159991 1352352 1564224 1749745 2137581 2556909 2887558 3545527 4070465 4699762 5366460 5627885 6090440 7288514 8074506 9138651 11221548 12250138 14404783 16937272 17393568 20368304 25239313 22603792 27600215 26451880 33340587 40290269 42760894 48959859 52991435 53990272 63728650 67931453 58907012 71125064 80903478 94410557 121659254 114640291 132142884 139318513 128771774 177362073 162490470 145714871 162710101 154347602 164917698 271294045 209832579 278883572 200847521 265470262 268453665 251108948 266806134 238813472 241071204 426437627 505231672 430768173 489370800 409265559 542082801 614620129 439796888 532142115 691652278 492061062 812708394 917899373 590571520 532923720 450594408 507689625 571707876 428962252 542497900 1219205460 684651418 768552672 431149389 967005688 952050665 1064144451



