0 12 24 36 48 60 72
1 2328 8088 36970 34435 17858 317
91455 136889 706084 485435 146272 35020 317
11941461 12119213 31908418195790 6045861700574013 847124070859499 10735142547437 7928
0 12 24 36 48
1 376 849 399 43
11511 15556 3929 700 44
1301054 1296766 5051401 780771 734
3 4 5 6 7 8 9 10 11 12 13 14 15 16 17 18 19 20 21 22 23 24 25 26 27 28 29 30 31 32 33 34 35 36 37 38 39 40 41 42 43 44 45 46 47 48 49 50 51 52 53 54 55 56 57 58 59 60 61 62 63 64 65 66 67 68 69 70 71 72 73 74 75 76 77 78 79 80 81 82 83 84 85 86 87 88 89 90 91 92 93 94 95 96 97 98 99 100 101 102 103 104 105 106 107 108 109 110 111 112 113 114 115 116 117 118 119 120 121 122 123 124 125 126 127 128 129 130 131 132 133 134 135 136 137 138 139 140 141 142 143 144 145 146 147 148 149 150 151 152 153 154 155 156 157 158 159 160 161 162 163 164 165 166 167 168 169 170 171 172 173 174 175 176 177 178 179 180 181 182 183 184 185 186 187 188 189 190 191 192 193 194 195 196 197 198 199 200 201 202 203 204 205 206 207 208 209 210 211 212 213 215 216 217 218 219 220 221 222 223 224 225 226 227 228 229 230 231 232 233 234 235 236 237 238 239 241 243 244 245 246 252 253
546 2267 7441 15184 30156 41643 57278 65432 76251 75413 77675 71983 67638 60262 56430 46773 44048 38020 35566 31757 31546 27714 27323 25046 25319 22461 23026 20549 21009 19223 18984 16993 18090 15379 15991 14844 14707 13248 13700 12084 12724 11129 11426 10180 10776 9285 9645 8771 9004 7997 8286 7467 7550 6707 6824 5963 6653 5655 6038 5439 5613 4802 5039 4502 4819 4251 4392 3788 4141 3525 3564 3214 3408 2968 3356 2766 2882 2638 2637 2292 2538 2111 2260 2070 2076 1783 1841 1681 1763 1625 1799 1407 1552 1381 1447 1309 1273 1178 1295 1088 1123 987 1000 957 997 911 958 824 883 767 762 692 701 662 802 581 659 562 567 477 529 425 527 437 470 369 397 316 398 316 345 291 289 244 256 201 223 208 248 182 186 189 182 145 175 138 177 135 165 137 128 112 120 122 102 100 148 93 106 69 85 73 69 53 52 76 65 65 44 43 50 29 42 41 50 26 29 29 30 23 24 19 25 24 26 20 31 22 15 25 23 25 19 24 23 18 12 32 19 9 10 12 11 7 11 10 5 6 6 7 4 7 7 2 3 1 1 4 5 4 6 3 3 4 6 3 5 8 4 2 2 1 3 1 1 12 2 2 1 1 2 2 2
546 2380 10086 26728 76539 148014 315054 526312 970205 1413645 2286532 3138472 4555904 5774520 8046366 9162091 12059662 13655109 16875868 19116281 24574425 27458793 34884095 39598765 51839232 56952068 74969384 82687879 106932079 119562796 150472626 161761293 215826532 221674982 283169962 315318412 386507594 412746721 523737555 547935527 707373370 720963272 905858696 944484054 1211235063 1213532403 1555928809 1597080729 2029927910 2044525137 2577038673 2652126633 3208622588 3204526623 4082965010 4009747355 5419868772 5019511331 6417921122 6541874756 8144963271 7784496942 9868494396 9875073460 12668238593 12274607887 15180734112 14701252763 19045597111 17511060966 21547305077 21010218085 26393086804 24803241472 34214434552 30679350680 38318732543 37367069131 46368561099 44155503801 57436217740 51717871358 65843525573 63974527951 76990305395 71918461544 90808118571 89468947420 108260790617 105124966965 134280129604 118007084752 156446112774 146028342213 188095061263 176937632303 200731254009 204757243113 257850768477 231783837622 288866605017 260922630464 326336050374 334262026593 401306558810 387709234359 472376241149 430591165038 566214199677 523933205984 622203879785 595949109633 733679273735 689502985861 978136830871 765904656045 1036274992466 880369021561 1118476773073 931622406792 1216649672520 1035993521529 1542201632211 1345848600036 1781438482335 1355747380588 1806763675338 1420168823534 2289008393503 1793230974082 2373782267055 2031803872505 2323091935385 2122412088282 2556794701435 2106933359331 2784854191568 2569532622983 3473346228337 2916691745155 3563454885172 3439094875966 4134721087478 3282327733188 4549536940499 3908118310364 5653371837816 4526021008122 6510377178373 5605383083148 5918047132170 5597842351319 6899777598252 7316957625770 7079287866777 7114053878088 11811399318419 7762850093256 10315864686636 6994709983626 10263056752237 8695718607912 9454834913109 7867171520266 9227033569353 13258932457155 14290694865234 13550822322195 10483341967966 11731114729221 14971350421702 10685326101008 15428546523768 15334260502835 21259034939415 11941454838080 14741278536290 16276422977430 18156996057420 14784405841565 16685790045832 13659360636234 20728626593881 22008070799234 27905881280646 23190172507239 35394058877180 29828709058800 21545153006015 37646203925386 40692290221526 48073130583635 39567329159380 54026751503816 53823611258640 50113081961564 33307390301856 93117378294180 61902737059254 31611826095417 39403063696617 58109538816245 55029989723252 39814727098114 64345761632808 65452295826565 33114938540200 42073342242040 45776308317528 59012144040387 37100410301420 76745950436813 81510820591908 25900191851790 42211637097861 15285151248481 16601598107914 72112730066684 97869280805725 84993116037468 138371227043094 75077621280333 81457226776845 117818199767000 191678344176942 103929378967557 187805667912850 325744509018896 176531739537020 95652479491840 103640103677424 56138148670947 182418406314987 65851585970275 71304185514919 926350711962144 180873679337634 211764493445466 114540884553038 123888443077259 267956518689776 427273839641250 461587108729362
3 4 5 6 7 8 9 10 11 12 13 14 15 16 17 18 19 20 21 22 23 24 25 26 27 28 29 30 31 32 33 34 35 36 37 38 39 40 41 42 43 44 45 46 47 50 51 53 54 55 65
10 37 162 287 762 1240 1874 2760 2669 4193 3237 3838 2484 2679 1634 1374 686 688 271 226 95 136 57 52 48 41 32 25 19 13 18 4 17 8 10 6 7 5 5 3 6 1 5 4 2 1 2 3 2 1 1
10 37 221 464 2026 4130 9680 20354 31605 71537 86534 174761 171386 284788 273784 355464 282891 402798 184438 240121 104560 202039 78702 103993 82421 91116 76339 84765 78548 65296 101529 36320 161072 98824 135019 87388 130912 164056 153077 90926 247042 62370 257884 240097 119758 89134 358389 551276 377751 281589 1121505
