5 16 17 28 29 40 41 52 53
278 776 4105 5742 32643 7533 38105 1843 8971
14640 15047 74908 64701 346751 26208 126215 3030 14337
688363 3569793 29055216 224134638605041 665238571860616 15054369155428 60063799583804 10678817657 33787600822
5 16 17 28 29 40 41
36 82 454 38 245 1 4
837 483 1893 50 374 1 5
20293 61266 593605 3867 347893 4 90
3 4 5 6 7 8 9 10 11 12 13 14 15 16 17 18 19 20 21 22 23 24 25 26 27 28 29 30 31 32 33 34 35 36 37 38 39 40 41 42 43 44 45 46 47 48 49 50 51 52 53 54 55 56 57 58 59 60 61 62 63 64 65 66 67 68 69 70 71 72 73 74 75 76 77 78 79 80 81 82 83 84 85 86 87 88 89 90 91 92 93 94 95 96 97 98 99 100 101 102 103 104 105 106 107 108 109 110 111 112 113 114 115 116 117 118 119 120 121 122 123 124 125 126 127 128 129 130 131 132 133 134 135 136 137 138 139 140 141 142 143 144 145 146 147 148 149 150 151 152 153 154 155 156 157 158 159 160 161 162 163 164 165 166 167 168 169 170 171 172 173 174 175 176 177 178 179 180 181 182 183 184 185 186 187 188 189 190 191 192 193 194 195 196 197 198 199 200 201 202 204 205 206 208 209 210 211 212 213 217 220 222 223 224 226 229 239
589 2468 6666 10985 17971 21486 26287 27543 29403 27939 27813 25186 23494 20884 19896 17382 16767 15024 14629 13091 13033 11570 11625 10623 10460 9360 9645 8604 8709 8094 7942 7424 7546 6850 6815 6325 6515 5882 6032 5487 5627 5114 5196 4916 4957 4423 4486 4122 4200 3896 3956 3395 3667 3353 3335 3087 3204 2846 2952 2692 2772 2538 2652 2364 2457 2224 2154 2015 2081 1910 1970 1857 1845 1658 1701 1484 1547 1416 1422 1351 1389 1205 1263 1117 1117 1014 1062 965 1033 894 949 850 892 811 822 769 785 678 729 619 675 558 580 541 536 470 515 433 471 403 390 343 410 305 365 325 344 287 320 249 270 212 248 199 242 185 217 183 185 151 160 152 156 147 134 138 129 103 129 111 103 83 106 89 100 75 69 67 71 65 58 63 69 47 46 53 43 42 45 34 39 34 34 33 32 30 32 32 34 19 18 20 29 14 23 13 21 14 18 14 11 10 10 15 15 7 15 10 4 8 12 3 6 6 3 3 3 1 5 4 3 4 2 2 1 2 3 1 2 2 2 2 2 1 4 1 1
589 2603 9764 21307 51556 91888 173947 268774 448670 639991 940823 1263233 1728743 2137769 2886978 3426826 4435602 5288681 6912479 7776018 10244326 11756570 14931105 17281311 21952472 23629400 31513366 34057881 42917314 49244634 61493629 66771456 86272744 94887198 113738469 127344698 163192035 168920091 216465068 234036637 285803844 313812538 387815120 418383739 515931570 545167096 653774358 702628238 884734814 911453295 1128445104 1117044455 1409750225 1507472967 1834098112 1857172647 2315528669 2415402375 2884820677 2997708437 3761275011 3792993110 4764298663 4862024677 5808335693 6050182906 7007896679 7024655742 8667906139 9062960958 10906744472 11323733906 13801554101 13373435204 16311735308 16044847262 19209019170 19457203516 23794615149 24113546815 29454898291 28590822228 33268772731 34179927443 39170027458 38480689705 48741336855 48530163018 56964157794 56204236995 71387016186 67448204582 83898520483 84923663120 98608313785 99555729807 119267592512 111093509366 136003952756 127547811434 160213614481 145945459122 176151029355 179071703052 202300630591 197442268833 237546581062 228370625875 283799700491 252855327947 296926395562 275225382330 384639563558 309887094757 425722269716 384930436726 527717897093 442791283435 560307428728 497303517134 614678660357 495789134161 687932905923 588783364427 802054752621 698615852816 983897888610 832136094176 950631280173 866087034294 980172993140 1077127425330 1314708210808 1199127857059 1229092624251 1459619086741 1491399364106 1257111992932 1815619725110 1675572682264 1756845881055 1501787094806 2224852314296 2099119846928 2447795465211 2126604296479 2169251061109 2261072277568 2617204117949 2604773440409 2878685236063 3218282345680 3667050325748 2727399030470 3143188782813 3851477868830 3849446848430 3660245708065 4369413841789 3544678463935 4785207561022 4582401019638 5019005564015 4889776294742 5923594631310 5192946629595 6470521207875 7922446532316 8126810833267 4513763461181 5956828313416 5934411055044 10567300942847 4884308539555 9771447360393 5428854333310 10424208644690 8036053481785 10564815860685 8382838511425 8490671617456 7921633425366 7987561593604 15295439714242 14849625457850 7320044632545 20089699282354 12365797023100 5475036278981 13100803126355 22365007026026 5462103301956 11423933871045 14636338990965 6900672589159 7312885696663 8209982188155 3068829878530 19242587586684 14283583280073 16247360746811 22414224748107 10268410575946 12170507718520 6622987708040 13829829414530 22888154158764 8528581302375 18550205150710 25900191851790 33203196215828 39147712322290 42496558018734 23061871173849 108609635702460 34643126322519 77195892663512
3 4 5 6 7 8 9 10 11 12 13 14 15 16 17 18 19 20 21 22 23 24 25 26 27 28 29 30 31 32 33 35 36 39 48 55
22 17 103 146 262 332 371 362 396 317 304 192 172 119 113 79 65 40 39 37 39 28 12 14 14 7 8 7 6 8 4 1 3 1 2 1
22 17 154 259 733 1283 2292 3409 5442 7303 10681 9927 12451 13037 15379 14711 18325 11815 16856 22372 23583 25947 14602 20117 30686 18743 22546 22288 19533 40559 26777 8349 34210 17977 253044 281589
