0 1 2 3 4 5 6 7 8 9 10 11 12 13 14 15 16 17 18 19 20 21 22 23 24 25 26 27 28 29 30 31 32 33 34 35 36 37 38 39 40 41 42 43 44 45 46 47 48 49
1 4 7 10 16 50 68 100 90 125 118 95 76 101 148 185 258 409 742 1138 1501 2158 2809 2712 3353 3884 4212 4473 4625 5038 6004 7288 6792 6650 5902 3936 3710 3391 3049 2835 2522 2281 2033 2001 1383 880 539 226 67 2
4 21 25 31 36 98 118 196 200 251 205 165 109 173 253 315 463 819 1668 2928 4354 7065 9398 8625 10275 11019 11196 11374 10947 12072 14348 17182 15365 14090 12104 7746 7064 6262 5302 4662 3786 3189 2755 2575 1675 1007 563 226 67 2
8 56 55 151 210 534 644 1327 1238 1513 1008 1040 650 1476 5747 9101 21629 71644 465332 882282 6681550 89910606 1036384167 12581090717 172302941435 11846898040786 22595949180218 14638570184677 5280699873290 2707350433595 1731530997713 1848856285233 5549563280434 7955675589518 8273079066611 9566579520554 41881600152802 25093313256067 18485892938082 9950755779364 4772091951710 1722315559258 503869682626 111838079436 17888252652 2150308194 218741704 7288630 56229 2
6 11 12 13 14 15 16 17 18 19 20 21 22 23 24 25 26 27 28 29 30 31 32 34 36 38
1 1 4 2 2 4 2 5 9 11 11 6 5 4 4 2 1 2 4 7 5 5 2 2 1 1
3 2 5 4 2 4 2 6 13 12 13 7 6 4 4 2 1 2 5 9 5 5 2 2 1 1
6 4 7 31 7 8 8 295 6013 2911 349 80 391 145 55 13 56 64 111 822 123 21 6 339 2 3
3 4 5 6 7 8 9 10 11 12 13 14 15 16 17 18 19 20 21 22 23 24 25 26 27 28 29 30 31 32 33 34 35 36 37 38 39 40 41 42 43 44 45 46 47 48 49 50 51 52 53 54 55 56 57 58 59 60 61 62 63 64 65 66 67 68 69 70 71 72 73 74 75 76 77 78 79 80 81 82 83 84 85 86 87 88 89 90 91 92 93 94 95 96 97 98 99 100 101 102 103 104 105 106 107 108 109 110 111 112 113 114 115 116 117 118 119 120 121 122 123 124 125 126 127 128 129 130 131 132 133 134 135 136 137 138 139 140 141 142 143 144 145 146 147 148 149 150 151 152 153 154 155 156 157 158 159 160 161 162 163 164 165 166 167 168 169 170 171 172 173 174 175 176 177 178 179 180 181 182 183 184 185 186 187 188 189 190 191 192 193 194 195 196 197 198 199 200 201 202 203 204 205 206 207 208 209 210 211
926 2626 4819 6605 8045 8142 8571 8436 7786 7484 6838 6413 6270 5954 5548 5300 5039 4975 4768 4580 4118 3989 3874 3643 3636 3420 3249 3239 2998 2969 2733 2610 2471 2441 2433 2178 2043 2118 1942 2000 1784 1694 1687 1661 1610 1493 1381 1364 1337 1374 1193 1186 1149 1166 1129 989 918 951 861 928 805 767 789 789 747 662 602 670 614 626 523 521 519 524 508 459 406 455 409 434 360 341 315 350 331 301 277 307 283 309 230 246 228 229 223 217 184 207 197 216 156 152 153 176 156 133 117 147 127 134 107 108 107 114 100 96 80 101 72 88 58 75 65 68 68 64 52 55 47 65 41 45 49 47 59 42 30 41 39 42 28 27 31 30 31 22 18 26 19 30 20 17 17 16 21 14 9 17 11 20 8 12 10 9 13 7 6 13 6 11 6 7 7 7 8 5 4 4 3 7 2 2 2 2 7 2 2 2 2 4 2 2 2 2 3 2 2 1 1 3 1 1 1 1 1 1 1 1 1
926 2747 6930 13746 25812 39039 63197 93868 131771 184532 245663 319558 441749 565023 723021 920395 1171461 1494245 1899938 2332384 2766253 3372791 4185347 4952664 6311307 7394166 8835540 10744125 12432510 15124213 17410519 20216032 23444069 27935928 33952308 36891853 42227442 51477044 57435423 71110286 76858033 86675080 103436678 117321603 139135320 152678720 166541529 193680613 226394359 267911246 282639921 324839252 369178555 431999028 498429326 506329867 569026660 659519536 689861924 856346937 883885895 966762274 1148513338 1289475556 1447757070 1502641765 1572757356 2000172608 2131737539 2413169056 2374546987 2691224198 3102993832 3448304003 3983132332 4080760995 4123170130 5287649550 5211694932 6490460690 6297990670 6576681668 7046081147 8400154085 9455011192 9863645055 10125120420 12758111216 13031731323 16272684291 14095308248 16434154659 17645228525 19233854610 22051396874 23575714384 22695898633 29313745685 30503059287 37553965494 31228433476 34288864427 40225861739 48694192136 48623921408 47033078931 46817068668 64613570596 61521403110 73506600904 67721579162 73855354273 83136582886 97698522532 94021489495 103947804784 96416791557 137634771378 110169963618 145527543172 106346458236 157568878523 156658844300 171420432836 194658234285 206914152767 187273521452 213301317266 204522646254 311118230995 219761498330 265023891132 319947658186 333836959616 486059267258 378151673160 296859543847 457823913372 466717673604 573828242164 420906255275 449126376021 570623741008 580518451718 677263570915 529049247686 479657779242 767132516396 612152990291 1069085427564 794109425582 740786282280 826164247801 850905141669 1233972117144 900222005273 638873008845 1333732796023 935665496657 1908699822335 830178982995 1364304276319 1275629373950 1246535689491 1983471261375 1160317626905 1102118890826 2665464266280 1348914083857 2732593983901 1624282010765 2083077429418 2284357799726 2504456658983 3177000598000 2175788489150 1906863429160 2088463324780 1715104816965 4380927271840 1369914781872 1498948823562 1639753816646 1793369635054 6863240163010 2143647548674 2342865384746 2560022084536 2796683491142 6109094398500 3335454808186 3641402201304 3974553712726 4337254210938 7098068225535 5161680425946 5629141975182 3068829878530 3345365983698 10938217296375 3972999029388 4328363658647 4714566886083 5134205287973 5590088317495 6085253859260 6622987708040 7206841706490 7840656226137
3 4 5 6 7 8 9 10 11 12 13 14 15 16 17 19 20 21 22 27 33
13 5 21 8 19 2 12 5 6 3 5 4 5 1 4 2 2 1 1 2 1
13 5 34 13 70 11 100 50 99 66 210 182 343 84 506 407 473 385 385 2830 5604
