6 7 8 9 10 11 12 13 18 19 20 21 22 23 24 25 30 31 32 33 34 35 36 37 42 43 44 45 46 47 48 49
54 38 30 48 32 69 80 42 266 431 401 443 588 724 923 507 2602 3400 2575 2091 2202 2171 2062 1020 2001 2164 1450 944 713 474 309 133
285 320 157 326 176 234 238 198 1492 2237 2477 2410 3718 3778 4535 2317 7865 9256 6285 4489 4428 3979 3709 1709 2922 3019 1910 1199 866 534 315 133
1787 2275 634 1985 823 1048 1013 1095 27593 87637 216426 450785 8668815 26494882 337058924 140951269 4977689607 4055866727 4141074042 3579011905 2790246301 2524698902 2651803160 825821486 315101757 192670876 72760211 22527121 6664070 1801743 420109 58705




3 4 5 6 7 8 9 10 11 12 13 14 15 16 17 18 19 20 21 22 23 24 25 26 27 28 29 30 31 32 33 34 35 36 37 38 39 40 41 42 43 44 45 46 47 48 49 50 51 52 53 54 55 56 57 58 59 60 61 62 63 64 65 66 67 68 69 70 71 72 73 74 75 76 77 78 79 80 81 82 83 84 85 86 87 88 89 90 91 92 93 94 95 96 97 98 99 100 101 102 103 104 105 106 108 109 111 112 114 115 117 118 120
594 2069 3500 4817 4686 4944 4344 3873 3373 3212 2705 2791 2326 2281 2143 2047 1629 1758 1528 1466 1365 1300 1115 1236 1008 922 941 955 721 848 639 667 621 598 450 581 471 454 434 430 344 407 315 328 285 314 223 295 189 218 208 207 151 186 138 160 131 133 99 115 85 93 86 79 61 76 54 64 57 45 44 53 33 38 34 33 27 24 19 21 19 14 15 13 14 8 9 12 11 6 8 7 8 5 8 6 5 4 5 2 4 2 3 3 1 2 2 1 1 1 1 1 1
594 2366 5227 10379 15370 25657 34960 47560 61714 85424 102252 146494 165031 223346 286165 353440 380721 531626 613983 748996 887908 1085790 1201319 1665163 1683827 1964711 2467075 3126267 2882313 4305834 3873227 5074206 5740296 6906187 6187051 9907066 9682527 11528294 13253989 15138311 14656260 20996309 19226161 24808795 24577238 32763718 26509106 42844257 31251627 46027080 47798350 57928051 50780664 72694469 61935845 87700417 77854466 97545331 80097726 111578164 94144248 135801423 129542016 145559239 132480772 180579784 156517752 208788804 208944027 194307284 216206292 312479941 209016245 288900647 291785694 326827403 320770554 327594885 247213939 366381384 374625042 292826453 333594767 353590006 428805883 260635122 356414557 466652076 513636000 294087734 496431061 441308327 747343189 473108322 955409662 789284556 590571520 738919076 983518128 338459750 1058058084 595619710 723796137 1025028658 342325709 768552672 967005688 541946240 679903203 761002156 952050665 1064144451 1327710076



