0 12 24 25 36 37 48 49 60 61
1 251 2842 714 12276 2824 5945 872 897 189
892 3169 33466 7751 35515 7952 8422 1360 897 189
20790 43395 13413069417 1489540562 82072127357 22126326553 1251591268 261472555 1424955 132357




3 4 5 6 7 8 9 10 11 12 13 14 15 16 17 18 19 20 21 22 23 24 25 26 27 28 29 30 31 32 33 34 35 36 37 38 39 40 41 42 43 44 45 46 47 48 49 50 51 52 53 54 55 56 57 58 59 60 61 62 63 64 65 66 67 68 69 70 71 72 73 74 75 76 77 78 79 80 81 82 83 84 85 86 87 88 89 90 91 92 93 94 95 96 97 98 99 100 101 102 103 104 105 106 107 108 109 110 111 112 113 114 115 116 117 118 119 120 121
580 1450 3095 4986 5737 6016 5744 5620 4962 4251 4089 3431 3239 2946 2811 2644 2461 2292 2086 2001 1944 1759 1756 1591 1645 1383 1377 1274 1163 1017 914 791 838 696 650 546 581 508 507 453 497 464 419 369 384 342 342 295 320 298 265 254 236 217 178 171 198 157 173 142 147 128 125 105 98 85 71 62 77 62 64 72 71 57 53 66 61 45 48 38 50 36 30 33 33 24 17 20 23 16 11 15 31 12 10 13 13 7 4 7 13 7 3 6 11 3 4 5 4 2 3 3 2 1 1 14 13 12 11
580 1624 4829 10601 17971 29324 42889 65640 87711 111699 152758 185816 233585 297511 369669 479251 578759 712078 843170 1089496 1338860 1573447 2014494 2372916 2971221 3183891 3851705 4592350 5162614 5821697 6216526 6985207 8409604 8529668 9564693 9967295 12312350 13361546 16569114 17769159 22656202 25296540 25768414 27938736 34621348 36516786 44486393 44664058 57365525 63502026 63958652 74146353 82659252 92239073 91174570 100664917 134677708 120979277 173583216 165429194 196078236 207471200 240563176 225817205 244639203 267316239 204329558 188962474 265352125 258303095 300304837 375223639 454400711 406264850 440276398 549951206 606300209 483111671 636701141 607974400 889353780 773002767 803471731 847210826 1034703945 850665255 754101527 971347084 1330277133 1061589035 883121965 1192508948 2523743347 1280456569 1283450370 1763908552 2146879920 1035614188 600792544 1184609125 2730502878 1501367882 723796137 1627493700 3761103255 1026977127 1537105344 2155746945 2691603244 1083892480 1821491238 2039709609 1522004312 851376628 952050665 14898022314 15455807224 15932520912 16302815573



