22 23 34 35 46 47 58 59 70 71
1808 4124 17068 15992 20897 18988 10336 9522 687 576
254430 531937 263101 243894 94080 82481 22467 20363 687 576
266247728421 48229422683442 2725851337513619 3278189235790760 622366242239211 530987919776263 12451115825536 11209203325446 362159 214699
22 23 34 35 46 47
206 526 240 231 32 27
1274 3087 404 421 35 28
1103476 3833134 345631 268688 1449 797
3 4 5 6 7 8 9 10 11 12 13 14 15 16 17 18 19 20 21 22 23 24 25 26 27 28 29 30 31 32 33 34 35 36 37 38 39 40 41 42 43 44 45 46 47 48 49 50 51 52 53 54 55 56 57 58 59 60 61 62 63 64 65 66 67 68 69 70 71 72 73 74 75 76 77 78 79 80 81 82 83 84 85 86 87 88 89 90 91 92 93 94 95 96 97 98 99 100 101 102 103 104 105 106 107 108 109 110 111 112 113 114 115 116 117 118 119 120 121 122 123 124 125 126 127 128 129 130 131 132 133 134 135 136 137 138 139 140 141 142 143 144 145 146 147 148 149 150 151 152 153 154 155 156 157 158 159 160 161 162 163 164 165 166 167 168 169 170 171 172 173 174 175 176 177 178 179 180 181 182 183 184 185 186 187 188 189 190 191 192 193 194 195 196 197 198 199 200 201 202 203 204 205 206 207 208 209 210 211 212 213 214 215 216 217 218 219 220 221 222 224 225 226 227 228 230 231 232 233 234 235 236 237 238 239 240 243 246 248 251
552 2357 6880 14662 24802 34745 48588 52665 58489 55358 57047 51912 51756 46210 46308 42171 41480 37835 38100 34105 34096 30681 30173 28170 28490 25072 25509 23302 22833 21184 20817 19139 19308 17416 17649 16342 16071 14592 14747 13614 13612 12322 12536 11348 11671 10383 10203 9833 9785 8713 8827 8119 8098 7349 7281 6957 6750 5932 5993 5822 5834 5171 5040 5100 5098 4535 4493 4202 4151 3767 3629 3594 3576 3204 3135 3125 3023 2701 2646 2653 2720 2385 2315 2326 2425 2144 1933 1913 2071 1748 1701 1773 1767 1574 1535 1488 1529 1362 1356 1301 1353 1099 1064 1111 1156 1099 984 954 1010 886 815 834 871 814 726 770 754 650 632 636 644 599 511 566 542 470 446 429 489 409 391 370 381 366 309 292 333 271 262 236 262 229 190 191 198 173 164 154 138 156 116 116 110 113 113 113 98 96 89 66 85 109 65 92 79 65 75 59 55 48 53 54 38 42 33 40 36 26 32 22 28 27 33 43 20 34 21 21 26 18 20 20 21 16 19 23 15 18 21 15 10 11 23 16 13 11 14 4 2 5 7 3 6 5 1 5 5 4 6 2 4 1 1 6 8 7 1 2 3 5 5 4 3 1 1 3 12 1 3 2
552 2466 9353 25562 63005 125230 263300 413790 727005 1029703 1646014 2167469 3250446 4052999 5827355 7170373 9840393 11945597 16298213 18576403 25460538 28793603 37481865 43331704 57521489 62819530 82242018 90553879 115671571 129383476 164660938 176813976 230545351 245440281 313726487 338241062 423661459 451284913 566598344 604368169 754235879 808882800 996573219 1021804671 1312982085 1353408934 1650427053 1758667896 2136320259 2243884013 2748433022 2802947029 3396502673 3592333978 4290191679 4481128543 5298814371 5254839821 6487669281 6922218262 8188543608 8323517132 9909795965 10619251756 12698239525 13116486911 15108704446 15723293310 18312615859 19014166064 21718271065 23419227796 26067024582 27566250061 31815849521 34755795796 38161676831 39846935967 43334567662 47914965385 56823595917 57571442594 65961890996 69849179555 81956568546 84408661567 90880499045 93284340525 117101446341 114367684959 127990309872 146941248883 165072451020 164784044423 192859631108 193481339664 229724549742 242000332655 270284225638 274189745452 332219230423 306535661447 349681660074 373308328349 434383602749 476703692743 504829608254 522113610299 586214539063 605144557998 650930267327 680585650534 826373959867 872553744452 908940342747 1041024049960 1140385754902 1101561237692 1205880731287 1242949300962 1430172354988 1576857908090 1551480520623 1775361533491 1935708555174 1881153876677 2082449701351 1997159422515 2615200397502 2524303613835 2808608201630 2822975037080 3169832820293 3357901244391 3320982946523 3174355959459 4040974555894 4086829007366 4564784749529 4242235944401 5214394678706 5012656429065 4535291942370 4788717457488 5881391293759 5422401849295 5865775959607 5962021697725 5289114237284 7066675795159 5888412357513 5779116686060 6560928184590 6972703059531 7713534653285 7863246306913 8562702820320 8394086605916 8416270951184 6841781828280 10167538167873 13560661882856 9254391991212 14499811765769 13105733469540 10711397354640 15622669123361 12034809289932 14338723247163 12850811734794 16296957813164 16941417867971 13591127013915 15841536026085 15368788393302 17517377925705 19106957660110 13847443717075 18446139103070 16603241580455 20169687638328 19630426092123 28716188187485 38609244969944 20313512425915 37580686043155 25349209236003 30154444108485 36786954809928 26330538106764 35689108009247 36399038754984 50824687274714 34871808052807 47120334305857 61943195670789 44575475944395 55256661000802 78656499699426 52586141342886 39076137099354 46190541728081 106584150399580 80888369401898 81116026585293 70547218602295 96656146376700 28827366825960 15681312452274 40579131283161 63432675481525 30255197657301 63146319273078 59583406181390 12950095925895 70352728496435 76425756242405 66406392431656 108169095100026 39147712322290 92247484695396 25025873760111 27152408925615 176727299650500 255571125569256 262927935077990 40718063627362 88265869768510 143478719237760 259100259193560 280690743354735 243224541753316 197554757910825 71304185514919 77195892663512 250683311777613 1270586960672796 133978259344888 469855237583838 395453033363344
3 4 5 6 7 8 9 10 11 12 13 14 15 16 17 18 19 20 21 22 23 24 25 26 27 28 29 30 31 32 33 34 35 36 37 38 39 40 41 42 43 44 45 46 47 49 50 51 52 59
16 31 106 155 221 377 409 469 398 436 346 380 261 208 194 191 177 109 110 90 57 67 51 50 32 37 34 41 21 23 22 14 11 13 16 4 14 8 12 5 4 7 4 4 8 2 1 1 1 1
16 31 148 279 632 1448 2455 4327 5747 9504 10535 18990 19185 22965 25248 37123 41851 36337 45091 50977 41587 59779 52987 73970 48415 81181 90544 146675 73012 107719 128238 105295 82380 133572 194495 56423 269044 195590 309571 183018 130867 302493 277202 186923 764610 239484 105558 105558 147273 526823
