21 33 45 57 69
3368 28601 43773 21229 3028
762837 513008 207283 50554 3131
596032136832 4899462766146265 1044813931424130 52526542830660 29887422
21 33 45
570 525 91
4461 953 105
8820875 1319036 11401
3 4 5 6 7 8 9 10 11 12 13 14 15 16 17 18 19 20 21 22 23 24 25 26 27 28 29 30 31 32 33 34 35 36 37 38 39 40 41 42 43 44 45 46 47 48 49 50 51 52 53 54 55 56 57 58 59 60 61 62 63 64 65 66 67 68 69 70 71 72 73 74 75 76 77 78 79 80 81 82 83 84 85 86 87 88 89 90 91 92 93 94 95 96 97 98 99 100 101 102 103 104 105 106 107 108 109 110 111 112 113 114 115 116 117 118 119 120 121 122 123 124 125 126 127 128 129 130 131 132 133 134 135 136 137 138 139 140 141 142 143 144 145 146 147 148 149 150 151 152 153 154 155 156 157 158 159 160 161 162 163 164 165 166 167 168 169 170 171 172 173 174 175 176 177 178 179 180 181 182 183 184 185 186 187 188 189 190 191 192 193 194 195 196 197 198 199 200 201 202 203 204 205 206 207 208 209 210 211 212 213 214 215 216 217 218 220 221 222 223 224 225 227 228 229 230 231 232 233 235 236 238 239 240 241 242 245 247 248 254
474 2162 6709 11532 21517 34034 47383 55220 62230 59116 61510 56376 56064 49000 48835 44591 44540 40013 39895 36043 35754 31418 31736 29358 28889 26407 26187 23999 24377 21139 21463 20182 19858 17884 18220 16598 16581 14632 14645 13587 13874 12362 12332 11375 11639 10230 10329 9602 9648 8848 8754 8161 8181 7213 7261 6835 6918 6190 6115 5704 5694 5040 5004 4738 4835 4464 4172 3924 3949 3599 3369 3252 3373 2949 2897 2599 2699 2391 2404 2315 2301 2153 2058 1893 1850 1708 1641 1552 1562 1486 1374 1226 1407 1287 1230 1126 1044 959 980 931 895 780 806 705 731 697 685 673 674 659 655 583 572 587 563 427 512 415 424 395 370 363 371 361 329 287 259 248 305 250 272 272 247 222 232 211 179 208 177 181 185 158 155 144 151 106 123 107 129 123 104 79 98 74 93 111 96 73 121 73 67 70 70 66 73 61 50 54 52 44 65 39 47 43 29 41 31 34 35 29 29 21 32 31 30 26 15 15 15 15 22 15 19 20 16 9 9 16 13 13 12 8 5 23 11 11 6 8 8 6 5 7 2 5 3 2 3 3 1 2 5 1 2 4 1 2 2 4 4 1 5 3 1 2 1 1 2 1 9 1
474 2241 9172 21019 56271 119829 245196 408226 733390 1045715 1689143 2231375 3399394 4152215 6065385 7326478 10537838 12448886 16885094 19450698 26460896 29439182 39826063 44853248 58201691 66991121 84533874 93723499 124860925 131085228 170557880 187596887 240284264 255107874 328022612 343331059 440662229 455129516 570883973 598531964 774702990 810954231 993116224 1039903292 1329928267 1334904234 1692312535 1755715439 2229508789 2304406878 2745641464 2863043232 3544807895 3533640470 4278934546 4446007528 5544306264 5791079047 6646433836 6940499938 8334257842 8419364464 10006621535 10434161102 12652293267 13532572019 14937852346 15232788367 18187893395 18670408118 19869020830 21918997125 26725891675 27170621533 30543498406 31201843514 37422683644 36834359033 44380727786 45841776521 53496719952 59180316914 63204865098 63938006866 74059640719 73976477242 81781152794 86576620471 101177879512 108202683424 113682079544 112370105879 142313424773 145548612844 158285029475 160123784293 176767271791 175900015567 195247247984 209498109758 227968414092 213419235889 255120209048 238348922616 288077141864 295399259222 324345234536 351411088725 413099035877 437972258194 504248678272 492282760099 532821871694 570166758748 661200831849 572549145210 752023999317 683470963636 806788653022 769276937383 915473408507 863357661810 1055312386218 1077349927695 1109634167645 1073452687345 1121873523136 1133527829360 1590837945123 1378716387340 1743260651715 1813269994756 2008286133980 1913549370767 2201072186822 2144848522137 2113996640802 2665113147598 2520379773026 2825536273693 3049021946053 2944655326074 3300505200412 3283316100930 4031330035809 2838667053786 4113933835980 3829425508490 5129130065358 5070678558828 5983055229360 3820856528634 5883927040521 4769462512241 5910933381076 7799687841785 7634712535265 6318660178237 11468160751698 7515719842692 7947163779209 9142231582194 10651317134126 10010897420626 12986061483687 10763207711900 10173224258453 11916470257232 13210979035553 11254390951070 19891192154546 11898007314165 15591861375932 17074070093595 13516422169826 17515970847260 16416420690590 19454517938505 21826762962540 19326670404365 22850406564256 16101334934112 30707954486841 26952342342093 30931047984839 30692938927598 16675010123271 18548695534650 20265141963747 22135512870051 37918650631212 30936935453028 39234177647958 41921740116532 36277198778512 22368292032245 26977056002820 49881777916559 45175907140764 48639362462334 46368281963604 40796084181657 21641818293235 115988529613929 60123322403879 64957130284800 39737926248240 69149147072650 67396833436998 51171487814250 46375512876775 68975534579545 21927414410518 59583406181390 38850287777685 28141091398574 49804794323742 54084547550013 19573856161145 42496558018734 115309355869245 25025873760111 58909099883500 127785562784628 34643126322519 75122267165140 81436127254724 176531739537020 191304958983680 56138148670947 304030677191645 213912556544757 77195892663512 167122207851742 90436839668817 97862933703585 247776886154518 144867692496445 1409565712751514 249291451168559
3 4 5 6 7 8 9 10 11 12 13 14 15 16 17 18 19 20 21 22 23 24 25 26 27 28 29 30 31 32 33 34 35 36 37 38 39 40 41 42 43 44 45 46 47 48 50 51 52 53 55 57 58 59 60
13 17 85 150 251 370 424 490 441 429 292 352 351 249 174 212 145 125 115 121 90 73 64 79 43 49 35 43 28 25 22 27 16 14 10 16 13 4 6 16 8 9 3 2 1 2 5 1 1 1 2 1 2 1 1
13 17 116 272 671 1370 2684 4399 6414 9217 10304 17833 24172 24640 23533 38804 37262 40121 53680 61902 63507 65202 73958 115794 74005 112079 114239 169282 116906 135179 138766 214965 168403 133450 126910 371415 259002 99035 143674 659797 279236 619850 156597 142340 106348 126522 745920 211116 249508 147273 690041 386155 902552 772310 902552
