18 29 30 41 42 53 54 65 66
1847 11532 7162 27926 18892 14017 10172 4963 3486
276095 319208 193433 184536 123040 42509 31133 6331 4419
623963597 2292232240099396 874971028979041 1420751189814198 537055212111518 127401228384648 83793893952020 11885511509 7192670731
18 29 30 41 42
406 439 302 107 74
7711 931 658 152 100
3353068 897555 1466921 45501 65210
3 4 5 6 7 8 9 10 11 12 13 14 15 16 17 18 19 20 21 22 23 24 25 26 27 28 29 30 31 32 33 34 35 36 37 38 39 40 41 42 43 44 45 46 47 48 49 50 51 52 53 54 55 56 57 58 59 60 61 62 63 64 65 66 67 68 69 70 71 72 73 74 75 76 77 78 79 80 81 82 83 84 85 86 87 88 89 90 91 92 93 94 95 96 97 98 99 100 101 102 103 104 105 106 107 108 109 110 111 112 113 114 115 116 117 118 119 120 121 122 123 124 125 126 127 128 129 130 131 132 133 134 135 136 137 138 139 140 141 142 143 144 145 146 147 148 149 150 151 152 153 154 155 156 157 158 159 160 161 162 163 164 165 166 167 168 169 170 171 172 173 174 175 176 177 178 179 180 181 182 183 184 185 186 187 188 189 190 191 192 193 194 195 196 197 198 199 200 201 202 203 204 205 206 207 208 209 210 211 212 213 214 216 217 218 220 221 222 223 224 225 226 227 228 230 231 232 234 235 236 237 238 239 240 242 243 244 246 247
383 1961 6365 11819 21031 27103 36752 39838 46873 52894 54192 50237 48794 42856 41420 36990 35513 32112 30712 27210 26434 23600 22779 20971 20348 18148 18037 16125 15789 14279 14297 12834 13231 11737 11505 10499 10825 9406 9643 8650 8826 7984 7959 7240 7546 6612 6836 6198 6498 5755 5925 5395 5646 5031 5196 4737 4843 4292 4258 3988 4200 3607 3731 3389 3438 3154 3257 2840 3072 2700 2703 2525 2675 2176 2345 2149 2183 1993 2064 1778 1898 1669 1892 1703 1773 1486 1644 1399 1412 1259 1297 1121 1267 1166 1179 1150 1129 891 988 892 893 797 890 744 754 686 705 646 677 590 593 526 532 479 563 397 493 415 438 434 415 306 376 347 319 326 300 254 307 302 270 273 290 231 248 226 269 288 296 208 206 195 158 171 170 138 137 127 133 136 120 108 115 107 96 120 95 97 98 90 81 77 86 83 81 72 62 53 58 51 56 46 46 45 41 37 38 32 40 37 38 35 18 28 62 58 62 22 9 21 11 14 22 24 21 16 14 8 8 24 12 10 13 13 19 15 4 13 7 4 9 6 4 3 8 4 3 1 6 2 1 3 1 4 2 3 2 4 2 1 1 2 2 1 1 2 3 2 3
383 2059 8728 21252 55125 100576 210757 328131 610717 979406 1510971 2097393 3106792 3889179 5508748 6847076 9118826 11102937 14600131 16990009 21912791 25172870 31600241 36876216 46349950 51625213 64921518 72628956 88722985 97764727 121317941 133027898 167628130 181617432 218122692 236841141 297122369 306733373 378203441 399688080 494902104 520666195 630708304 666131579 828175998 840918958 1053872896 1124605248 1396950387 1401137998 1743899967 1849040048 2316910181 2348576717 2869137242 2968978661 3652870108 3766615737 4393408434 4697757492 5791391598 5726348851 7078467358 7282256317 8494551906 8628928869 10707817992 10434563005 13442614569 13200304583 15265320274 16206531610 20018557772 18283883438 22841926168 23681761423 27633993142 28546643189 34503031567 32914310353 40105944506 39588521297 52123716734 51120920895 64129270645 58950956949 74658365532 70820709985 82026210152 82302305705 95569931274 93001788844 118798981553 124060109431 137027786073 151261697907 168490390445 149233929319 189754694015 188490970584 212624543765 217191207612 270971813096 243277913610 290162725676 290634071755 334176936086 329590825007 412560963672 397723835032 442258455656 438923698389 496136572276 487869507753 671749384494 500922624334 705980972554 662831280968 793573496497 847933226939 948274690522 747738527884 1006606883073 1031158824981 1072830131177 1208621592933 1255230523228 1137271033036 1549120540807 1703972103439 1681205243630 1776568676696 2260296810334 1863996125364 2277275855036 2336751623861 2903110842354 3421259618889 3887638433481 3140619145146 3577197409315 3530179829758 3265497225652 4071841709365 4253226816053 3731426861669 4291335692296 4218185314147 4842148253580 5541367361267 5348269838821 5113957640892 6056094779572 6517929533936 6377899974435 8879428590633 7431912553582 8373542843750 9590940970056 9299233951493 9307617710270 9616850392557 12794035992228 12441803853309 13158150408576 12785235231270 12299368886974 12066525612615 14962394507469 13383523175963 17030231395447 14000841449792 16483243443031 17047075234277 17134561099651 16729596592655 20287756275220 16768506092500 23066939037680 23635215036720 28158156457546 25280068248747 14662428803091 24928548979427 62236022403094 61343530866383 74150946643525 29417324815692 18038485295055 32310700651210 21662738003686 26392674330426 52978539886788 56558079107497 63485097862396 44092131651106 42929558829894 24042121246362 25380247343744 85400793232011 52352720438802 42217542698693 58972150154463 74075610506365 119790761778236 91278807888900 30426269296300 90769672192120 53616964543665 33426400133262 105329060720420 58890468693778 46713750914093 38850287777685 112564365594296 66406392431656 54084547550013 19573856161145 127489674056202 46123742347698 25025873760111 81457226776845 29454549941750 127785562784628 75122267165140 122154190882086 88265869768510 207280207354848 112276297341894 60806135438329 65851585970275 142608371029838 154391785327024 83561103925871 97862933703585 211764493445466 343622653659114 267956518689776 434603077489335
3 4 5 6 7 8 9 10 11 12 13 14 15 16 17 18 19 20 21 22 23 24 25 26 27 28 29 30 31 32 33 34 35 36 37 38 39 41 42 43 45 47 51 53 63
11 28 93 251 311 476 701 1092 619 824 620 866 388 521 404 491 197 227 208 248 94 115 111 143 50 64 67 86 21 30 45 50 15 16 22 23 6 8 1 3 2 1 1 1 1
11 28 132 411 760 1632 3491 8487 7951 17051 16886 38049 26428 51319 51023 95949 52953 85656 86972 135835 77606 123869 108503 208359 93156 159463 188680 280214 93259 193051 270549 360003 121898 172170 327204 415826 118481 266329 21637 99708 119259 63261 124754 173525 966467
