26 27 38 39 50 51 62 63
10155 2099 41225 3799 25906 2684 12861 1271
595912 92668 387491 32995 97847 10391 20524 2052
2165983043153638 45998759584075 3340120395212865 178769099390068 489183092143986 40534448257846 881328959410 56335747412
26 27 38 39 50 51
668 126 260 23 9 1
2073 309 394 40 9 1
7882032 230994 324961 33059 20 2
3 4 5 6 7 8 9 10 11 12 13 14 15 16 17 18 19 20 21 22 23 24 25 26 27 28 29 30 31 32 33 34 35 36 37 38 39 40 41 42 43 44 45 46 47 48 49 50 51 52 53 54 55 56 57 58 59 60 61 62 63 64 65 66 67 68 69 70 71 72 73 74 75 76 77 78 79 80 81 82 83 84 85 86 87 88 89 90 91 92 93 94 95 96 97 98 99 100 101 102 103 104 105 106 107 108 109 110 111 112 113 114 115 116 117 118 119 120 121 122 123 124 125 126 127 128 129 130 131 132 133 134 135 136 137 138 139 140 141 142 143 144 145 146 147 148 149 150 151 152 153 154 155 156 157 158 159 160 161 162 163 164 165 166 167 168 169 170 171 172 173 174 175 176 177 178 179 180 181 182 183 184 185 186 187 188 189 190 191 192 193 194 195 196 197 198 199 200 201 202 203 204 205 206 207 208 209 210 211 212 213 214 215 216 217 218 219 220 221 222 223 224 225 226 229 230 231 232 233 235 236 237 239 240 242 244 246 248 250
433 2007 6272 12229 22343 29037 39165 40302 44645 41771 42855 37824 39264 35057 35128 31901 32434 28657 29680 26457 27087 24517 24548 21966 23234 20542 20613 18802 19647 17111 17667 15856 16576 15037 15069 13318 14129 12484 12856 11334 11908 10520 11016 9899 10226 9125 9303 8205 8928 7856 7904 7529 7646 6625 6882 6124 6422 5673 5794 5205 5598 4917 4803 4542 4706 4091 4325 3921 3903 3559 3606 3141 3321 3048 3046 2817 2957 2512 2605 2499 2488 2184 2277 2134 2221 1915 1969 1759 1907 1603 1736 1611 1641 1510 1489 1372 1437 1266 1237 1163 1226 1039 1081 988 978 857 905 812 859 716 769 730 745 646 648 644 652 562 599 527 560 527 504 454 465 394 429 418 396 348 345 370 289 299 316 274 295 259 249 253 243 212 200 173 164 161 156 160 155 140 138 147 137 118 138 108 103 112 93 96 87 87 96 71 68 62 74 63 64 83 65 51 69 49 60 54 74 65 58 43 36 37 25 27 30 31 22 28 24 20 31 15 15 22 12 12 15 18 5 20 9 10 11 10 8 12 10 6 9 15 5 13 4 8 5 6 3 5 26 6 2 4 4 1 2 3 4 7 1 1 2 2 4 4 3 1 1 2 2
433 2118 8603 21716 57474 107369 222649 339113 593632 826994 1315207 1677908 2579940 3168223 4560702 5570076 7879541 9165496 12954450 14754951 20385403 23371303 30634867 34681082 47280892 51544592 67309448 75011374 99916812 105969796 137895524 148645693 197537689 211014692 266047725 280963377 370263939 383997657 497623451 502595017 655982123 675059801 866482276 889537964 1132777075 1184725516 1450161560 1510292055 1971966354 1948857409 2397931270 2634642965 3201641995 3198147312 3966440831 3943123466 5052362281 5039995490 6045558654 6286838192 8130451028 7932634469 9324202496 9730377711 11992128223 11825634789 14646710170 14688746771 17722547072 17892649466 21045861003 20934875800 25604538743 25793522959 30733476525 31882420913 39117322014 36774964562 44396607180 46871158123 55086892455 52106283789 63879563414 67335271964 81124390210 75204537223 92427657656 89633939543 111306874741 100836211216 131637810937 132124193072 159318631496 159977007490 182981351817 179223726190 227836377661 211201196488 249424200902 249351643096 303588327143 289432168751 340052436620 325721930278 389384951399 360388505366 449161313988 428015339497 541515154407 493239772185 608936894486 612645329707 717997049331 685476711472 781096515349 823633182927 996133903672 930098373871 1119756837894 1039105510995 1318678649093 1293086978044 1476930191687 1386130019679 1688567555893 1486195993144 1918880174493 1904670229403 2210562453168 1925261435598 2154173642406 2590981810714 2407422957636 2514707654895 2962416646278 2746172684996 3357379389842 3170419883593 3735444147316 3832084022950 4172731584655 4015680845916 4086515465271 3868582714642 4226799188464 4465936281969 5035285697910 5483659470858 6146362582318 5717049575592 6596198199514 7341930869900 7881042907645 7271182494235 9128164539318 8126973575669 8916394330681 10387569255118 8508088892858 10213339830203 10738643801899 11674798269528 14382327781654 11756315745986 11857789995612 11913215287415 15226312927548 13530932273041 15434103557339 22305741945616 19475060074470 16094812140063 23202164410791 18366941394482 24050288319437 23983649661165 36071056802720 32473571450385 34190899102355 26917765498705 26161937733655 28387676482231 21080639076591 24339095798716 31021796201441 34888873131039 29361551903302 36663077669720 32731886970583 30029744576284 54999567836023 26392674330426 32784252023905 51314073651029 29771317462105 34842858154854 45510399042867 56019437673619 16726829918490 76304409677199 41741429739690 42928271957211 49543016382297 59931909848116 43353057451394 71042384144060 63541207836500 43241050238940 83711960408919 126552869383149 46375512876775 144796281803209 43854828821036 95333449890224 62683650250241 84423274195722 45855453745443 83007990539570 468732745433446 117443136966870 42496558018734 92247484695396 100103495040444 27152408925615 69286252645038 112683400747710 162872254509448 308930544189785 47826239745920 56138148670947 121612270876658 131703171940550 308783570654048 334244415703484 293588801110755 114540884553038 133978259344888 313236825055892 365947779708052
3 4 5 6 7 8 9 10 11 12 13 14 15 16 17 18 19 20 21 22 23 24 25 26 27 28 29 30 31 32 33 34 35 36 37 38 39 40 41 42 43 44 45 47 49 51 53 57 59 61
9 12 77 112 165 198 239 269 210 188 155 128 120 142 90 82 76 50 55 63 50 34 35 32 43 20 17 14 17 14 20 8 22 5 7 5 6 5 4 1 2 1 2 3 3 2 1 10 2 1
9 12 119 199 507 762 1653 2593 3091 4195 5243 6124 8421 13977 12060 14541 17556 17422 24061 31000 33218 37114 39470 50431 76324 43820 43096 44066 70530 68117 132484 83484 218463 50053 111237 68733 103198 131895 90926 43274 74676 62370 90512 256698 300250 249508 204226 3861550 1053646 614154
