10 21 22 33 34 45 46 57 58 69 70
124 277 956 1813 5937 2656 8753 2210 6673 359 835
1194 3782 19446 7896 25820 5547 17561 2627 7906 359 835
15255 3058319 212651766 13939439197 26312668566 7248006728 24975098952 1204430510 3274496785 30225 40254




3 4 5 6 7 8 9 10 11 12 13 14 15 16 17 18 19 20 21 22 23 24 25 26 27 28 29 30 31 32 33 34 35 36 37 38 39 40 41 42 43 44 45 46 47 48 49 50 51 52 53 54 55 56 57 58 59 60 61 62 63 64 65 66 67 68 69 70 71 72 73 74 75 76 77 78 79 80 81 82 83 84 85 86 87 88 89 90 91 92 93 94 95 96 97 98 99 100 101 102 103 104 105 106 107 109 110 111 112 113 114 115 117 118 119 120 121 123 124 125
414 1581 2784 4572 5093 5911 5025 5139 4455 4294 3632 3654 3026 3025 2507 2606 2254 2222 1724 1864 1542 1628 1337 1404 1186 1287 1001 1107 941 1062 772 907 779 800 668 733 617 678 506 571 477 471 391 421 403 418 356 334 323 291 248 258 216 188 181 187 189 159 152 131 111 107 93 101 88 73 68 73 79 62 55 60 69 49 50 46 43 44 41 43 46 26 26 31 28 28 27 32 29 29 34 25 18 12 14 11 2 11 10 10 8 5 6 10 7 2 1 1 3 3 2 1 2 2 3 4 2 1 1 3
414 1755 4302 9603 16235 28375 38227 59956 78660 110498 133264 190168 219482 297105 344713 459678 537323 700520 720046 997320 1065173 1455724 1532661 1961950 2132178 2850837 2801329 3864584 4046637 5666305 5037068 7362093 7891430 10015129 10074936 13218872 13248100 17602608 15941961 21194600 20824306 26301537 25004062 31559977 36381835 46914320 43456066 48221832 60367534 63520562 59559714 73966821 71490419 82882747 82437828 103041442 122981830 129132295 137623491 127741327 134639791 145928344 147354259 195266518 198754759 202885058 197661198 217214042 283404580 233693154 257126018 329949985 443347908 367399392 440861006 386629695 450137728 529903329 539965688 677217650 826861896 554013797 586046745 785692061 942030826 988681276 1029386982 1387972080 1548473057 1711536060 2432577510 1890266711 1400147452 1110236998 1368726714 1312541651 313954257 1450423604 1501981360 1673267011 1672444794 1239063088 1635289147 3135053116 2846699160 768552672 431149389 483502844 1625838720 1821491238 1359806406 761002156 1904101330 2128288902 3566724744 5310840304 2964148286 1844349560 2056148051 6873962736



