2 3 4 5 6 7 8 9 10 11 12 13 14 15 16 17 18 19 20 21 22 23 24 25 26 27 28 29 30 31 32 33 34 35 36 37 38 39 40 41 42 43 44 45 46 47 48
3 4 7 16 39 37 89 237 445 398 482 454 251 346 395 485 580 706 1216 3485 5702 4774 5733 5112 2541 2599 2429 2355 2210 2171 4377 14286 12643 4180 3656 2637 1121 957 829 695 555 383 1350 4852 2152 16 6
18 33 61 54 114 117 223 712 1227 1195 1187 1079 690 877 916 1180 1509 1911 4229 14428 26138 21891 23459 19366 7708 7490 6765 6361 5751 5416 12616 43374 34433 9334 7717 5262 1944 1539 1203 968 702 469 1738 6099 2507 16 6
312 711 993 736 1076 1365 2369 8346 12857 20743 15203 16233 16976 29204 58441 123422 533870 794900 6579143 201008166 4142011279 78314008786 600123269615 3156314298320 1185666314703 913908625084 371265141061 309580066931 175049066644 137172828096 37648325029081 282675787405573 171231329606107 371995627769 244317167089 143122684197 29593000797 10535993645 4526301515 1107458231 148846835 10919495 22660531698 33600414691 3813883232 117809 74
6 8 9 10 11 12 13 14 15 16 17 18 19 20 21 22 23 24 25 26 27 28 29 30 31 32 33 34 36
1 2 5 4 11 9 8 8 8 6 4 4 9 15 58 45 10 13 10 8 5 2 2 3 4 8 11 11 1
3 3 8 5 20 19 11 9 12 8 6 4 13 24 80 63 15 16 12 8 7 3 2 3 4 8 13 12 1
13 11 27 15 85 86 27 34 47 148 41 16 2505 14300 18893 4789 556 151 151 35 520 299 182 91 295 1694 5033 18110 3
3 4 5 6 7 8 9 10 11 12 13 14 15 16 17 18 19 20 21 22 23 24 25 26 27 28 29 30 31 32 33 34 35 36 37 38 39 40 41 42 43 44 45 46 47 48 49 50 51 52 53 54 55 56 57 58 59 60 61 62 63 64 65 66 67 68 69 70 71 72 73 74 75 76 77 78 79 80 81 82 83 84 85 86 87 88 89 90 91 92 93 94 95 96 97 98 99 100 101 102 103 104 105 106 107 108 109 110 111 112 113 114 115 116 117 118 119 120 121 122 123 124 125 126 127 128 129 130 131 132 133 134 135 136 137 138 139 140 141 142 143 144 145 146 147 148 149 150 151 152 153 154 155 156 157 158 159 160 161 162 163 164 165 166 167 168 169 170 171 172 173 174 175 176 177 178 179 180 181 182 183 184 185 186 187 188 189 190 191 192 193 194 195 196 197 198 199 200 208 209 211 212 219 220 221 222 224 231 232 233 234 235
628 2412 4870 7737 10076 11294 11766 12082 11166 10894 9842 9308 8697 8232 7596 7412 6797 6700 6225 6089 5563 5485 5115 4908 4649 4568 4184 4076 3894 3874 3477 3524 3139 3159 2951 2926 2626 2721 2464 2481 2257 2262 2055 2140 1876 1912 1760 1747 1554 1682 1464 1415 1400 1351 1258 1272 1124 1200 1044 1068 967 1040 897 958 838 823 786 806 688 717 721 683 591 661 576 572 512 514 471 494 417 455 380 392 335 385 339 372 318 300 261 314 259 275 260 244 201 221 200 205 178 193 146 181 144 156 138 152 133 139 98 111 121 119 98 104 87 89 90 83 80 96 69 79 65 68 51 61 59 58 49 44 40 54 44 41 34 29 24 22 25 30 21 21 19 25 19 21 15 15 8 13 9 8 14 8 9 13 14 10 13 8 8 6 8 7 4 6 1 6 6 8 5 7 6 5 9 4 2 1 1 3 4 6 7 4 4 3 4 4 2 1 2 4 2 3 3 1 1 1 1 1 1 1 1 1 1 1 1 1 1 1
628 2499 7045 15665 31201 51850 84217 128743 184487 261938 351985 469397 635533 809411 1047451 1336056 1690425 2154385 2690920 3359702 4064460 5022882 6131531 7305552 8933362 10820463 12818880 14964252 18171192 22065097 25106297 30082812 33883253 40724275 46830872 55272522 62098909 74476714 83865400 98566561 113304126 127830019 145147624 172862209 187620878 215792299 244600609 280824343 302868515 374526275 391993813 429458318 508688358 565313774 645002034 729590442 782872224 925876094 950463418 1115265477 1222172286 1473156981 1507154901 1786370271 1893071202 2043027398 2314762470 2642784662 2732758986 3134831208 3780747368 4021131475 4032900317 5006482127 5241722269 5577290288 5810933309 6645026438 7105261576 7987402487 8144673965 9764832222 9314269592 11044095072 11192264854 13761339812 14257506240 17110404005 17051793831 17317838464 17596276829 22714809870 22341280666 25742288750 28742698194 30392701560 29773821347 33936055523 36631271670 38070382393 40302747051 48217949589 39336602624 55535823927 51520360672 60337929188 60903523255 73857255573 76195822311 87520020654 68272544609 87511395368 105175507209 118755495120 108095733871 125348376976 125321625530 130312582801 155031011513 151114145831 161442577966 214350677536 177414436722 223919620667 213229334725 244204616660 198147281936 260868470569 272919754412 304793762248 297892555510 286291749480 286587614022 422498156116 383250535584 379034287547 365985058837 338511399896 320456013145 310813140646 386425623012 507852024724 431381848535 497748083453 462383739169 691472792299 574583671389 708672482960 511731569288 608319051201 333594141210 630009595927 455650184229 417826498980 844904970790 490090238779 679615049984 1042687492038 1309225436462 1068181888504 1478174283868 1086993459721 1207168211188 948052606338 1470351397395 1301766777240 740394267992 1399566148145 228204732751 1686369898713 1850391243865 2854150910972 1866530207418 3038122217081 2640682663830 2458815694660 4559367775600 1997663376970 1093817436850 625846753120 684957390936 2183906214498 3209105136750 5149685177550 6611905974301 4104573309534 4486512933420 3622876427014 5356705575678 5851230690392 3335454808186 1820701100652 3974553712726 8493158172770 4534649847314 7527703167791 8209982188155 2814570987591 6085253859260 6622987708040 7840656226137 8528581302375 15285151248481 16601598107914 18028182516671 19573856161145 23061871173849 40718063627362 44132934884255 47826239745920 51820051838712 56138148670947
3 4 5 6 7 8 9 10 11 12 13 14 15 16 17 18 19 20 21 22 23 24 25 27 28 29 33 37 39
17 9 34 26 76 18 56 19 26 13 19 8 19 2 11 4 8 1 5 2 4 3 2 3 1 2 2 1 1
17 9 54 49 255 81 424 204 373 310 565 366 1199 137 1158 588 1563 297 1584 787 2135 2377 2046 5154 1575 4394 10169 12310 17977
