20 23 32 35 44 47 56 59 71
1391 3884 8290 31193 7491 30130 1585 15656 375
35428 415054 70915 433469 21507 128612 2595 31186 375
190361936 4768348040558 383475650894443 3453162314221577 21711733155598 718221776940216 24882154637 10677007913152 14169
20 23 32 35 47
105 437 40 370 47
334 2167 57 614 51
457125 5973639 57866 354710 1753
3 4 5 6 7 8 9 10 11 12 13 14 15 16 17 18 19 20 21 22 23 24 25 26 27 28 29 30 31 32 33 34 35 36 37 38 39 40 41 42 43 44 45 46 47 48 49 50 51 52 53 54 55 56 57 58 59 60 61 62 63 64 65 66 67 68 69 70 71 72 73 74 75 76 77 78 79 80 81 82 83 84 85 86 87 88 89 90 91 92 93 94 95 96 97 98 99 100 101 102 103 104 105 106 107 108 109 110 111 112 113 114 115 116 117 118 119 120 121 122 123 124 125 126 127 128 129 130 131 132 133 134 135 136 137 138 139 140 141 142 143 144 145 146 147 148 149 150 151 152 153 154 155 156 157 158 159 160 161 162 163 164 165 166 167 168 169 170 171 172 173 174 175 176 177 178 179 180 181 182 183 184 185 186 187 188 189 190 191 192 193 194 195 196 197 198 199 200 201 202 203 204 205 206 207 208 209 210 211 212 213 214 216 217 218 220 221 222 223 224 225 226 228 229 230 231 232 234 235 236 238 240 241 242 243 244 246 249
581 2335 6322 11533 21843 27790 36365 39286 43817 39707 42077 38669 37695 33973 34954 30279 30733 27688 27408 25256 25619 22214 23287 20860 20524 18754 19307 17009 17764 15668 15625 14517 14714 12602 13581 11989 12286 11093 11319 10009 10602 9233 9306 8572 8862 7748 8239 7181 7228 6531 6677 5879 6292 5597 5507 5188 5082 4590 4961 4288 4528 4221 4079 3891 3875 3352 3486 3215 3286 3138 3133 2826 2753 2606 2598 2392 2615 2232 2377 2139 2088 1814 1997 1670 1828 1671 1657 1564 1593 1349 1380 1300 1293 1215 1284 1089 1154 1023 1015 935 916 827 895 839 817 800 762 671 738 641 630 640 622 553 559 508 512 436 525 442 446 420 396 328 349 295 329 259 310 266 272 221 224 222 241 170 191 183 187 161 161 151 188 151 125 122 124 137 122 124 150 107 99 95 120 82 99 107 98 81 81 63 85 78 53 50 77 60 55 58 47 51 41 25 43 43 33 16 39 26 30 23 17 34 29 14 29 23 30 13 21 24 22 16 19 27 17 13 29 17 8 15 11 5 7 4 2 7 4 5 9 5 5 5 3 2 1 4 3 3 3 5 2 3 1 1 6 5 1 1 2 1 2 1 1 1 2 2
581 2448 8791 20895 56841 102490 209672 325677 578904 773591 1279045 1660718 2464602 3051232 4576893 5267792 7646249 8888484 12074357 14110582 19512446 21041862 29811867 32664982 43069346 47397963 63696470 68100894 91708016 96241444 125034955 137735639 177801626 178988281 242728033 249819110 328490960 341649673 437808799 444792248 590407260 594216647 740505202 781365922 998735493 997747032 1308728532 1290149548 1622306647 1619853438 2041282460 2039903573 2608992672 2615545476 3109994512 3319685646 3875231537 4038197175 5156651819 4862502147 6286470307 6570276254 7464178105 8202033250 9372650054 9282032619 11521089796 12003066678 13834371558 15201149426 17456667038 17778684973 19718610216 22078982895 24819181269 25900777244 32299842460 30807876314 37739286780 39260655658 44055431834 44035271939 54562419700 50964956725 63594600749 67961615209 75049827508 79873367599 94664498434 89146351622 100591704763 114732618164 120818774826 129243345629 150478992258 148316739520 181650568749 178133615854 196396178012 202103697424 221024872000 224053699242 263505559106 288413825221 307675357665 357007339602 366189539228 360846328551 447968915816 440309732787 462400543259 546767420703 600440572403 575318666233 662993925881 683284142346 735899369363 737070491658 924716012376 900324291809 967717499913 1081416244495 1108093415039 1050014258012 1198468128613 1119464475619 1363957715283 1271733973782 1590592273182 1454287575834 1751271656365 1553638745714 1782696294403 1887584288755 2314571531882 1803441871079 2246482640008 2356911266109 2654303775858 2420397586875 2853658980351 2924281617999 3847912172233 3600059976866 3222596264523 3442570776945 4015285630713 4604807450249 4659387342918 4889349627005 6909140107353 5419812778018 5739188459850 5758120693656 7766648509947 5875038285363 7974827731424 10174183196342 9411960353088 8028828344558 9908464818904 7842344340196 11706060776716 11339197414831 9184672131258 9078971456255 15298517108936 13931936363071 13317826744176 14439451471077 13003925406906 16314061894454 15375314153932 9839020371033 18145697061979 20988936283670 16164375035400 8770168955730 23207324759950 16661946100925 21303159868936 18647613435321 13842551894768 30821303156096 28886344161076 14981025888171 34421844020879 30480179158170 48307054190340 18694170108639 37918650631212 45043623168567 43042155604973 35234508551019 53034028713136 67319693567863 49259893128930 39132011748073 95106793512748 64125771536115 31130139040578 63148631733410 50315422837169 29965954924058 37762969133899 34530860988500 13245975416080 48696329950080 30728810384901 41267056359399 81236359359255 50425329428835 59583406181390 64750479629475 42211637097861 33203196215828 18028182516671 78295424644580 63744837028101 69185613521547 75077621280333 135762044628075 63892781392314 103929378967557 37561133582570 40718063627362 264797609305530 259100259193560 56138148670947 60806135438329 142608371029838 83561103925871 180873679337634 97862933703585 105882246722733 114540884553038 267956518689776 338593444783108
3 4 5 6 7 8 9 10 11 12 13 14 15 16 17 18 19 20 21 22 23 24 25 26 27 28 29 30 31 32 33 34 35 36 37 38 39 40 41 42 43 44 45 46 47 48 49 51 52 54 55 56 57 63
12 12 65 100 156 235 258 280 228 248 245 192 126 136 116 101 82 82 71 66 52 44 31 42 23 34 15 25 12 12 10 7 23 6 7 7 6 8 4 10 6 2 12 1 3 1 1 2 1 1 1 1 1 1
12 12 92 176 444 870 1661 2410 3328 5476 8497 9208 8574 13071 15826 18428 20440 24506 32796 35364 34613 38600 29697 63381 37037 90196 42324 99584 50516 46324 77901 62385 174874 52529 87078 126723 122672 149872 93545 367637 256564 62370 851090 89166 319044 75175 75175 230312 249508 347050 408452 479886 386155 966467
