10 11 22 23 34 35 46 47 58 59
400 551 10067 6555 33672 19506 17055 9189 2110 894
12572 13295 246085 151605 198923 112679 42890 22477 2175 902
620103 690718 532589515475 958663314071 486392676108670 196865048531751 4389754577099 1781633439750 8341006 1149266
10 11 22 23 34 35
79 88 399 229 41 21
586 475 859 436 53 28
20362 11534 1801664 102658 16575 2721
3 4 5 6 7 8 9 10 11 12 13 14 15 16 17 18 19 20 21 22 23 24 25 26 27 28 29 30 31 32 33 34 35 36 37 38 39 40 41 42 43 44 45 46 47 48 49 50 51 52 53 54 55 56 57 58 59 60 61 62 63 64 65 66 67 68 69 70 71 72 73 74 75 76 77 78 79 80 81 82 83 84 85 86 87 88 89 90 91 92 93 94 95 96 97 98 99 100 101 102 103 104 105 106 107 108 109 110 111 112 113 114 115 116 117 118 119 120 121 122 123 124 125 126 127 128 129 130 131 132 133 134 135 136 137 138 139 140 141 142 143 144 145 146 147 148 149 150 151 152 153 154 155 156 157 158 159 160 161 162 163 164 165 166 167 168 169 170 171 172 173 174 175 176 177 178 179 180 181 182 183 184 185 186 187 188 189 190 191 192 193 195 196 197 198 199 200 201 202 203 204 206 207 209 212 213 222 224 225 227 228 233 234 236
747 2712 7054 12151 19967 25237 30844 32348 33774 31353 31070 28162 26917 24017 23316 21220 20664 19020 18099 17057 16693 14985 15249 14189 13731 12711 12391 11498 11605 10558 10296 9846 9671 8550 8766 8279 7931 7341 7395 6756 6843 6319 6107 5736 5649 5105 5315 5062 4788 4481 4392 4047 4038 3789 3685 3599 3483 3063 3187 2859 2932 2688 2687 2524 2549 2294 2188 2111 2005 1835 1930 1825 1770 1604 1546 1405 1480 1377 1343 1297 1320 1119 1167 1040 1094 1014 992 913 978 857 900 810 785 728 716 643 704 667 593 581 577 486 502 481 430 414 435 343 404 327 290 252 290 255 249 260 256 206 247 173 180 188 172 169 169 149 161 138 139 120 146 97 118 105 95 98 100 87 78 84 72 54 81 66 59 49 58 46 54 50 48 40 51 44 41 32 36 29 31 24 29 19 22 16 10 16 21 13 18 14 9 18 11 10 14 11 12 10 12 9 15 9 5 5 10 4 10 15 6 8 9 9 5 2 5 2 3 4 1 3 3 1 1 1 1 1 1 1 1 1 1 1 1 1
747 2830 10310 23779 56322 104552 198600 304886 506185 704023 1045513 1376524 1941692 2375168 3269207 4026045 5220422 6438528 8226217 9837389 12785885 14986026 19190123 22897649 28738263 32151894 40613469 47019061 58221278 66815170 81237005 91957407 113811482 123804965 150439144 175585017 206275406 224474949 281420503 304255991 364476768 410178611 479191472 512973712 623030723 664778920 806659751 915193565 1041733057 1103796500 1312847266 1413786158 1621116874 1793830561 2085612030 2246681401 2678552488 2747036576 3226362589 3369279856 4131605838 4137408547 5051459406 5490343363 6221737132 6554430214 7348937876 7675615379 8718548152 9361280660 11056478382 12003852612 13649326517 13524967714 15256968423 15825730718 19100062499 20441225818 23208559361 24682119388 29015199329 27632449395 33221658236 32892335393 41048936005 41179316747 47133818030 46884436595 56717188987 55842268626 67230481257 64983870713 74333404492 78297795977 85749090538 86492244747 109415987305 110648491680 115962490619 125036897904 144150146860 130026039915 158777118096 160795798969 172288679573 177248833296 207009826751 186650282365 247906684695 200198371240 228294310604 206723731377 259458184042 272244086418 287437135719 326762639089 389712119965 302741738473 431662307434 333256256680 410746348417 448485179365 478550752435 504851189707 535053197931 544602092871 689517640176 613450835765 719235842212 616690653158 891077024420 653814514738 892210548277 831330061181 933777585924 951288189100 1123993800078 1105893277286 1123620103276 1207720505221 1302572415191 943584280919 1640147945266 1493043254134 1520516144535 1458546286129 1859981772180 1555747962563 2189449685137 2067126099196 2118400127723 1908689760728 2767092657818 2532600194978 2780132620157 2335874356152 2936349272678 2404600546412 2987533337129 2381994389756 3224690585186 2411250534346 2885938768835 2507019461982 1498592356125 2948313154990 4100525584457 2836243491336 4112432483130 4012885610951 2650367403240 5761534191780 4005334519319 3591437238668 5971220832595 5673848915740 6424673045300 6378906040390 8601782171420 5987741793875 11053169267752 7728082362831 4028982045073 4996069359142 11262886187742 4104573309534 12188497189851 18657273884545 8153389066820 11573529526730 14307277614497 20694015130016 14454988741859 4732045483690 14410953922198 5161680425946 9206489635590 12828391724456 3345365983698 11918997088164 12985090975941 5134205287973 5590088317495 6622987708040 8528581302375 9275102575355 19573856161145 23061871173849 25025873760111 29454549941750 31946390696157 47826239745920 51820051838712 60806135438329
3 4 5 6 7 8 9 10 11 12 13 14 15 16 17 18 19 20 21 22 23 24 25 26 27 28 29 30 31 33 34 35 36 37 39 40 42 66
9 17 74 84 181 210 261 234 266 243 207 148 101 80 49 48 28 25 33 16 16 22 17 9 14 5 7 6 11 2 1 4 1 3 2 1 1 1
9 17 110 150 563 860 1822 2274 3958 5110 7348 7599 8585 8677 7240 8576 7362 6340 12240 8295 8555 18815 19433 18704 20723 8355 14916 20274 40483 13040 4565 34862 6842 32596 29766 29766 31185 1505499
