0 3 5 7 8 9 10 11 12 13 14 15 16 17 18 19 20 21 22 23 24 25 26 27 28 29 30 31 32 33 34 35 36 37 38 39 40 41 42 43 44 45 46 47 48 49 50 51 52 53 54 55 56 57 58 59 60 61 62 63 64
1 5 20 6 21 13 29 42 18 13 72 43 66 46 64 71 67 134 147 72 253 281 361 417 470 474 537 583 627 606 648 306 698 725 733 799 690 690 672 688 638 640 601 301 644 601 584 551 516 491 461 442 381 300 239 109 250 260 238 173 69
95 46 146 18 123 27 76 119 32 30 141 128 112 123 229 511 317 697 916 404 1132 1103 1100 1280 1230 1087 1250 1227 1297 1158 1218 504 1203 1175 1127 1132 1000 986 928 934 845 808 734 354 719 658 636 604 550 498 461 442 381 300 239 109 250 260 238 173 69
679 90 308 43 479 47 152 439 64 108 390 764 285 573 2180 10443 4035 67170 166358 190384 566459 2914301 1107545 2804113 1451309 1917150 2652402 1834024 2696369 1827916 2261655 1288760 2588166 1712561 2116646 1738228 1871193 1679122 1631980 1464683 1365254 1224764 1169760 490183 950813 768527 789519 573248 565522 402982 310199 264235 176288 128364 74070 24260 22121 10338 3503 887 101




3 4 5 6 7 8 9 10 11 12 13 14 15 16 17 18 19 20 21 22 23 24 25 26 27 28 29 30 31 32 33 34 35 36 37 38 39 40 41 42 43 44 45 46 47 48 49 50 51 52 53 54 55 56
1110 2715 3134 3243 2696 2647 2092 1968 1655 1547 1223 1240 983 1039 820 794 634 672 549 547 428 429 346 393 283 302 227 234 196 197 147 163 119 128 97 103 75 79 69 63 48 47 35 39 27 25 20 18 13 14 7 6 3 1
1110 3096 5130 8353 11008 16997 20743 29222 36266 48198 53605 75579 81371 115600 122544 157493 165728 225471 239424 305955 308392 386347 390132 560663 509547 666345 621126 794478 803290 1003411 895870 1218670 1092217 1410605 1253971 1627825 1443563 1787582 1846812 2074215 1842288 2171190 1897082 2553353 2029725 2228350 2111160 2245572 1914549 2429350 1429582 1439658 844767 329931



