6 7 8 18 19 20 30 31 32 42 43 44 54 55 56
211 88 107 3371 4423 1984 18005 22091 8349 14838 16385 5572 2017 1995 555
5938 2868 3527 37983 50541 23823 121940 140163 49875 37984 39589 13034 2401 2070 558
224483 127229 162878 42724373 134082147 76412756 386211200900476 656629749723673 298447139573410 13556607762935 8510556922150 2102389903622 114487725 23806709 1395974
6 7 8 18 19 20 30 31 32 42 43
34 21 18 267 274 113 85 70 26 1 2
270 91 96 803 730 254 112 88 33 1 2
5466 1695 929 316070 373041 224908 9343 44769 1428 231 105
3 4 5 6 7 8 9 10 11 12 13 14 15 16 17 18 19 20 21 22 23 24 25 26 27 28 29 30 31 32 33 34 35 36 37 38 39 40 41 42 43 44 45 46 47 48 49 50 51 52 53 54 55 56 57 58 59 60 61 62 63 64 65 66 67 68 69 70 71 72 73 74 75 76 77 78 79 80 81 82 83 84 85 86 87 88 89 90 91 92 93 94 95 96 97 98 99 100 101 102 103 104 105 106 107 108 109 110 111 112 113 114 115 116 117 118 119 120 121 122 123 124 125 126 127 128 129 130 131 132 133 134 135 136 137 138 139 140 141 142 143 144 145 146 147 148 149 150 151 152 153 154 155 156 157 158 159 160 161 162 163 164 165 166 167 168 169 170 171 172 173 174 175 176 177 178 179 180 181 182 183 184 185 186 187 188 189 190 191 192 193 194 195 196 197 198 199 200 201 202 203 204 205 206 207 208 209 210 212 215 216 217 218 219 220 221 224 228 231 232 243 245
759 2758 7129 10217 16452 17291 23140 20282 24911 19790 22721 16829 19241 14078 16319 11748 14223 10232 12526 9121 11224 8048 9969 7323 9100 6417 7996 5925 7522 5411 6781 4933 6391 4529 5863 4161 5387 3824 4943 3505 4744 3254 4238 2954 4024 2805 3642 2531 3570 2437 3176 2249 3024 2150 2751 1945 2601 1931 2347 1773 2297 1640 2049 1489 1951 1507 1746 1343 1644 1309 1476 1091 1408 1118 1254 1014 1197 1023 1074 874 1036 882 988 741 944 764 820 659 817 676 745 562 728 601 658 508 642 518 536 435 523 434 448 386 432 370 409 334 416 345 335 306 328 275 321 265 300 248 275 229 246 190 250 200 212 157 208 157 171 138 180 139 142 117 148 127 139 103 128 101 111 86 113 81 98 69 76 59 76 62 70 58 74 44 70 36 65 33 70 34 54 23 56 25 46 27 40 26 39 19 28 18 27 19 12 18 20 10 17 9 16 9 12 12 13 12 6 6 9 8 9 7 8 7 6 2 5 5 7 5 5 4 2 2 2 4 1 2 3 1 5 1 1 1 5 1 3 3 1 2 1 1
759 2905 10251 20107 49807 77047 159453 209445 399011 470666 813420 867405 1455748 1487711 2404261 2286207 3845364 3555747 5884275 5412868 8985135 8047569 13007699 11823843 19111275 16716881 26132515 23598972 37940951 33285116 52017605 45096918 73578641 62872380 98174020 81778683 132895689 114395483 176318570 145229538 241650105 195054148 304323495 244143997 409607789 338390370 515655172 415090625 717020181 555584467 871999431 693275129 1140511385 919212640 1420056331 1135020189 1834347358 1521470569 2236596576 1905559150 2950522948 2324827632 3521974494 2827647341 4582328505 3862084634 5369292242 4571704376 6676279144 5856146385 8050352869 6332003819 9938195585 8750042372 11622125884 10154583051 14226835168 13543085423 17009487689 14883162627 21194572649 19951751136 26103640334 21032717233 31655704875 27825742170 35485154717 31252744027 46363489780 41805481383 53414747665 43314343595 65758409415 58234887057 77006737307 62439312404 91831594036 81666037017 99089455229 86707611487 118928805228 108042725600 131423167656 124106491050 153799010050 148835600170 191203230786 166840885953 236275397282 216025480665 236295871199 237576556296 287829900069 269247062669 352121724375 322295145313 414216394473 365196403354 462653034065 422715119951 518938103426 425330259356 638638361665 552766092430 666067138496 547532741372 830815007989 672141892337 853547953681 745791519408 1088056000625 933168227332 1029602612015 928742009137 1342376342275 1274701606643 1529938659981 1203352765419 1688133975627 1502769567041 1801293048366 1525232604255 2331726676381 1869434199279 2310372164807 1788601545999 2409122869030 1970945689877 2824306164341 2362900172682 3425488764049 2850297848616 3885518792165 2582744867463 4780739833334 2660553242237 5188754645090 2851488036969 6849376123766 3614385790519 6372133784797 2739329461599 8074029385257 3912630003945 7738669110534 4645320044405 7580746754554 5395205898075 9453651889349 4832824843103 7689762096508 5489052067553 8980528377853 7055549036208 4849442038055 8077833143370 10693133704680 5607074221430 9421412649375 5524330483150 13497445642416 6680752685184 9486510417166 10683409901120 16391660904195 12679163504230 6829378318166 8525763896296 17113466362696 11831393234838 14447731418965 12285986614887 20860590885727 14817689240071 13603949541942 5161680425946 14072854937955 15089890501711 22864489675550 20673608799042 19538068549677 20575724405458 9429133772166 9848772174056 11180176634990 23845849895275 6622987708040 14413683412980 25585743907125 10963707205259 59583406181390 12950095925895 14070545699287 15285151248481 83007990539570 18028182516671 69185613521547 95839172088471 40718063627362 88265869768510 105882246722733 123888443077259
3 4 5 6 7 8 9 10 11 12 13 14 15 16 17 18 19 20 21 22 23 24 25 26 27 28 29 30 31 32 33 34 35 36 37 38 39 40 41 43 44 45 46
9 21 85 172 163 290 220 279 182 216 129 140 72 93 63 59 43 38 28 27 22 19 15 13 12 11 5 8 5 5 1 3 5 10 1 3 1 6 1 1 1 2 1
9 21 124 320 484 1142 1486 2600 2796 4893 4409 6985 5087 8279 8132 10106 9139 10971 11111 14634 14056 15491 15657 17022 18750 24130 12030 21918 21044 25496 3718 17605 47656 118359 25047 39503 24620 131440 26015 37338 37338 127850 53174
