10 11 12 22 23 24 34 35 36 46 47 48
343 678 984 3388 10443 10778 8853 23850 20436 3909 9330 7005
6243 9495 14720 53480 156869 139264 41159 103029 82159 7741 17632 12768
276016 367819 725698 141344740488 3059517620964 72288980232754 115007061755221 419466833161709 275571124783106 412743547182 647398712114 271854883416
10 11 12 22 23 24 34 35 36
47 82 103 96 264 212 8 9 3
200 249 409 213 500 389 8 10 4
3772 4956 10261 121205 263701 324811 35 46667 92
3 4 5 6 7 8 9 10 11 12 13 14 15 16 17 18 19 20 21 22 23 24 25 26 27 28 29 30 31 32 33 34 35 36 37 38 39 40 41 42 43 44 45 46 47 48 49 50 51 52 53 54 55 56 57 58 59 60 61 62 63 64 65 66 67 68 69 70 71 72 73 74 75 76 77 78 79 80 81 82 83 84 85 86 87 88 89 90 91 92 93 94 95 96 97 98 99 100 101 102 103 104 105 106 107 108 109 110 111 112 113 114 115 116 117 118 119 120 121 122 123 124 125 126 127 128 129 130 131 132 133 134 135 136 137 138 139 140 141 142 143 144 145 146 147 148 149 150 151 152 153 154 155 156 157 158 159 160 161 162 163 164 165 166 167 168 169 170 171 172 173 174 175 176 177 178 179 180 181 182 183 184 185 186 187 188 189 190 191 192 193 194 195 196 197 198 199 200 201 203 204 205 206 207 208 209 211 213 217 219 220 221 223 224 227 229 231 233 235
744 2612 7150 11043 19311 20214 27724 23918 28694 22503 25867 19232 22472 16443 19138 14293 16973 12704 15198 11442 13968 10496 12719 9479 11777 8833 10815 7922 9974 7379 9094 6764 8170 6268 7642 5742 7158 5336 6487 5007 5986 4620 5602 4183 5155 3885 4802 3528 4378 3322 4071 3039 3784 2816 3538 2679 3267 2363 3027 2133 2699 1922 2416 1833 2302 1688 2059 1545 1847 1445 1788 1296 1631 1215 1479 1159 1405 1032 1291 1004 1200 913 1126 848 1065 770 990 720 887 679 831 643 744 568 669 549 623 449 541 452 528 388 466 379 433 324 381 303 360 290 346 273 318 249 327 250 296 215 265 209 284 182 234 148 239 148 191 139 188 124 168 92 141 95 122 80 125 71 102 63 97 62 83 53 91 56 58 43 83 43 42 51 51 55 47 35 55 39 40 37 50 39 34 25 32 33 14 20 23 26 17 16 21 24 22 17 16 22 19 15 10 22 15 11 10 17 8 9 10 18 7 6 8 11 6 1 3 6 3 1 3 2 2 2 1 5 2 1 1 1 1 1 1 1 1 1 1 1 1
744 2779 10377 21628 56577 87553 186378 241235 454363 526786 916130 971561 1663293 1682734 2739298 2691916 4466682 4303793 6927214 6575277 10768734 10219756 16401960 14783074 24363012 22348141 35549563 31187958 51540108 44542326 70612885 61683264 95471829 86958739 134233368 116056182 184288098 159875749 240129035 215365961 322930537 289522478 432805160 371161285 558443157 485083927 729878256 619031709 933461835 796513180 1191630977 1024697765 1540634896 1285849157 1946541211 1661467442 2486528859 2043155947 3125102254 2436206317 3678453134 2968718429 4458240090 3765678475 5592605484 4566316191 6673364467 5581997978 7618729473 6812579566 10225774266 8027426380 12207714952 9807210368 14111670688 12353964373 17364308997 13863733859 20821487200 18206565198 25434539835 21216487870 29729546580 25205288480 35748955263 30433937424 43470912481 35113767300 51929028174 43339303895 59127443132 52493791809 71393167614 58269509174 78263887536 72782203806 93811496204 74172273680 101517737095 96298653269 126662503076 102711599490 140443048712 126082442353 165492064877 134733586860 183225628167 165321794038 214253548189 189122121505 245597225703 225032115331 300271709786 251304077387 365364778565 316664283201 400361291984 320207327196 468113762197 400875090682 577371317118 425663681936 621774541586 442586310847 764521723482 490297841003 765629373891 634087880658 894515446721 655862533221 1027898096390 637033061874 1089634369195 785035538213 1113447658375 735543069860 1434617674584 870360406256 1401126463550 904946168676 1633964364223 1181195890503 1792330213393 1252935932086 2316847542696 1509469736270 1645429414207 1506429636842 3047232251839 1566639601349 1747082742493 2365727109397 2940642763026 3180576442290 2824823315805 2417476033534 4599883930793 3144417012005 3623593230763 3777227991497 6263831144173 4812588148480 4778974939087 3638786848295 5952007986405 6146367735035 2582907426810 4577368089593 6064703514644 6745479594852 4573747723150 5333927943851 7310289515449 8282036953814 9183019645450 7452512330140 7854820617170 12508096093015 10515230086225 9417951427805 7298088749032 17342215674294 11875738645593 10299370355100 9720850741397 18744662574624 9371461538984 12040061973415 13865086752407 28115675414497 11674091828651 12133012918328 15898214850904 23492197661947 13801345178318 2366022741845 8443712962773 17904461489302 10036097951094 3972999029388 12985090975941 9429133772166 10268410575946 11180176634990 6085253859260 33114938540200 15681312452274 9275102575355 12950095925895 15285151248481 16601598107914 18028182516671 21248279009367 23061871173849 29454549941750 34643126322519 40718063627362 47826239745920 56138148670947
3 4 5 6 7 8 9 10 11 12 13 14 15 16 17 18 19 20 21 22 23 24 25 26 27 28 29 30 31 32 33 34 35 36 37 38 39 40 41 42 44 48
14 28 65 109 150 203 183 230 173 189 133 102 72 61 34 26 23 28 17 15 20 18 9 12 10 7 8 5 5 6 4 3 1 4 1 3 3 2 3 1 1 1
14 28 94 202 447 878 1201 2237 2598 4518 4388 5271 5307 6423 4791 4609 5256 7890 6149 6364 14691 12675 9263 13240 17691 14411 24152 12416 23780 28016 29798 18644 11208 41590 16698 36930 60574 35954 87984 26015 44583 126522
