14 26 38 50 62
640 12909 44432 28024 13990
78566 636013 421359 107183 22579
18554878 2651193476037544 4917412097223365 525367527819817 1135098648462
14 26 38 50
202 877 299 11
7047 2853 445 11
1359015 3685512 284169 223
3 4 5 6 7 8 9 10 11 12 13 14 15 16 17 18 19 20 21 22 23 24 25 26 27 28 29 30 31 32 33 34 35 36 37 38 39 40 41 42 43 44 45 46 47 48 49 50 51 52 53 54 55 56 57 58 59 60 61 62 63 64 65 66 67 68 69 70 71 72 73 74 75 76 77 78 79 80 81 82 83 84 85 86 87 88 89 90 91 92 93 94 95 96 97 98 99 100 101 102 103 104 105 106 107 108 109 110 111 112 113 114 115 116 117 118 119 120 121 122 123 124 125 126 127 128 129 130 131 132 133 134 135 136 137 138 139 140 141 142 143 144 145 146 147 148 149 150 151 152 153 154 155 156 157 158 159 160 161 162 163 164 165 166 167 168 169 170 171 172 173 174 175 176 177 178 179 180 181 182 183 184 185 186 187 188 189 190 191 192 193 194 195 196 197 198 199 200 201 202 203 204 205 206 207 208 209 210 211 212 213 214 215 216 217 218 219 220 221 222 223 224 225 226 227 229 230 231 232 235 236 237 238 239 240 241 243 246 247 248 249 250 254
420 2026 6816 13047 23933 31962 41678 44606 51094 47739 49432 46510 46759 40758 40252 35129 35083 30327 30304 26407 27294 24185 24104 21747 22114 19367 19930 17480 18511 16501 16701 15005 15663 13544 13965 12565 12913 11767 11924 10627 11243 9759 9998 8868 9264 8399 8590 7855 8059 7105 7368 6374 6786 6338 6227 5624 5959 5069 5197 4642 4937 4462 4560 4083 4146 3714 3894 3400 3599 3285 3232 3005 3007 2714 2848 2374 2527 2432 2401 2240 2322 2108 2115 1846 1988 1823 1957 1625 1798 1571 1552 1406 1495 1373 1348 1288 1269 1160 1167 1033 1038 1092 983 932 957 834 778 728 762 690 712 643 681 631 589 531 601 542 571 528 493 484 525 425 422 420 422 401 443 347 357 336 325 334 316 251 326 271 260 238 257 216 224 205 197 183 177 143 153 126 145 137 150 115 130 123 112 109 129 93 112 103 64 97 97 66 71 68 68 56 65 71 64 67 75 66 79 57 88 53 48 35 44 30 41 38 24 29 23 23 25 38 25 18 24 21 18 16 15 20 18 13 11 19 8 11 14 13 10 12 5 9 12 5 8 7 6 6 4 29 25 3 6 3 1 1 2 4 3 2 2 4 5 1 3 2 2 2 1 1 2 2 1
420 2123 9272 23256 62178 118693 239202 376765 680781 941772 1503236 2105029 3129884 3835221 5539398 6587066 9051321 10347214 14144995 15723544 21436193 23970335 31189790 35109352 46227112 49270170 65471589 71398959 94941812 102469339 132450546 141552856 186857413 195470637 249275000 268740253 336718485 365321664 453996307 481731512 610972103 620679882 796228957 809076318 1037652595 1081679991 1344106285 1405132083 1784907868 1791145565 2247707728 2237731311 2836869376 2997555664 3577169180 3583387938 4567279907 4489604303 5422153435 5529353258 6984029046 6952792168 8536655649 8779727222 10382456657 10324152145 13061653757 12525662814 15777761898 15839917621 18664396101 18727790131 23285460986 22453213602 28722539330 26139658790 32753727931 34615191398 40761713631 40439002123 50149888741 50179552082 58657192241 55710290648 73866207694 70844986781 89537363720 83718114927 110230581639 99877517798 118684154403 112588721258 142719533152 148608471427 164556060740 170636826161 200903628680 191701032715 222724058861 221740495584 250065785094 288894383735 310828957466 309297469187 362438259956 350081335663 370398548050 385021383907 475492414227 448714705133 530146272349 541785202146 632712453864 643718581667 674771537036 671288552599 845936274268 865318397268 1017963788374 997919500765 1116709878988 1132907036457 1433602182457 1241150353694 1391251561986 1534172230134 1777878802299 1757228099989 2212435709100 2032395706204 2178900347800 2231331053688 2569485145945 2851798846684 3115449851603 2676304272166 3741770032342 3274986414276 3651071755106 3668112607514 4298399806239 3943185414334 4496354992384 4551058983010 5235441443943 4915588044398 5262394998176 5073002999677 5589422847142 5120398474466 6557685318314 6635467234110 7899468573481 6987296271706 8423716779545 8843056633490 9182465249947 9563163868668 12500154538947 10144422639339 13097062305795 13646749804955 9625370448026 14866472198445 16540321700292 12246090634255 14462351496456 14723165698035 17812178868047 14225799770445 18834490571103 23024119416858 22538678898918 24622081690528 30332355188156 29584667738970 38533398033760 29594434265425 51517494395620 32185048363545 33972617450526 25459702238981 39238257330904 28067251619635 44893965519251 43545482929103 28190119210929 37314547769090 30741891708497 34353701667051 43062286647959 71880235330614 55620487553826 37947186403806 55992238364109 55059944916382 48558700805076 47829983601785 63312350306776 76605116125626 88159591565526 58109538816245 59358353381899 93353516452587 43808940480916 64461964743035 100590464840840 90769672192120 104698671008742 115272587775822 46375512876775 89145666351079 126292638546156 59583406181390 125367300500482 96252920348225 91710907490886 99609588647484 72112730066684 567641828673205 531206975234175 69185613521547 150155242560666 81457226776845 29454549941750 34643126322519 75122267165140 162872254509448 132398804652765 112276297341894 121612270876658 263406343881100 356520927574595 77195892663512 250683311777613 180873679337634 211764493445466 267956518689776 144867692496445 156618412527946 338593444783108 365947779708052 249291451168559
3 4 5 6 7 8 9 10 11 12 13 14 15 16 17 18 19 20 21 22 23 24 25 26 27 28 29 30 31 32 33 34 35 36 37 38 39 40 41 42 43 45 46 47 48 51 52 55
9 12 124 182 471 465 750 908 820 1006 985 922 616 556 483 401 252 208 286 161 160 96 91 36 53 31 59 30 39 14 21 7 24 12 12 5 12 3 6 4 8 1 1 9 1 2 1 1
9 12 170 322 1331 1712 4251 7432 10736 20211 27793 45356 44249 61269 67949 90196 65583 88550 133942 113984 134080 111359 134993 62423 91814 64519 193019 107713 194148 61583 205435 49752 206254 127091 144448 103414 201678 62626 154927 122111 301675 62370 89166 669264 126522 272027 249508 239943
