14 15 26 27 38 39 50 51
698 1909 8633 23161 14619 36152 4439 10386
14324 29759 126047 314489 59067 139255 8660 19675
1787192 4088205 122748165630397 515809458338330 73275727993635 142157018405055 130743073068 209986200962
14 15 26 27 38 39
89 214 121 278 9 14
652 1439 201 446 9 15
55394 202504 47506 224310 155 95
3 4 5 6 7 8 9 10 11 12 13 14 15 16 17 18 19 20 21 22 23 24 25 26 27 28 29 30 31 32 33 34 35 36 37 38 39 40 41 42 43 44 45 46 47 48 49 50 51 52 53 54 55 56 57 58 59 60 61 62 63 64 65 66 67 68 69 70 71 72 73 74 75 76 77 78 79 80 81 82 83 84 85 86 87 88 89 90 91 92 93 94 95 96 97 98 99 100 101 102 103 104 105 106 107 108 109 110 111 112 113 114 115 116 117 118 119 120 121 122 123 124 125 126 127 128 129 130 131 132 133 134 135 136 137 138 139 140 141 142 143 144 145 146 147 148 149 150 151 152 153 154 155 156 157 158 159 160 161 162 163 164 165 166 167 168 169 170 171 172 173 174 175 176 177 178 179 180 181 182 183 184 185 186 187 188 189 190 191 192 193 194 195 196 197 198 199 200 201 202 203 204 205 206 207 209 210 211 212 216 217 235
703 2563 6581 11378 17932 21833 25857 26597 27791 25404 25276 22717 22322 20006 19532 17268 17333 15661 15256 13853 14115 12576 12640 11511 11814 10600 10844 9655 10047 9129 9136 8347 8560 7672 7927 7199 7357 6685 6799 6175 6339 5662 5701 5292 5635 4955 5002 4530 4808 4186 4467 3968 4159 3704 3881 3494 3613 3167 3232 2828 3131 2676 2875 2547 2720 2349 2507 2166 2319 1967 2101 1903 1995 1766 1865 1588 1738 1529 1504 1446 1549 1324 1409 1233 1306 1213 1199 1055 1113 1002 958 867 959 777 813 769 772 690 768 658 659 564 592 548 572 478 544 458 516 428 476 398 431 338 408 308 345 286 343 293 307 257 275 244 263 214 239 207 192 170 172 149 165 142 145 136 144 115 128 104 96 94 114 90 93 84 81 64 73 68 79 71 75 63 60 41 57 44 50 48 52 33 38 27 26 21 26 24 33 18 23 18 20 13 21 15 9 16 11 20 17 12 12 9 16 10 16 8 12 8 7 8 7 7 4 5 12 2 6 4 2 6 3 4 7 1 1 1 2 1 1 3
703 2714 9533 22434 51566 93108 173523 261250 430910 588502 871727 1141910 1632995 2011185 2762163 3329018 4432673 5345168 6902723 7986686 10867503 12398050 15724174 18253105 24224415 26306199 34710914 39012246 49406707 55564914 69954552 76109464 98703638 107322098 132777669 148611341 189012896 196032712 250920181 271904563 331064349 359403187 439887285 461885988 608004663 630602254 737840945 782454747 1031080857 985467356 1300376319 1350107762 1631551354 1702677410 2142368141 2146041740 2685879727 2724324309 3191111750 3283752262 4311009850 4047733262 5242844205 5300968321 6413279999 6432943069 8347695828 7737632527 10025035918 9492056092 11729818295 12064995650 14945703932 14569989038 18365762539 17427911095 21875895853 21378799075 25402276288 25975206354 32267598426 31335907940 37497080374 36639619987 47605594249 45880355811 52955767903 51933730750 62037724598 63150271014 72661850803 69367044146 92675620102 82812394610 96457495080 101296254087 124288793342 112167578490 145581203631 140896903401 162291760566 147751568809 184670904463 184528326061 230946466015 198042875761 263663028835 240087819263 319796220217 283743550648 361937331315 326982428397 397825276060 337512407832 487321756171 383786340019 509134984772 436948311050 623240753563 556252976010 689188504601 609543380908 755515617154 717770316713 878180412177 780416780006 1019018107097 894006888441 988304157899 983331729081 1082471319105 1069326471884 1346916057642 1174260862479 1508716507458 1418880046517 1646892127157 1474440932538 1924454017719 1523387148741 1627488650928 1809764565428 2279812176465 2003008336888 2484908075369 2335279703367 2503088797073 2184858889859 2664595668713 2856786802510 3898349443503 3545184358093 4400735463102 3753782503543 4475854277486 2956200099820 4906192838275 4025087608164 4797508283294 5024135990317 6127931173132 4057822087369 5085398872279 3742930570346 4818622549677 4244924906535 5744122567479 5400595320623 8295831343197 5089126577329 8077373485267 6204606686368 7349678039412 6049854399314 8840971206046 6941289386150 4869850995050 7994495322325 6936263128915 13690588404715 11738126658688 8477556774612 10165582332405 7916547539335 16475438967098 10352794167742 21360740892763 9805774938564 15951786023731 14628076725980 14447731418965 15468467726514 15065336072349 14636338990965 9266695331004 16776976664043 34953307416357 6137659757060 19519123691852 14584289728500 7945998058776 25614817322623 17699657862024 20117182750002 38218852163421 6622987708040 7206841706490 7840656226137 17057162604750 11916681236278 12950095925895 168414446012841
3 4 5 6 7 8 9 10 11 12 13 14 15 16 17 18 19 20 21 22 23 24 25 26 27 28 29 30 31 32 33 34 36 37 39 45 47
22 14 73 97 165 197 275 224 257 287 204 148 153 111 106 105 75 64 35 30 29 15 18 5 15 7 7 5 5 2 3 3 1 2 1 1 1
22 14 112 181 484 804 1891 2154 3552 6173 6930 7680 11089 11080 14085 20092 17407 19037 12072 15143 19121 15348 18541 4798 26561 16301 18186 13904 25202 7832 20903 17644 6842 22453 17977 53174 75175
