14 15 26 27 38 39 50 51 62 63
133 151 2352 1000 7321 2895 8132 3180 4038 1539
1529 969 20971 9300 21765 8412 12770 4952 4299 1636
26735 11830 19346429314 4166485553 29418283521 12127147842 14084036581 7534077328 349606852 99567549




3 4 5 6 7 8 9 10 11 12 13 14 15 16 17 18 19 20 21 22 23 24 25 26 27 28 29 30 31 32 33 34 35 36 37 38 39 40 41 42 43 44 45 46 47 48 49 50 51 52 53 54 55 56 57 58 59 60 61 62 63 64 65 66 67 68 69 70 71 72 73 74 75 76 77 78 79 80 81 82 83 84 85 86 87 88 89 90 91 92 93 94 95 96 97 98 99 100 101 102 103 104 105 106 107 108 109 110 111 112 113 114 115 116 117 118 119 120 123 124 125 127 131
374 1397 2593 4327 4599 4834 4439 4654 4033 3847 3161 3259 2873 2645 2329 2497 2168 2003 1791 1947 1553 1552 1365 1435 1235 1170 1066 1124 969 902 806 862 649 663 676 690 583 553 536 558 462 476 430 454 357 336 364 344 254 257 251 233 209 189 187 175 175 165 161 151 150 137 139 146 144 130 114 110 97 83 75 72 75 57 61 43 41 50 39 37 41 38 29 18 30 20 26 16 19 11 19 14 15 7 19 12 14 8 7 4 8 5 5 2 8 5 7 5 7 8 8 2 1 2 4 2 2 2 1 1 2 1 1
374 1578 3928 9190 14816 24366 34409 54760 71462 100887 117698 170959 211861 268247 315752 445485 522046 653436 736097 1026788 1071467 1389888 1511111 1986486 2203725 2669765 2917890 3775292 4051633 4783456 5209867 6631910 6470065 7899147 9515915 11988851 12209384 14494192 17330416 21113025 20840587 26110355 27259360 33900245 33768750 37198108 46608561 54244209 46701763 54667459 63048811 64643055 71322460 79388817 90067530 96594750 112078922 121950809 140936822 143448828 168992550 170394931 197184463 250838952 282488263 300832163 303609717 324580436 331637371 313979009 339412057 390781708 501642381 400280146 543144642 441035331 476012011 678584892 684329595 769426540 835312276 875786795 761871067 511125120 860816957 681369216 930693701 672229848 928614910 693730235 1286199424 931772641 1190967479 637128676 1882106862 1336505049 1835977324 1168845118 1283914400 808085897 2116116168 1239063088 1394023768 542497900 2438410920 1711628545 2990309434 2155746945 3384519908 4335569920 4857309968 1359806406 761002156 1702753256 3808202660 2128288902 2377816496 2655420152 1844349560 2056148051 4582641824 2841940500 4351078600



