1 2 3 11 12 13 14 15 23 24 25 26 27 35 36 37 38 39 47 48 49 50
4 10 7 55 307 428 499 126 1678 8619 9993 11218 2986 4170 17554 17721 17546 4482 545 1362 579 94
32 55 74 126 754 1316 1540 296 11021 50466 53431 55380 14359 11580 47258 43795 40256 9836 592 1415 579 94
349 446 1827 2884 15749 62633 95743 14406 62841641249 860596962827 4102307222605 15634456817429 5544439322754 115770346210690 291048064248777 232860641534374 164726268931675 28329553641742 62188384 45625285 771542 980
2 12 13 14 15 23 24 25 26 27 35 36 37 38 39
1 8 18 18 6 17 97 99 111 31 1 5 5 2 1
5 10 27 26 10 26 134 129 141 40 1 5 6 2 1
69 83 208 223 186 10346 34248 153938 129617 55935 594 1592 7216 91 1575
3 4 5 6 7 8 9 10 11 12 13 14 15 16 17 18 19 20 21 22 23 24 25 26 27 28 29 30 31 32 33 34 35 36 37 38 39 40 41 42 43 44 45 46 47 48 49 50 51 52 53 54 55 56 57 58 59 60 61 62 63 64 65 66 67 68 69 70 71 72 73 74 75 76 77 78 79 80 81 82 83 84 85 86 87 88 89 90 91 92 93 94 95 96 97 98 99 100 101 102 103 104 105 106 107 108 109 110 111 112 113 114 115 116 117 118 119 120 121 122 123 124 125 126 127 128 129 130 131 132 133 134 135 136 137 138 139 140 141 142 143 144 145 146 147 148 149 150 151 152 153 154 155 156 157 158 159 160 161 162 163 164 165 166 167 168 169 170 171 172 173 174 175 176 177 178 179 180 181 182 183 184 185 186 187 188 189 190 191 192 193 194 195 197 198 199 200 201 202 203 204 205 206 208 209 210 211 212 213 214 215 216 217 219 220 221 222 223 224 225 226 227 228
543 1941 4516 6895 9538 10389 11438 11193 11548 10754 10838 9999 9846 8860 8968 8118 8050 7182 7348 6845 6975 6384 6597 6024 5928 5489 5403 4954 4890 4593 4665 4347 4404 4077 4125 3801 3741 3334 3393 3082 3181 2949 2984 2790 2837 2614 2630 2374 2348 2125 2174 1967 2086 1834 1907 1724 1792 1639 1639 1529 1485 1336 1430 1290 1228 1170 1193 1129 1097 1073 1034 916 924 877 858 798 815 753 742 685 740 669 631 565 580 549 531 494 504 452 478 492 432 405 389 370 365 342 366 327 318 312 333 260 285 244 239 241 224 218 221 179 190 205 173 187 163 146 157 144 142 133 116 113 126 104 121 93 107 86 78 89 88 75 79 72 76 69 49 64 52 42 68 56 50 46 50 47 48 34 48 32 25 34 34 27 33 27 24 24 25 22 18 17 22 20 20 22 20 13 16 14 15 8 12 12 13 13 10 11 9 7 4 8 5 7 6 6 6 7 6 7 7 4 3 4 4 3 3 3 3 3 4 4 4 3 3 3 3 3 3 2 2 2 1 1 1 1 1 1 1 1 1
543 2051 6503 13581 28414 46604 80336 117646 187170 256232 377970 495171 699511 859687 1207171 1464679 1970952 2285304 3105032 3702155 5030237 5728842 7764660 8948777 11204280 12751562 16103278 18021967 22394792 25423823 32435311 36594983 45434712 51299194 65199451 70759613 85385941 90581585 112860102 120603172 149476591 165243760 203919486 220003681 274424382 298510414 352856409 373116778 444692654 458598993 562346653 581934052 740208532 756026509 913852571 970503324 1178641901 1238737069 1461280172 1577870842 1792254451 1838740011 2284654563 2382256134 2659559971 2887132305 3436429113 3672006882 4126135055 4555802035 5084582282 5175455839 6010464009 6413396751 7374178090 7686244624 9114408865 9248405619 10814505037 10981501805 13766623099 14085215767 15416885371 15344916687 17812837222 19008129052 20970323984 22624708808 25968007818 25735444088 31541596175 35139808125 36197559760 37759084593 41485606902 44031519474 49482335001 51379900319 64210463076 62966824966 67547187316 73765644437 90137173868 80088846321 96567229946 94223209223 101814293365 116773759862 121043831450 133609874506 150849846638 129752601564 157028917716 190803844887 181955902492 218142583943 211138306220 210511825349 255554904049 258171457258 282979067610 299992879479 278312137761 303057131828 380314393584 348527744645 443640536264 380048513817 488120860065 441783054295 428131519420 546998849408 632227398980 582988709174 658071900113 675061024840 800527535478 798278353112 642738252525 905119970965 827811641339 705762900051 1305086230716 1206986417761 1211816625356 1151856139085 1412678268039 1456375955316 1628778668201 1266942824046 1965956550690 1455870589881 1232546418179 1895233966638 2050945403154 1823981630924 2375332239552 2212519721131 2121344701654 2298993017827 2627209820629 2567565848367 2292041644953 2363157474345 3453822658770 3465482555755 3789636028595 4577368089593 4756418056085 3166769257039 4201660337960 4006457749328 4811879006370 2739458077750 4661106252435 5031729258560 5989515347470 6515105962105 5518672958710 6667733694460 6164616518424 5181803861622 3209105136750 7096670631012 4818536339247 7411405526452 6928987236202 7571487903713 8271719770123 10561983343321 10006364424558 12744907704564 13910937994541 9464090967380 7742520638919 11258283950364 12275319514120 10036097951094 10938217296375 11918997088164 12985090975941 14143700658249 20536821151892 24341015437040 26491950832160 21620525119470 23521968678411 25585743907125 27825307726065 30255197657301 32891121615777 23833362472556 25900191851790 30570302496962 16601598107914 18028182516671 19573856161145 21248279009367 23061871173849 25025873760111 27152408925615 29454549941750 31946390696157
3 4 5 6 7 8 9 10 11 12 13 14 15 16 17 18 19 20 21 22 23 24 25 27 28 29 30 31 32 33 34 35 39 45 47 49
2 7 29 30 61 39 60 44 56 27 34 20 35 9 22 11 12 7 4 5 8 5 7 4 1 3 2 3 1 6 2 3 1 1 1 1
2 7 42 49 185 169 416 444 911 617 1241 935 2486 944 2981 1900 2632 1665 1045 2266 4285 3389 6514 6409 1575 8258 5446 11600 3718 30784 12446 22033 24620 53174 75175 105558
