15 16 27 28 39 40 51 52 63 64
106 339 1495 4295 4820 11263 909 2170 110 167
1656 3979 11072 28049 10640 24559 1320 2987 110 167
54086 96668 4115472404 36191318358 13694906822 43866108650 166879362 365354984 1996 1667




3 4 5 6 7 8 9 10 11 12 13 14 15 16 17 18 19 20 21 22 23 24 25 26 27 28 29 30 31 32 33 34 35 36 37 38 39 40 41 42 43 44 45 46 47 48 49 50 51 52 53 54 55 56 57 58 59 60 61 62 63 64 65 66 67 68 69 70 71 72 73 74 75 76 77 78 79 80 81 82 83 84 85 86 87 88 89 90 91 92 93 94 95 96 97 98 99 100 101 102 103 104 105 106 107 108 109 110 113 114 117 118 121 122 125 126 130
306 1325 2831 4091 4606 4853 4820 4606 4017 3513 3183 2961 2635 2493 2215 2089 1939 1943 1743 1664 1624 1473 1431 1409 1256 1169 1118 1052 1065 969 891 832 780 723 714 684 573 548 510 448 440 377 350 327 316 281 256 278 241 239 241 227 220 212 236 206 212 202 203 179 173 173 114 124 91 83 83 97 81 70 76 75 72 82 66 54 52 46 31 33 37 29 25 19 16 20 22 17 21 15 10 18 14 8 9 7 8 7 11 7 34 31 28 31 27 25 3 5 4 1 1 2 1 1 1 1 2
306 1549 4215 8683 15008 24315 36514 54060 70090 92939 119185 159664 192116 253311 308886 395557 478829 619896 690924 875637 1091031 1288645 1612239 2010250 2220058 2641280 3254397 3752476 4701020 5479213 6157659 6962149 8006066 9321811 11113147 13208845 12831808 14478876 15876086 17080637 19852639 21109445 23013663 24517128 29374454 31350406 32193656 43055292 44305208 52045030 60847860 67813325 74033581 87445582 100382141 101402042 124709942 142113140 165923914 167588677 193512718 222155563 180732872 222200968 186166293 198329963 226216968 293857335 297241027 310107341 385925417 432371702 453526564 623846013 566267418 549284196 648837209 658887095 493379903 588601678 773842858 684102726 617248297 541639087 498821290 690212897 834914266 897186284 1022051564 782271352 609699407 1131587904 1126855120 719138853 905378114 732559933 1036102966 932616510 1751476014 1315775522 6627246386 6815572364 6755430612 8408717450 8467333390 8825419746 1453204090 2155746945 2428654984 679903203 952050665 2128288902 1482074143 1653668665 2291320912 2552338241 7827728590



