8 9 20 21 32 33 44 45 56 57
318 150 7439 2194 39416 8963 29119 5988 5309 1099
14415 6063 188890 57804 294676 59738 80519 16007 6583 1305
658734 334872 3194832513 1468288026 610233870629984 197084827943890 13707938431330 2737462975660 534054753 43755874
8 9 20 21 32 33 44
53 33 522 134 96 19 1
583 262 1418 357 134 26 1
15770 8645 488948 66947 26695 6442 2
3 4 5 6 7 8 9 10 11 12 13 14 15 16 17 18 19 20 21 22 23 24 25 26 27 28 29 30 31 32 33 34 35 36 37 38 39 40 41 42 43 44 45 46 47 48 49 50 51 52 53 54 55 56 57 58 59 60 61 62 63 64 65 66 67 68 69 70 71 72 73 74 75 76 77 78 79 80 81 82 83 84 85 86 87 88 89 90 91 92 93 94 95 96 97 98 99 100 101 102 103 104 105 106 107 108 109 110 111 112 113 114 115 116 117 118 119 120 121 122 123 124 125 126 127 128 129 130 131 132 133 134 135 136 137 138 139 140 141 142 143 144 145 146 147 148 149 150 151 152 153 154 155 156 157 158 159 160 161 162 163 164 165 166 167 168 169 170 171 172 173 174 175 176 177 178 179 180 181 182 183 184 185 186 187 188 189 190 191 192 193 194 195 196 197 198 199 200 201 202 203 204 205 207 208 209 211 213 215 218 233 234 240 242
659 2701 6452 11127 17917 22696 28920 30551 32892 30882 30124 27571 25994 23383 22605 20087 19115 17912 16914 15402 15264 13852 13531 12551 12065 11129 11083 10039 9818 9327 9130 8129 8165 7424 7262 6772 6559 6118 6161 5550 5380 5106 4919 4697 4646 4144 4250 3894 3870 3562 3490 3261 3309 3019 3012 2712 2735 2402 2532 2210 2294 2104 2207 1980 2003 1800 1871 1645 1626 1543 1573 1418 1471 1385 1380 1240 1309 1158 1152 1159 1131 993 1055 997 955 892 915 771 788 701 743 649 722 574 641 556 574 495 569 463 515 457 469 408 449 374 387 361 373 308 351 292 293 292 317 262 280 231 238 217 240 205 221 190 204 170 178 187 145 136 163 125 140 119 111 88 113 72 80 85 68 63 96 68 75 69 56 59 72 42 64 67 45 46 49 38 46 33 42 37 45 37 30 29 25 22 26 21 27 18 13 12 16 4 15 8 7 10 15 5 12 7 3 8 5 7 6 9 6 6 4 3 5 5 4 7 10 1 4 5 4 5 4 4 5 2 1 1 1 1 1 1 1 1
659 2830 9388 21822 51894 94989 184014 287583 485581 685965 1000354 1355387 1888988 2357484 3211801 3899054 4989975 6196673 7864355 9144147 12125027 14249632 17508440 20997913 26140608 29355249 37173953 41997038 50495610 59607701 73389912 78337454 98513880 110091133 125964208 144206958 172823193 192071050 233925795 256161056 290962357 332465674 384066052 423966742 511733629 542900115 638523687 701747231 845304915 887383998 1027464750 1103635466 1286849462 1399692380 1660905115 1671247464 2056981683 2017125737 2477466641 2534402646 3085619927 3124370599 3949164400 4056843619 4599365166 4954548313 5957690882 5747852269 6818194484 7324012407 8351318359 8795960012 10650656743 10696921576 13131793364 13077921779 15423878263 15754959380 18666569250 19680982683 23433789434 22835663273 27569271890 29274103897 32964955628 33291082111 40501270254 38200955842 43474369664 44185579124 56111909853 50897647316 67978652303 60659749143 73967200290 70788905616 87965844299 77873567630 108273491780 96278731096 120780087934 114196873552 145679053270 130027239496 170482507567 157161570205 179880513977 182420455503 228366437310 198376196887 254437656685 240149175227 276030623696 291113717048 368223715238 329403058365 389325998105 350465887127 417582461863 419626478926 524776168404 483274955100 584073028755 541634716375 664829853996 621776575781 719612012834 809676217356 746535223754 743633593355 1018694050275 866209413498 1103814604633 914870921690 1121135284311 884225935948 1263640855663 930970324501 1141497621674 1227703448380 1327771245771 1174316647174 1976448291133 1628696280541 1866621609403 1855776823017 1861123153375 1863651930332 2677465496277 1755966319826 3135342292335 3160675683200 2807645238365 2813352999859 3315095284953 2900886902121 3669581934280 2752523558265 3904035960310 3516723061964 5612020199940 4560730131860 4066918746778 4468680386206 3871805331411 3940290518425 5794957634451 4546699195343 6630949267255 4396729690250 3951221412845 3483536699986 6202360226350 1417476079298 6040817262305 3688223541990 3295452841570 5470874299715 9173483777075 3075088618135 7923935502152 6422684601804 3138702640208 10068946627488 5547665030968 8300507512975 8873416948804 14382927358161 8153389066820 10433051489267 6109094398500 5462103301956 11090782359623 10299084780027 9069299694628 17206611606299 29557896215793 3068829878530 12828391724456 20974315247469 15891996117552 25259452693364 18085861089460 21904470240458 30426269296300 13245975416080 7840656226137 9275102575355 10963707205259 14070545699287 47826239745920 51820051838712 83561103925871 97862933703585
3 4 5 6 7 8 9 10 11 12 13 14 15 16 17 18 19 20 21 22 23 24 25 26 27 28 29 30 31 32 33 34 35 36 37 38 39 43
11 21 76 107 201 234 321 282 261 219 218 185 141 90 59 47 44 32 36 36 28 17 18 17 18 7 8 6 7 7 14 3 2 1 2 1 2 2
11 21 117 186 568 947 2050 2804 3863 4679 7687 9494 10745 10118 8725 8635 10963 9851 12559 19726 15673 15294 21169 18886 27402 16196 17194 18512 28064 33799 85174 19299 15191 13684 25994 10143 39503 68523
