7 19 20 30 31 32 42 43 44 54 55 56
685 5558 791 1612 37297 2937 1870 37032 2767 409 8368 669
37354 182253 33700 15912 353003 23266 5979 110694 7980 733 14332 1156
1754006 505733657 354656112 120127284544607 1993151359960240 275840507207558 12173053423822 130667305638617 6181615278241 19280469308 278712673959 20568507430
7 19 20 30 31 32 43
102 569 101 17 229 16 1
2974 2411 390 24 330 21 2
78819 1673266 136818 1297 332009 2360 6849
3 4 5 6 7 8 9 10 11 12 13 14 15 16 17 18 19 20 21 22 23 24 25 26 27 28 29 30 31 32 33 34 35 36 37 38 39 40 41 42 43 44 45 46 47 48 49 50 51 52 53 54 55 56 57 58 59 60 61 62 63 64 65 66 67 68 69 70 71 72 73 74 75 76 77 78 79 80 81 82 83 84 85 86 87 88 89 90 91 92 93 94 95 96 97 98 99 100 101 102 103 104 105 106 107 108 109 110 111 112 113 114 115 116 117 118 119 120 121 122 123 124 125 126 127 128 129 130 131 132 133 134 135 136 137 138 139 140 141 142 143 144 145 146 147 148 149 150 151 152 153 154 155 156 157 158 159 160 161 162 163 164 165 166 167 168 169 170 171 172 173 174 175 176 177 178 179 180 181 182 183 184 185 186 187 188 189 190 191 192 193 194 195 196 197 198 199 200 201 202 203 204 205 206 207 208 209 210 211 212 214 216 217 218 219 220 222 223 224 226 227 228 230 233 234 235 237 242 244 249
568 2438 7257 12043 20710 24356 33045 34035 40070 34733 37824 30503 31708 24435 25862 20433 21474 16965 18702 14843 16574 12918 14642 11569 12924 10261 11570 9175 10432 8165 9223 7469 8344 6570 7712 6087 6872 5445 6305 5114 5834 4675 5302 4252 4799 4025 4483 3602 4242 3477 3938 3064 3638 3042 3344 2772 3124 2500 2877 2347 2593 2188 2433 2078 2239 1933 2158 1801 1974 1715 1856 1582 1715 1449 1661 1373 1506 1295 1430 1220 1336 1167 1283 1093 1153 1028 1092 928 986 900 991 811 913 802 859 715 770 670 767 589 671 593 631 512 562 474 505 484 468 452 488 433 465 402 393 362 365 331 351 344 314 281 296 266 283 252 276 234 214 191 207 187 179 168 188 150 144 140 159 112 162 112 140 103 97 89 95 90 84 86 89 82 77 64 88 62 77 59 87 63 67 63 61 42 48 41 49 46 29 37 44 39 34 29 46 36 37 19 27 37 31 12 28 24 22 17 23 23 22 12 22 11 23 10 15 8 8 11 8 10 8 12 4 5 5 9 1 7 1 6 6 2 1 3 1 2 2 2 2 1 1 1 1 1 3 2 1 2 1 1
568 2566 10344 22088 59119 97157 210288 305043 584772 723232 1276869 1431323 2373658 2389202 3876185 3853037 5938233 5734724 9203636 8631286 14018613 12717538 20454012 18864711 29384058 26432499 41363744 37255676 58449128 50767418 79091406 70168293 109012074 91772509 146139395 125070264 195470194 162726758 255375243 221432345 332778264 286469731 427304949 364495005 542820594 481907328 705839751 609487998 926087297 811796554 1187993698 986803752 1521022462 1329714343 1892175622 1665472347 2388311747 2015882748 2941118928 2492453099 3598399914 3223073070 4534789125 3988778782 5480112624 4878214213 7033980660 6111186626 8758753776 7807592532 10789210498 9429244191 13244066894 11308080664 16362424922 13990536549 20139164979 17149083591 23818841986 20589680889 29179809641 25965785403 36701148258 31134788587 43210911307 38075471019 51499450601 43841773143 59882173516 53138984244 76341472199 62167303899 93205993297 78843889992 103443231705 87747908845 122445925130 106768837403 148239870411 117169579196 174167847026 149429585427 202374241535 159009063463 227585462508 190154042602 258852811430 237748323820 299670848567 278323099255 373517736259 326666358210 456545818615 382800149624 461655659658 441775946232 551101856661 495666516797 652584657608 636999989890 726735122926 642519427032 840452700680 784580083192 968802250054 883317821989 1159402096133 1022920752129 1114255486353 1005083924259 1333919109930 1220993144492 1489350797314 1370567231751 1748114686752 1522357712797 1711575985347 1689793890268 2325458735757 1596881404054 2916345435481 2016202529198 3101650297469 2205839926582 2723528906991 2256250029291 3179137152649 2864105284482 3178226553677 3356543988698 4352537140699 3794435029331 4340484213391 3569969612589 6151002819540 4311985907246 6524656604969 4787759896135 9891301539420 6317323767911 8839212648045 8205514009037 10179256647955 6172706747946 8307221921745 7433774924100 10350771319833 9354292149910 7484583975438 9007212609713 14209556148102 11948670664842 11833556058816 10270451276926 19003609932043 14981089906440 19611129531340 9942916910945 16631862737185 22506588095860 22165449173320 8800141878837 22931600382863 21725849255339 25467161016774 17946921482008 28090510292893 29743059865377 33656905902942 17811555779284 43202740452427 20624623635352 46362038507024 22766796665523 39038012793109 22153474561117 24629946564465 35808922978604 31794443205972 35859311424396 34449284875440 54847269045375 18858267544332 25251388037975 27038675528431 58376710883775 6622987708040 48696329950080 7840656226137 51171487814250 60510395314602 23833362472556 12950095925895 42211637097861 15285151248481 33203196215828 39147712322290 42496558018734 46123742347698 27152408925615 29454549941750 31946390696157 37561133582570 47826239745920 155460155516136 112276297341894 65851585970275 195725867407170 114540884553038 169296722391554
3 4 5 6 7 8 9 10 11 12 13 14 15 16 17 18 19 20 21 22 23 24 25 26 27 28 29 30 31 32 33 34 35 36 37 38 39 40 41 42 43 44 45 46 49 52 53
7 18 89 170 420 550 624 759 620 642 540 433 253 210 138 132 88 65 69 50 36 25 31 28 15 21 20 21 12 9 7 12 8 8 4 2 1 1 2 1 1 2 2 1 3 1 1
7 18 122 305 1050 1969 3372 6601 8109 13188 15825 20699 18745 22121 19079 25330 17293 20105 24668 28879 19477 26502 26192 46880 23077 45221 55994 79206 39149 44360 30368 78140 49596 84149 40238 20286 17977 29766 61969 26015 52030 99708 127850 44583 361466 249508 204226
