2 13 14 25 26 37 38 49 50 61 62
77 1070 438 14576 11134 31143 21647 10329 6935 1665 985
38554 55245 17866 300014 193179 156821 105053 25505 16743 1950 985
2597462 7805378 1935317 1458553654366342 776943511084469 752956088413889 459572889761783 5655935852075 3015618327563 108504106 23892842
2 13 14 25 26 37 38
16 194 78 376 239 33 23
4416 2411 819 760 441 37 27
175289 127137 53556 2517477 171093 10272 100359
3 4 5 6 7 8 9 10 11 12 13 14 15 16 17 18 19 20 21 22 23 24 25 26 27 28 29 30 31 32 33 34 35 36 37 38 39 40 41 42 43 44 45 46 47 48 49 50 51 52 53 54 55 56 57 58 59 60 61 62 63 64 65 66 67 68 69 70 71 72 73 74 75 76 77 78 79 80 81 82 83 84 85 86 87 88 89 90 91 92 93 94 95 96 97 98 99 100 101 102 103 104 105 106 107 108 109 110 111 112 113 114 115 116 117 118 119 120 121 122 123 124 125 126 127 128 129 130 131 132 133 134 135 136 137 138 139 140 141 142 143 144 145 146 147 148 149 150 151 152 153 154 155 156 157 158 159 160 161 162 163 164 165 166 167 168 169 170 171 172 173 174 175 176 177 178 179 180 181 182 183 184 185 186 187 188 189 190 191 192 193 194 195 196 197 198 199 200 201 202 203 204 205 206 207 208 209 210 211 212 213 214 215 217 218 219 220 221 225 226 227 229 230 231 233 235 236 238 241
576 2467 7812 12165 22781 27645 37212 37627 43576 37716 40810 33910 34748 27122 27972 22226 23295 18380 19879 15847 18056 14367 16206 12906 14769 11640 13928 10627 12468 9999 11531 9067 10688 8491 9756 7932 9192 7373 8420 6914 7773 6368 7156 5864 6841 5436 6032 5093 5616 4561 5395 4345 4762 4035 4428 3759 4358 3413 3823 3374 3626 2999 3288 2828 3088 2701 2892 2483 2768 2210 2591 2151 2337 1850 2243 1814 1967 1676 1844 1546 1706 1361 1522 1313 1419 1184 1367 1183 1195 1064 1131 1054 1108 936 1024 880 924 796 926 781 818 682 755 614 696 531 685 540 592 480 560 479 427 444 457 429 407 360 416 374 380 335 374 307 316 286 295 266 292 270 247 243 217 206 218 185 165 226 185 180 156 166 143 150 126 115 135 109 108 108 92 103 100 87 92 87 76 80 85 86 68 87 70 75 63 59 48 47 46 61 61 41 41 41 35 36 42 44 33 31 24 27 26 21 16 20 13 18 15 17 16 8 12 9 9 11 11 11 6 11 4 5 4 11 9 3 7 8 9 3 6 8 6 8 7 2 1 1 4 5 4 2 3 2 6 1 1 4 4
576 2579 11157 22279 64738 107238 232000 330739 632630 783805 1384299 1587045 2551042 2689220 4210343 4208316 6411511 6178604 9354120 9015095 14267683 13466372 21285359 19673620 31348904 28687197 46713636 40444291 65927281 57986609 92895041 81865430 128585510 113477956 177375089 157113495 244359162 216621066 326175030 287492795 436701673 384909069 581815226 513180373 771123692 662568859 965194108 865230817 1265822667 1096728627 1655517141 1424949190 2055861522 1775826574 2592295203 2277921562 3416474554 2863713433 4099671232 3752573464 5255984101 4527537459 6265165177 5724279685 8047253342 7237304878 9870592712 8854212402 12275760665 10247806405 15300438866 12875048638 18717128795 14945991127 22958241595 19102865638 26523801032 22850417281 32808576995 27161603751 38294003273 32078683313 43640436187 39303275860 53866225686 45520757494 64440622187 58450650117 74152189285 65707065853 89168120130 84379020014 109001960370 97560927099 129194053085 111448600647 148332552085 127252803982 185175216029 157012551530 213037537338 173803694614 245446041822 196301455296 283003485360 213810858027 349867868218 270059796513 386913449786 294254632953 431624472473 372240156459 400666899029 439550345270 554669919461 517072005328 583560398865 562863164826 721988709112 691000750442 879764182633 776308599380 1031736368811 883942956711 1065756658356 995744148980 1203151297996 1147534493936 1537243370823 1473639213102 1418238737135 1594826545026 1832851595910 1604383416702 2023171379917 1841011647365 1943737398277 2735043496603 2630014605259 2539185856328 2683415716970 3023387335403 3007188398304 3284278882512 3412367156123 3072300378816 4321205292824 3631878607692 4384051712872 4108158897013 4316492106277 4977640240095 5913036620743 5176797799953 6067235062957 6274910027219 7158303329009 6476059458680 8417058790843 8913901027154 8255738139634 10207508245391 10943883457820 10877772534382 10900903254927 10223818758200 9709097791057 9961018387892 10985127352378 14777010455899 17407365285951 13129880181019 14582613512754 15717536072144 15536845758431 16804254760370 23379772693820 22973495866160 19315355355485 18913943019535 18055704827704 20017528217193 28434578201317 18728563165942 15436071898171 22483792308530 17547616061536 24188702296725 22470171938374 28740426035744 26262277052084 15621441423073 28143395288335 18610892703691 33121593491163 27315154987063 30259088539647 38369235075256 19242587586684 38903970959667 22203361190013 21641818293235 18085861089460 55636981363923 58299790285791 18255761577780 44747712409940 55319317658120 69298276995939 25585743907125 71214735510920 79060600465312 65782243231554 103600767407160 98493819895009 30570302496962 16601598107914 18028182516671 100103495040444 135762044628075 117818199767000 69286252645038 112683400747710 81436127254724 286957438475520 56138148670947 60806135438329 285216742059676 361747358675268
3 4 5 6 7 8 9 10 11 12 13 14 15 16 17 18 19 20 21 22 23 24 25 26 27 28 29 30 31 32 33 34 35 36 37 38 39 40 41 42 46 48 53 67
2 21 101 161 374 603 685 1081 917 1104 949 1025 537 519 250 173 93 71 59 48 17 9 18 9 11 5 13 4 9 7 6 4 5 1 5 3 2 3 2 1 1 1 1 1
2 21 129 284 917 2009 3370 8411 10498 21080 26890 48679 37667 64442 38698 43531 25055 27385 26316 26638 11105 8693 17191 9732 15860 14238 27283 13278 29852 34225 34171 21576 48113 11208 58303 50715 32860 77509 71908 31185 89166 89134 204226 1741630
