4 15 16 27 28 39 40 51 52
91 2585 1833 25553 14937 30300 16082 5647 2963
5839 25747 20740 229737 126442 91308 48028 7959 4310
278718 2707867 4889114 1011324146812417 318482957655788 248671503590668 52524170404561 12801136214 3365303210
4 15 16 27 28 39 40
17 255 170 254 117 5 1
413 914 683 394 181 5 1
8679 142062 53362 212088 67635 1008 3010
3 4 5 6 7 8 9 10 11 12 13 14 15 16 17 18 19 20 21 22 23 24 25 26 27 28 29 30 31 32 33 34 35 36 37 38 39 40 41 42 43 44 45 46 47 48 49 50 51 52 53 54 55 56 57 58 59 60 61 62 63 64 65 66 67 68 69 70 71 72 73 74 75 76 77 78 79 80 81 82 83 84 85 86 87 88 89 90 91 92 93 94 95 96 97 98 99 100 101 102 103 104 105 106 107 108 109 110 111 112 113 114 115 116 117 118 119 120 121 122 123 124 125 126 127 128 129 130 131 132 133 134 135 136 137 138 139 140 141 142 143 144 145 146 147 148 149 150 151 152 153 154 155 156 157 158 159 160 161 162 163 164 165 166 167 168 169 170 171 172 173 174 175 176 177 178 179 180 181 182 183 184 185 186 187 188 189 190 191 192 193 194 195 196 197 198 199 200 201 202 203 204 205 206 207 208 209 210 211 212 213 214 215 216 219 220 221 222 223 225 226 228 232 235 240 249
638 2737 7028 10313 16909 17842 22770 20289 23266 19207 21398 16757 18315 14192 15921 12301 13801 10649 12608 9614 11199 8751 10266 7965 9325 7371 8753 6870 7930 6340 7520 5810 6867 5421 6556 5089 6025 4691 5646 4338 5215 4064 4721 3770 4477 3380 4168 3254 3864 3046 3558 2840 3387 2593 3057 2502 2916 2212 2706 2100 2525 1942 2242 1844 2288 1652 2022 1544 1916 1489 1752 1433 1641 1272 1474 1170 1468 1050 1278 1009 1230 940 1153 873 1076 865 957 753 930 719 861 662 812 607 663 599 696 571 630 497 598 459 490 423 501 393 455 347 437 353 365 314 373 303 297 266 317 264 263 240 297 230 237 210 243 208 203 176 193 181 183 150 170 176 149 141 155 142 144 117 143 136 118 95 104 108 106 82 92 95 82 94 71 56 85 69 46 74 57 52 46 46 38 50 36 40 51 31 37 24 38 30 40 24 34 21 25 11 34 13 21 16 20 12 18 12 14 10 14 10 9 9 9 10 8 5 8 8 5 4 9 2 7 3 4 2 4 6 6 2 3 2 1 2 2 1 1 1 1 1 1 2 1 1 2 1
638 2871 9936 20152 50019 78277 155788 208331 372967 452502 759280 849249 1360548 1439592 2265394 2319444 3581397 3553045 5645340 5407570 8425692 8226494 12605582 12103277 18660960 17702440 27536320 26030903 38910489 37198135 55781250 51035610 77027554 71735555 107847853 98209242 148903581 132811564 200019490 176809352 267123701 243066049 343565898 315924251 455116390 407973249 594934089 537993599 783730671 699506981 1001352754 895963819 1308980080 1154693341 1625884496 1475451741 2100321557 1832601753 2642488108 2243939601 3309005465 2875248067 3942330429 3584267668 5377704174 4366966454 6279065758 5285248530 7991545647 6995823808 9435203923 8619279471 11754828498 10509965468 13620442799 11915608505 17602403115 14663110156 19417526871 17205479541 24109490370 21481338519 30049590738 25640717016 36238115773 32654089859 41622151796 35966904462 51471660568 44272756950 60324633691 50744038337 73740163581 61025144868 76758660820 74042774596 100640143938 91164181703 116568548421 96846720521 136715889097 113582334243 147541917332 132314173076 182216927091 155874490712 212834872003 173524332537 254888601026 215387050715 269111178572 241532536363 338679310653 298541323465 325380195894 319294244521 443310333697 402252161713 456331818006 455194290007 630399925591 551418989762 627162435111 611274614993 800363664960 737114561104 843266442035 754735382154 954384122894 933941189576 1049865817275 972156845638 1273827508567 1395023741964 1322624442796 1385987481962 1805478934954 1725904253236 1910131479327 1670519297064 2399907660782 2521323424512 2217770389727 2003656653202 2451608684702 2851293735232 3046053540639 2653253393903 3199030726914 3625730684657 3473485483468 4559167071803 3938668896950 3203025415838 5476083649808 4720925401186 3648762196449 6002548803643 5265774536865 5305410402077 4996717535877 5641105245231 5075711890567 7505527762483 5753962461087 7198393087220 11249559760484 6817106491092 8397402906442 5723409581743 10831769845362 9750521727802 14173640741025 8282036953814 14896308262715 9199611937910 11585431156570 5607074221430 20557930115715 8545273953820 15847871004304 12353962875207 16724597598989 10683409901120 16978107344516 12861885292044 16973836877379 12582953722890 20383472667050 15272735996250 16396366431994 17595116220284 21193742397149 21504920805584 18138599389256 12474566122609 24162485015229 26602433343014 16726829918490 14584289728500 38749210502091 8656727317294 31843358520273 14982977462029 22360353269980 17265430494250 25954216983380 43241050238940 47043937356822 16369237528512 27825307726065 20170131771534 10963707205259 23833362472556 30570302496962 16601598107914 18028182516671 19573856161145 21248279009367 25025873760111 27152408925615 63892781392314 44132934884255 56138148670947 167122207851742 169296722391554
3 4 5 6 7 8 9 10 11 12 13 14 15 16 17 18 19 20 21 22 23 24 25 26 27 28 29 30 31 32 33 35 36 37 39 40 42 45
8 28 68 127 179 262 232 294 253 243 164 141 128 95 63 60 39 40 31 22 19 17 13 9 12 8 10 7 5 4 1 2 2 1 1 1 1 1
8 28 93 222 522 1084 1444 2621 3621 5161 5481 6293 9568 9010 8345 9243 7985 12694 12772 9608 13971 13000 14847 9895 19856 14822 29308 21915 21142 21492 5604 29744 22033 12310 17977 29766 31185 53174
