11 12 23 24 35 36 47 48 59 60
635 727 11024 10114 28737 25171 12259 9993 928 410
14670 18499 251630 220230 150538 129494 29541 23342 928 410
785728 1103428 5559276658701 28603979512731 314418676559478 278919596559944 2177203964268 1384734858871 447355 57480
11 12 23 24 35 36
113 121 351 252 21 10
608 789 714 496 28 15
20189 31136 295107 140644 6841 391
3 4 5 6 7 8 9 10 11 12 13 14 15 16 17 18 19 20 21 22 23 24 25 26 27 28 29 30 31 32 33 34 35 36 37 38 39 40 41 42 43 44 45 46 47 48 49 50 51 52 53 54 55 56 57 58 59 60 61 62 63 64 65 66 67 68 69 70 71 72 73 74 75 76 77 78 79 80 81 82 83 84 85 86 87 88 89 90 91 92 93 94 95 96 97 98 99 100 101 102 103 104 105 106 107 108 109 110 111 112 113 114 115 116 117 118 119 120 121 122 123 124 125 126 127 128 129 130 131 132 133 134 135 136 137 138 139 140 141 142 143 144 145 146 147 148 149 150 151 152 153 154 155 156 157 158 159 160 161 162 163 164 165 166 167 168 169 170 171 172 173 174 175 176 177 178 179 180 181 182 183 184 185 186 187 188 189 190 191 192 193 194 195 196 197 198 199 200 201 203 204 207 209 210 218 219 221 222 224 225 227 228 230 231
751 2863 7485 12830 21065 25574 31516 32634 34628 31066 31169 28220 27333 24436 23773 21354 21061 19078 18690 17153 17366 15552 15478 14362 14072 12764 13195 11827 11872 11039 10771 10030 10147 8932 9270 8576 8658 7823 8059 7099 7165 6711 6693 6231 6576 5749 5726 5225 5308 4828 4942 4381 4660 4125 4180 3807 3901 3283 3535 3293 3230 2966 3050 2710 2804 2526 2626 2291 2460 2119 2234 2029 2050 1932 2064 1797 1851 1562 1610 1587 1589 1409 1512 1237 1331 1203 1154 1092 1092 973 1055 926 934 795 863 717 760 710 676 679 640 536 544 522 544 429 509 465 421 416 382 375 410 352 332 343 289 252 297 253 279 236 233 219 214 191 186 182 163 139 163 153 137 125 149 112 112 105 86 107 91 77 91 72 81 64 62 68 53 59 57 48 49 32 48 30 34 38 24 27 28 23 28 25 23 16 24 19 21 21 14 17 14 11 18 14 10 9 19 4 6 12 6 11 10 3 10 7 4 6 4 3 2 4 2 6 1 4 5 1 1 1 1 1 1 1 2 1 1 1 1 1 1 1
751 3029 10808 24730 59617 105637 202050 309321 518945 701291 1046492 1378643 1968976 2392766 3307210 4063215 5319653 6443142 8439005 9780992 13229452 15371462 19353871 22958489 29108470 32131545 42694446 47818765 59746194 68775719 84714300 92947780 118916344 127707189 157004908 180485039 225193517 234076806 302079884 317983592 381125305 424916340 522978066 546062720 717671584 745784587 871549912 929051986 1168141585 1163393303 1459824681 1548160945 1902035055 1944318545 2418390945 2406882149 2999445848 2956393570 3597709982 3934985808 4663018278 4586767688 5785328613 5887540628 6754303011 7120086138 8944065002 8256617699 10899814921 10633262119 12678054756 13074881731 15710890822 15816132604 20877005305 20218426844 23750942162 22892197213 27809026176 28712917624 35431344224 34595965432 41852068529 38755822198 49611798666 46556545228 53955075477 56354848806 63462392839 64824961689 81120191762 73564999666 91149798876 86603832760 105987586266 95982575008 123002271774 117819826952 138442175374 149351573147 154773913478 153616607195 170475491218 173502456179 225309823071 189689064092 247620574439 250606620734 266882520706 260369369393 305575776115 316434961050 376603871666 376640680803 391667035741 418963893009 429645623457 436615946982 531643908266 502116042381 669699507893 550194855520 672187744825 645583913468 765813899884 737529058571 781157332675 828512457656 870584045085 796380934015 1055893457355 1040468744348 1124784883954 1029627118761 1436140576214 1196483842149 1443884587356 1371429461640 1105161794455 1652429542481 1692837366122 1437971946828 2054023737313 1600511204602 2105089959016 1778633323611 1952051638851 2203960260834 1998791923272 2564641457778 2490253070063 2412237640694 2908331448819 2015622080739 3088418446489 2209024500775 2706494853469 3246489173463 2573336453841 3014970615275 3038276077829 2818615876238 3782547337835 3625901757002 4207535904006 2806864004655 4945529563408 3938362382162 5135087701243 6111196590438 4613601418734 5854562500290 5239984425076 4188765517330 7887249776635 7338414460900 4600925935060 5425474325810 11509875974155 2395096717550 4440037909656 9227031186393 4778456456854 9556301355981 9385738489785 3124110429104 11116673415514 10651472581252 5593366982284 11444597672676 9304095402218 5462103301956 3641402201304 7949107425452 4732045483690 15270223806710 2580840212973 12275319514120 16726829918490 3972999029388 4328363658647 5590088317495 6622987708040 7206841706490 14070545699287 15285151248481 36056365033342 19573856161145 23061871173849 25025873760111 29454549941750 31946390696157 37561133582570 40718063627362
3 4 5 6 7 8 9 10 11 12 13 14 15 16 17 18 19 20 21 22 23 24 25 26 27 28 29 30 31 33 34 35 37 39 40 42 47
11 14 73 104 220 201 287 290 276 248 215 138 133 83 65 51 54 28 42 15 21 12 17 3 14 4 8 1 5 2 1 2 7 2 1 1 1
11 14 104 189 676 784 1870 2914 4079 5502 7495 6764 10707 8920 9766 10360 14743 10351 19042 9236 13147 10685 16149 2256 21443 8967 14227 2436 18526 9322 4565 19557 90106 32860 21637 21637 63261
