14 26 38 50 62
3075 11064 42517 28379 14962
121090 689314 430981 113007 24918
15793541 315398419288015 4773449457329469 620992116028476 1977485675155
14 26 38 50
480 897 327 12
10976 3059 510 12
1156465 4802278 488655 86
3 4 5 6 7 8 9 10 11 12 13 14 15 16 17 18 19 20 21 22 23 24 25 26 27 28 29 30 31 32 33 34 35 36 37 38 39 40 41 42 43 44 45 46 47 48 49 50 51 52 53 54 55 56 57 58 59 60 61 62 63 64 65 66 67 68 69 70 71 72 73 74 75 76 77 78 79 80 81 82 83 84 85 86 87 88 89 90 91 92 93 94 95 96 97 98 99 100 101 102 103 104 105 106 107 108 109 110 111 112 113 114 115 116 117 118 119 120 121 122 123 124 125 126 127 128 129 130 131 132 133 134 135 136 137 138 139 140 141 142 143 144 145 146 147 148 149 150 151 152 153 154 155 156 157 158 159 160 161 162 163 164 165 166 167 168 169 170 171 172 173 174 175 176 177 178 179 180 181 182 183 184 185 186 187 188 189 190 191 192 193 194 195 196 197 198 199 200 201 202 203 204 205 206 207 208 209 210 211 212 213 214 215 216 217 218 219 220 221 222 223 224 225 226 227 228 229 230 233 234 236 237 238 239 240 241 242 243 248 250 251
422 2077 7068 14144 26999 36934 50133 54128 61034 57873 58445 52581 51133 44563 43480 37890 36951 32727 32010 28598 29125 25637 25806 23180 23002 20820 21492 19043 19366 17306 17632 15876 16385 14238 14903 13666 13822 12316 12830 11159 11517 10228 10538 9378 10012 8755 9039 7972 8285 7198 7764 6877 7119 6199 6572 5852 6159 5390 5627 5077 5433 4463 4894 4099 4382 3895 4059 3579 3814 3192 3485 3086 3289 2736 2927 2639 2693 2354 2445 2194 2351 2003 2097 1944 2036 1759 1916 1721 1714 1497 1670 1392 1516 1308 1370 1246 1320 1083 1239 1097 1021 962 978 849 946 829 774 784 742 663 759 625 604 531 591 502 540 524 476 490 468 394 459 405 397 381 394 317 348 311 300 270 311 264 291 251 203 210 226 212 240 240 209 179 171 170 162 135 128 127 108 115 100 103 113 97 77 76 117 84 74 88 73 57 56 63 47 55 48 33 52 43 42 38 42 47 51 43 39 38 47 34 40 54 31 20 25 26 18 18 14 23 17 16 15 16 9 8 6 7 9 13 15 6 6 2 6 7 5 6 6 7 4 5 4 7 5 2 3 4 4 7 4 3 23 4 1 1 4 4 1 2 1 4 1 2 2 1 1 2 1
422 2187 9671 24922 69006 134075 284302 448124 815917 1139261 1807646 2355563 3473628 4197130 5932889 6956562 9466612 10938592 14702375 16644759 22692845 25499771 33510283 37076285 48199859 53778740 71307790 76526939 99155238 108542768 140248991 152160167 194421334 205191888 266852497 285319233 366839158 388946563 497559719 507446096 640353083 660652717 846080490 855492542 1103837290 1139570611 1429162983 1429834910 1821689594 1816237099 2394630029 2401371840 2925401038 2984475433 3832237878 3783151713 4731717255 4786745611 5944920972 5870475154 7714243134 7201879188 9203826001 8841037734 11037450767 11002641103 13703135344 13373309642 16758673159 15680313604 20804493473 19628981190 25263353552 22944264711 29716847378 29057938048 35232493529 33522825703 42894542830 40571463893 51941012897 47795018465 60272735692 58101306655 75637931173 70627854679 90125181344 87081035860 105040608220 94841425863 132851197060 116751415335 150096950080 140773117313 173311462235 163136521627 216349484939 181085967834 251439830597 231553384457 267909144915 259547142944 318241401984 282881926526 381226287364 355831089107 389302901182 415298724762 476352570408 441721854356 579750341912 527744195675 597640716597 519442031636 725562084542 667211716354 796549731741 855728853167 872932529039 943716140607 1166155352145 969303743433 1294930937840 1211801920649 1383609570360 1434493469248 1730739997388 1429598206725 1864657891864 1730816834885 1899746989361 1906225087096 2556800789212 2118703383176 2707769633310 2636604016716 2343375520390 2735676894155 3316510284867 3434221051914 4434497252304 4460936520144 4064977772668 3918909178139 4472984560419 4514468526743 4898283268686 4713393094378 4681730634968 5068915729944 5222839292557 5718035084277 5691805947291 6272947630170 7655988650276 6824495646514 6280413838424 6865307770040 12332360898884 8394903856520 8848988078956 11857282791721 10401370457630 8802949741638 9860011837029 12424740949115 9094682348440 13009978575112 12058173217682 8566265351897 15647158931509 13426974523517 13916633488234 14371884701561 17653077906383 21233930866100 26860205438510 23181653694465 22756866989255 23000249537590 32356329136688 25497187344681 32815572729100 48345949867695 30369475418924 21868773003728 29560769739374 35925958376927 28536861733870 28244607268551 25279100420808 41417204225319 32617676268194 37403135656488 36474594414888 40219356051928 26977056002820 26602433343014 19242587586684 28266460111719 35430064667229 62793267104151 73502054040148 29965954924058 32172880816404 12170507718520 39200192399460 50447891945430 45776308317528 51171487814250 54904094179150 70595461200369 43854828821036 59583406181390 51800383703580 98493819895009 76425756242405 33203196215828 54084547550013 78295424644580 84993116037468 161433098216943 100103495040444 81457226776845 677454648660250 127785562784628 34643126322519 37561133582570 191304958983680 207280207354848 60806135438329 131703171940550 71304185514919 308783570654048 83561103925871 180873679337634 195725867407170 105882246722733 156618412527946 365947779708052 197726516681672
3 4 5 6 7 8 9 10 11 12 13 14 15 16 17 18 19 20 21 22 23 24 25 26 27 28 29 30 31 32 33 34 35 36 37 38 39 40 41 42 43 44 45 46 47 48 49 50 51 52 59
9 33 173 317 626 1001 1216 1725 1532 1674 1026 1198 770 695 533 463 341 233 150 144 122 93 61 91 50 48 43 28 17 27 18 17 8 11 15 3 2 4 5 4 6 5 2 2 2 3 3 3 2 1 2
9 33 252 497 1611 3325 6936 13875 21041 31915 32953 58661 53551 73326 81971 88990 93547 78377 86259 86651 99149 87637 60319 151319 107244 154446 153247 102456 96555 148350 110809 125331 68103 150041 193002 52882 35169 69269 143816 129822 229783 262878 106953 133749 181523 253044 406258 445670 249508 147273 978099
