18 30 42 54 66
2153 20303 47033 23429 7077
448034 569102 279094 67064 8591
2598704645 5222469601618886 2312448240517244 161857980989449 4808800063
18 30 42
471 662 148
6024 1478 203
3107804 1789603 32265
3 4 5 6 7 8 9 10 11 12 13 14 15 16 17 18 19 20 21 22 23 24 25 26 27 28 29 30 31 32 33 34 35 36 37 38 39 40 41 42 43 44 45 46 47 48 49 50 51 52 53 54 55 56 57 58 59 60 61 62 63 64 65 66 67 68 69 70 71 72 73 74 75 76 77 78 79 80 81 82 83 84 85 86 87 88 89 90 91 92 93 94 95 96 97 98 99 100 101 102 103 104 105 106 107 108 109 110 111 112 113 114 115 116 117 118 119 120 121 122 123 124 125 126 127 128 129 130 131 132 133 134 135 136 137 138 139 140 141 142 143 144 145 146 147 148 149 150 151 152 153 154 155 156 157 158 159 160 161 162 163 164 165 166 167 168 169 170 171 172 173 174 175 176 177 178 179 180 181 182 183 184 185 186 187 188 189 190 191 192 193 194 195 196 197 198 199 200 201 202 203 204 205 206 207 208 209 210 211 212 213 214 215 216 217 218 219 220 221 222 223 224 225 226 227 228 229 230 231 233 236 237 238 239 240 241 242 243 244 245 246 247 248 251 254
397 2010 6232 12103 21099 30245 39593 43965 63491 63213 63407 59237 57320 51539 49743 45002 42676 39324 36542 32870 32807 29485 27768 25583 24896 22547 21921 19582 19591 17905 17115 15292 15368 13647 13533 12356 12265 11052 11097 9700 9675 9105 8842 8088 8204 7614 7380 6809 6675 6112 6262 5697 5566 5055 5163 4551 4842 4497 4401 4192 4331 3814 3948 3488 3580 3239 3390 3090 3120 2827 2937 2640 2722 2391 2622 2320 2347 2131 2204 2004 1979 1770 1802 1584 1776 1516 1626 1456 1464 1274 1408 1186 1345 1097 1157 1017 1081 1019 1044 924 927 810 900 693 784 694 737 671 686 583 643 555 611 523 540 458 525 458 500 421 495 434 490 376 395 315 327 320 325 308 275 248 240 217 236 205 229 219 205 169 194 173 187 158 162 129 121 137 131 122 117 108 94 100 105 102 84 89 85 88 94 64 90 69 67 52 66 51 55 51 78 102 84 36 34 39 29 34 28 28 21 23 20 27 15 15 30 30 21 13 16 16 17 15 8 22 19 16 19 15 13 6 13 14 12 3 6 9 7 6 10 6 1 3 5 3 3 5 2 6 2 4 7 4 3 2 1 12 3 2 2 1 1 3 2 1 4 1 3 2 3 1 1 2 5
397 2095 8579 21732 55082 109133 221376 359290 767313 1076561 1751631 2363815 3594333 4459989 6491994 8022231 10781910 13290559 17214762 19605053 26685773 30254167 37899063 44119962 56246586 63045734 80664359 87178384 110183968 122991175 149332922 161212053 204913385 218607823 268458933 286477941 357698924 365674110 457932053 471910476 576165661 642190374 763625450 790929063 967510313 1062449069 1208780974 1300537875 1543515020 1573954015 1936831120 2033430893 2294407236 2434603412 2913365151 2886445988 3765128847 3964799485 4500756120 4811732708 6016261726 6015095725 7310610412 7388054197 8694758479 9294142226 11055069231 11234509759 13534892779 13935830565 16546061010 17145524129 20109055918 19494778896 25405359710 25571442685 30617607962 31140789331 36370690999 36901853899 43043318740 42361020973 49877631094 49127966167 63822090621 60500231630 75202444481 73718580794 84547107941 83065902689 104980009317 96879068310 131491156657 118852765692 134727229062 137996810065 165508571594 168802890415 199571418980 192963821055 232945820376 224166793961 282300140078 239877568827 314475228746 297534839875 360968075074 346232257541 444656488741 392909434310 490873981712 463740115523 577938327956 541250131525 655968168588 579387034904 790177744684 746622562656 903409307370 843857602715 1113099339742 1023393732846 1315126121517 1059523257709 1379720580284 1153274077163 1364584712901 1466998981696 1747793039008 1656651614173 1687075036680 1661936553112 1917974795989 1812641221998 2301309750674 2086545427556 2590438229355 2679668390440 2793074729246 2596752397515 3504924302490 3179449730766 3859466753873 3625281364031 4234149602205 3526183179358 3804780622634 4369074974881 5019004756879 4970867267577 5327970504778 5034635215556 5295166909989 6089297416702 7009679865819 7113319848563 6693453607175 8143475671903 8795785425953 8841033157690 10901276622199 8536704349042 12943552930145 10533333098096 13893692217501 9906418984195 13872987732016 11721746012105 13410866148888 13672670846661 22132522154132 30548102884611 28592639625805 13855842365690 13566054657546 17163347212040 15096845451580 18111695531005 16266875830480 16883086063790 14182403033352 16901409294437 15904720690666 26190668662715 14765847394947 16601015025950 35394058877180 39137450560833 34463594131998 20350375562318 31247741014840 31854777632382 39733904915091 31804005585611 22475853600194 55059944916382 54421573554876 48338501383663 64141958622280 57134333120292 50668207590255 25259452693364 64072920267982 71459235629732 73246523120188 17760596036015 39200192399460 63693867361510 53616964543665 50483562738012 99040043236985 60510395314602 10963707205259 34797069677815 63717064939858 42211637097861 45855453745443 83007990539570 36056365033342 117443136966870 42496558018734 92247484695396 175181116320777 108609635702460 88363649825250 63892781392314 34643126322519 450733602990840 122154190882086 95652479491840 121612270876658 65851585970275 71304185514919 231587677990536 167122207851742 90436839668817 391451734814340 105882246722733 343622653659114 247776886154518 401934778034664 144867692496445 156618412527946 395453033363344 1246457255842795
3 4 5 6 7 8 9 10 11 12 13 14 15 16 17 18 19 20 21 22 23 24 25 26 27 28 29 30 31 32 33 34 35 36 37 38 39 40 41 42 43 44 45 48 49 57 61
9 20 93 164 373 464 603 676 637 785 616 574 448 391 303 226 216 177 174 126 114 63 70 56 55 38 34 35 28 26 27 17 16 10 7 4 5 3 7 1 2 2 3 1 3 2 1
9 20 125 287 969 1688 3586 5890 8252 16299 19591 27678 30343 41191 44161 47447 54303 68121 77341 72416 88709 63248 85353 75745 104281 92168 127180 129307 131804 157539 189919 149356 153908 98448 83744 52882 84409 47479 183227 21637 83215 124740 150931 126522 316674 772310 715220
