12 24 25 36 37 48 49 60 61
1233 5001 6192 11157 28961 8793 22179 4507 11976
13937 328549 536716 125003 356029 35338 93569 8107 21970
581818 10128798588778650 111458922353598 667132199470147 4205160650790776 280685208356314 360676941155181 1402671702014 3842454404283
12 24 25 36 37 48 49
135 583 540 104 280 5 24
621 2562 2496 174 447 5 28
13151 3820078 3714749 78120 274109 48 283
3 4 5 6 7 8 9 10 11 12 13 14 15 16 17 18 19 20 21 22 23 24 25 26 27 28 29 30 31 32 33 34 35 36 37 38 39 40 41 42 43 44 45 46 47 48 49 50 51 52 53 54 55 56 57 58 59 60 61 62 63 64 65 66 67 68 69 70 71 72 73 74 75 76 77 78 79 80 81 82 83 84 85 86 87 88 89 90 91 92 93 94 95 96 97 98 99 100 101 102 103 104 105 106 107 108 109 110 111 112 113 114 115 116 117 118 119 120 121 122 123 124 125 126 127 128 129 130 131 132 133 134 135 136 137 138 139 140 141 142 143 144 145 146 147 148 149 150 151 152 153 154 155 156 157 158 159 160 161 162 163 164 165 166 167 168 169 170 171 172 173 174 175 176 177 178 179 180 181 182 183 184 185 186 187 188 189 190 191 192 193 194 195 196 197 198 199 200 201 202 203 204 205 206 207 208 209 210 211 212 213 214 215 216 217 218 219 220 221 222 223 224 225 226 227 228 229 230 231 233 234 235 236 237 238 239 241 242 243 244 245 246 247 249 250 252 254 257 260
466 2141 6836 14417 27834 37661 50354 55311 59536 56632 57291 51396 51313 46123 45390 41644 41195 36217 36677 33221 32756 30155 30293 27505 27558 24893 24275 22683 23034 20609 21323 19333 19157 17625 17401 15516 16241 14776 14731 13674 13625 12192 12228 11460 11431 10870 10635 9660 10029 8735 8780 8252 8488 7628 7709 6931 6843 6373 6306 5665 6101 5541 5461 5106 5159 4539 4703 4083 4473 4126 3995 3689 3743 3397 3414 3110 3260 2833 3079 2721 2865 2491 2468 2201 2451 2090 2077 2039 1997 1750 1815 1607 1680 1638 1678 1464 1513 1293 1390 1243 1324 1051 1186 1044 1095 991 955 839 960 841 895 734 788 664 726 625 701 569 614 545 587 449 492 443 502 372 425 375 402 318 338 297 349 290 314 288 289 248 258 219 249 205 250 215 206 194 192 179 204 163 216 169 161 143 124 117 119 101 113 78 114 85 90 84 89 73 77 60 62 57 68 41 62 38 61 39 31 31 49 30 35 41 30 32 34 27 34 41 39 22 28 47 14 23 29 17 21 11 24 12 8 14 9 7 7 9 11 14 13 11 3 9 3 2 9 4 5 7 7 10 4 2 9 5 2 9 5 6 6 7 16 1 7 7 3 1 1 6 2 5 6 2 1 6 1 6 3 6 3
466 2239 9188 24977 69714 134252 278471 449607 768192 1103842 1715487 2239481 3324319 4143891 5838472 7312410 10070447 11655730 16000784 18707320 24707239 28685117 38069186 43299154 56573963 63576654 78955120 91150906 116936180 127976009 166373364 183087014 228097057 251638705 309333992 330432593 426216144 453202002 556591686 612373280 751702050 799689029 975221872 1060673640 1288393771 1399882626 1666558432 1793307676 2191099573 2213649353 2695121430 2894575113 3530406808 3629107276 4414341510 4539741889 5369359242 5668887385 6581148090 6790913311 8478799497 8805330876 10353774667 10910779198 12710180448 13079147491 15625888349 15273220728 19710668290 20378764474 22419663622 24568138697 28332578234 29464529603 34291372240 35936952891 42002899263 41979051402 52222231882 52614231334 64265660743 62259998712 70112435625 70030813337 88389031694 83495651838 97394454176 107361090392 119623736244 118010241649 139540577290 137231884944 160566435269 176796398258 201337880370 200785112227 235305547650 221858968890 271831307880 267883751019 323224025486 281751926115 366443790682 356247330247 423305441805 459602092372 474808077852 452407346243 591387170057 554181779879 701097089987 652250681697 732789332454 694032149230 906417240165 836846612044 1091360866153 982598965511 1126067940829 1125553155244 1385934655022 1137030079016 1391067883545 1383399873005 1701733478109 1455481137166 1901600437704 1770910368422 2072283110225 1783414531668 2263057654825 2002387863102 2835297330530 2462473910054 2906911711856 3208008024304 3363973790878 3208366354862 3901430183902 3359754393431 4434353802568 4000940892503 5322621089596 5318444822260 5555584805480 5129096625408 6305271645869 6008402362611 7486742179725 7090665530822 10111525022490 8158807383588 8957838933351 8315770676576 8127845128894 8638643998206 9203789349745 8448236874387 11426257412949 8949832484589 13859769334126 10622803970840 13726173058504 12425460733391 15467124345240 13870900924565 15892304965468 14762934896713 16279206106989 15019665050803 23396913416314 13510856860415 22072607962068 14238513110529 25155070026560 16417459713120 15607239557620 15898190696840 29999016366040 19461749608730 24437359124887 29606931690297 28223370711691 28284864521923 33202212122905 28549291378924 42223437195346 51371740077566 60063814977358 32181768797156 48205922664706 82054556709787 30796975167542 48608971682045 67627681331625 43015013736029 56768682993231 32485834209135 90351814281528 42850749840219 37114577515776 63503996362669 48770609927425 43690017180417 48031379709845 52786622566280 71777397090880 99728075893960 99393272861193 93814394326125 27825307726065 87525739730255 32891121615777 23833362472556 116550863333055 56282182797148 76425756242405 116211186755398 126197277616697 195738561611450 84993116037468 46123742347698 225232863840999 135762044628075 58909099883500 287517516265413 173215631612595 225366801495420 244308381764172 334783678221440 829120829419392 56138148670947 425642948068303 460961101791925 213912556544757 77195892663512 90436839668817 587177602221510 211764493445466 572704422765190 743330658463554 267956518689776 144867692496445 1015780334349324 182973889854026 1281821518923750 747874353505677 1883351947839990 1184171029966071
3 4 5 6 7 8 9 10 11 12 13 14 15 16 17 18 19 20 21 22 23 24 25 26 27 28 29 30 31 32 33 34 35 36 37 38 39 40 41 42 43 44 45 46 47 48 49 50 51 55 61
16 21 90 193 375 502 536 586 543 467 445 363 351 247 223 193 162 111 133 105 77 77 68 47 49 36 36 28 30 20 29 25 18 9 22 9 20 11 14 4 4 5 7 6 3 1 5 4 4 2 1
16 21 118 326 1025 1886 3141 5594 7768 10455 14843 18023 24251 25639 30310 34863 37501 35764 53224 53135 53245 63971 70783 70523 84163 66506 86916 107003 111546 108470 183899 146684 171811 114048 313958 143995 345333 267860 395361 129822 201931 224448 440792 267498 275957 126522 631783 534804 607897 479886 715220
