8 9 10 11 20 21 22 23 32 33 34 35 44 45 46 47
26 328 435 80 340 7026 9391 1636 1746 25687 26053 3992 978 11847 9292 1137
144 1769 2226 310 3117 73416 100159 16723 6196 90714 85302 12629 1399 16098 11711 1370
3391 50267 62763 6327 50052596 4658415840 73420091696 11624530790 2120297525775 60170086817532 64620306308069 3779095420265 5429681760 35412286228 7319406845 370990484
8 9 10 11 20 21 22 23 32 33 34 35 45
4 26 22 4 16 243 262 45 8 118 87 15 1
4 46 43 5 30 428 433 74 9 136 97 16 1
16 510 1071 54 409125 684633 1689320 64575 3211 101078 37922 3285 1
3 4 5 6 7 8 9 10 11 12 13 14 15 16 17 18 19 20 21 22 23 24 25 26 27 28 29 30 31 32 33 34 35 36 37 38 39 40 41 42 43 44 45 46 47 48 49 50 51 52 53 54 55 56 57 58 59 60 61 62 63 64 65 66 67 68 69 70 71 72 73 74 75 76 77 78 79 80 81 82 83 84 85 86 87 88 89 90 91 92 93 94 95 96 97 98 99 100 101 102 103 104 105 106 107 108 109 110 111 112 113 114 115 116 117 118 119 120 121 122 123 124 125 126 127 128 129 130 131 132 133 134 135 136 137 138 139 140 141 142 143 144 145 146 147 148 149 150 151 152 153 154 155 156 157 158 159 160 161 162 163 164 165 166 167 168 169 170 171 172 173 174 175 176 177 178 179 180 181 182 183 184 185 186 187 188 189 190 191 192 193 194 195 196 197 198 200 201 202 203 204 205 207
298 1553 4060 6918 10885 13913 16500 17095 17026 16246 15720 14650 14091 13122 12464 11691 11250 10676 10110 9583 9309 8598 8247 7871 7559 7142 6895 6494 6223 5898 5644 5235 5158 4749 4748 4271 4268 4010 3861 3607 3476 3328 3103 3104 2897 2685 2724 2486 2408 2233 2193 2067 2021 1879 1870 1721 1561 1575 1530 1425 1389 1236 1201 1136 1119 1075 1082 989 880 850 809 822 765 748 729 637 592 579 641 575 540 523 473 440 429 436 452 392 367 326 307 282 325 316 291 269 225 231 228 248 233 225 190 187 163 138 190 165 161 147 137 107 106 117 115 106 100 76 74 59 77 66 69 66 61 44 47 58 59 57 50 35 39 28 47 41 44 36 36 27 25 39 40 38 34 30 28 18 25 20 25 19 21 17 8 19 17 15 14 15 10 6 11 10 10 11 9 6 2 1 4 4 4 5 4 2 2 4 4 3 3 2 1 3 2 2 2 1 2 1 3 3 3 3 2 2 1 2 1 1 1 1 1
298 1596 5500 12964 30385 56958 104378 163426 251915 362295 525503 701594 981995 1283766 1690719 2127924 2809518 3488194 4387516 5518780 7004327 8336805 10228142 12322093 15089159 17646123 21977362 25945894 31203032 35698649 42300852 47597896 57787572 65694445 79975182 86694442 105818579 119016369 134772763 155111373 181867729 205630412 229772957 273158947 301079641 320912694 389112473 425611027 499878500 525427519 612645005 688242523 763959177 834424198 998984943 1090145554 1129101903 1342900402 1508724953 1539202354 1798924568 1842666651 2125993968 2237403044 2609709910 2874968639 3274312252 3548768140 3557420070 4036115936 4304586153 5148915947 5517131836 5871601029 6835138853 6471786693 6927618487 7650651185 9920963286 9811292714 10662498155 11873158622 11652576856 12533337217 14485049392 16339125724 19066913301 18655969664 19800005014 18880981678 21261059640 21629377025 28532947009 30761692196 33391169410 33134558423 30180036288 36833515039 41429721817 50098030029 52475541281 56273682637 51892143693 57381141789 55919449451 56163376586 85217323595 81921256479 90006348020 89657251489 94508157123 85183790083 89432201925 114048531800 124619518289 128855892122 135996371548 120138196538 124218602905 104408860413 160667484293 165804519985 180675952949 196932914664 198055536639 164738806053 182212028013 261950182485 289825937177 314289006593 302689707485 237711186372 289910857512 221235000165 415617426240 396598932254 476583133166 431009907468 446797472884 374637883365 363023227238 683039679453 768957419397 793355943448 807764862737 732254757813 781945977496 518279901814 822228912246 709284497876 979914809412 802524204120 1053258088795 922286312996 460508038416 1285356803956 1275840168277 1325341333497 1304860005006 1534145777612 1120216006458 666070774718 1483497271995 1501322929677 1519248590058 1857492436000 1695906747358 1311619886127 456409465502 228204732751 1026085392475 1152306838356 1263760603322 1747971578911 1553702084145 870315395660 911873555120 1997663376970 2187634873700 1769249964430 1936650897176 1434431802717 819876908323 2536438634173 1877147697957 2052286654767 2243256466710 1280011042268 2678352787839 1527273599625 4722274603343 5156155908838 5628679057667 6143180818195 4337254210938 4732045483690 2814570987591 6137659757060 3345365983698 3646072432125 3972999029388 4328363658647 5134205287973
3 4 5 6 7 8 9 10 11 12 13 14 15 16 17 18 19 20 21 22 23 24 25 26 27 28 29 30 31 32 33 34 35 36 37 38 39 41 42 43 45 46 47 49 50 51 54 55 57
21 19 74 73 102 78 108 77 109 73 78 55 60 37 51 40 28 16 25 12 23 10 22 9 21 8 12 7 14 4 10 6 6 3 4 2 4 3 1 3 3 1 2 2 1 1 1 1 2
21 19 131 150 368 351 816 791 1728 1797 2806 2929 4254 3317 6269 6376 6204 4776 9881 6816 13620 7819 20523 11953 33832 15931 32211 22256 51548 16165 64339 38786 58402 32176 40945 27193 75457 64911 31185 120553 181024 63261 150350 194692 124754 147273 239943 281589 772310
