17 29 41 53 65
2938 20725 44916 23068 8348
264669 699370 303535 71488 10673
662708692 4271035018735941 2074140387160989 225671254338519 23539142262
17 29 41
548 944 171
6098 2192 232
3059740 3948136 90717
3 4 5 6 7 8 9 10 11 12 13 14 15 16 17 18 19 20 21 22 23 24 25 26 27 28 29 30 31 32 33 34 35 36 37 38 39 40 41 42 43 44 45 46 47 48 49 50 51 52 53 54 55 56 57 58 59 60 61 62 63 64 65 66 67 68 69 70 71 72 73 74 75 76 77 78 79 80 81 82 83 84 85 86 87 88 89 90 91 92 93 94 95 96 97 98 99 100 101 102 103 104 105 106 107 108 109 110 111 112 113 114 115 116 117 118 119 120 121 122 123 124 125 126 127 128 129 130 131 132 133 134 135 136 137 138 139 140 141 142 143 144 145 146 147 148 149 150 151 152 153 154 155 156 157 158 159 160 161 162 163 164 165 166 167 168 169 170 171 172 173 174 175 176 177 178 179 180 181 182 183 184 185 186 187 188 189 190 191 192 193 194 195 196 197 198 199 200 201 202 203 204 205 206 207 208 209 210 211 212 213 214 215 216 217 218 219 220 221 222 223 224 225 226 227 228 229 230 231 232 233 235 236 237 239 241 242 245 246 247 248 250 251
371 2140 6787 12785 23518 31556 42101 45851 51405 57036 58650 53421 51904 46967 45503 41589 39612 35359 34259 31309 30960 27510 26123 24284 23780 21320 21026 19116 18935 17418 16769 15305 15586 13551 14163 12842 12481 11579 11609 10525 10548 9274 9562 8692 9042 8116 8012 7636 7379 6823 7136 6322 6673 5980 5889 5695 5738 5032 5288 4803 4930 4347 4589 4033 4238 3824 3747 3439 3775 3220 3366 3053 2928 2866 2916 2462 2680 2397 2313 2206 2402 2092 2156 1963 2065 1934 1788 1714 1826 1699 1672 1434 1519 1329 1433 1358 1332 1286 1303 1103 1144 1106 935 932 1023 897 863 790 875 740 789 623 664 623 610 569 633 502 553 491 492 456 515 376 459 420 403 333 426 314 398 329 337 319 312 268 310 304 270 313 334 251 215 216 189 200 213 152 171 176 152 151 172 122 153 112 97 128 122 81 122 99 100 91 99 95 95 83 72 74 84 51 72 70 36 49 45 29 51 32 36 30 37 17 37 27 19 63 65 16 23 24 15 14 23 16 18 15 14 13 19 11 19 11 17 16 27 4 6 10 5 9 10 5 5 6 6 4 2 4 6 4 3 5 2 3 4 1 5 4 2 1 7 2 3 1 1 3 2 1 1 1 1
371 2241 9185 22453 60877 117661 240631 377919 685292 1087353 1669831 2245031 3346168 4282439 6089533 7597032 10161376 12243523 16114735 18699762 25415976 28835189 36064409 42240656 54181585 59985199 75731339 83939878 104778569 119958346 143636279 156794907 202101682 211315724 269093358 287527052 349726572 378866187 463840745 494236554 594778026 617896893 762464685 782867566 1004160143 1015345116 1228630146 1366629220 1644441519 1646890389 2151615973 2141110229 2726327984 2842955508 3348090668 3610722557 4353024690 4419323400 5397198964 5662474601 7004820725 6816309437 8769902483 8638484315 10658836811 10905904769 12681731217 12718537446 16780964456 15979566772 19101603905 19717671425 22582975831 24010423150 29411492268 27103192339 34011712852 35027158183 39339769204 40173501212 51948561705 50423288280 61225726708 61783958742 76580032474 74509687319 82237850195 90176940184 106409980222 111654344405 125623534310 121246656532 144779352404 136760855085 170214777388 181448344948 208709625032 214536636521 250816376917 232545955633 273540638227 301987651759 283070284870 310824079390 387129975841 382929570555 399727959767 422569005697 521494009577 469919277323 588319478055 507171530003 629812605230 648442209073 730178201967 726512312136 931575712498 827652079361 1018423223765 961006511709 1176320462159 1084761314715 1430590922363 1170337146145 1569582931739 1577800091017 1646757012771 1525800794331 2158690140166 1750920168342 2540735810525 2237754459974 2768685977548 2659471980863 2899857515357 2815444725483 3583323065715 3984931368534 3942260479444 4669849271693 5673511432444 4548764719006 4511688907090 4992957730241 5205294261416 5650231536531 6547482531550 5206789599441 6550528866568 7351759504836 7220003800126 7004569906177 9475416064652 8039641352661 9820017694722 8006404240615 8462206658746 11106740146564 11219769020184 9109514142687 14114162558577 12773504025006 15097062534788 14127317742536 18078459925638 17569309982695 18308711563766 17509621550832 20622386289287 21818198442040 25889545973355 16943986887130 26005577464574 25688113560799 15905106327472 20811710801170 21962898429520 15368758267760 28919543446320 20839970901920 29366092985922 21210111085617 32743759085165 14859602351939 37867132643744 28823374060645 21460349810799 80292031456727 88998922209267 24416468944977 40832744025994 44140764247269 31951373245350 33247231694656 57766074196826 40648990994184 56301221443995 46050171365212 47691664808958 45895409375490 82502079687591 49097446869692 87645754698397 54378066158253 98798057596822 94888234039335 185076103499020 28243512827510 52983150024018 90374768944935 44882470330815 88335703040667 126292638546156 57677458119352 62683650250241 83302824422330 91710907490886 65089945572223 36056365033342 78295424644580 127489674056202 92247484695396 75077621280333 135762044628075 58909099883500 95839172088471 138572505290076 37561133582570 203590318136810 176531739537020 95652479491840 56138148670947 425642948068303 131703171940550 231587677990536 90436839668817 97862933703585 371665329231777 267956518689776 144867692496445 156618412527946 182973889854026 197726516681672
3 4 5 6 7 8 9 10 11 12 13 14 15 16 17 18 19 20 21 22 23 24 25 26 27 28 29 30 31 32 33 34 35 36 37 38 39 40 41 42 43 44 45 46 47 49 50 51 52 57
13 28 112 231 440 561 685 764 644 790 667 585 413 391 333 272 230 209 186 151 107 88 81 71 55 46 64 44 38 26 32 18 18 14 23 17 7 8 9 7 5 4 18 6 3 2 2 1 1 2
13 28 172 398 1207 2099 3886 6767 8894 16604 20811 27934 28245 41756 44367 52680 55263 73473 73195 81810 76276 87224 74638 103908 98008 95336 177629 128838 155674 144772 143431 142631 166864 198086 289359 273353 120363 258750 180589 259644 192445 224448 941296 373846 191610 211116 178268 124754 173525 772310
