7 8 19 20 31 32 43 44 55 56
113 298 6783 1201 40126 4802 35131 3795 7041 705
6717 7427 143945 23481 337993 35203 103129 10720 9590 923
391357 262331 402569443 106387921 705351207782003 61453294159028 23653120142700 2002119967424 2759024558 133043765
7 8 19 20 31 32 43
24 54 525 77 148 10 1
274 368 1645 230 198 13 1
9565 6152 513445 113670 29682 3957 30
3 4 5 6 7 8 9 10 11 12 13 14 15 16 17 18 19 20 21 22 23 24 25 26 27 28 29 30 31 32 33 34 35 36 37 38 39 40 41 42 43 44 45 46 47 48 49 50 51 52 53 54 55 56 57 58 59 60 61 62 63 64 65 66 67 68 69 70 71 72 73 74 75 76 77 78 79 80 81 82 83 84 85 86 87 88 89 90 91 92 93 94 95 96 97 98 99 100 101 102 103 104 105 106 107 108 109 110 111 112 113 114 115 116 117 118 119 120 121 122 123 124 125 126 127 128 129 130 131 132 133 134 135 136 137 138 139 140 141 142 143 144 145 146 147 148 149 150 151 152 153 154 155 156 157 158 159 160 161 162 163 164 165 166 167 168 169 170 171 172 173 174 175 176 177 178 179 180 181 182 183 184 185 186 187 188 189 190 191 192 193 194 195 196 197 198 199 200 201 202 204 205 206 207 208 209 210 211 212 213 214 215 216 217 219 236 243
690 2710 6520 10990 17736 21804 26720 28311 30770 28330 28002 25502 24045 21312 20328 18166 17687 15924 15273 14088 13950 12307 12024 11221 10686 9798 9895 8698 8865 8067 7767 7325 7300 6423 6570 6021 6090 5564 5657 5063 5104 4661 4749 4252 4448 3869 3956 3816 3617 3299 3419 3115 3216 2924 2994 2817 2901 2526 2604 2404 2458 2303 2312 2101 2083 1947 2011 1821 1916 1647 1785 1639 1620 1504 1500 1368 1368 1187 1285 1262 1194 1120 1099 970 1019 948 966 875 980 874 872 833 761 627 715 629 654 580 606 520 558 465 516 451 472 397 436 377 371 356 382 312 321 285 311 280 286 247 252 249 218 199 218 180 204 190 197 163 179 157 158 158 137 153 155 124 134 108 104 84 91 69 82 58 61 67 56 52 78 56 66 61 43 46 62 37 42 56 30 35 54 27 37 35 28 27 28 23 24 19 19 18 17 12 19 15 5 8 18 6 11 13 6 6 8 4 8 7 5 5 6 4 3 3 4 3 5 4 5 4 2 5 2 2 4 2 3 2 1 1 2 1 1 3 1 1 1
690 2834 9383 21641 51933 92444 177795 272644 465870 635606 950834 1259068 1761351 2152840 2930547 3552046 4665758 5598927 7204960 8477402 11095176 12640384 15857711 18798386 22811493 25524878 32894952 35967923 45246343 50528572 61812332 68823249 86242076 90206756 111013671 124503585 156013975 165430952 207592694 220380291 264472220 286077699 357410310 360445891 465790133 485067567 584767569 651701511 758980804 776328843 962909011 1028130888 1228824093 1300873652 1624515571 1709863314 2087454810 2081520907 2491246183 2582955854 3264730682 3358361207 4122779347 4189060110 4842483544 5159441999 6267832768 6350566007 8157637559 7673658302 9563193430 10135107049 11831790846 12024132472 14372602280 14704852650 16582459779 16345458415 20779497787 21700465278 25077800682 26374858260 28169404029 28394070854 35944386667 35031698531 42235001357 42787769150 53021694948 55318140614 63471320806 64064930393 72551845235 65569757905 83546328433 82923522711 101285478527 95365565313 117814986983 109230748849 133760728736 122275204727 157742257885 141491295641 180380362388 166082990896 203116879458 191715502492 232114345539 229236053533 287121968065 249289145426 301091006759 282895921220 376972959938 345649449444 411662023628 391981580629 456648654644 470821995111 482672524261 482713661108 583492756706 535294735463 703178152370 678824574172 826318043201 730113091266 871180270953 876910682612 960484219750 1024238900696 1038949067714 1216287025215 1406314002104 1235512909229 1486818571427 1316404109358 1492388853330 1269095660934 1646126210581 1292343642351 1788506149709 1377228508959 1747110490685 1837486790133 1792513963271 1692376694930 2832631894338 2429175027054 2998014623054 2887706712972 2587770162101 2597759588691 4169666062496 2850052387170 3531369285281 4782904505524 3235347893082 3857501237538 6031997406893 3317650427974 5393890659969 5095870492054 4702829124405 4908698483330 5547424075793 5021925675465 6255797052349 5137434721487 5163138652994 5240899635341 6591077121093 4252428237894 8026442636055 6413267598210 2342021126990 3995326753940 10888588594040 4218491829445 8998297094944 10105539639864 4848858953396 5303300995958 9218182363979 5176397083871 9945240723141 9697196588669 8153389066820 9917324073051 11112276610779 7282804402608 7615955914030 6143180818195 9266695331004 7527703167791 16186233601692 11766801732242 18689515376348 17027536366917 8301362688035 27128791634190 10268410575946 10724293605468 23350684353510 13245975416080 21620525119470 15681312452274 8528581302375 9275102575355 20170131771534 10963707205259 11916681236278 38850287777685 15285151248481 60806135438329 105882246722733
3 4 5 6 7 8 9 10 11 12 13 14 15 16 17 18 19 20 21 22 23 24 25 26 27 28 29 30 32 33 34 35 36 37 39 40 41
16 16 99 142 193 240 269 284 228 270 176 159 125 103 64 55 37 39 21 30 20 23 25 12 12 7 9 8 6 8 9 11 6 2 2 1 2
16 16 149 289 579 1004 1864 2835 3581 6292 6478 8416 9191 11578 8919 9567 8737 12157 6658 16507 12650 19837 26376 16582 19703 13439 18006 27227 25400 33171 77994 71640 53977 34210 30287 29766 51403
