10 11 22 23 34 35 46 47 58 59
45 220 1212 1780 5989 7556 4813 4910 1140 1076
405 2012 23093 28244 22442 26105 7941 7906 1251 1121
2140 17796 363603749 3365198747 18493874625 22525801691 1585965136 1487560201 17895354 10047684




3 4 5 6 7 8 9 10 11 12 13 14 15 16 17 18 19 20 21 22 23 24 25 26 27 28 29 30 31 32 33 34 35 36 37 38 39 40 41 42 43 44 45 46 47 48 49 50 51 52 53 54 55 56 57 58 59 60 61 62 63 64 65 66 67 68 69 70 71 72 73 74 75 76 77 78 79 80 81 82 83 84 85 86 87 88 89 90 91 92 93 94 95 96 97 98 99 100 101 102 103 104 105 106 107 109 111 112 113 116 117 118 120 123 124
443 1953 3831 6482 6730 7657 6592 6781 5403 5525 4722 4711 3630 3970 3351 3422 2742 2891 2387 2562 2007 2152 1940 1993 1494 1727 1555 1590 1267 1377 1227 1232 950 1005 937 906 628 731 653 680 449 509 503 515 381 397 431 415 296 343 340 346 209 249 278 270 182 163 231 210 119 131 148 162 74 97 133 111 53 65 80 89 46 42 49 54 21 27 29 32 20 24 28 31 23 17 26 32 14 22 15 16 17 11 15 15 18 13 12 7 1 3 6 3 3 2 2 1 1 2 1 1 1 1 1
443 2169 5605 13269 20445 36059 48437 77004 91277 140667 169200 241039 255472 390540 436728 601842 635833 908170 950132 1328487 1334088 1892396 2044778 2725916 2581583 3850513 4176646 5313348 5235334 7243003 7546927 9687843 9127253 12255249 13127303 15567462 13158612 18619478 19512747 24544487 19814353 28257094 30225190 38312340 32568377 43424723 50875681 56897704 51944220 71872996 79493176 94752941 67650292 102027984 117135913 147407687 112246713 119050952 202553868 202924733 131539580 173006347 231168373 292244444 141860005 228183888 367399490 374735752 188208980 278726477 407912112 464108502 310877258 307091217 428898826 529317646 221689832 344388773 405759455 628990030 337783342 484250497 695692404 872051169 704760188 555061298 956765453 1579057417 617513526 1214571229 1016305055 1301658860 1400147452 1028226821 1604097702 1731147327 2399623074 1732002090 1901674150 1165577386 190569292 643443378 1635289147 1025028658 914404095 768552672 967005688 541946240 607163746 1702753256 952050665 1064144451 1327710076 1844349560 2056148051



