9 21 33 45 57 69
1824 3968 28774 42144 20140 3150
283547 482735 563726 204057 48824 3280
16802883 192009632045 4763093664128102 1390649099107072 54578684096512 42517609
9 21 33 45
299 766 642 76
30812 5997 1185 91
1527940 4689461 1688864 10295
3 4 5 6 7 8 9 10 11 12 13 14 15 16 17 18 19 20 21 22 23 24 25 26 27 28 29 30 31 32 33 34 35 36 37 38 39 40 41 42 43 44 45 46 47 48 49 50 51 52 53 54 55 56 57 58 59 60 61 62 63 64 65 66 67 68 69 70 71 72 73 74 75 76 77 78 79 80 81 82 83 84 85 86 87 88 89 90 91 92 93 94 95 96 97 98 99 100 101 102 103 104 105 106 107 108 109 110 111 112 113 114 115 116 117 118 119 120 121 122 123 124 125 126 127 128 129 130 131 132 133 134 135 136 137 138 139 140 141 142 143 144 145 146 147 148 149 150 151 152 153 154 155 156 157 158 159 160 161 162 163 164 165 166 167 168 169 170 171 172 173 174 175 176 177 178 179 180 181 182 183 184 185 186 187 188 189 190 191 192 193 194 195 196 197 198 199 200 201 202 203 204 205 206 207 208 209 210 211 212 213 214 215 216 217 218 219 220 221 222 223 224 225 226 227 229 230 232 233 234 235 236 237 238 239 240 241 243 244 245 246 248 250
462 2326 8080 15397 31225 48396 68014 76777 90633 87361 86884 77502 71999 58695 54231 43483 40583 34884 33702 29726 30141 26445 26330 23450 23814 21511 21777 19429 19239 17509 17584 15610 16275 14594 14446 13123 13274 11753 12306 10772 10890 9971 10229 8824 9242 8087 8350 7408 7745 6840 7127 6222 6539 5954 6246 5213 5563 5089 5148 4754 4988 4107 4420 3760 3843 3577 3783 3393 3439 3020 3086 2661 2844 2466 2650 2285 2296 2037 2105 1762 1994 1708 1736 1683 1755 1451 1476 1297 1437 1276 1285 1089 1224 1061 1113 969 1155 919 948 803 940 803 818 699 790 652 675 610 674 586 612 494 596 486 469 510 575 456 484 366 429 367 395 330 362 308 284 260 289 245 306 246 273 257 232 188 258 207 201 192 203 165 158 144 147 128 146 113 117 101 110 87 115 77 107 82 85 85 98 77 109 75 81 71 74 51 56 65 48 43 61 39 46 46 39 36 41 31 39 30 49 26 29 30 36 27 26 24 28 13 16 19 26 26 23 20 23 13 9 21 19 15 18 16 14 21 9 7 20 11 7 10 10 2 5 6 2 4 1 2 3 3 1 4 1 3 2 2 2 2 3 3 2 4 4 1 2 1 3 1 1 3 1
462 2427 10745 26544 77583 167436 361492 603996 1124813 1638814 2599667 3465014 4966816 5790678 7980252 8584715 10999554 12096735 15654931 17698598 23469891 26185306 33974695 38985184 50543838 56762528 74186145 82509553 100680902 115147917 144258684 155799523 201518619 218183272 266090253 298081602 362520881 377418551 480829147 512193752 614110592 664694258 843638318 846932005 1068887720 1091845723 1326235575 1397675425 1756372400 1761337227 2252211921 2292419230 2790165169 2935496729 3697211739 3532057663 4468563763 4604042032 5507307368 6018051137 7387938379 6791548171 8587405574 8448979542 10030902470 10729662008 13499870954 13566541668 16440703191 15643949564 18632486696 18621587833 23050019369 22078027206 28867381133 28365877180 32189003979 32284090662 37953176830 35330279268 47673664636 45504828463 51893457867 57749610978 67857695385 61742970354 70843460393 70801270463 87832068967 89050748185 105182904507 96520622537 122816986680 116549985227 136955290931 129264636888 172752883163 157175224302 184496069310 178807776198 229067194759 217590704543 255545263782 244439590908 309596737510 274257346316 336121325241 327624299107 413104404156 397616886762 462560609806 412060587155 556975955563 476423738675 569695551051 648162988042 845906275466 714063073396 849731318162 705552922366 960131059831 871627232581 1112424449461 988405089718 1185367658559 1085984952599 1206062155188 1172230578831 1414671282297 1371886422813 1950992599050 1682177369532 2129506876579 2152822977544 2198030927284 1897809793237 2874808838507 2520199883183 2873624605803 2912657256602 3566224090924 2943548835364 3168181560167 3070165059546 3859827146711 3377747606044 4704727654104 4006177124385 4269717649099 4205167671591 4975047816090 4514697416745 6400286113526 4608918683077 7168139671263 6195330417532 7213126046317 7590089018438 9694457317560 7864976551027 12242686453868 9561263311097 11307471857276 10528292529008 13052598902088 9081671147445 11623072144517 13600041364153 12268083770007 10353194468322 19757363310520 11771503342028 16387056529757 17042238733313 15936937687754 16030037863045 22494526314690 17025538678150 23725254790590 20195886656780 34864681639519 20221892045786 25039218625122 29924618338569 36000918512795 30144773564156 35394058877180 34103055585184 40981980046641 21490853599781 31528648623776 32757636553680 52978539886788 59625881574693 55794842727733 51619834818897 68737960959624 44761153723255 34310200874166 73259750141928 79509860449992 73290805675279 93212856196203 87799672762724 74614172208754 124819337793870 63541207836500 48696329950080 157048006513113 90374768944935 64179196754505 100040695547258 107879789413606 23833362472556 64750479629475 81061924875546 30570302496962 65089945572223 18028182516671 39147712322290 63744837028101 69185613521547 25025873760111 108609635702460 29454549941750 103929378967557 75122267165140 88265869768510 95652479491840 103640103677424 168414446012841 182418406314987 131703171940550 285216742059676 308783570654048 83561103925871 180873679337634 105882246722733 343622653659114 123888443077259 133978259344888 469855237583838 182973889854026
3 4 5 6 7 8 9 10 11 12 13 14 15 16 17 18 19 20 21 22 23 24 25 26 27 28 29 30 31 32 33 34 35 36 37 38 39 40 41 42 43 44 45 46 47 48 51 55 59
10 57 209 512 1103 2357 2744 4184 4032 5147 3954 4451 2569 2442 1393 1002 487 325 206 125 121 96 66 66 67 64 49 31 34 35 20 15 12 10 10 9 19 7 7 3 8 10 4 1 3 4 1 3 1
10 57 264 809 2480 7220 12861 31538 43546 93168 107033 206926 172578 276106 229623 264080 171638 154765 119843 82181 92702 82650 71096 97776 118429 159687 146497 122712 131459 166742 129919 168476 116893 92247 104303 126761 387011 158112 190881 69289 229592 457590 287490 53174 244784 340133 178268 888338 526823
