1 2 3 4 5 6 7 8 9 10 11 12 13 14 15 16 17 18 19 20 21 22 23 24 25 26 27 28 29 30 31 32 33 34 35 36 37 38 39 40 41 42 43 44 45 46 47
2 5 39 24 64 50 149 169 148 471 391 331 371 351 444 513 533 587 722 858 1143 6261 5470 2334 2624 2791 3044 3112 3168 3148 3010 2898 2750 19772 12768 1970 1679 1537 1449 1436 1307 1150 1030 814 540 4547 2024
76 107 504 190 551 401 685 847 577 1598 1311 1069 1196 1099 1222 1547 1431 1889 2684 3579 5373 37767 33152 11242 12250 12527 13152 12170 11593 11092 9816 8780 7622 59031 36516 4764 3970 3416 2923 2592 2178 1752 1399 954 607 5337 2258
2246 2594 7924 3984 8402 6728 10388 12703 8314 27049 19937 15673 23508 24782 39553 84379 195575 374656 1025136 7550693 103953930 4784251827 69371351874 1859472595163 1964888036146 7406763959950 12496338377963 8645840402485 11573002971276 9448510484983 4557183663501 10629208081842 11512901696478 366828305125243 235153694133973 3485830679261 2648134836513 1098066989438 743591785599 263979009525 74557265314 16287773172 2349811178 212998402 16086418 5965040155 911285806
2 3 4 5 6 7 8 9 10 11 12 13 14 15 16 17 18 19 20 21 22 23 24 25 26 27 28 29 32 34 35
1 2 4 6 2 2 6 1 7 5 11 9 13 13 16 12 14 13 12 10 84 58 7 10 12 9 7 4 1 14 4
2 10 11 14 2 4 8 1 16 9 29 16 30 24 26 21 24 17 17 19 126 92 13 19 24 17 11 6 2 15 5
6 114 118 80 6 35 70 1 170 179 445 64 692 344 170 968 2199 1145 2172 983 30858 132200 1456 12993 3465 721 126 31 99 26651 723
3 4 5 6 7 8 9 10 11 12 13 14 15 16 17 18 19 20 21 22 23 24 25 26 27 28 29 30 31 32 33 34 35 36 37 38 39 40 41 42 43 44 45 46 47 48 49 50 51 52 53 54 55 56 57 58 59 60 61 62 63 64 65 66 67 68 69 70 71 72 73 74 75 76 77 78 79 80 81 82 83 84 85 86 87 88 89 90 91 92 93 94 95 96 97 98 99 100 101 102 103 104 105 106 107 108 109 110 111 112 113 114 115 116 117 118 119 120 121 122 123 124 125 126 127 128 129 130 131 132 133 134 135 136 137 138 139 140 141 142 143 144 145 146 147 148 149 150 151 152 153 154 155 156 157 158 159 160 161 162 163 164 165 166 167 168 169 170 171 172 173 174 175 176 177 178 179 180 181 182 183 184 185 186 187 188 189 190 191 192 193 194 195 196 197 198 199 200 201 202 203 204 206 207 211 212 213 214 217 218 221 222 223 224 229 230 231 232 233 234
1004 2808 6126 8230 11816 11528 13796 11982 13193 10734 11291 9053 9804 7930 8803 7083 7754 6491 7245 5853 6799 5346 6104 4961 5700 4572 5288 4141 4659 3953 4403 3563 4324 3336 3837 3074 3545 2921 3383 2616 3029 2489 2812 2244 2874 2100 2492 1935 2262 1766 2173 1732 1994 1612 1863 1468 1797 1306 1633 1256 1542 1180 1459 1082 1314 1029 1196 941 1255 897 1055 786 974 751 914 676 840 662 801 606 805 539 680 473 630 474 632 413 564 424 510 354 487 341 417 316 405 305 392 280 329 240 312 234 339 202 300 196 262 203 241 162 228 161 212 143 196 138 166 118 161 117 161 119 146 86 130 88 117 61 109 79 99 61 95 68 76 41 79 57 70 47 62 48 63 40 46 38 50 25 42 30 37 29 38 22 40 31 29 28 20 11 24 14 22 13 13 9 20 9 17 8 8 9 13 14 12 7 4 6 12 6 12 9 3 3 8 3 5 2 2 3 7 2 4 2 1 1 2 1 1 1 1 1 1 1 1 1 1 1 1 1 1 1 1 2 1 1 1 1
1004 2995 9308 17360 38196 55328 102854 133782 225197 267822 413031 469513 721598 790407 1208511 1288384 1897808 2086426 3096508 3171765 4824592 4835773 7119617 7302664 10758157 10604430 15588552 14711956 21038182 21941868 30810526 29664334 45299796 41708205 58742263 56447846 80595302 79131636 111498262 101211331 141010107 140062097 190886019 172977981 271378819 230176371 331333212 302388751 425071815 383165030 566608098 514957404 710732158 672113763 914456770 819968095 1208315408 993100993 1429985660 1293742659 1853126785 1629452864 2397074337 1981422446 2821519806 2587232740 3526969153 3067735347 4774384409 3849060349 5265064501 4463848027 6441891968 5663978762 8182819956 6552250490 9420320644 8518749707 11775460134 10054969437 15428921980 11733622559 16579121177 13422110134 20411497909 17324249801 26776254960 19033536153 29787226529 25421827498 33966136070 26919422178 41365545548 33107365102 45269392216 39290266057 56205647149 47866942182 69057635561 53879002189 72473695147 59976558877 89469460429 72275662048 120723872458 79459722113 129605138543 95796773685 144022462169 127718630856 174435410918 126442472422 201005841027 157836232922 229824325091 167688137068 257274360189 200171104750 271900516144 224367866756 346726465959 271636302147 422641586632 346936386775 482174646141 297415434510 496416001972 379576779688 550371079721 326709425089 622977433100 524101758686 715829938376 460138433217 847697058600 678548823557 840418168766 507898860584 991078554877 846596435944 1111305698327 835236324640 1187897027143 1055763688552 1558701447549 1099184433936 1343674932483 1282249914761 1886472978408 1004590590127 1858700365203 1398569306648 1770739622174 1602421245598 2319210747818 1494266579744 3141657656619 2742486199863 2703447269149 3011377655403 2423837894924 1364304276319 3035649857818 2143047930657 3367505580300 2415673429265 2342737537259 1815346988349 5045565726783 2576954637353 4799856956250 3049070973348 3101180113175 3432280437258 5058231327185 6544164311400 5595915809100 3859126832225 2187634873700 3646790223790 8727114168720 4859218757397 9486510417166 7609315902519 2690054452581 3124110429104 8973025866840 3731454776909 6991708727855 2925615345196 3195001003718 5309129605397 13577786483119 3974553712726 9266695331004 4946862954818 2814570987591 3068829878530 6690731967396 3646072432125 3972999029388 4328363658647 5134205287973 5590088317495 7840656226137 8528581302375 9275102575355 10085065885767 12950095925895 14070545699287 18028182516671 19573856161145 21248279009367 23061871173849 34643126322519 75122267165140 40718063627362 44132934884255 47826239745920 51820051838712
3 4 5 6 7 8 9 10 11 12 13 14 15 16 17 18 19 20 21 22 23 24 25 26 27 28 29 30 31 34 35 36 37 41 44
8 19 39 57 65 58 72 44 64 28 27 16 20 12 16 12 13 4 7 3 7 5 7 4 6 2 2 1 2 1 3 1 2 2 1
8 19 60 120 239 245 523 463 1101 645 1022 762 1467 1058 2220 1847 3020 1248 3044 1232 3686 3494 7258 4467 8093 3150 5586 2436 8590 5604 23540 8349 22453 47652 44583
