1 2 3 4 5 6 7 8 9 10 11 12 13 14 15 16 17 18 19 20 21 22 23 24 25 26 27 28 29 30 31 32 33 34 35 36 37 38 39 40 41 42 43 44 45 46 47 48
3 10 23 26 32 44 41 46 54 50 73 82 90 116 161 237 363 524 733 1126 1530 2183 2969 3581 4344 4833 5099 5386 5292 4480 4527 4566 4530 4391 4241 4075 4418 4593 4366 4591 4639 2685 2058 1440 828 381 114 26
8 24 48 50 51 65 58 75 82 74 107 120 125 157 218 340 544 883 1394 2428 3774 5666 7579 8750 9919 10122 10256 10604 10209 8571 8621 8667 8509 8050 7748 7428 7617 7293 6724 6585 6218 3422 2527 1620 853 384 114 26
32 124 277 195 224 186 213 307 322 248 461 453 538 1067 1890 40044 52882 200815 523502 4217862 75060698 749809663 9405347632 252710965276 1785009885167 1771516450417 812763694686 423639990368 240338646306 143046652655 111969867531 170829107289 570162703591 1064710522735 1305003067675 1052956570367 3280956710996 6964601392410 3814703151942 1942615501021 812479196708 140353514616 27651692940 4056441316 491947859 31855857 926397 2106
6 15 16 17 18 19 20 21 23 24 28
1 1 2 6 3 5 5 5 1 2 1
1 2 2 7 4 5 5 5 1 2 1
1 40 61 5796 795 1063 178 247 3 2 1
3 4 5 6 7 8 9 10 11 12 13 14 15 16 17 18 19 20 21 22 23 24 25 26 27 28 29 30 31 32 33 34 35 36 37 38 39 40 41 42 43 44 45 46 47 48 49 50 51 52 53 54 55 56 57 58 59 60 61 62 63 64 65 66 67 68 69 70 71 72 73 74 75 76 77 78 79 80 81 82 83 84 85 86 87 88 89 90 91 92 93 94 95 96 97 98 99 100 101 102 103 104 105 106 107 108 109 110 111 112 113 114 115 116 117 118 119 120 121 122 123 124 125 126 127 128 129 130 131 132 133 134 135 136 137 138 139 140 141 142 143 144 145 146 147 148 149 150 151 152 153 154 155 156 157 158 159 160 161 162 163 164 165 166 167 168 169 170 171 172 173 174 175 176 177 178 179 180 181 182 183 184 185 186 187
771 2338 4251 5503 6557 6781 6757 6258 6169 5637 5618 5121 5099 4705 4644 4239 4276 3889 3827 3506 3608 3339 3431 3139 3079 2797 2788 2491 2598 2339 2456 2254 2231 1994 2042 1844 1903 1737 1697 1504 1566 1466 1477 1374 1341 1249 1301 1179 1153 1066 1131 1038 1013 922 903 858 866 814 808 734 747 712 690 623 634 595 605 544 523 416 481 480 446 411 408 384 395 342 326 322 318 301 308 258 258 252 258 223 216 209 211 208 209 192 185 178 175 154 152 153 162 138 127 124 98 105 93 84 75 86 79 79 67 67 64 65 63 61 64 54 61 49 49 51 46 42 35 47 33 34 32 38 29 27 23 29 24 20 21 18 17 21 15 14 13 13 12 11 8 11 10 11 9 10 8 9 7 6 8 6 6 6 4 3 2 2 3 1 2 1 1 1 1 2 1 1 2 1 1 1 1 1 1 1 1
771 2452 6249 11528 21044 32405 50598 69396 104700 137283 197635 250037 350211 437156 591844 708948 951164 1137180 1471362 1728071 2288734 2677916 3558443 4083930 5104439 5758586 7250203 7920063 10405364 11421919 14711531 16461728 20131523 22003222 27039917 29737427 37343278 41040513 48705139 51342781 63535265 71113015 86405942 95158743 110706265 119874433 148265132 158255633 186655308 200475866 250974548 265578046 307813069 330424478 379783701 419279531 488747921 529893276 615579086 650033763 763261125 840669041 956681687 993310598 1164364295 1246448519 1467933937 1526451103 1714851046 1528301230 2042290249 2393129865 2575205934 2691439424 3079156376 3242173208 3838367317 3752053857 4185872800 4703402139 5213592375 5599805592 6528432890 6223175489 7004309389 7731122212 8889698531 8835282064 9669067454 10670540572 11950276188 13420932299 15318579913 15720403501 17233063914 18266397137 20695100268 20729725283 23399774808 25813200100 31172275811 29869604036 30438331943 33286862742 30096621325 35403225051 35279222495 35094086058 35366608269 45544961011 45953258676 50654936182 48618725425 54995637103 58970853837 64584963838 71275019833 76544500060 90083021314 84321866772 106212853625 94820896751 106865748885 123904834395 124358013302 126106424892 117831364120 174480223393 138339022140 157136344530 164913526910 215381243176 185441181931 191826809217 182613468887 251397701632 232535995488 213296393632 249776300746 235766841662 251755143575 334036362638 267756379240 277671000850 288729164409 316710543425 324988242008 331403772379 262073860938 400345035794 404706473017 487252091864 437925268111 542619315337 482853386240 598438638873 512625706313 483785788614 710014230416 585976371330 644628956796 708954410562 519655618548 428396987790 313838950590 344779600510 568004467737 207890420102 456409465502 250438925115 274768617130 301384802048 330495499613 724653719790 397125074750 435157697830 953431714580 522115831195 571701605655 625846753120 684957390936 749474411781 819876908323 896684817527 980462880430
3 4 5 6 7 8 9 13 14 15 17 19 24 25 33
7 2 4 2 1 1 5 5 1 2 1 1 1 1 1
7 2 7 6 5 5 50 186 56 133 101 231 792 1002 5604
