16 17 28 29 40 41 52 53 64 65
51 309 928 3860 2188 9126 2172 8588 702 2643
598 4792 7346 26195 5729 22970 3119 12043 744 2773
11673 192340 2180534033 16988050314 7698554105 39817061028 3382676299 12046255998 16023595 48486429




3 4 5 6 7 8 9 10 11 12 13 14 15 16 17 18 19 20 21 22 23 24 25 26 27 28 29 30 31 32 33 34 35 36 37 38 39 40 41 42 43 44 45 46 47 48 49 50 51 52 53 54 55 56 57 58 59 60 61 62 63 64 65 66 67 68 69 70 71 72 73 74 75 76 77 78 79 80 81 82 83 84 85 86 87 88 89 90 91 92 93 94 95 96 97 98 99 100 101 102 103 104 105 106 107 108 109 110 111 112 113 115 116 117 120 121 124 125 128
361 1505 2802 4322 4735 5201 4631 4759 4048 3867 3179 3186 2777 2637 2202 2257 2030 1848 1722 1754 1507 1488 1370 1296 1121 1102 1084 1053 999 955 863 911 732 747 719 698 591 550 544 482 431 403 429 399 296 335 366 354 295 288 302 287 244 215 195 186 173 170 154 147 112 108 117 132 110 90 75 71 67 81 80 80 80 71 47 57 42 39 43 42 26 28 31 34 25 23 19 24 11 12 18 19 10 11 12 13 12 12 13 9 6 6 14 14 14 10 6 4 3 4 1 2 4 2 2 2 2 2 1
361 1667 4141 9124 14991 25386 34818 53801 70109 98993 119540 169119 199718 268776 302259 403540 490314 594338 722896 955723 1045136 1300773 1527790 1796199 1927635 2403434 3022663 3659357 4254649 5196924 5585104 7257682 7327051 8806676 10542736 12988084 12931467 14522863 17286444 17577453 18342154 20585405 27043201 29973960 27175362 36785958 45611784 53942653 50452716 59493014 72895846 79983821 78708240 83354292 90056646 99494367 106470714 120882512 130985205 136525314 118073063 136671743 185440226 226097961 229776494 221664798 221979562 248559339 279446701 365141053 418532700 432657345 537378349 542101131 431328537 600074588 494194219 486866517 596849477 712252359 440567370 561025026 732289212 841546398 745026744 803634931 792932002 1092634814 552523673 638171393 1056134543 1365602782 836719892 1091284258 1172727731 1602532510 1873314318 2010761872 2650158112 1785401669 1143415752 1286886756 3538627926 4008767108 4267219110 3423257090 2606033098 1724597556 1450508532 2167784960 607163746 1522004312 3405506512 1904101330 2655420152 2964148286 4112296102 4582641824 3163127352



