16 28 40 52 64
2416 16121 45678 25390 10393
60356 649971 337778 84003 14386
12982149 6284885377386346 2734034489601172 321206493155350 109038156966
16 28 40
382 835 194
4213 2030 286
815320 2614777 211886
3 4 5 6 7 8 9 10 11 12 13 14 15 16 17 18 19 20 21 22 23 24 25 26 27 28 29 30 31 32 33 34 35 36 37 38 39 40 41 42 43 44 45 46 47 48 49 50 51 52 53 54 55 56 57 58 59 60 61 62 63 64 65 66 67 68 69 70 71 72 73 74 75 76 77 78 79 80 81 82 83 84 85 86 87 88 89 90 91 92 93 94 95 96 97 98 99 100 101 102 103 104 105 106 107 108 109 110 111 112 113 114 115 116 117 118 119 120 121 122 123 124 125 126 127 128 129 130 131 132 133 134 135 136 137 138 139 140 141 142 143 144 145 146 147 148 149 150 151 152 153 154 155 156 157 158 159 160 161 162 163 164 165 166 167 168 169 170 171 172 173 174 175 176 177 178 179 180 181 182 183 184 185 186 187 188 189 190 191 192 193 194 195 196 197 198 199 200 201 202 203 204 205 206 207 208 209 210 211 212 213 214 215 216 217 218 219 220 221 222 223 224 225 226 227 228 229 230 231 232 233 234 235 237 240 241 242 244 245 246 247 248 249 251 254 257
465 2136 6700 12545 22948 30299 38369 39763 44206 41561 42257 37825 37709 32850 33483 29383 29111 26322 26607 23114 24082 21338 21808 19536 19560 17781 18547 16577 16543 15530 15491 13619 14365 12537 13036 11874 12018 10920 11246 9994 10268 9355 9667 8397 8935 7975 8152 7314 7411 6691 7203 6175 6470 5916 5956 5506 5591 4894 5167 4594 4812 4274 4719 4132 4177 3823 3907 3606 3668 3242 3395 3175 3088 2812 2966 2599 2803 2694 2611 2451 2276 1981 2154 1896 1937 1825 1851 1717 1773 1500 1619 1493 1467 1303 1423 1291 1257 1240 1291 1109 1145 1056 1104 1026 1022 895 966 943 927 793 816 701 793 699 758 634 654 526 582 527 532 482 478 462 418 383 403 374 386 338 363 339 340 258 324 263 298 246 226 247 237 201 240 222 196 180 175 188 176 158 160 152 168 114 139 170 152 134 115 106 107 96 99 88 91 60 85 64 74 77 90 56 77 50 65 57 49 41 56 60 29 29 41 28 42 26 30 27 29 18 29 23 15 25 31 15 24 22 19 30 46 43 16 17 18 12 10 11 12 11 13 19 8 4 17 7 1 5 8 10 4 3 4 3 5 2 2 5 2 6 4 5 1 4 1 1 7 1 2 1 1 1 2 1 2 3
465 2264 9181 22299 60496 111708 223956 345080 606483 846052 1323103 1708769 2558431 3052620 4484402 5315479 7328780 8580151 11982134 13178516 18275364 20473698 27494332 30592978 40585149 44362842 59892526 65303964 84768223 94433966 120941243 126019105 168983599 175160211 228140936 245199439 310110640 326493543 419098710 439962442 560711664 582745799 760208441 747251729 992919063 1007632666 1247132598 1275192991 1639366936 1638764598 2121629098 2080977441 2680148759 2647161583 3397158940 3411497939 4204031102 4131682859 5305424618 5355182518 6722973781 6425120741 8628942928 8454744406 10740134905 10489967478 12956435265 13085884458 16048398447 15563681581 19854260365 19934900027 23929719696 23325345500 29664224486 27930186269 36639071676 37386752335 43577127379 44097706355 49578785137 47123024399 60007289675 57500071921 72724729034 71655564158 84778370604 85546221404 106320727720 94931225645 120901716127 123321954243 144414205252 136770368056 177204932697 169417954282 195563088501 216805868615 257070234345 237257741495 291208087638 285335964048 348012836433 347524592515 402984811373 378683148449 478502085226 505155981372 574524433479 535130014381 624332230162 579433670943 776217979057 727385591763 888808699268 815015283353 942316883588 825795135076 1135757690576 1004926711102 1210728881425 1160771864170 1374082449497 1383282601059 1453423162781 1420087777674 1745123343415 1678506286599 2030548242346 1974200818877 2337747134470 2243153003146 2641123940739 2172961125709 3134513693419 2743749690481 3494070839419 3108520889058 3347931977044 3836573825379 4042561794738 3812112816495 5072331433955 5018022273184 5183099308033 5126814877972 5624059563304 6342563426988 6743268673343 6663818621274 7226915872696 7490040290700 9406017719433 6881126439187 9327561594558 12137866100016 11080995210687 11070786444219 11074893636174 11207431296531 12019763666341 13297762306864 13740342466893 13128831131914 15485123385186 10601133210910 16211301177183 14960322595287 17443800096548 20044008930755 25812789587850 18705666130885 28124425675299 19214990243743 27729123115253 24635892794355 25644899736700 22977337680605 33938784429500 37920301912115 19662062160840 20702485608129 35712452565626 25594810069342 39646561971400 28732013166738 35593276713252 36554499319825 40508657233429 26072674398656 49996385623744 41111256832201 32117949001061 59807231823799 76694256131586 39574903638544 76947943147779 70092292611574 61349664848918 111863014653168 181827055422291 185764272692562 70026224993224 92514239648807 105875286966114 69556887518765 63541207836500 91353526190570 104064856489095 90374768944935 116843727114715 205306677117811 82437809725120 46713750914093 213951142602513 95132470574833 14070545699287 79058649961271 137092538089583 195738561611450 79969847492802 69185613521547 100103495040444 81457226776845 147272749708750 63892781392314 69286252645038 187805667912850 81436127254724 264797609305530 191304958983680 259100259193560 56138148670947 263406343881100 83561103925871 90436839668817 685040535925095 114540884553038 247776886154518 133978259344888 144867692496445 156618412527946 338593444783108 197726516681672 498582902337118 941675973919995
3 4 5 6 7 8 9 10 11 12 13 14 15 16 17 18 19 20 21 22 23 24 25 26 27 28 29 30 31 32 33 34 35 36 37 38 39 40 41 42 43 44 45 46 47 48 49 51 57
18 25 123 192 316 476 491 681 551 613 436 487 328 317 201 219 168 170 119 110 72 60 64 36 43 36 25 24 15 16 18 17 8 9 10 3 3 3 7 1 5 2 3 3 1 1 1 1 1
18 25 177 324 918 1649 3056 5951 7938 12895 14619 24527 23923 33236 30214 43549 43330 61353 53130 64011 47346 60806 74315 64658 79599 81709 76160 95450 67353 84902 103043 122990 70848 122824 161913 41724 57480 74415 207008 43274 186690 62370 190220 267498 63261 126522 105558 147273 329931
