2 3 4 5 6 7 8 9 10 11 12 13 14 15 16 17 18 19 20 21 22 23 24 25 26 27 28 29 30 31 32 33 34 35 36 37 38 39 40 41 42 43 44 45 46 47 48 49
4 5 7 11 20 31 35 31 41 47 44 62 59 38 58 78 94 127 222 309 444 573 868 1096 1168 1293 1435 1505 1620 1673 1709 1712 1702 1486 1672 1643 1420 1311 1150 895 744 591 483 471 418 276 127 43
6 15 8 22 38 51 52 49 74 63 55 73 78 51 78 102 162 248 550 772 1132 1571 2038 2417 2395 2509 2603 2596 2637 2546 2487 2397 2296 1972 2050 1947 1617 1442 1269 997 814 603 487 472 418 276 127 43
26 39 24 88 120 172 159 130 230 154 129 200 425 234 310 405 1340 2934 30715 124360 1402858 21574124 32803435 128214739 197653464 423351159 504780192 364476571 381377232 329980924 319138733 273420948 161849857 86860981 76319945 76644555 21446902 10284242 6146889 3281739 2076032 911209 375360 140421 38414 8673 1408 420




3 4 5 6 7 8 9 10 11 12 13 14 15 16 17 18 19 20 21 22 23 24 25 26 27 28 29 30 31 32 33 34 35 36 37 38 39 40 41 42 43 44 45 46 47 48 49 50 51 52 53 54 55 56 57 58 59 60 61 62 63 64 65 66 67 68 69 70 71 72 73 74 75 76 77 78 79 80 81 82 83 84 85 86 87 88 89 90 91 92 93 94 96 97 101
629 2025 2557 3004 2886 2360 2265 2261 1767 1758 1829 1525 1510 1452 1198 1201 1206 969 952 1023 801 812 823 672 627 672 512 504 540 434 452 449 339 365 381 271 264 280 236 241 226 182 190 187 146 150 148 112 107 111 93 97 91 76 70 76 59 56 48 33 45 42 25 33 31 22 25 17 14 21 7 7 13 11 8 10 8 5 8 3 4 4 2 3 4 4 3 4 3 2 3 1 1 1 1
629 2193 3969 6686 10329 13559 19380 28725 33702 46823 68194 80829 107016 136595 156001 203320 263052 287555 363602 500515 514658 657563 823148 892708 1017252 1322152 1301867 1600071 2057776 2134394 2770416 3109826 3110495 4089280 4821529 4353901 5254190 6375884 6740471 8554044 8847008 9053424 11509003 12445136 11992505 15296791 16893890 15531334 18244183 20462313 21137144 27047911 27434759 26955519 31426864 36193402 34031688 40648295 36243478 29494740 52381096 50332082 33268103 58820180 58688104 47217680 70306094 49489415 47771576 95143635 31636498 32880435 85417109 72642456 56716000 92275348 74312728 53099315 133487560 41545950 63185904 99194558 41012510 70015407 126307918 120669428 102788886 214827194 132324327 99991850 213260196 64112359 82010177 92669720 150198136



