16 28 40 52 64
439 4291 10612 10922 4147
4245 33055 28393 15903 4389
100121 34134582097 39600183070 16692743541 133089873




3 4 5 6 7 8 9 10 11 12 13 14 15 16 17 18 19 20 21 22 23 24 25 26 27 28 29 30 31 32 33 34 35 36 37 38 39 40 41 42 43 44 45 46 47 48 49 50 51 52 53 54 55 56 57 58 59 60 61 62 63 64 65 66 67 68 69 70 71 72 73 74 75 76 77 78 79 80 81 82 83 84 85 86 87 88 89 90 91 92 93 94 95 96 97 98 99 100 101 102 103 104 105 106 107 108 109 110 111 112 113 114 115 116 117 118 119 122 123 124 125 126 127 130
385 1423 2580 4279 4548 4961 4947 4962 3964 3743 3307 3213 2701 2601 2283 2248 1931 1859 1640 1712 1490 1532 1363 1359 1163 1125 1051 1095 924 915 861 874 756 711 706 667 584 609 547 529 462 469 390 375 357 329 317 311 265 281 276 260 241 249 252 226 198 195 183 160 144 153 127 105 91 107 111 87 68 54 62 66 61 64 69 51 46 44 37 34 33 32 31 29 24 21 30 17 23 12 11 16 15 10 8 10 9 7 10 13 6 8 7 10 7 8 12 9 4 1 4 4 1 2 3 3 1 2 1 1 2 1 1 1
385 1619 3866 9107 14626 24790 37472 57836 69995 97849 122942 170380 196058 264078 312436 409958 459250 587662 666671 897299 1039618 1369257 1546146 1929658 2088438 2461874 2897440 3770324 4005555 4952478 5683041 6979023 7503687 8395948 10206274 11925052 12574725 15572885 17251307 20037051 21060675 25898428 24908780 28792227 32385308 34457406 40316369 45309090 46608269 62147544 68497208 76671072 82226326 96030628 111211235 112390425 119182227 142711873 152697284 147171118 166936227 195974931 192885705 189871934 185286393 254029059 295724842 269358275 269957161 254656468 325961218 398171716 421172389 518726397 624589886 543236565 572686541 602543977 580550911 536727473 597706060 649960404 724783428 769359349 726385374 657612241 1174946403 792899276 1167161384 714611979 653057084 1052519173 1255079838 946216644 873399485 1195908533 1154217270 1138611866 2083299980 2986986757 1291306210 1715849008 1876554526 2682505929 2371306090 2738605672 4911691114 4217747784 1934011376 541946240 2428654984 2719612812 761002156 1702753256 2856151995 3192433353 1188908248 3307337330 1844349560 2056148051 4582641824 2552338241 2841940500 3913864295



