3 4 5 6 7 8 10 11 12 13 14 15 16 17 18 19 20 21 22 23 24 25 26 27 28 29 30 31 32 33 34 35 36 37 38 39 40 41
1 2 4 1 4 1 1 1 3 1 3 1 3 9 9 18 46 84 169 264 403 617 700 660 604 595 517 364 376 406 416 397 355 357 242 171 145 40
1 2 4 1 5 1 1 1 3 1 3 1 3 10 10 22 47 99 197 320 465 748 810 764 687 679 580 392 401 431 437 424 369 360 242 171 145 40
1 2 7 1 7 1 1 1 3 3 3 1 7 17 54 95 1060 3054 40245 1179036 1431018 19825937 60352557 15609109 12525197 6710853 3286420 2176988 1813488 1093075 884215 2248262 12058672 6865418 2267671 380948 29196 460




3 4 5 6 7 8 9 10 11 12 13 14 15 16 17 18 19 20 21 22 23 24 25 26 27 28 29 30 31 32 33 34 35 36 37 38 39 40 41 42 43 44 45 46 47 48 49 50 51 52 53 54 55 56 57 58 59 60 61 62 63 64 65 66 67 68 71 72 74 79 80 81 86
321 547 605 551 505 512 458 400 408 360 311 297 266 255 264 217 197 194 173 165 163 139 131 126 99 108 87 85 76 80 73 52 61 51 52 53 38 42 31 30 27 30 22 25 23 13 15 18 13 11 16 8 6 8 5 7 8 5 3 6 2 3 5 2 2 2 2 1 2 1 1 1 1
321 578 941 1370 2074 3159 4268 5502 8065 10036 11924 15362 18872 24741 33100 36380 44350 55308 63899 80026 96489 108075 129780 155783 151682 220066 213017 256116 282928 362802 405124 363344 509410 511290 679308 773361 697422 926085 806465 961730 1052037 1337490 1144055 1700699 1717111 1219958 1583370 2245572 1994265 1908775 3267616 1919544 1689534 2639448 1930775 3158932 4214584 3070770 2145660 4990920 1932934 3364515 6500780 3010998 3483260 4025116 6175470 3554345 9394410 9289091 10619863 12132164 23338469



