0 1 2 3 4 5 6 7 8 9 10 11 12 13 14 15 16 17 18 19 20 21 22 23 24 25 26 27 28 29 30 31 32 33 34 35 36 37 38 39 40 41 42 43 44 45
1 4 7 9 9 8 15 20 23 24 31 34 44 42 59 62 70 67 91 91 115 134 134 129 124 107 99 94 85 86 79 73 64 69 55 45 45 46 51 46 41 21 20 16 17 17
1 11 18 19 14 46 21 40 45 42 87 53 107 52 146 114 149 147 202 201 322 307 291 282 211 159 151 125 120 113 103 87 76 78 61 47 47 46 51 46 41 21 20 16 17 17
1 52 307 311 77 1172 239 1034 652 718 2303 933 3532 1040 5915 3679 6836 18146 17395 68978 861766 1657359 22372864 335563078 1274072946 427645371 817135581 219760858 573757774 471242540 416635230 342462841 513387685 398278697 304916750 325215059 278879773 168309957 118752097 76911432 29687381 12518608 3585240 496821 42906 915




2 3 4 5 6 7 8 9 10 11 12 13 14 15 16 17 18 19 20 21 22 23 24 25 26 27 28 29 30 31 32 33 34 35 36 37 38 39 40 41 42 43 44 45 46 47 48 49 50 51 52 53 54 55 56 57 58 59 60 61 62 63 64 65 66 67 68 69 70 71 72 73 74 75 76 77 78 79 80 81 82 83 84 85 86 87 88 89 90 91 92 93 94 95 96 97 98 99 100 101 102 103 104 105 106 107 108 109 110 111
12 17 84 119 250 209 380 214 403 220 286 138 195 94 152 85 96 58 97 49 81 47 65 35 61 32 50 34 49 29 42 20 34 30 31 21 32 17 24 16 21 15 22 14 26 12 14 9 19 11 11 10 15 9 14 6 13 10 12 6 12 6 9 8 11 5 7 7 10 6 4 3 7 4 4 4 6 4 7 2 4 4 4 3 5 3 3 4 4 2 3 2 3 2 1 1 2 2 1 2 1 1 2 1 1 2 1 1 1 1
12 18 125 258 743 951 2681 2410 6291 5610 10386 7364 15275 9811 21146 16839 24345 19185 44118 28040 56663 45815 82702 54805 116268 77157 153835 137805 221026 170634 325841 190284 337630 397640 534033 418300 812342 512297 877129 686885 944831 913052 1499276 1102126 2446619 1582198 1966421 1648020 3443972 2313890 2972551 3179062 4660876 3749724 6445056 4055275 7730684 7904188 10432502 5366459 13285896 8354294 12282151 14626791 19787759 12105568 19498452 20872779 33332032 23069696 20392850 15284626 39837897 24877181 29342633 38921756 61859820 44103801 88924907 33371890 64093792 86987552 85605933 74519236 152040427 99764258 113422034 163123600 180564232 121883455 188208068 156626023 241493064 145067614 82010177 92669720 209302838 236228608 133230930 300396272 169229875 190569292 428962252 241265379 271248950 609602730 342325709 384276336 431149389 483502844



