24 36 48 60 72
8097 40526 33515 17723 135
746734 497902 141852 33453 135
132243189824982 5983073412235914 790772111862483 7553625480328 198
24 36 48
706 423 31
3108 678 35
10760760 1229581 1633
3 4 5 6 7 8 9 10 11 12 13 14 15 16 17 18 19 20 21 22 23 24 25 26 27 28 29 30 31 32 33 34 35 36 37 38 39 40 41 42 43 44 45 46 47 48 49 50 51 52 53 54 55 56 57 58 59 60 61 62 63 64 65 66 67 68 69 70 71 72 73 74 75 76 77 78 79 80 81 82 83 84 85 86 87 88 89 90 91 92 93 94 95 96 97 98 99 100 101 102 103 104 105 106 107 108 109 110 111 112 113 114 115 116 117 118 119 120 121 122 123 124 125 126 127 128 129 130 131 132 133 134 135 136 137 138 139 140 141 142 143 144 145 146 147 148 149 150 151 152 153 154 155 156 157 158 159 160 161 162 163 164 165 166 167 168 169 170 171 172 173 174 175 176 177 178 179 180 181 182 183 184 185 186 187 188 189 190 191 192 193 194 195 196 197 198 199 200 201 202 203 204 205 206 207 208 209 210 211 212 213 214 215 216 217 218 219 220 221 222 223 224 225 226 227 228 229 230 231 232 233 234 235 236 237 238 239 241 242 244 245 247 248 251
471 2147 6497 12949 24020 33375 44599 47787 52847 48580 50959 44744 46625 41418 41830 37662 38378 33965 34862 31002 31896 28610 29015 25804 26541 23591 23899 21712 22558 19784 20510 18305 18881 16987 17380 15263 15985 14443 14479 13166 13483 12028 12254 11174 11563 10530 10336 9585 9764 8907 8729 8040 8379 7584 7541 6925 7033 6410 6328 5781 5934 5507 5235 4936 5075 4557 4476 4149 4324 3869 4055 3508 3493 3329 3231 2873 3120 2875 2715 2540 2521 2315 2352 2148 2306 2155 2010 1870 1816 1711 1679 1619 1626 1477 1458 1374 1189 1302 1268 1153 1289 1167 1130 1029 1021 925 926 838 879 855 793 696 718 712 650 594 638 534 589 527 472 480 539 419 496 412 399 344 360 324 336 305 338 299 325 265 257 254 257 253 264 208 219 197 196 198 201 170 204 161 160 154 193 191 164 146 126 111 113 85 74 93 63 92 75 53 76 75 62 45 62 43 47 56 36 34 37 33 40 35 36 33 32 33 33 36 31 36 39 27 24 31 27 42 39 18 25 14 12 19 13 12 11 9 5 8 5 6 6 10 4 1 3 2 6 5 1 4 8 4 2 7 5 3 4 5 4 5 3 5 3 1 2 14 1 1 4 1 2 2 2 2 1 1
471 2265 8878 22974 61562 118434 247095 381765 672543 928050 1488396 1894511 2989299 3585249 5305103 6470187 9112165 10565391 14989729 16912941 23538603 26554551 35587104 39299190 54531561 57921476 77311445 85371413 112635234 117304454 161849378 169088094 223569630 240745473 304008056 316009072 423351574 429813903 550212505 596712449 739060507 757847137 983377462 1000084458 1295312819 1373019895 1666045688 1740670626 2233312674 2203781763 2705614593 2883946180 3544147171 3571227651 4526262238 4542427814 5576287536 5906956424 6774908457 6948003683 8914921302 8619670264 10142909412 11094816759 13317696632 13040387070 15871756169 15866332509 19004232813 19934718561 24274791878 23004234442 27781088685 28251552582 31931997192 33075063772 41466925359 40889432994 48265192652 48023023063 56556091185 58325020710 67092076224 66689281899 86042356538 83664786335 93915854599 98545152030 110695416959 112849772449 129070982109 135545962361 155763513837 155171959817 184338481144 185743587229 194694577411 224416178859 241091857420 255439045328 319819846875 307311629101 360209609436 350061153988 384629068536 401265482956 450401787349 435705543392 561615909425 569444010339 589388474858 579880857348 692923230334 710961750770 740130359577 741601628410 951302414572 869993646274 1098257875173 1011680328080 1139231226564 1195380109876 1492549240250 1236695483519 1719560911590 1360058462893 1722415260436 1564753094683 1844228424780 1816033126482 2080492767595 1971704918304 2706164539843 2477392170876 3152609327835 2771742307613 2949413759931 3124462904082 3845030669799 3871394162343 4830874024408 3908710419894 4866854574221 4356887347185 5671911109452 5438130575453 6154407999790 6110725406870 7906332617414 6402213775066 7860413909834 7825185032863 11017304746598 11693667640293 10963159168535 10022263960583 10653097110522 9495852497203 10767889312141 9423704227571 8334714487525 11735341811094 9440207365008 14340645755726 12826312418040 10565037535295 15322094089749 15779281247486 15931141648139 14072080303612 19274952343194 13641651292102 17501645902598 21129464019893 15006461533407 17391749502010 16958625184900 18932769138315 23105754525940 22846932841205 26428155169528 25752151121818 25986718427742 29463770883345 33763784688820 39517104851468 39007965872335 47314550250972 57977115706034 41712297308045 39726831839773 59150310884106 55132392498862 90885836412986 87932182931683 44951401535618 68728159267449 42200841626603 39314783488872 72959043693501 52679647036065 55202633674634 49929219609733 49663499272170 37307086104377 47196534248785 32039470842640 41489488243590 44508679278234 85285813023750 37100410301420 10085065885767 31133838976793 23833362472556 75633746176136 70352728496435 15285151248481 66406392431656 144225460133368 78295424644580 42496558018734 161433098216943 125129368800555 81457226776845 117818199767000 159731953480785 138572505290076 187805667912850 122154190882086 220664674421275 143478719237760 51820051838712 112276297341894 851285896136606 65851585970275 71304185514919 308783570654048 90436839668817 195725867407170 229081769106076 247776886154518 289735384992890 156618412527946 197726516681672
3 4 5 6 7 8 9 10 11 12 13 14 15 16 17 18 19 20 21 22 23 24 25 26 27 28 29 30 31 32 33 34 35 36 37 38 39 40 41 43 44 45 46 47 49 50 51 52 53 55 57 63
7 30 91 100 217 273 298 393 313 258 260 205 159 160 112 108 115 96 75 82 61 41 35 38 31 23 14 18 27 16 26 17 27 9 8 10 13 5 7 14 4 1 1 2 3 1 3 2 3 2 1 6
7 30 144 179 632 1014 1939 3771 4519 5815 8620 10490 10756 16268 15180 17955 27082 29910 29392 47745 39020 36817 35929 48434 55685 48750 38605 64754 107553 88158 142494 138747 290171 87019 145377 166721 211515 126578 192600 599163 168231 44583 53174 181523 290831 178268 546986 272027 612678 563178 386155 5798802
