0 12 13 24 25 36 37 48 49 60 61
1 284 44 2381 1951 8524 6437 4478 2954 1003 750
892 2278 523 31338 20570 26069 18737 7018 4527 1003 750
20790 31415 5871 13340667881 4989250159 22666607402 14605779028 1400083598 783818762 3513623 822433




3 4 5 6 7 8 9 10 11 12 13 14 15 16 17 18 19 20 21 22 23 24 25 26 27 28 29 30 31 32 33 34 35 36 37 38 39 40 41 42 43 44 45 46 47 48 49 50 51 52 53 54 55 56 57 58 59 60 61 62 63 64 65 66 67 68 69 70 71 72 73 74 75 76 77 78 79 80 81 82 83 84 85 86 87 88 89 90 91 92 93 94 95 96 97 98 99 100 101 102 103 104 105 106 107 108 109 110 111 112 113 114 115 119 120 121 122
415 1849 3593 6106 6037 7210 6089 6486 4944 5188 4310 4303 3476 3733 2953 3211 2655 2882 2357 2552 2057 2248 1913 1950 1606 1702 1388 1455 1187 1269 986 1042 857 927 739 778 637 712 570 631 524 561 425 497 398 462 343 415 330 336 292 305 305 285 211 228 220 222 165 164 149 143 132 110 107 81 65 72 81 72 47 61 61 48 35 41 45 36 33 42 51 38 28 33 38 37 33 27 33 21 21 17 40 19 16 15 16 4 2 5 17 8 3 2 10 1 1 4 3 1 1 1 3 1 1 1 1
415 2092 5369 12582 18594 35334 44804 75003 86263 134028 157096 226193 246308 363211 388625 568758 608475 901068 918769 1301806 1361228 1915489 2051258 2705448 2747559 3754963 3784380 4971656 4965977 6649796 6298964 8140772 8296795 10930996 10417444 13273348 13346959 17930489 17609145 23721964 22516156 29142196 25709490 35492615 34682982 47115155 41975374 61147533 56467655 69115898 69228683 84347901 97320003 111112192 95914832 122652117 137439870 161646992 134436322 156282856 170089216 182751295 212870447 192076362 213083149 187796407 170725760 225500027 275504301 328474619 231752026 352242224 383243694 348109650 279636126 385725884 463477337 460170071 483633929 649403588 915797274 773522817 675774303 838033427 1113432793 1279065249 1280804680 1184284293 1641909711 1120467195 1276032987 1229899878 2962205414 1747365674 1554066154 1557789586 2214194345 517807094 300396272 977315772 3640670504 1882506466 723796137 542497900 3456301890 342325709 384276336 1724597556 2208100400 541946240 607163746 679903203 2283006468 1188908248 1327710076 1482074143 1653668665



