1 2 3 4 5 6 7 8 9 10 11 12 13 14 15 16 17 18 19 20 21 22 23 24 25 26 27 28 29 30 31 32 33 34 35 36 37 38 39 40 41 42 43 44 45 46 47
1 3 5 8 17 13 25 32 28 30 31 34 39 40 35 38 50 60 108 204 376 611 1000 1234 1434 1601 1726 1847 1871 1927 2106 2002 1938 1806 1952 1661 1374 1140 916 735 557 336 267 202 102 34 21
2 3 6 10 24 19 29 39 31 32 34 38 41 42 39 41 62 75 151 297 640 942 1696 1942 2147 2351 2443 2545 2493 2508 2665 2480 2330 2099 2207 1813 1444 1175 937 745 559 336 267 202 102 34 21
3 7 12 13 48 46 66 76 59 58 59 69 104 90 82 92 199 390 1627 5825 52114 212174 4334615 20372291 118815467 323774864 286817165 363874810 354956637 202132672 219873502 276555773 311516018 274625046 260442768 122524144 62820388 24917641 9065295 2813160 908099 228674 54542 8974 1071 92 534




3 4 5 6 7 8 9 10 11 12 13 14 15 16 17 18 19 20 21 22 23 24 25 26 27 28 29 30 31 32 33 34 35 36 37 38 39 40 41 42 43 44 45 46 47 48 49 50 51 52 53 54 55 56 57 58 59 60 61 62 63 64 65 66 67 68 69 70 71 72 73 74 75 76 77 78 79 80 81 82 83 84 85 86 87 88 89 90 91 94 95 96 100
902 1940 2568 2434 2301 2110 1925 1783 1632 1591 1476 1340 1258 1159 1066 1029 891 889 798 762 689 658 630 574 530 537 467 453 395 358 360 339 278 302 258 253 237 218 191 186 184 155 160 149 124 130 127 101 99 94 76 91 87 64 56 63 48 59 45 35 42 37 28 25 26 21 21 29 12 19 18 16 19 15 5 10 10 8 10 8 3 8 9 2 5 4 2 5 2 1 2 1 1
902 2091 3981 5784 8700 12414 17424 23831 31533 43095 56407 70178 90302 110859 135819 175605 196258 260412 295636 365094 426204 515999 631393 713833 825467 1064874 1143986 1389074 1476318 1660649 2041960 2364433 2341436 3143664 3230051 3933065 4402815 4910313 5066330 6070537 6937932 7210959 8769601 9791386 9715186 11831266 13593370 13262196 15002925 17211229 16267321 22851356 25824810 21961746 22679517 29644832 25885862 39136868 32293724 31041780 42683133 45324318 37168571 39827101 46315617 44934194 48793920 79678332 37052820 67532555 73583424 75155280 102462877 92785335 35447500 81182640 92890910 84958904 121321640 110789200 47389428 144034616 184556295 46676938 132718300 120669428 68525924 194438365 88216218 64112359 145067614 82010177 133230930



