3 4 5 6 15 16 17 18 27 28 29 30 39 40 41 42
12 41 48 51 436 711 930 712 8968 12868 13418 8816 12615 16418 15266 8674
120 186 208 318 1299 2135 3018 2590 41519 56523 56989 35644 26392 31809 27131 14450
3054 2680 3719 6291 98262 807041 3486865 1196256 42162500693908 103759755100180 160758124381982 144990513990547 71468391458636 49072021955148 21139642719334 5608547712695
15 16 17 18 27 28 29 30 39 40 42
16 38 47 39 66 90 73 43 1 2 1
29 57 88 66 81 110 85 51 1 2 1
1385 12539 8047 6475 68894 93233 30247 33687 6 44 42
3 4 5 6 7 8 9 10 11 12 13 14 15 16 17 18 19 20 21 22 23 24 25 26 27 28 29 30 31 32 33 34 35 36 37 38 39 40 41 42 43 44 45 46 47 48 49 50 51 52 53 54 55 56 57 58 59 60 61 62 63 64 65 66 67 68 69 70 71 72 73 74 75 76 77 78 79 80 81 82 83 84 85 86 87 88 89 90 91 92 93 94 95 96 97 98 99 100 101 102 103 104 105 106 107 108 109 110 111 112 113 114 115 116 117 118 119 120 121 122 123 124 125 126 127 128 129 130 131 132 133 134 135 136 137 138 139 140 141 142 143 144 145 146 147 148 149 150 151 152 153 154 155 156 157 158 159 160 161 162 163 164 165 166 167 168 169 170 171 172 173 174 175 176 177 178 179 180 181 182 183 184 185 186 187 188 189 190 191 192 193 194 195 197 198 199 200 201 202 203 204 205 206 209 211 212 213 214 215 216 223 224 225 233 234
451 1845 4145 6145 8159 8865 9880 9691 10090 9262 9377 8337 8270 7502 7498 6696 6590 6171 6203 5857 5939 5449 5523 5016 5029 4565 4626 4148 4174 3959 4028 3672 3903 3531 3558 3257 3268 2987 2987 2705 2783 2632 2641 2484 2585 2260 2268 2139 2096 1899 1909 1804 1812 1649 1801 1639 1664 1470 1501 1369 1335 1234 1281 1180 1158 1103 1120 1021 1013 959 952 894 865 866 855 749 814 733 726 667 714 625 614 592 589 519 515 489 506 451 464 428 454 372 386 361 352 298 344 290 314 288 332 284 291 232 247 225 201 212 219 201 207 202 182 179 162 158 137 124 147 134 148 121 134 112 120 97 103 85 84 97 90 86 78 81 76 78 60 70 53 55 58 51 50 53 58 41 49 38 38 29 30 31 29 32 28 31 23 30 19 26 19 19 23 22 26 20 23 20 19 7 14 10 12 14 12 12 14 12 12 11 4 6 7 6 7 6 9 6 8 5 4 2 4 2 2 2 4 4 3 2 1 1 1 2 2 2 1 1 1 1 1 1 1
451 1950 5881 12193 24821 40429 70445 103689 165990 222406 333783 418948 596009 731670 1012388 1215158 1603858 1950156 2621662 3170887 4258471 4964526 6563170 7408491 9512321 10610277 13880308 15118312 19210283 21877617 28275661 31244102 41607913 45500681 55928016 60991534 74662857 82428462 100124164 107459347 132447833 148603325 181163241 201820862 252821630 256658285 306345556 333281169 395324027 419772054 498703337 547566158 648172045 687508152 897171434 918875226 1114838589 1135592432 1369225972 1430062712 1671970668 1711799627 2167451903 2214700502 2567832314 2760455725 3271942786 3304640429 3893624564 4073142514 4850183740 5087057084 5679197509 6511254636 7357585556 7351016020 9129916945 9425577497 10670625073 11181469839 13477597801 13305456821 15225195849 16134343662 18802835759 18627614460 21171593205 21722063356 25858302147 25987406486 30387962208 31652117347 38073215286 34860721032 40712804963 43165384476 47340308111 45429405400 56737219264 54784397586 69308559783 70119310982 91684449077 85722526614 100603974694 87113607208 103820999633 106833866858 111669775852 125818895524 147858003176 151359140082 170138969706 187039956934 189660309435 206959957366 208174283952 227016169202 219357734137 217916500736 303109686289 288799258743 363657747268 320986377311 418317727336 377560273230 462828462053 390822908371 477249669351 429130597865 466771796975 612914774670 607284644025 633403742338 660491164384 753217744323 805147412829 906417884192 749897872038 984246005390 847105984018 928668285617 1114996412736 1017616931975 1169791740026 1365287502726 1693092050448 1299625073070 1752068124953 1455596350952 1573771551242 1371482766610 1513416317059 1766969677051 1744166443981 2158098056992 2036729820250 2432971418749 2049556643941 2842352630560 2191139676486 3054704943236 2492484566850 2661640557498 3653103572160 3684283330890 5114979786648 4254365237004 5334713397481 4897607540480 5098955265395 2304613676712 4539604901887 3890101377999 4695904467290 6375234975130 5637473968560 6696705857725 7855065155790 7401870742510 8668003530904 8115184487901 3958579548531 5380108905162 7676146917634 6339581752115 8100419928575 7571487903713 12348414303533 8905777889642 13060911623808 9103505503260 7949107425452 4732045483690 10108543380764 5395411200564 6137659757060 6690731967396 14584289728500 15891996117552 12985090975941 9429133772166 5134205287973 6622987708040 7840656226137 17057162604750 18550205150710 20170131771534 10963707205259 11916681236278 21248279009367 23061871173849 25025873760111 47826239745920 51820051838712
3 4 5 6 7 8 9 10 11 12 13 14 15 16 17 18 19 20 21 22 23 24 25 26 27 28 29 31 33 35 37 39 41 42 43
5 9 26 24 52 52 63 37 49 31 32 25 35 11 25 7 16 4 14 4 10 1 9 2 7 3 3 5 2 2 2 1 1 1 1
5 9 40 42 164 222 437 388 855 716 1203 1104 2245 931 3095 1035 3386 1372 5280 2244 6728 627 8151 1794 11428 4414 7544 20190 13040 19557 29008 17977 26015 26015 37338
