1 2 3 11 12 13 14 15 23 24 25 26 27 28 35 36 37 38 39 40 47 48 49
2 10 18 190 229 318 372 406 3729 5678 6892 7593 8381 114 11022 13305 13255 13114 12862 218 1329 728 218
14 84 73 523 624 727 1022 1070 18805 26859 31513 33239 35347 394 30043 34071 31434 28816 25979 401 1426 744 218
200 1183 1000 14216 9832 16557 54193 59377 8770328043 78770959238 606014447799 1993755587518 14034019031218 214291511442 200608945862443 194328110476298 176580458584892 107483274411580 65680462178142 2229653136700 173256962 8304145 33613
3 11 12 13 14 15 23 24 25 26 27 28 35 36 37 38 39
1 3 4 6 11 14 43 57 63 68 69 1 6 3 4 4 2
4 3 5 8 13 20 59 80 80 94 85 1 6 3 4 4 2
8 25 25 27 79 2811 22649 22869 19844 115187 37951 44 364 4597 94 1183 24
3 4 5 6 7 8 9 10 11 12 13 14 15 16 17 18 19 20 21 22 23 24 25 26 27 28 29 30 31 32 33 34 35 36 37 38 39 40 41 42 43 44 45 46 47 48 49 50 51 52 53 54 55 56 57 58 59 60 61 62 63 64 65 66 67 68 69 70 71 72 73 74 75 76 77 78 79 80 81 82 83 84 85 86 87 88 89 90 91 92 93 94 95 96 97 98 99 100 101 102 103 104 105 106 107 108 109 110 111 112 113 114 115 116 117 118 119 120 121 122 123 124 125 126 127 128 129 130 131 132 133 134 135 136 137 138 139 140 141 142 143 144 145 146 147 148 149 150 151 152 153 154 155 156 157 158 159 160 161 162 163 164 165 166 167 168 169 170 171 172 173 174 175 176 177 178 179 180 181 182 183 184 185 186 187 188 189 190 191 192 193 194 195 196 198 199 200 201 202 203 204 205 206 207 208 209 211 212 213 214 215 216 217 218 219 220 221 222 224 225 226 227 228
493 1851 4229 6409 8617 9593 10271 10006 10346 9453 9529 8818 8767 7814 7901 7214 7156 6456 6634 5900 6030 5498 5572 5242 5263 4778 4753 4386 4424 4126 3944 3745 3704 3454 3533 3274 3226 3009 3074 2704 2811 2606 2581 2357 2401 2095 2186 2075 2046 1926 1948 1742 1774 1660 1638 1507 1507 1403 1348 1270 1317 1198 1219 1125 1112 1028 1011 967 930 857 874 751 790 770 734 720 738 663 645 606 629 566 564 514 493 460 494 425 454 424 417 393 387 380 338 322 331 280 281 272 270 264 265 237 260 233 220 204 208 192 186 162 179 154 145 164 166 156 139 122 121 122 119 94 87 104 88 79 100 84 86 68 78 80 84 72 63 61 67 51 47 57 50 44 49 51 48 48 44 36 41 36 26 26 35 23 26 27 31 17 25 20 24 21 24 15 17 18 13 17 15 14 10 12 14 15 14 16 11 9 10 3 7 6 7 6 7 7 6 6 5 4 4 5 4 4 4 4 4 4 4 4 3 3 3 3 2 2 2 2 2 2 1 1 1 1 1 1 1 1 1 1 1
493 1925 6002 12837 26188 43679 72211 106697 169683 225877 339066 437733 627712 764531 1072612 1295852 1751580 2056801 2824779 3201664 4297610 4971033 6518647 7709515 9836208 11276223 14043725 16082349 20170678 23140533 27500020 31531343 38471944 42934542 54339626 59994324 73634694 80222316 101739748 106729248 132480349 145523695 177119351 186363137 227413668 230346080 289676612 318988909 384456838 415547527 494080484 526097464 628267949 674473816 787342932 843465708 977174051 1044790630 1184347741 1285472469 1574133414 1676162791 1965861621 2057393593 2402651543 2477680432 2818914416 3067969313 3513237005 3609746512 4284276078 4152015137 5145848384 5560430635 6385703816 7003200591 8061064787 8536275529 9248662743 9751907741 11676677972 11993285753 13417002058 13629368930 15446222702 16057018538 19544560881 19588244427 22902378992 23867865858 27892420416 28951718407 32099099698 35396780492 35623970400 37186435358 44168220271 41099311359 48444077776 50671358344 59682825353 63751300879 70725147062 72250506094 87228021686 88462773029 94597766307 96409168051 108642701668 113333494852 125304803957 121989671348 144167308921 141866026748 148826051489 188180096664 214510423032 222594283299 224414313414 211547595226 239293635837 263041642093 287007816532 257336722373 255770762230 343201976012 322576227816 317135693227 456223948844 431809572315 482679269380 426185113332 544160575046 623509000369 715252144565 676750231404 674944850989 686018165340 872258122953 705734509800 703461979758 969457235212 954012999114 921854918913 1099821122752 1260697131686 1318259225183 1505403396967 1449607383852 1384980761052 1627840640547 1665564813092 1285662356631 1423791321943 2122474750346 1564145411353 1876184656563 2154084919392 2782634047872 1686641515966 2666311544273 2341968620474 3083279908985 2999841906237 3753541129995 2588063229520 3150911894547 3782917604231 2824461337220 4101822380407 3999880796875 4086306304082 3246733601000 4220596877612 5420558187080 6375234975130 6507789364220 8172253403500 6090374564365 5578475630615 6672241995912 2183906214498 5668735861719 5303300995958 6779462100107 6430942646022 8100419928575 8851498945981 8271719770123 9034709743696 8338637020465 7282804402608 7949107425452 10843135527345 10323360851892 11258283950364 12275319514120 13381463934792 14584289728500 15891996117552 17313454634588 18858267544332 15402615863919 16770264952485 18255761577780 19868963124120 15681312452274 17057162604750 18550205150710 20170131771534 21927414410518 23833362472556 12950095925895 14070545699287 15285151248481 16601598107914 18028182516671 19573856161145 23061871173849 25025873760111 27152408925615 29454549941750 31946390696157
3 4 5 6 7 8 9 10 11 12 13 14 15 16 17 18 19 20 21 22 23 25 26 27 28 29 30 31 32 33 34 35 41 43 45
7 6 30 25 65 36 57 21 37 20 26 10 15 7 13 7 17 7 12 7 10 8 2 5 2 4 1 4 2 3 1 1 1 1 1
7 6 45 45 209 145 428 226 650 435 939 449 1017 589 1530 1159 3491 2044 4299 3091 6117 9036 2257 7630 4085 9502 2436 13456 8283 14734 4565 8349 26015 37338 53174
