7 19 31 43 55 67
1132 2104 22255 45715 22474 6316
280168 412953 573263 257815 62852 7479
18951188 6155301688 4170755459613763 1723878890848501 139437664221630 2603710770
7 19 31 43
178 467 713 137
30773 6151 1428 177
1676466 4221500 1199391 106059
3 4 5 6 7 8 9 10 11 12 13 14 15 16 17 18 19 20 21 22 23 24 25 26 27 28 29 30 31 32 33 34 35 36 37 38 39 40 41 42 43 44 45 46 47 48 49 50 51 52 53 54 55 56 57 58 59 60 61 62 63 64 65 66 67 68 69 70 71 72 73 74 75 76 77 78 79 80 81 82 83 84 85 86 87 88 89 90 91 92 93 94 95 96 97 98 99 100 101 102 103 104 105 106 107 108 109 110 111 112 113 114 115 116 117 118 119 120 121 122 123 124 125 126 127 128 129 130 131 132 133 134 135 136 137 138 139 140 141 142 143 144 145 146 147 148 149 150 151 152 153 154 155 156 157 158 159 160 161 162 163 164 165 166 167 168 169 170 171 172 173 174 175 176 177 178 179 180 181 182 183 184 185 186 187 188 189 190 191 192 193 194 195 196 197 198 199 200 201 202 203 204 205 206 207 208 209 210 211 212 213 214 215 216 217 218 219 220 221 222 223 224 225 226 227 228 229 230 232 233 234 235 236 238 239 240 241 242 243 248 251 257
396 2241 7029 13858 25716 38070 54752 64059 90718 95766 94322 87417 79939 68325 59780 50769 44745 39139 35901 32215 30788 28389 27408 24606 24776 22307 21842 19626 18990 17599 17029 15252 15376 14075 13716 12438 12137 10990 11020 10318 10143 9480 9076 8108 8253 7725 7377 6721 6933 6354 6321 5797 5492 5261 5545 4725 4978 4484 4440 4327 4077 3667 3742 3423 3431 3270 3312 2921 2988 2926 2817 2647 2677 2338 2472 2366 2135 2063 2091 1847 1871 1890 1627 1676 1711 1560 1596 1487 1413 1368 1368 1261 1283 1206 1176 1095 1123 925 980 994 854 873 882 746 805 753 729 733 711 655 701 589 541 583 664 565 564 515 487 442 463 429 416 394 339 364 367 288 317 315 269 274 265 247 279 243 230 233 216 184 191 203 180 178 176 151 144 134 124 134 123 135 132 122 122 116 107 102 116 88 87 76 83 73 124 110 109 61 62 61 64 42 44 44 60 43 45 46 41 38 24 48 33 26 41 24 18 15 22 20 27 17 28 14 24 20 13 20 20 16 18 16 18 8 15 15 10 9 16 11 5 7 9 6 8 7 7 1 5 2 4 6 1 3 4 6 1 2 2 1 1 4 1 1 1 4 3 1 4 1 1 1
396 2326 9445 24467 65502 134140 291750 496033 1030939 1603054 2497721 3532706 5044720 6273755 8241628 9694053 11839970 13634797 16743798 19117458 24255010 28537058 36089446 40832392 54151118 60778236 77443182 85934698 104692318 118500080 145230076 157626004 201720218 223800149 270290280 291168566 350423222 371408540 461461337 508010026 604904473 680644006 793153075 825266645 1009958759 1085997228 1237661503 1327404844 1637725489 1729902529 2099577582 2170497517 2406690923 2627153701 3301804944 3173456184 4082615283 4106534658 4786982721 5227140302 5731618479 5732690892 6882529228 7167905312 8443907734 9084697830 10904648347 10722902155 12953693646 14138885657 15697819946 16870745223 19846648896 19573396409 25111520930 25852879713 27872898657 29558822661 34527865735 33909456444 40690873142 45905564811 45660170623 50897091583 59087202056 62734984470 71333237551 75240165557 79866934021 87198627014 104716931417 105475148981 121436022953 128909304477 144247397139 142694240621 173473653976 155441195794 190669224328 215875914998 211237132763 236759400500 274160077501 254238375902 317728415443 319731227937 366953274301 381096709355 435719620034 428239291373 517467091405 492421317480 520922640365 604898840025 761626493618 705887392147 837351731579 818703755017 875071158732 828186387679 1062986625611 1065028478363 1179827028750 1168231081791 1176516856261 1303537705523 1611726839709 1342863403264 1658710586603 1740395651652 1670037085365 1888193962578 2105725944703 2027047594263 2518667217035 2447521977840 2642714821095 2983845262480 3213207255399 2817727699329 3250459731624 3763578110285 3610547213130 4073821364760 4295517504779 3947229881052 4655265609269 4692502697914 4489214080179 5257219424027 5398134747269 6495915851249 7275373631436 7365109318996 8389546856253 8189301323216 8657763216800 8479477654303 11612571004291 9411413278105 10167122985998 10086696140861 12541251522631 11554199126055 21527672373933 19386508152625 21712333913522 13991590161088 14944100327043 17178814156886 19315229728620 13699739174000 14910614499720 16177472851132 25686083208586 19240009346120 21796665791680 27204607211530 25856719404185 22225645461090 16010763635598 39124469258244 26753849266614 24326896531119 41607487732260 24627439857204 22233346831028 20782982569501 34345263428695 30783427051585 47363199837898 34425363957773 64402473757833 29454028231036 58160865469578 52049469761153 35420768965593 58834008661210 64695030832616 62321532845553 75209934823341 75067628821574 90043102219864 38975450294334 90472671102195 88802980180075 62465740138940 82395122488730 136061295913290 90374768944935 43389427784855 68165571269133 94280158249871 70547113386649 96366864579841 96252920348225 106996058739367 16601598107914 85861159357084 39147712322290 84993116037468 138371227043094 25025873760111 81457226776845 117818199767000 191678344176942 34643126322519 75122267165140 88265869768510 47826239745920 51820051838712 224552594683788 60806135438329 71304185514919 77195892663512 334244415703484 271310519006451 97862933703585 423528986890932 156618412527946 197726516681672 313891991306665
3 4 5 6 7 8 9 10 11 12 13 14 15 16 17 18 19 20 21 22 23 24 25 26 27 28 29 30 31 32 33 34 35 36 37 38 39 40 41 42 43 44 45 46 47 51
16 26 199 368 832 1597 2824 3460 4004 4943 4334 4651 3262 2968 1532 1232 610 398 200 169 121 113 88 86 95 71 42 52 32 37 23 20 37 20 8 12 5 11 4 1 15 2 1 1 3 4
16 26 283 597 1784 4643 12543 24175 41329 81169 103191 191632 201784 307160 232203 316308 207528 203769 129160 117336 93012 124139 107530 130073 183854 178077 115972 204404 133948 189102 164378 174233 340055 258510 86617 214876 147772 265231 97205 21637 550518 81921 44583 53174 394219 671740
