23 35 47 59 71
8068 36508 36239 18547 629
1035615 484745 154491 37513 629
636315806643803 4991954830242775 913016331435510 15081683593132 36753
23 35 47
881 411 50
5065 671 56
5853019 1011141 1952
3 4 5 6 7 8 9 10 11 12 13 14 15 16 17 18 19 20 21 22 23 24 25 26 27 28 29 30 31 32 33 34 35 36 37 38 39 40 41 42 43 44 45 46 47 48 49 50 51 52 53 54 55 56 57 58 59 60 61 62 63 64 65 66 67 68 69 70 71 72 73 74 75 76 77 78 79 80 81 82 83 84 85 86 87 88 89 90 91 92 93 94 95 96 97 98 99 100 101 102 103 104 105 106 107 108 109 110 111 112 113 114 115 116 117 118 119 120 121 122 123 124 125 126 127 128 129 130 131 132 133 134 135 136 137 138 139 140 141 142 143 144 145 146 147 148 149 150 151 152 153 154 155 156 157 158 159 160 161 162 163 164 165 166 167 168 169 170 171 172 173 174 175 176 177 178 179 180 181 182 183 184 185 186 187 188 189 190 191 192 193 194 195 196 197 198 199 200 201 202 203 204 205 206 207 208 209 210 211 212 213 214 215 216 217 218 219 220 221 222 223 224 225 226 227 228 229 230 231 232 233 234 235 236 237 238 240 241 242 243 244 250
503 2285 7255 13780 26265 40053 54996 57973 65384 62432 62480 58190 57139 51762 52429 47471 46048 43207 42438 38192 38515 35511 34502 32499 31970 28713 29140 26741 25785 24590 24530 21882 22515 20186 19946 18610 18400 17047 17192 15944 15635 14435 14466 13064 13312 12211 12089 11380 11489 10083 10315 9456 9248 8665 8689 7947 7963 7168 7091 6728 6822 6038 6338 5895 5843 5225 5206 4774 4815 4409 4381 4194 4178 3552 3816 3532 3375 3156 3211 2970 3032 2505 2527 2452 2530 2067 2277 2191 2008 1897 1953 1795 1753 1551 1606 1579 1588 1254 1397 1440 1261 1197 1185 1161 1119 1055 947 1078 1020 899 902 956 836 755 883 773 727 720 664 741 644 571 638 676 587 493 501 515 472 408 457 412 438 340 408 473 316 278 351 404 304 261 272 341 313 226 249 283 251 226 243 273 187 172 214 219 193 163 189 231 183 121 157 174 148 114 105 125 117 86 96 130 109 91 71 83 64 59 53 62 58 32 40 35 45 29 24 29 25 21 15 15 29 19 24 16 17 15 12 17 18 9 15 6 8 8 5 5 3 8 4 5 4 4 3 3 6 3 1 2 1 8 4 1 3 5 2 4 3 6 5 2 2 1 2 1 15 1 1 1 2 1
503 2386 9802 23989 65969 137159 287868 444740 804559 1131973 1788945 2383771 3593459 4383054 6519496 7930128 10830493 13221153 18148579 20533101 28544794 32943801 42438056 49340206 65151920 70336330 93978220 105008134 130934229 149334152 190888102 201426825 266617764 284263631 349612929 383353898 483986466 513968119 638984481 705319798 845135085 917540616 1147715501 1173461071 1492656641 1582961346 1886523067 2024510846 2558882557 2501581319 3175471647 3317647579 3952475398 4139663374 5087366404 5152456070 6305041806 6499698723 7782324690 8101797623 10178016327 9717465641 12327112842 12778760471 15236019871 15399003913 18545371815 18247825747 22774756605 22809205067 26068720843 27619954709 33394571659 30842277249 39895266748 39783439347 46365010017 47035879699 57301827646 55540909790 68856024955 62931051973 76281731158 76638375651 94795943030 82892112483 107626030353 110866109856 121540073267 127304699903 150880953589 142735127866 171511040015 166934556578 190718663432 203534037927 249357204494 209809874830 284305676261 288443349598 302625058537 323989686597 359304226783 372116220030 441834981758 442073304800 441177522350 558443425770 602425276625 590658831767 670468273285 750218194376 789580062265 782568383669 1028314033908 909343911274 1113481556782 1161724030899 1155854020157 1374600954806 1436878806493 1356602784032 1754543900391 1942368651942 1978977575437 1930815871415 2104638989015 2161329724392 2374866344033 2233652014184 2995592509360 2693423366106 3525668505278 2713629853858 3941733075206 4690226960915 3679814259928 3680987742517 4856474029775 5735357694795 5439638969601 5423756054881 5555616139906 7514853134111 8323145045836 6186865280761 8183896600439 8997699291176 9181377083571 10262440143556 11740740526845 13318650844931 10840321851094 10760987751969 13324921898037 15640366990042 16776141789527 15105042607102 20311543559107 23648385137495 21191802838713 17031333287926 24759717535697 24294129353917 29918107098456 24481982263760 22383477378907 31087238705384 29365381892715 25404481845977 31652106415047 42794432510458 42712982687039 40654212821687 36935741049223 36760141201665 35185649301890 37084350937790 33564235045010 42506130669360 46221130777593 27930208299333 37157244172344 33891495015683 47331592891689 32059835417133 35470030590997 38330598631037 34463594131998 34978452288298 27227735433837 27754454341401 60261344289396 41196339120108 58358261105954 43877314179978 51373271792667 46032448177950 39038247383704 60780405552417 73852348572057 38244543669305 77058011243923 29965954924058 44264823510438 52786622566280 33114938540200 35450354534000 22888154158764 68228650419000 37100410301420 50425329428835 43854828821036 47666724945112 38850287777685 42211637097861 91710907490886 49804794323742 18028182516671 39147712322290 21248279009367 184494969390792 100103495040444 27152408925615 88363649825250 159731953480785 69286252645038 150244534330280 122154190882086 264797609305530 239131198729600 103640103677424 112276297341894 60806135438329 131703171940550 71304185514919 1253416558888065 90436839668817 97862933703585 105882246722733 229081769106076 182973889854026
3 4 5 6 7 8 9 10 11 12 13 14 15 16 17 18 19 20 21 22 23 24 25 26 27 28 29 30 31 32 33 34 35 36 37 38 39 40 41 42 43 44 45 46 47 48 49 50 51 55
9 16 83 144 279 423 423 474 381 459 371 315 277 304 225 187 150 185 148 117 95 112 84 74 56 54 42 18 30 31 28 22 29 21 21 12 15 18 14 8 2 8 7 3 3 4 2 3 4 2
9 16 113 244 745 1537 2495 4223 5370 9762 12011 14833 18731 29127 29764 35620 33536 56470 64514 64825 61248 94105 94413 92452 100116 123359 115157 71162 115802 163923 151242 163583 224936 181451 313869 159733 322724 327979 393460 225918 83215 309412 307461 133749 253507 212696 253044 303022 607897 521532
