2 3 4 5 6 7 8 9 10 11 12 13 14 15 16 17 18 19 20 21 22 23 24 25 26 27 28 29 30 31 32 33 34 35 36 37 38 39 40 41 42 43 44 45
5 3 9 10 12 21 12 9 9 15 10 17 23 18 26 37 23 36 51 114 217 332 412 480 497 459 460 453 455 489 408 472 467 509 573 555 522 444 451 407 327 225 89 12
5 4 11 11 12 23 12 16 9 16 11 18 24 21 28 39 26 41 58 141 273 396 504 572 559 503 505 495 511 537 459 539 522 578 614 591 543 448 452 407 327 225 89 12
10 6 14 18 15 35 18 29 11 19 18 43 49 40 71 73 58 372 828 8840 33460 1260289 2661524 52009331 23749052 15067056 8575310 4359842 5261081 2320643 1693141 1812480 1907172 36980323 51472886 29592023 22835333 10594582 4876384 1816249 377708 40786 1307 51




3 4 5 6 7 8 9 10 11 12 13 14 15 16 17 18 19 20 21 22 23 24 25 26 27 28 29 30 31 32 33 34 35 36 37 38 39 40 41 42 43 44 45 46 47 48 49 50 51 52 53 54 55 56 57 58 59 60 61 62 63 64 65 66 67 68 69 70 71 72 73 74 75 76 77 80 81 86
383 750 760 696 653 579 510 480 457 447 404 351 317 338 276 276 256 238 212 223 177 181 164 144 146 147 115 121 106 100 91 92 72 79 76 72 55 48 50 46 45 33 35 44 32 30 23 21 19 23 14 15 16 15 14 11 12 12 13 7 8 8 6 7 5 4 4 4 4 4 2 1 3 1 1 1 1 1
383 797 1184 1739 2657 3593 4827 6516 9058 12508 15350 18316 22813 32577 35129 47154 55897 69058 78595 106362 106207 144002 159954 177827 223990 285149 279598 364182 386502 455092 510970 634614 609026 822687 933484 1091958 993749 1073884 1287363 1481535 1680630 1479597 1888491 2839397 2433119 2735236 2427834 2619834 2798187 3964823 2859164 3599145 4505424 4948965 5406170 4964036 6321876 7369848 9297860 5822740 7731736 8972040 7800936 10538493 8708150 8050232 9294080 10718756 12350940 14217380 8175936 4697205 16178349 6185689 7089500 10619863 12132164 23338469



