4 6 7 15 16 17 18 19 20 27 28 29 30 31 32 39 40 41 42 43 44 51 52 53 54 55 56
19 64 38 39 89 116 361 189 107 456 1357 1482 3102 1741 699 607 1664 1615 3355 1539 589 313 763 649 891 348 90
106 390 162 166 544 753 1689 1341 1104 1970 5285 5302 9288 4978 1782 945 2623 2415 4819 2137 796 323 776 649 901 348 90
708 2875 896 1627 7280 17255 50663 80575 156113 690338374 5581285500 2844365454 5866348867 3860351790 2012264662 1314981270 2804625872 2314405542 2219226169 1430360891 489795643 2156483 2733851 705286 520538 28133 2919




3 4 5 6 7 8 9 10 11 12 13 14 15 16 17 18 19 20 21 22 23 24 25 26 27 28 29 30 31 32 33 34 35 36 37 38 39 40 41 42 43 44 45 46 47 48 49 50 51 52 53 54 55 56 57 58 59 60 61 62 63 64 65 66 67 68 69 70 71 72 73 74 75 76 77 78 79 80 81 82 83 84 85 86 87 88 89 90 91 92 93 94 95 96 97 98 99 100 101 102 103 104 105 106 107 108 109 110 111 112 113 114 116 117 119 120 121
372 1280 2105 3137 3319 3441 2964 2847 2255 2188 1819 1864 1498 1532 1320 1329 1106 1169 976 1009 880 921 768 821 699 696 612 613 535 542 423 439 383 377 295 329 305 321 271 277 225 279 205 199 171 182 144 174 129 144 120 112 83 123 65 94 61 99 52 70 46 63 49 46 25 53 38 39 25 37 25 31 16 25 27 19 16 22 23 19 17 18 18 23 10 13 15 16 13 11 11 10 9 10 7 9 7 7 5 8 6 5 2 3 1 1 2 4 1 1 1 1 1 1 1 1 1
372 1475 3361 7067 11409 18045 25261 35449 43759 59572 76071 103228 116836 155512 198245 249123 283303 370553 441184 544073 633157 794743 926445 1165034 1289856 1555958 1853883 2128474 2374586 2878894 2975834 3602387 3778710 4528026 4801010 5851708 6339378 8147267 8890645 10286209 9942418 15126781 13593287 15719933 15391474 20856060 18950085 27362740 22170947 32313423 27392025 32638263 24067439 50609086 26721842 52898825 33888851 82140170 39965411 74180844 46001721 93331389 75204555 88260321 48470804 129929319 103369150 125357145 89191049 160513146 124965146 163439556 96202675 216976584 232767713 175403668 174073550 275372820 323065281 348200016 276545264 437416456 397615460 620811708 265436600 415095604 513944430 622202768 573405417 549955175 622975903 641123590 652804263 820101770 648688040 941862771 826800128 932616510 750990680 1353839000 1143415752 1072405630 482530758 813746850 304801365 342325709 768552672 1724597556 483502844 541946240 607163746 679903203 851376628 952050665 1188908248 1327710076 1482074143



