10 11 22 23 34 35 46 47 58 59 70 71
54 231 737 1051 3696 4492 5098 6281 3547 4210 365 374
561 1995 15039 18116 15292 18141 9834 11857 4107 4818 365 374
5075 19475 182113019 1196769485 16181888114 23966094719 17920363055 15894780200 1522615932 1668952316 6670 2381




3 4 5 6 7 8 9 10 11 12 13 14 15 16 17 18 19 20 21 22 23 24 25 26 27 28 29 30 31 32 33 34 35 36 37 38 39 40 41 42 43 44 45 46 47 48 49 50 51 52 53 54 55 56 57 58 59 60 61 62 63 64 65 66 67 68 69 70 71 72 73 74 75 76 77 78 79 80 81 82 83 84 85 86 87 88 89 90 91 92 93 94 95 96 97 98 99 100 101 102 103 104 105 106 107 109 110 111 112 113 114 115 116 117 118 119 120 122 123 124 128
418 1461 3157 5024 5592 6212 5806 5835 4601 4416 4038 3742 3068 3062 2799 2661 2211 2226 2107 2077 1682 1690 1685 1562 1276 1317 1330 1264 1031 1004 1067 975 788 881 896 768 605 631 656 642 470 516 578 472 360 375 405 361 270 251 317 293 178 198 264 226 144 137 179 141 112 119 151 131 75 80 122 99 62 66 83 77 52 51 65 65 55 43 54 39 32 31 29 37 41 31 36 28 30 27 20 12 17 9 6 8 15 8 10 6 7 8 6 3 3 3 4 5 1 1 2 2 2 2 5 5 2 2 1 2 1
418 1608 4738 10342 17468 29593 42295 66319 79114 111844 146443 194383 218289 304567 374069 465053 525391 708217 847947 1114055 1167867 1501217 1785246 2184655 2273913 3033870 3668929 4341563 4538978 5510080 7005919 7657031 8171856 11089360 13013293 13648667 13043383 16545012 20510001 23144430 21245807 27698504 35658512 36709553 32432348 40705939 51743421 51192541 45962207 49991869 77409737 81561222 63817614 78215952 122353424 121416981 86516007 95937737 166610788 142870401 134763453 174061596 251355138 239124322 160259651 195252244 337223988 320383336 236639761 293346217 451093412 411447615 320179636 365873811 576626707 590513386 571433948 488461072 734484569 619036389 535346226 621661560 739254284 1001253154 1231617046 1069084148 1437945043 1287073179 1688362441 1720317273 1336195349 867660282 1288765630 801149030 698719588 825229653 1849440209 1168845118 1717541602 1146545647 1481875502 1882506466 1635289147 1236310466 914404095 1152829008 1724597556 2417514220 541946240 607163746 1359806406 1522004312 1702753256 1904101330 5320722255 5944541240 2655420152 3307337330 1844349560 4112296102 3163127352



