1 2 3 4 5 6 7 8 9 10 11 12 13 14 15 16 17 18 19 20 21 22 23 24 25 26 27 28 29 30 31 32 33 34 35 36 37 38 39 40 41 42 43 44 45 46 47 48
6 10 21 48 55 56 65 61 46 92 155 195 214 283 289 327 392 459 337 457 577 1102 2660 3392 3950 4419 4731 5046 5284 5361 3154 3336 3560 4182 5887 5771 5485 5236 5022 4693 4259 3850 2182 1552 957 536 195 52
15 21 60 118 132 111 107 86 75 136 282 322 335 449 454 511 721 904 599 944 1352 3145 8490 10489 11983 12528 12720 13259 13673 13398 7489 7775 7908 8930 11968 11227 10322 9417 8520 7344 6226 5246 2683 1824 1056 541 195 52
64 49 559 799 840 580 542 354 359 598 1818 2388 2693 7285 7574 39378 72032 193559 297447 1866448 30749375 558982988 24513020531 192219781786 1498751589816 1820852705936 1185312010014 1131427760157 547729721551 490817326701 368475255771 1412396309002 3963380661182 5401593348549 5293243694400 13758163267818 22980770156339 13970704932319 7770829597969 3318081312117 1373830614044 421215805896 74518918969 11934240684 1585116073 123686626 4268323 23618
8 13 14 15 16 17 18 19 20 23 24 25 26 27 28 29 30 31 32 34 36
1 1 1 4 2 4 4 2 1 1 2 1 2 4 7 8 11 2 4 1 1
1 1 2 4 4 6 5 2 1 1 2 1 2 5 8 8 11 2 4 1 1
1 2 6 23 25 317 19261 33 3 176 6 15 10 97 172 83 61 2 14 5 11
3 4 5 6 7 8 9 10 11 12 13 14 15 16 17 18 19 20 21 22 23 24 25 26 27 28 29 30 31 32 33 34 35 36 37 38 39 40 41 42 43 44 45 46 47 48 49 50 51 52 53 54 55 56 57 58 59 60 61 62 63 64 65 66 67 68 69 70 71 72 73 74 75 76 77 78 79 80 81 82 83 84 85 86 87 88 89 90 91 92 93 94 95 96 97 98 99 100 101 102 103 104 105 106 107 108 109 110 111 112 113 114 115 116 117 118 119 120 121 122 123 124 125 126 127 128 129 130 131 132 133 134 135 136 137 138 139 140 141 142 143 144 145 146 147 148 149 150 151 152 153 154 155 156 157 158 159 160 161 162 163 164 165 166 167 168 169 170 171 172 173 174 175 176 177 178 179 180 181 182 183 184 185 186 187 188 189 190 191 192 193 194 195 196 197 198 199 200 201 202 203
733 2187 4002 5894 7286 7179 7923 7336 7123 6486 6525 5680 5970 5309 5081 4732 5045 4477 4823 4221 4160 3944 3973 3377 3643 3357 3368 3161 3167 2734 2898 2680 2518 2380 2475 2246 2388 2161 2082 1954 2013 1683 1823 1629 1644 1603 1618 1366 1459 1330 1266 1222 1304 1152 1180 1093 1065 968 1042 823 898 856 841 779 826 698 743 671 626 601 662 594 546 515 509 483 508 413 443 429 432 383 406 336 376 344 325 299 313 285 275 260 261 242 255 201 211 191 208 181 181 143 148 151 154 133 152 136 133 115 106 107 116 94 89 96 93 77 76 66 69 70 69 65 61 57 61 48 47 44 44 41 41 38 39 37 32 22 25 35 31 27 26 21 22 15 13 13 17 18 13 17 14 10 10 10 12 13 11 8 11 9 8 6 6 6 8 4 4 6 4 4 2 4 2 3 2 2 3 2 2 2 2 2 2 2 2 1 1 1 1 1 1 1 1 1 1 1 1 1 1
733 2278 5959 12506 23698 34434 59402 82747 121519 161571 238142 287850 430529 517592 677137 835410 1200339 1377563 1982133 2214597 2859997 3419943 4441858 4679659 6482424 7371686 9455038 10877958 13672134 14354736 19015278 21037994 24679589 28225960 36059838 39267382 51084147 54997893 64135717 72108286 89997773 89057054 116876464 121893932 145624064 169284960 204382376 201300855 257403989 270299358 306357224 342738449 428872713 444592301 545408966 572865811 661642345 692713114 866198517 790332916 1012149531 1090006707 1264612855 1359690286 1653825514 1604766865 2015145455 2026747834 2195143370 2418023596 3033155063 3164382617 3384173038 3543263524 4129627683 4458443307 5242194416 4851724112 5931654575 6392298718 7574114105 7635684300 9035990789 8599219140 10998835507 11190926010 12077420227 12447246150 14865512660 15665980393 17013182806 17750277402 20189327476 21449172055 25151892270 22522750155 26336975308 26508496248 33477175770 33149307095 36120458666 32802567243 38116530340 43110700098 49864828003 46617481517 59767939517 60775616068 68501999364 63856275494 66077825568 75340553793 91199929782 83757186865 89474478001 104564184763 115311130383 109942079172 114693997242 107829707656 130827385540 143365007132 160701017292 173424891951 176473679409 182813555598 217131140492 189901218550 204650364360 218239360790 243557364930 240425849400 263636486868 275631571623 310715815323 326512658649 314838265776 233327556992 292972183995 459241341493 460284176720 430850875740 463521189312 404802364653 472248009222 357055445187 344680710837 380694638819 554536393854 642146843679 511962658504 744993671549 667854054860 527367171628 581221384976 646522294519 851830678460 1018607657957 935665496657 745658029428 1162268892304 1041989797921 1015801564676 831023792994 927396372405 1018868476570 1514678580632 831561680408 912818931004 1502633550690 1099074468520 1205539208192 660990999226 1449307439580 794250149500 1305473093490 953431714580 1044231662390 1715104816965 1251693506240 1369914781872 1498948823562 1639753816646 1793369635054 1960925760860 2143647548674 2342865384746 1280011042268 1398341745571 1527273599625 1667727404093 1820701100652 1987276856363 2168627105469 2366022741845 2580840212973 2814570987591 3068829878530 3345365983698 3646072432125 3972999029388
3 4 5 6 7 8 9 10 11 12 13 14 15 18 21 23 25 39
4 5 13 4 12 4 9 5 4 2 3 1 1 1 1 1 1 1
4 5 18 10 46 20 83 54 74 44 114 42 77 176 297 490 792 17977
