11 12 13 23 24 25 35 36 37 47 48 49
515 663 350 10356 14926 5055 22342 26320 8136 5502 4774 1053
2338 2938 1499 102603 129471 37945 67444 74844 21774 6408 5272 1089
81299 148048 57466 653799508612 18021086764957 3699059958070 45364640872865 43229431842380 13261479933116 890630812 172311489 9965799
11 12 13 23 24 25 35 36 37
34 46 16 219 257 84 67 57 10
67 87 28 355 413 119 70 59 10
1112 1019 463 647566 1189336 209501 22396 1986 202
3 4 5 6 7 8 9 10 11 12 13 14 15 16 17 18 19 20 21 22 23 24 25 26 27 28 29 30 31 32 33 34 35 36 37 38 39 40 41 42 43 44 45 46 47 48 49 50 51 52 53 54 55 56 57 58 59 60 61 62 63 64 65 66 67 68 69 70 71 72 73 74 75 76 77 78 79 80 81 82 83 84 85 86 87 88 89 90 91 92 93 94 95 96 97 98 99 100 101 102 103 104 105 106 107 108 109 110 111 112 113 114 115 116 117 118 119 120 121 122 123 124 125 126 127 128 129 130 131 132 133 134 135 136 137 138 139 140 141 142 143 144 145 146 147 148 149 150 151 152 153 154 155 156 157 158 159 160 161 162 163 164 165 166 167 168 169 170 171 172 173 174 175 176 177 178 179 180 181 182 183 184 185 186 187 188 189 190 191 193 194 195 196 197 198 200
334 1588 3976 7342 11735 14443 16453 16398 16395 15976 15446 14277 13941 13009 12482 11866 11170 10388 10496 9704 9529 8905 8660 8184 7902 7495 7307 6919 6662 6487 6160 5692 5656 5400 5263 4919 4793 4558 4400 4300 4124 3832 3715 3653 3480 3261 3182 3034 2947 2669 2697 2556 2445 2441 2229 2136 1983 2074 2004 1813 1786 1655 1623 1450 1569 1461 1319 1328 1265 1172 1119 1153 1089 975 951 884 855 809 839 766 722 729 679 652 612 620 573 576 551 517 478 420 471 397 425 388 404 332 294 331 316 324 289 284 238 221 255 214 236 194 191 179 158 193 164 183 160 156 128 114 121 121 119 118 92 87 72 82 70 94 94 65 77 42 48 69 53 69 51 49 24 33 40 40 46 40 31 19 28 30 27 31 28 25 15 14 17 14 12 16 9 9 7 6 13 6 7 10 4 7 8 5 5 6 6 2 5 3 5 6 8 6 1 3 4 6 4 5 5 2 2 2 1 1 1 1
334 1645 5320 13705 32243 59263 104180 160276 246179 357459 512913 686312 965726 1249734 1671575 2138215 2720939 3334791 4438205 5367049 6972777 8303159 10429480 12465744 15149833 18226683 22566872 26781287 31985926 37996998 44848910 50187335 61864214 71753486 86297122 95820330 115499953 130783732 150451898 177309243 210615620 230644933 264092941 313179812 348360787 377200145 446883471 503564891 595236005 606781209 731510343 811076420 905445123 1050647840 1144116466 1298919502 1363140040 1666681656 1858585094 1922416772 2278325079 2446088709 2750114756 2788892671 3658975028 3836550829 3899173380 4632219213 4797825811 5304095642 5748677647 7014032357 7525711769 7497244518 8276032883 8879454417 9833557648 10665579632 12832566695 13138999538 14143218382 16118455093 17026942348 18871866249 19655270395 23474063271 24453380647 27282381858 29736214341 31258048528 32947807092 32242034622 40944845499 37512345276 46761555397 48460373343 57372454414 51685150010 50143005711 65693266801 69328025476 79996424158 81917845641 91702422812 82444061688 85362939726 110681684886 101061720404 128220371850 120747553043 129644742133 133914097603 134164997684 190724586164 168483474383 222985783689 209352068266 228404902984 219127748130 203210788088 251394808775 261458267383 296586503460 332770855266 281323551064 302544379402 255376325996 344013157604 315560491782 478592878060 533620235775 392756770714 512554584619 291436437548 396846963907 614678985384 516933885986 777557945980 613937948998 681468839753 359704410230 549824048622 714911764432 837153772111 1060458395820 991775720837 893929276643 647250306672 948554535213 1097064174000 1121416303216 1433983706762 1364056797030 1574208878500 936682054464 938325259561 1233290468603 1078926130747 1026728471990 1510360511074 1173681704976 988385253116 874132823829 818138701701 1941109823280 987927826650 1257563668757 1949015018359 892504618355 1664135706349 2100830168980 1427075455486 1565145405370 2078467078524 2243557589080 870315395660 2258904808070 1475547545775 2709750704895 3538499928860 5243216576224 4238778387306 819876908323 2536438634173 3670517333011 6156859964301 4386904015384 5965741811760 6636716617946 3054547199250 3335454808186 3641402201304 1987276856363 2168627105469 2366022741845 2814570987591
3 4 5 6 7 8 9 10 11 12 13 14 15 16 17 18 19 20 21 22 23 24 25 26 27 28 29 30 31 32 33 34 35 37 38 39 41 42 43 45 46 47 48 49 50 53 55
15 14 60 50 87 97 115 78 118 66 91 43 64 27 39 27 29 14 19 14 18 6 15 15 14 5 9 3 3 2 7 4 4 4 2 6 7 2 4 3 1 1 1 1 2 1 1
15 14 101 109 296 412 861 849 1989 1601 3310 2005 4245 2620 4916 5005 6756 4899 7296 6266 11965 5084 16159 18376 23180 10536 21032 10076 11026 6728 41176 24892 34862 47127 25026 102129 197605 62370 143199 150931 63261 63261 89134 105558 249508 204226 281589
