13 14 25 26 37 38 49 50 61 62
103 298 1286 1697 4658 5166 5336 5908 2798 3076
679 1983 15188 18064 14796 16057 8717 9483 2979 3260
6895 27883 5989068855 9543146309 18171377603 26366612955 9470549186 12407210101 379301424 327961986




3 4 5 6 7 8 9 10 11 12 13 14 15 16 17 18 19 20 21 22 23 24 25 26 27 28 29 30 31 32 33 34 35 36 37 38 39 40 41 42 43 44 45 46 47 48 49 50 51 52 53 54 55 56 57 58 59 60 61 62 63 64 65 66 67 68 69 70 71 72 73 74 75 76 77 78 79 80 81 82 83 84 85 86 87 88 89 90 91 92 93 94 95 96 97 98 99 100 101 102 103 104 105 106 107 108 109 110 111 112 113 114 115 116 117 118 119 120 121 125 126 127 129
356 1410 2727 4376 4648 5371 4824 4720 3865 4232 3499 3465 2880 3036 2609 2646 2194 2236 1963 2053 1619 1761 1530 1542 1304 1380 1201 1161 915 990 944 924 718 754 619 686 568 601 547 541 430 417 406 396 355 352 334 351 321 291 289 265 239 210 203 175 148 139 145 151 120 116 111 112 109 120 117 114 98 108 98 94 74 64 53 54 53 48 40 40 33 37 32 26 17 16 14 18 24 19 17 16 16 18 12 10 9 4 7 7 10 8 7 3 1 2 3 4 4 7 4 8 3 2 1 1 3 1 2 1 1 2 1
356 1594 4058 9073 14653 26088 36603 55584 68249 109369 128175 182852 208416 302387 343843 473950 522820 702810 797383 1102191 1141326 1554010 1754396 2229772 2341383 3083289 3299563 4078737 3940974 5227833 6015505 7685008 6925950 8887731 8718549 12006029 11549368 15374939 16017715 20328455 19814418 22892084 25474993 30217634 31295171 37515452 41930358 52725591 60823281 63279760 72422224 79949002 86790585 87705851 98870752 98706443 95556884 98988788 130753363 150314765 144981228 160948047 162297776 190139305 225131414 276824308 313214759 350632079 353586683 429166012 443984353 484488861 453103970 426219402 387802819 473748118 587132439 640417646 642360974 711843989 723714478 952076611 816718837 775043962 609103253 510399153 545609909 809281696 1138714583 1046920006 1092853972 1222421692 1263501286 1655879127 1172727731 1195908533 1154217270 635921398 1167650676 1559076577 2201473836 2382478840 1688857653 1236310466 304801365 684651418 1152829008 2062000839 1934011376 3793623680 2428654984 5439225624 2283006468 1702753256 952050665 1064144451 3566724744 1327710076 2964148286 2291320912 2552338241 5683881000 3519222692



