5 16 17 28 29 40 41 52 53 64 65
44 74 534 990 5384 2480 13411 482 2248 29 65
2121 735 9484 6232 31184 5055 26523 627 2909 29 65
27224 13669 557877 2728514374 26155849602 7188513510 30573389318 73845914 275147051 86 98




3 4 5 6 7 8 9 10 11 12 13 14 15 16 17 18 19 20 21 22 23 24 25 26 27 28 29 30 31 32 33 34 35 36 37 38 39 40 41 42 43 44 45 46 47 48 49 50 51 52 53 54 55 56 57 58 59 60 61 62 63 64 65 66 67 68 69 70 71 72 73 74 75 76 77 78 79 80 81 82 83 84 85 86 87 88 89 90 91 92 93 94 95 96 97 98 99 100 101 102 103 104 105 106 107 108 109 111 112 115 116 119 120 123 124
280 1241 2719 3940 4617 5603 5288 4714 4342 4461 3563 2898 2773 2892 2475 2062 1994 1978 1725 1539 1355 1450 1258 1115 992 999 971 881 858 851 761 714 659 664 609 504 463 474 429 366 385 392 368 341 371 348 354 311 304 290 293 257 263 249 192 153 154 177 129 123 128 109 109 102 102 100 90 86 92 103 81 73 65 54 49 34 33 34 28 25 24 27 23 20 27 28 15 14 12 9 14 9 8 45 41 41 42 37 36 32 1 7 3 1 7 4 1 1 1 1 1 1 1 1 1
280 1402 4033 8465 14793 27287 39363 53927 75305 113354 133545 158063 204296 301886 344365 386079 488778 664451 741344 848039 966834 1331477 1396415 1562873 1799732 2307825 2827012 3197024 3773113 4727930 5068078 5820349 6673559 8463541 9214869 9159473 9724341 12481606 13621127 13603801 17250940 20514814 23337465 26546843 32731607 36358177 43199290 44170229 51887926 59333080 72973810 69182732 84403484 90958267 87398469 84984018 97026559 126686482 115401900 126162607 143021535 147583666 168941555 179459502 221906881 238344994 245536680 299261373 340627851 456790809 417563138 408915465 454834743 459771962 463970270 384473424 389151622 455620395 441585047 400127888 407026592 530813693 528108893 529959760 822571464 1165001563 751655611 633342175 552523673 488183618 803044859 675323205 635961367 3797620099 3860149611 4371396200 5051989302 5017425462 5523396620 5546522397 190569292 1501367882 697011884 482530758 2371306090 2171133899 684651418 483502844 541946240 761002156 851376628 1188908248 1327710076 1844349560 2056148051



