1 2 4 5 12 13 14 15 16 17 24 25 26 27 28 29 36 37 38 39 40 41 48 49 50 51 52 53 60
3 10 25 6 91 128 131 156 195 43 929 1282 1427 1638 1817 351 2646 2876 2952 2952 2828 450 1749 1744 1621 1464 1260 162 7
9 217 221 49 300 452 385 401 572 119 4965 5603 6118 6027 6084 1167 4958 5108 5012 4735 4423 676 2060 1981 1820 1657 1436 188 7
55 2762 2101 466 1769 3086 2629 2388 4976 944 1183860982 851327777 2210355523 3324524362 1556936000 218954893 1208492973 939885458 887685408 730040548 568789274 68450396 19507815 13447921 8253084 4891440 2565978 298574 7




3 4 5 6 7 8 9 10 11 12 13 14 15 16 17 18 19 20 21 22 23 24 25 26 27 28 29 30 31 32 33 34 35 36 37 38 39 40 41 42 43 44 45 46 47 48 49 50 51 52 53 54 55 56 57 58 59 60 61 62 63 64 65 66 67 68 69 70 71 72 73 74 75 76 77 78 79 80 81 82 83 84 85 86 87 88 89 90 91 92 93 94 95 96 97 99 100 101 103 104 116 119
539 1736 2966 3814 3986 3998 3489 3218 2874 2670 2363 2306 1984 2012 1812 1661 1570 1606 1325 1294 1294 1166 1067 1094 928 902 888 827 728 740 621 627 596 549 480 527 478 426 402 381 353 342 274 286 273 245 216 226 194 185 167 158 141 145 108 119 109 82 75 108 72 70 78 64 58 67 30 55 67 31 34 52 25 31 36 23 28 32 10 16 23 6 13 13 8 12 10 2 3 7 2 1 3 4 3 1 3 2 1 2 1 1
539 1970 4481 8186 13280 21388 27701 40081 53491 69202 87496 122577 140012 196192 241626 283625 364243 495202 515959 656273 862853 971907 1155713 1505279 1554102 1970449 2452202 2741470 3094030 3875468 3910738 4815331 5742504 6209042 6782320 9049590 9670639 10769219 12136007 12946600 15433941 17679795 16848901 21762588 24375841 25706093 27037262 33277142 33620958 40222641 42155896 46783850 51845728 61733440 52265909 69582541 72058976 63316021 70900326 112117838 88758268 100500599 122373858 107831808 120638472 146842567 75845986 183772759 243399910 134352872 176746465 294044503 155697652 241599197 300951280 224501216 387868947 446568774 136512162 331613955 489309894 132995361 385596651 427118384 292882392 541744291 468892775 107413597 233326038 382303952 199983700 113268346 209179973 454155582 338700251 118114304 487573842 416659996 338459750 595619710 851376628 1188908248



