2 13 14 25 26 37 38 49 50
87 871 1469 9974 18815 18490 33513 6081 10699
8798 17749 22030 171024 294400 80145 140147 12741 21676
536854 1526188 1734546 77026803508748 579880432506843 132161495622648 180410789848576 366711495878 450978552692
2 13 14 25 26 37 38
20 126 187 177 286 13 15
483 901 1067 321 497 18 19
7507 52976 60463 224722 82025 10606 294
3 4 5 6 7 8 9 10 11 12 13 14 15 16 17 18 19 20 21 22 23 24 25 26 27 28 29 30 31 32 33 34 35 36 37 38 39 40 41 42 43 44 45 46 47 48 49 50 51 52 53 54 55 56 57 58 59 60 61 62 63 64 65 66 67 68 69 70 71 72 73 74 75 76 77 78 79 80 81 82 83 84 85 86 87 88 89 90 91 92 93 94 95 96 97 98 99 100 101 102 103 104 105 106 107 108 109 110 111 112 113 114 115 116 117 118 119 120 121 122 123 124 125 126 127 128 129 130 131 132 133 134 135 136 137 138 139 140 141 142 143 144 145 146 147 148 149 150 151 152 153 154 155 156 157 158 159 160 161 162 163 164 165 166 167 168 169 170 171 172 173 174 175 176 177 178 179 180 181 182 183 184 185 186 187 188 189 190 191 192 193 194 195 196 197 198 199 200 201 202 203 204 205 206 207 208 209 210 212 213 215 216 217 218 219 220 223 238 241
631 2690 6690 11603 18942 24043 28347 28900 30687 28869 28071 25967 24909 22380 21332 18776 18371 17122 16495 15188 15107 13793 13548 12721 12392 11705 11634 10632 10743 10096 9914 9038 8928 8393 8603 7839 7866 7221 7263 6639 6582 6192 6137 5752 5797 5345 5308 4942 4901 4652 4638 4169 4172 3940 4029 3596 3634 3422 3421 3110 3157 3001 3039 2742 2756 2612 2548 2324 2323 2225 2238 1988 2116 1924 1862 1658 1693 1571 1605 1501 1493 1385 1356 1266 1285 1204 1213 1026 1109 1065 1032 942 946 904 870 817 791 782 776 673 701 590 632 564 570 528 521 448 498 427 447 387 405 367 374 350 356 299 332 304 289 263 260 220 251 231 227 215 214 198 175 172 184 176 164 126 126 111 122 119 114 102 92 84 88 92 68 67 63 47 76 75 70 63 50 54 64 50 55 40 45 45 55 43 27 20 35 26 26 34 18 19 16 12 23 16 11 11 17 7 13 9 8 9 4 11 15 7 16 8 6 8 6 9 7 4 7 2 5 5 3 5 3 2 6 3 4 1 2 3 3 1 1 1 1 1 1 1 1
631 2829 9657 22689 54105 100539 186422 281193 469465 658044 965931 1299161 1837482 2242950 3013058 3624960 4734070 5820266 7580538 8669294 11546270 13467599 16752141 20278322 25512696 28966637 37417904 42899923 52802536 61629567 77395489 82501523 103696627 119283121 145996701 161701236 204533328 214106999 267218857 296305437 350031673 391469517 480979332 506122628 633916573 689138614 799349392 884677957 1074837529 1108620205 1379308921 1468350189 1660010674 1825953891 2265391277 2252422345 2744397792 3024886163 3409926556 3645585817 4453142209 4585922461 5670183273 5815980454 6694188898 7245067619 8339341044 8287316609 10101427680 11046158030 12355041053 12830536165 16205892003 15419249888 18165650438 18743908931 21352868498 22728581854 27127060230 27065902374 33283669846 33372529835 37154385493 38647746162 47213662116 47035712085 55668990199 52497851281 64494582365 68999725069 78765351450 77949468125 89452480601 95954808545 101200719041 110250088226 124142514401 129482700140 150020550674 151924501707 167131521453 157368487561 204179793747 182876956111 224052943900 230318058836 254403376122 235617850017 321759330908 286390498269 350358564439 318382494361 393001316004 379288005229 446543073069 458272228461 532848783945 470943745165 610940721146 592783476467 664788941425 644787403272 715942996779 660316150578 867106841159 868098646831 925312316265 998508695747 1115089812121 1087679470363 1071142297005 1215183167088 1457618691526 1503710937869 1639275259141 1284236054359 1390950366347 1478141383977 1731172502046 1943324848651 2120957392859 2029717060473 1832435332385 1923427289377 2447482907507 2585963898138 2124639091299 2268963137109 2286710358621 1894276309885 3672989224817 3591389510143 3880626639893 3908284881377 3283084130376 3945359874332 5563475373571 4641859760972 5370912861195 4417534895329 5386503968939 5906658094263 7953608311266 7150983293826 4587035699133 3892529697950 7289741798031 5623820187850 6304690401511 9211263270385 5110288269662 6204606686368 6144138831220 5447084795218 10130807365715 8132664610400 5989515347470 6288106092580 10019372341625 4844338582565 9624143848064 6978607951050 7846756600520 7532507993315 3670517333011 13294182809032 17647224979572 8417185546401 24105175090551 12218188797000 9444549206686 14259661412098 13411210727408 18429542454585 15772576647411 14625771393326 19234535363901 5883400866121 18689515376348 17628949263771 11592070490901 28877087093493 13371294203377 10268410575946 37307086104377 18255761577780 26491950832160 7206841706490 17057162604750 27078786453085 32891121615777 11916681236278 12950095925895 14070545699287 15285151248481 16601598107914 21248279009367 71304185514919 90436839668817
3 4 5 6 7 8 9 10 11 12 13 14 15 16 17 18 19 20 21 22 23 24 25 26 27 28 29 31 32 33 34 36 38 51
15 19 85 112 188 281 344 413 372 328 261 184 201 118 93 69 49 39 29 26 27 12 9 1 12 1 3 4 2 3 3 1 1 1
15 19 130 204 516 994 2118 3652 5693 6998 9282 9326 14482 12651 12460 12726 12828 11949 14426 15192 18743 8171 8419 792 15193 2510 8736 13456 9738 18160 19288 10143 12310 147273
