1 2 3 4 5 6 7 9 10 11 12 13 14 15 16 17 18 19 21 22 23 24 25 26 27 28 29 30 31 33 34 35 36 37 38 39 40 41 42 43 45 46 47 48 49
1 7 11 12 13 23 26 15 43 95 98 110 122 142 154 195 214 166 224 945 1399 1952 2444 3088 3633 4120 4564 4951 3347 2179 6654 6982 7156 7161 7201 7074 6600 6086 5248 2878 631 1243 578 191 17
4 26 34 28 28 35 70 33 88 210 181 211 199 268 294 375 401 324 575 2683 4404 6444 8337 10603 12574 14137 15407 16365 10625 6066 17714 17413 16706 15654 14434 13030 11274 9615 7668 3928 729 1381 592 191 17
40 253 198 148 237 235 654 349 824 2689 2420 2698 5871 7396 28818 222311 128862 35282 123279 2724623 26217326 393082453 7464118848 56728386487 272860666027 1249985196051 3445249688952 12635766978297 6759535000355 14218707215443 58793339353820 118733662532154 84731855722541 68422356332351 41209149098192 27533290946108 11605401071788 4701641397573 1447927901804 266519064739 1166285956 757628235 36253870 468751 128
5 11 12 13 14 15 16 17 18 19 21 22 23 24 25 26 27 28 29 30 31 33 34 35 36 37 38 40
1 1 1 2 2 3 3 4 12 6 2 10 13 10 16 19 20 23 27 20 11 4 10 8 3 1 2 1
1 2 1 2 2 3 3 6 17 7 2 12 17 13 21 27 27 27 30 23 13 4 10 8 3 1 2 1
1 8 5 6 3 10 9 5873 49622 4315 1005 1067 1959 1026 1790 4131 8542 7201 3833 1334 140 435 539 1511 42 231 32 2
3 4 5 6 7 8 9 10 11 12 13 14 15 16 17 18 19 20 21 22 23 24 25 26 27 28 29 30 31 32 33 34 35 36 37 38 39 40 41 42 43 44 45 46 47 48 49 50 51 52 53 54 55 56 57 58 59 60 61 62 63 64 65 66 67 68 69 70 71 72 73 74 75 76 77 78 79 80 81 82 83 84 85 86 87 88 89 90 91 92 93 94 95 96 97 98 99 100 101 102 103 104 105 106 107 108 109 110 111 112 113 114 115 116 117 118 119 120 121 122 123 124 125 126 127 128 129 130 131 132 133 134 135 136 137 138 139 140 141 142 143 144 145 146 147 148 149 150 151 152 153 154 155 156 157 158 159 160 161 162 163 164 165 166 167 168 169 170 171 172 173 174 175 176 177 178 179 180 181 182 183 184 185 186 187 188 189 190 191 192 193 194 195 196 197 198 199 200 201 202 203 204 206 207 208 209 210 211 212 213 214 215 216 217 218 219 220 221 222 223
477 1669 3589 5212 6974 7470 8182 7747 7879 7375 7425 6652 6642 6151 6053 5275 5280 4934 5100 4672 4798 4274 4416 3953 3999 3693 3769 3501 3599 3371 3317 2995 3050 2743 2617 2414 2508 2372 2450 2190 2225 2070 2077 1911 1941 1786 1835 1675 1800 1580 1576 1463 1452 1222 1289 1175 1237 1154 1141 1037 1100 999 1008 930 943 866 896 886 849 750 777 698 666 624 638 561 601 554 557 517 522 477 491 459 445 426 455 408 379 366 373 312 341 291 296 299 319 276 286 244 252 235 237 199 196 208 206 165 187 176 159 163 148 136 158 148 138 124 122 110 117 114 99 90 110 93 78 88 87 75 82 66 66 70 67 54 58 48 57 52 60 44 41 46 44 33 37 38 30 34 28 33 29 28 26 26 26 26 28 27 17 14 17 15 7 12 13 10 13 15 15 10 11 10 12 10 11 10 10 7 7 6 6 2 5 5 4 5 5 2 2 2 2 3 3 3 2 2 2 2 2 2 2 2 2 2 1 1 1 1 1 1 1 1 1 1 1 1 1 1
477 1754 5235 10623 21654 34716 59162 84152 130959 178004 264702 332456 473936 595637 815542 941622 1268775 1528751 2122582 2475785 3344512 3759690 5019481 5659743 7381297 8456157 10790633 12425163 15970437 18364407 22322883 24585139 30712893 33504125 39783339 43200049 54637961 62165668 78212226 82733622 101356664 111280852 136268677 147955740 180868412 191540634 236922811 252513605 324641958 328742504 395144484 421425784 501555577 494792596 606969402 630942694 790821106 852176399 990251626 1007124809 1264559912 1330933100 1583803740 1659573982 1959216554 2036253750 2458102151 2778864126 3098847718 3115903843 3718862186 3819843452 4303464930 4399608430 5208823183 5188553350 6468071980 6746557437 7667935900 8039339331 9426599786 9835523679 11425941200 12079228847 13561016315 14473236668 17707042898 17757612598 18689006100 20092039348 23701810318 22325383756 27437272364 26617042871 30518161025 34255033197 42306558622 40509264116 47891704652 45827621323 54798541696 54543410506 61911715814 57245026936 62530976199 74904930733 84266605744 74923847032 95080584360 101745264618 104701759315 119320468670 120805611442 123545162796 157620516825 167846474781 172001756550 170815510600 187916045099 190285362938 222786253267 239116400453 231846722188 233458289974 321634353809 306193580326 287718832188 361814492120 400384685494 391372608110 463160870920 421682044806 452790296207 527489584158 551666706390 494770405304 573298105262 528619267716 707386933746 703070518230 901153599312 747601029477 753055683379 959802106603 1018257191724 856192174045 1016744734485 1202715818378 1021005228641 1294766309670 1158122994996 1509803632066 1425829358884 1571933419078 1562594135088 1794307501729 1916619026535 2176281082422 2556982781631 2716376781306 1933795289833 1632785140056 2138007361569 2090444573778 1041954409605 2006796303220 2393572604231 2041793005974 2885404275167 3623178722541 3975551104860 2933999465726 3548118403048 3527774518104 4661106252435 4237479109060 5119199951810 5084958390235 5568258733170 4218491829445 4735591098736 4432329449841 4848858953396 1716561725850 4818536339247 5267757977778 4685730769492 6400055211340 6991708727855 3054547199250 3335454808186 3641402201304 3974553712726 6505881316407 7098068225535 7742520638919 5629141975182 6137659757060 6690731967396 7292144864250 7945998058776 8656727317294 10268410575946 11180176634990 12170507718520 13245975416080 7206841706490 7840656226137 8528581302375 9275102575355 10085065885767 10963707205259 11916681236278 12950095925895 14070545699287 15285151248481 16601598107914 18028182516671 19573856161145 21248279009367
3 4 5 6 7 8 9 10 11 12 13 14 15 16 17 18 19 20 21 22 23 24 25 26 27 28 29 30 31 32 33 39 41
4 9 29 17 34 16 27 11 21 9 20 9 13 3 10 6 9 4 6 1 5 1 4 4 3 1 2 1 1 1 2 1 1
4 9 42 31 101 67 188 99 342 204 667 342 861 210 1107 749 1890 869 2123 385 3004 627 3798 4514 4085 1255 5586 3010 3718 3718 10169 14883 26015
