8 20 32 44 56 68
1218 3203 25086 44447 21467 4576
131339 381611 530936 228739 55216 5098
10559684 15448152777 4174098331334074 1471366640262114 82786057682439 283142430
8 20 32 44
189 636 620 97
13509 5940 1189 122
935221 14569375 1898124 26679
3 4 5 6 7 8 9 10 11 12 13 14 15 16 17 18 19 20 21 22 23 24 25 26 27 28 29 30 31 32 33 34 35 36 37 38 39 40 41 42 43 44 45 46 47 48 49 50 51 52 53 54 55 56 57 58 59 60 61 62 63 64 65 66 67 68 69 70 71 72 73 74 75 76 77 78 79 80 81 82 83 84 85 86 87 88 89 90 91 92 93 94 95 96 97 98 99 100 101 102 103 104 105 106 107 108 109 110 111 112 113 114 115 116 117 118 119 120 121 122 123 124 125 126 127 128 129 130 131 132 133 134 135 136 137 138 139 140 141 142 143 144 145 146 147 148 149 150 151 152 153 154 155 156 157 158 159 160 161 162 163 164 165 166 167 168 169 170 171 172 173 174 175 176 177 178 179 180 181 182 183 184 185 186 187 188 189 190 191 192 193 194 195 196 197 198 199 200 201 202 203 204 205 206 207 208 209 210 211 212 213 214 215 216 217 218 219 220 221 222 223 224 227 228 229 230 231 232 233 234 236 237 239 240 241 244 245 247 248 252 255
469 2295 7344 13832 25292 34971 51481 58934 64519 64799 67593 58684 57035 49447 45496 39950 37636 32018 31328 27959 27470 23803 24159 21858 21476 19048 18994 17282 17509 15339 15553 14368 13982 12649 12886 11494 11620 10411 10514 9737 9724 8870 8829 8067 8119 7250 7323 6608 6814 6111 6122 5670 5527 4953 5072 4661 4657 4224 4446 3905 4026 3538 3608 3358 3318 3019 3044 2921 2891 2588 2644 2439 2555 2380 2416 2221 2303 2001 1972 1965 1809 1782 1872 1689 1684 1549 1604 1401 1348 1294 1295 1184 1208 1073 1058 1093 1087 997 949 903 882 761 782 760 783 659 720 698 741 616 598 603 560 508 539 471 521 454 415 440 396 366 412 343 366 302 309 321 324 282 316 263 287 235 247 220 217 214 257 263 247 235 180 156 153 158 146 125 118 134 116 120 123 74 103 77 94 103 79 80 68 69 74 80 77 46 75 68 45 41 57 50 56 31 29 48 37 25 30 26 18 21 24 20 20 25 28 24 23 24 20 24 13 16 22 11 19 13 11 9 14 10 11 12 8 10 5 8 7 6 2 11 4 4 3 5 5 6 2 5 1 1 2 1 3 1 2 1 1 4 1 3 1 5 3 1 2 2 1 2 2
469 2398 9980 24651 65740 128081 292859 479939 845849 1257239 2067704 2609577 3968913 4838971 6581519 7895722 10339190 11585176 15345536 17138427 22661222 24748384 33353587 37037761 48066131 52425319 67099196 73428423 97512807 102247216 132584115 146036277 178014678 193143763 246375364 252517499 324694221 341777732 430111529 459786776 573379645 601606202 723829223 766219819 943574269 987905921 1232407019 1277559509 1591282973 1628026062 1978788384 2023955011 2454052699 2502287172 3132478236 3209811809 3842104284 3914486520 4845065414 4759253078 5810322013 5900817171 7203163750 7433521205 8699853066 8862762623 10388999384 10983696227 12927511459 12815942675 15642885449 15725725790 19486595028 20230154952 23365012327 23587151483 28936774204 28226493171 32958018510 35995556773 39072821326 42021730151 51978675716 50630699313 58603357683 63123609635 74586675497 71946574484 84086514322 84996957800 99117229473 98967354711 116551025691 118521387661 132571924460 145238148174 166066044565 177756121492 187816612754 197487558571 222604337236 204415555264 248059190259 270325633498 306983533159 283860985059 363221111221 363615593030 461773215943 428529951531 444617091576 501667798045 554220703093 539415519308 653171280620 610695981861 765452307819 751083955173 815838399886 843722518052 911754029748 942608492116 1169260608732 1048394944081 1281641341581 1141358404945 1322408480116 1477356728451 1764166729011 1636805716568 1967735021725 1782391873218 2230626953630 2026869040133 2314733502343 2310409038682 2637141470080 2758164383863 3597169496823 4014416092467 4117049311093 4385540573003 4004993694133 3573710442281 4046114534839 4328160850379 4355192424211 4180802555237 4422466102757 5578360106697 5882311226955 5997006578238 7134330715548 4607642450281 7177506253010 5661092344480 9290905887917 9451904622142 8136662358804 8467626967415 8593072399038 9010515170656 10783069823405 12786810626741 14852159138988 8970057158120 15643305068744 14971106890198 11688558565251 11047408065150 16669053324682 16252222756668 18061161187446 11447484612023 12670376718054 20697612931930 19406864270420 14104843333730 19391199216540 16603241580455 13674777555864 15843266850732 23808697688941 18292725803639 23087344941399 30875660715412 34919888611059 31023070907645 37260277623140 35752043412622 32511825255052 43834816854151 24501993087031 33609932192868 55597447091357 29681177728908 58648330882350 41183806062847 38485175173368 31912532543844 57306499259979 46190541728081 58972150154463 63807199930419 43353057451394 58376710883775 31501736993860 57070879653470 53616964543665 65476950114048 18550205150710 104456018260141 42976187501544 47666724945112 38850287777685 70352728496435 76425756242405 99609588647484 36056365033342 97869280805725 21248279009367 23061871173849 58909099883500 31946390696157 103929378967557 37561133582570 81436127254724 44132934884255 47826239745920 207280207354848 60806135438329 197554757910825 77195892663512 417805519629355 271310519006451 114540884553038 247776886154518 289735384992890 156618412527946 427273839641250 538465402505158
3 4 5 6 7 8 9 10 11 12 13 14 15 16 17 18 19 20 21 22 23 24 25 26 27 28 29 30 31 32 33 34 35 36 37 38 39 40 41 42 43 44 45 47 48 49 51 52 53 55 56 61 69
5 30 190 352 753 1127 1442 2420 1870 2285 2035 2065 1403 1242 862 669 412 317 244 172 112 95 113 59 46 46 67 37 35 28 21 24 38 20 28 7 7 19 11 6 11 7 6 3 3 1 1 4 3 1 1 2 3
5 30 259 529 1902 3533 7671 19021 24142 43526 62214 94928 104677 133942 144287 167369 151653 159115 153248 124637 91354 92164 115783 100342 73940 111814 194352 156727 119767 133136 133431 236141 413385 256801 435877 149869 103861 444375 426121 179702 549583 277270 310453 179696 201697 105558 124754 570306 581977 281589 479886 1430440 6970560
