20 32 44 56 68
3422 24458 45574 21568 4972
991964 556133 239755 56773 5665
58877645662 4161492207777072 1373107493129801 99852230971159 541095531
20 32 44
710 683 125
8455 1332 153
6312680 914555 188508
3 4 5 6 7 8 9 10 11 12 13 14 15 16 17 18 19 20 21 22 23 24 25 26 27 28 29 30 31 32 33 34 35 36 37 38 39 40 41 42 43 44 45 46 47 48 49 50 51 52 53 54 55 56 57 58 59 60 61 62 63 64 65 66 67 68 69 70 71 72 73 74 75 76 77 78 79 80 81 82 83 84 85 86 87 88 89 90 91 92 93 94 95 96 97 98 99 100 101 102 103 104 105 106 107 108 109 110 111 112 113 114 115 116 117 118 119 120 121 122 123 124 125 126 127 128 129 130 131 132 133 134 135 136 137 138 139 140 141 142 143 144 145 146 147 148 149 150 151 152 153 154 155 156 157 158 159 160 161 162 163 164 165 166 167 168 169 170 171 172 173 174 175 176 177 178 179 180 181 182 183 184 185 186 187 188 189 190 191 192 193 194 195 196 197 198 199 200 201 202 203 204 205 206 207 208 209 210 211 212 213 214 215 216 217 218 219 220 221 222 223 224 225 226 227 228 229 230 231 232 233 235 236 238 239 240 241 243 244 246 247 250
428 2091 6203 13151 23378 32096 46737 74501 85850 82241 84135 76429 76244 66010 66486 59275 58383 51399 52374 46125 46592 40975 40857 36548 36627 32121 32766 29435 29181 25841 26032 23456 23741 20776 20695 19185 18950 16604 16613 15089 15032 13377 13242 12088 11978 10669 10503 9543 9680 8402 8619 7650 7760 6695 6746 6051 6198 5424 5350 4900 5022 4352 4437 3943 4097 3543 3578 3166 3360 2922 2935 2621 2733 2414 2488 2207 2322 2077 2157 2023 2168 1841 1937 1632 1717 1565 1633 1424 1552 1349 1353 1265 1408 1196 1210 1180 1061 1069 1029 911 998 860 919 810 849 734 768 690 726 639 703 614 604 577 580 536 543 441 490 433 414 409 396 383 380 346 346 333 330 252 283 307 271 261 265 239 255 233 202 211 181 165 186 166 155 159 178 183 188 150 112 106 123 85 86 77 83 64 83 64 64 63 53 73 70 50 73 51 43 63 51 41 52 36 36 38 40 35 30 25 19 22 34 20 20 23 24 28 24 14 26 20 19 22 18 15 26 16 15 13 12 15 18 8 13 14 8 6 7 13 5 10 16 5 7 2 3 16 6 2 6 2 2 3 2 1 2 2 4 3 2 3 2 3 3 2 4 1 1 1 1 1
428 2190 8349 23228 58975 115330 255553 521717 903914 1340365 2117365 2884637 4386380 5367483 7814694 9499782 13224400 15474837 21960767 24485144 34506261 38690688 50966013 56832740 76347569 81994857 108263964 121114129 154279152 169330485 216279820 231698792 300689345 319642726 393125001 438693742 550952259 570769000 706301851 756798640 919767660 970429111 1175150511 1241450015 1527645997 1592519953 1864784169 1978963635 2426624244 2390763155 3000807646 3058241045 3758766364 3782760905 4541615863 4524848727 5506726574 5597843485 6419136808 6693070875 8349792039 8096170979 9694430153 9693287806 11616669081 11131010487 13331014165 13097896183 16543278390 15723833396 18313455151 17390307426 21759097321 20267671749 25317315555 23833249330 30137265001 28910977243 35972102723 36074558260 47341777155 43695295281 53670710034 48500449007 62832224250 60777614480 74739394141 71877943592 95255693925 85468667742 103538622232 103735797978 132370168547 123068236447 148222459066 154060351925 166370394390 179287674520 198940683246 193269115342 258772016106 226758030087 293696517780 267316773819 334661377714 322980091587 371062580178 357422579446 449105047142 444756769854 560947647796 509054523864 579085904744 582652476369 702191711054 688878335796 817407832047 717760393761 942940089407 851080041172 1047869229076 975485626773 1114793205868 1195676906476 1383271060005 1350200805251 1513115030528 1526940053706 1728071655497 1477486763521 1867220482545 2138275545560 2064967299184 2203107171812 2622094874705 2416792525878 3155783608368 2896662585824 3027946916068 3214969964280 3244931130001 3141448414470 4035563453841 3875987419651 4006770722168 4286282468812 5184159283830 5910855512684 6781491398011 5960400474325 5309839542945 4977953691234 6882090713337 4883247449169 6053815165200 5971304835973 6691240086595 5736569570267 9670206919605 7182704762423 7186128250047 8198941571433 7139283595736 10953909457876 12368266687083 9689451520150 15465017937448 10991854465641 9837597679885 16157861300661 15086712382824 12442971562619 17738149225774 13702731714184 14067259898360 17803639539440 18411874396380 18546486197830 17302735891760 16332515843130 13048930802744 18091690086075 27896311279162 18369533712843 22190660123872 24353357175483 31305981615904 39005943054466 35861935877569 21252898540696 45835926238273 35190232440568 36758805736631 47520870187409 42190893185791 40004538580800 73422378144159 55002402109863 51590103002992 45895409375490 48379721409414 62793267104151 89270695764992 38975450294334 74614172208754 99487991273300 50832966269200 41489488243590 52349335504371 105368156320971 45628991603795 96800842305610 167511543408716 59583406181390 87550427412414 28141091398574 45855453745443 261676229148325 105315926282512 39147712322290 127489674056202 46123742347698 50051747520222 81457226776845 58909099883500 31946390696157 69286252645038 75122267165140 162872254509448 132398804652765 95652479491840 168414446012841 121612270876658 213912556544757 231587677990536 167122207851742 361747358675268 105882246722733 114540884553038 133978259344888 144867692496445 182973889854026
3 4 5 6 7 8 9 10 11 12 13 14 15 16 17 18 19 20 21 22 23 24 25 26 27 28 29 30 31 32 33 34 35 36 37 38 39 40 41 42 43 44 45 46 47 51 67
13 28 132 239 424 618 767 912 845 893 688 622 582 513 346 401 288 206 222 212 170 122 95 100 66 79 72 51 36 28 14 37 22 13 15 15 7 10 3 5 8 3 4 8 3 2 1
13 28 177 386 983 2202 3941 7546 10558 18059 19615 28019 37380 52073 45290 78929 67063 75125 97548 122980 119747 102494 120184 142165 113364 170171 199947 187823 189471 154764 106021 330065 189212 158084 181997 215168 128652 186270 107862 202670 261786 186256 243394 512388 201697 294546 1741630
