19 31 32 43 44 55 56 67 68
1335 23447 1704 42201 3928 20028 2115 4721 516
226988 522170 34531 230746 22881 53501 5676 5393 588
1268794958 5720209470844778 334127160497138 1512494795289346 222588237903587 102396062176017 8219531088610 708876772 73934892
19 31 32 43 44 55
243 672 55 141 10 1
3177 1363 97 166 14 1
2809207 2674756 66956 66088 155 11
3 4 5 6 7 8 9 10 11 12 13 14 15 16 17 18 19 20 21 22 23 24 25 26 27 28 29 30 31 32 33 34 35 36 37 38 39 40 41 42 43 44 45 46 47 48 49 50 51 52 53 54 55 56 57 58 59 60 61 62 63 64 65 66 67 68 69 70 71 72 73 74 75 76 77 78 79 80 81 82 83 84 85 86 87 88 89 90 91 92 93 94 95 96 97 98 99 100 101 102 103 104 105 106 107 108 109 110 111 112 113 114 115 116 117 118 119 120 121 122 123 124 125 126 127 128 129 130 131 132 133 134 135 136 137 138 139 140 141 142 143 144 145 146 147 148 149 150 151 152 153 154 155 156 157 158 159 160 161 162 163 164 165 166 167 168 169 170 171 172 173 174 175 176 177 178 179 180 181 182 183 184 185 186 187 188 189 190 191 192 193 194 195 196 197 198 199 200 201 202 203 204 205 206 207 208 209 210 211 212 213 214 215 216 217 218 219 220 221 222 223 224 225 226 227 228 230 231 232 234 235 236 237 238 239 240 242 243 244 245 246 249 250 252 256
395 2070 5970 11184 19630 26113 34580 39217 44238 44969 44384 41343 39981 37479 35303 33169 31502 28788 27406 25453 24721 22902 21955 20494 19888 18079 17363 16113 15982 14481 14255 13238 12861 11789 11566 10551 10515 9854 9640 8791 9043 8089 8112 7440 7301 6805 6809 6285 6256 5903 5829 5280 5447 4968 5037 4701 4615 4025 4172 3874 3909 3609 3529 3386 3441 3054 3057 2856 2938 2707 2761 2403 2403 2389 2275 2187 2142 1923 1944 1895 1846 1743 1819 1659 1617 1517 1410 1373 1428 1247 1306 1197 1159 1027 1089 998 1072 1018 988 995 992 804 788 801 789 733 659 645 664 642 608 577 631 509 528 492 494 484 498 446 379 360 321 327 361 337 335 341 299 299 265 209 256 296 213 241 262 208 205 200 193 186 145 164 160 155 151 152 148 120 170 180 174 121 107 92 86 90 76 86 87 49 84 75 63 80 63 52 51 78 46 65 42 36 39 49 40 33 40 33 29 22 20 23 20 24 21 21 16 25 22 20 18 23 16 18 15 13 15 11 10 15 11 13 7 6 8 11 4 7 4 4 4 3 4 3 2 4 4 15 2 6 3 1 2 5 3 2 2 1 1 3 4 1 1 5 5 1 3 1 2 3 1 6 1
395 2171 8205 20396 52360 98608 199642 326308 574202 858373 1311837 1792426 2590042 3407632 4657492 6023981 7848311 9712611 12483144 15205717 19494430 23218678 29013323 34828093 43192143 49090895 60601493 70313382 85690309 96442549 119110530 134548923 160927927 179632426 212227226 238556091 284109160 314519931 376073197 408004104 502315399 538727102 654019786 697671069 815804429 890053239 1042812319 1159601846 1367978911 1473655326 1791331680 1858644870 2253964254 2342213423 2844608131 2981328372 3568122394 3546767640 4365484189 4581653644 5464645988 5683475070 6670851789 7317352690 8374839554 8478939918 10250782398 10606019426 13331712722 13317634074 15737896568 15878620143 18089474923 20063387924 22872531862 24683749478 27508431910 27811505499 32227725962 35562644821 39010994455 41296811094 49248733994 50596434460 57785065968 59680537914 64746333228 70883452528 81504557750 80600133241 98407831123 101161930728 109284100683 106786113062 136248209382 133344095540 155539391147 167725953444 188406788379 211424577490 235006353040 218727231084 240536289293 265386628453 303540622993 311966398530 325434990380 351544478329 399063751051 413627133878 470493720015 482824013653 595814886659 509850379895 628195932028 650588110147 694571418395 730914302249 864342923687 852686461939 843716596891 906381546740 954573542429 955736524206 1256778147031 1238457798412 1433491290362 1594926014661 1463020633241 1565654771683 1631107191230 1353609729648 1944829087676 2575080138273 2081060713976 2459936522824 2991492287685 2501723740304 2817445586083 2930130843629 3283588444218 3447846798946 3113000567172 3764031715017 3976286506337 4129186716683 4567315968340 5124858404760 5731959318598 4694976336790 7618059684531 8767683254680 9282223182674 7023209436194 7197251700439 6674247982399 7027432294517 8468542861378 7447400105372 9528333419037 11563693361093 6284605562867 13311887744924 11737937800225 10191677431200 14841147448435 12887276131061 11475133821758 13654370466007 21147128213143 14051821301903 19230308620618 14688830199797 12649698333028 15485050456159 24800120416905 19617351766150 16768506092500 23237768647100 20412467246640 23471745015924 16103637010898 17801131443299 21495425527727 22609550438387 27045170087599 29062725149194 32823044542916 25385186132819 40076000503389 39867285644241 34884285047450 40067056426513 48971672180257 37461572596768 49683447019308 44809206719013 39132011748073 48244737019294 38603264511240 45387502171815 67476995392057 54643786495816 69780682022172 39130618222465 35521192072030 56380486279680 76939842777590 30728810384901 59700069116625 37100410301420 38720336922244 43854828821036 35750043708834 51800383703580 42211637097861 30570302496962 66406392431656 72112730066684 293607842417175 42496558018734 138371227043094 75077621280333 27152408925615 58909099883500 159731953480785 112683400747710 81436127254724 88265869768510 51820051838712 56138148670947 182418406314987 263406343881100 71304185514919 77195892663512 417805519629355 489314668517925 105882246722733 343622653659114 123888443077259 267956518689776 507890167174662 182973889854026 1281821518923750 290726957916112
3 4 5 6 7 8 9 10 11 12 13 14 15 16 17 18 19 20 21 22 23 24 25 26 27 28 29 30 31 32 33 34 35 36 37 38 39 40 41 42 43 44 45 47 48 49 54 55 59
7 19 98 130 240 306 340 416 330 422 253 355 223 229 140 178 111 142 90 122 80 104 46 70 37 58 39 58 47 21 12 7 14 11 8 10 7 1 7 4 4 4 4 5 1 4 1 1 2
7 19 143 229 652 1139 1986 3739 4774 9249 8054 17142 14954 23196 18537 35968 28609 47865 39255 65332 56958 103727 48817 110545 70887 156473 111453 229877 183808 128496 81950 58012 114582 142757 104590 155592 138076 29766 193945 143748 175916 168231 217016 397211 126522 389384 239943 239943 978099
