6 7 8 9 10 18 19 20 21 22 30 31 32 33 34 42 43 44 45 46
47 117 143 189 38 461 1618 2233 3262 1147 5409 14813 15447 16252 4260 5008 11676 9479 6955 1437
168 404 447 629 195 1694 7269 12988 21298 7139 21089 56206 55419 54353 13568 7969 17665 13190 8980 1800
2649 7254 8724 11608 4548 1275603 2671844 17331676 285227937 138083019 55349423889097 211455908731156 354915135539118 412720787924708 63718401421847 1883694634554 2044074228131 436535187572 75433368389 4985089712
6 7 8 9 18 19 20 21 22 30 31 32 33 34 43
2 4 1 5 20 60 77 81 26 20 45 29 14 1 1
2 8 1 7 30 94 114 124 34 22 51 33 16 1 1
15 43 1 58 485 14039 39628 31931 14698 9657 96534 2050 10276 22 3
3 4 5 6 7 8 9 10 11 12 13 14 15 16 17 18 19 20 21 22 23 24 25 26 27 28 29 30 31 32 33 34 35 36 37 38 39 40 41 42 43 44 45 46 47 48 49 50 51 52 53 54 55 56 57 58 59 60 61 62 63 64 65 66 67 68 69 70 71 72 73 74 75 76 77 78 79 80 81 82 83 84 85 86 87 88 89 90 91 92 93 94 95 96 97 98 99 100 101 102 103 104 105 106 107 108 109 110 111 112 113 114 115 116 117 118 119 120 121 122 123 124 125 126 127 128 129 130 131 132 133 134 135 136 137 138 139 140 141 142 143 144 145 146 147 148 149 150 151 152 153 154 155 156 157 158 159 160 161 162 163 164 165 166 167 168 169 170 171 172 173 174 175 176 177 178 179 180 181 182 183 184 185 186 187 188 189 190 191 192 193 194 195 196 197 198 199 200 201 202 203 204 205 206 208 209 210 211 215 216 217 219 220 221 222 225 226 227 228 230 231 232 235 236 237 238 239
569 1961 4285 6145 8530 9751 10851 10638 11021 10121 10123 9182 9015 8209 8127 7212 7154 6484 6435 5996 6069 5410 5570 5067 5010 4661 4620 4164 4157 3811 3913 3523 3676 3294 3382 3039 3193 2818 2820 2499 2636 2432 2394 2266 2285 1997 2116 1982 1930 1756 1759 1626 1641 1497 1565 1436 1406 1322 1346 1219 1215 1148 1165 1078 1052 1018 994 900 946 897 886 830 800 760 755 666 717 658 662 600 645 554 572 487 528 466 481 447 468 410 418 419 395 369 332 348 328 318 303 310 295 280 279 247 234 217 243 209 218 201 201 171 180 182 170 153 139 145 138 129 129 126 113 103 120 106 100 76 93 80 87 82 87 65 77 68 72 64 58 54 52 55 62 54 53 44 46 40 43 32 38 32 32 34 32 29 26 26 26 28 20 25 18 19 18 21 19 15 12 10 11 7 10 6 6 7 11 11 9 10 8 10 5 11 8 5 7 10 7 7 7 4 7 4 7 4 6 5 5 4 4 3 3 3 2 1 2 1 1 1 1 1 1 1 1 1 1 1 1 1 1 1 1 1 1 1 1
569 2046 6124 12157 26069 44277 76692 112169 179384 240695 357153 459186 648306 809062 1117480 1323544 1775657 2088096 2751438 3286897 4441943 4875527 6571731 7558817 9584303 11034735 14050832 15407391 19059903 21420627 27359329 30190252 38617311 42022644 53935789 57903547 74019202 78756197 95968660 98680034 126034239 137875894 166789638 181946872 223251072 229702633 291381348 314653023 375439403 388652398 470034816 492386750 607359600 626274153 783546237 825454756 965172310 1011291062 1237538915 1300066443 1508116566 1652144975 1918384534 2078636698 2312521151 2530342543 2921626070 2974571199 3662276042 3922194567 4591564561 4840375811 5483250683 5779589626 6845650801 6656637789 8346537640 8555277375 9996665951 10028100643 12614030024 12162337971 14551802982 13915033098 17078923607 17327030292 20398911247 20816119136 25489821876 24390821020 29680224559 32013381203 35450435761 36213492209 37810400006 42632177198 47900772326 50055159859 55234629956 61033311348 64943449891 69497032745 77175399386 78175822865 82574381620 84723410527 108342316710 106956837173 120660047076 125583775527 139964571845 126939132567 160468783920 172976328746 192977736488 181529933968 193499901104 216278324178 237199920533 244558491925 277243194218 294120825444 288142373282 295380817909 391245228272 379215660299 401989548995 335376427872 465977571723 436083818584 553635586900 554757941122 684605216564 503475812478 712289168602 657032469962 828113878559 758519573759 853351623544 787196802347 851743409090 985939006080 1254256723536 1224763529819 1282185207132 1132509093893 1371671967134 1322425126786 1624129651351 1312272433794 1671102205740 1515384798141 1722366967365 2002661857350 2131400200413 2020167456535 1943280391505 2164026970801 2375113792571 2790899620474 2151173471684 3055879491142 2497230982173 2692994752123 3046081904913 3864288739220 3727754728755 3367136764027 2824461337220 2849627754832 3126915561455 2251381306876 3489897007918 2377131217855 2382750448500 3329131090320 5947957188010 6469705988200 5941617240985 7131145005185 5928173967160 8542073795457 4567248967228 11119247263423 8405275609355 5359118871685 8000811010539 12257218673205 9433400109088 10304119635213 11252730415247 6976857009490 13411210727408 8130457674558 15969972283787 9893725909636 16653695150928 15089890501711 16450293813322 14283583280073 15565069520289 12629726346682 14143700658249 15402615863919 12170507718520 6622987708040 14413683412980 7840656226137 10963707205259 11916681236278 12950095925895 15285151248481 16601598107914 18028182516671 19573856161145 25025873760111 27152408925615 29454549941750 31946390696157 37561133582570 40718063627362 44132934884255 56138148670947 60806135438329 65851585970275 71304185514919 77195892663512
3 4 5 6 7 8 9 10 11 12 13 14 15 16 17 18 19 20 21 22 23 25 26 27 28 29 30 31 33 34 35 39 41 48
6 5 31 33 69 57 62 30 48 26 33 13 19 16 16 7 14 5 12 6 8 1 1 3 2 4 2 2 1 1 2 1 1 1
6 5 48 64 198 233 474 276 820 575 1146 479 1293 1185 2312 1165 2835 1675 4620 2344 5083 1002 792 4085 4085 10311 6352 6020 5604 9130 15191 14883 26015 89134
