0 3 5 7 8 9 10 12 13 14 15 16 17 18 19 20 21 22 23 24 25 26 27 28 29 30 31 32 33 34 35 36 37 38 39 40 41 42 43 44 45 46 47 48 49 50 51 52 53 54 55 56 57 58
1 8 10 7 10 12 21 19 17 41 54 51 54 76 102 107 162 188 79 346 368 417 510 554 610 648 717 796 839 830 414 995 1023 981 1000 1031 1145 878 912 975 950 737 215 239 140 114 110 114 112 97 89 92 75 21
95 44 131 32 92 37 69 53 37 92 159 108 149 245 490 325 628 638 376 862 929 1054 1157 1161 1146 1183 1275 1340 1302 1318 622 1409 1400 1310 1269 1293 1368 1082 1104 1121 1056 820 235 264 152 122 116 114 112 97 89 92 75 21
679 75 270 80 368 64 134 119 84 244 722 276 594 2150 9534 2672 65033 134341 153939 272708 1205549 1138758 2245658 2161855 2269329 1978177 2344574 3616255 2750591 3696772 1747492 4009995 3654880 3607005 3249273 2687227 1952648 1301312 777856 446862 236768 136231 51256 64683 63227 41863 30311 18655 11206 5795 2470 979 220 21




3 4 5 6 7 8 9 10 11 12 13 14 15 16 17 18 19 20 21 22 23 24 25 26 27 28 29 30 31 32 33 34 35 36 37 38 39 40 41 42 43 44 45 46 47 48 49 50 51 52 53 54 55 56
1037 2493 3048 2846 2362 2122 1883 1573 1421 1270 1121 1007 942 869 767 681 631 570 546 464 423 382 341 339 297 272 231 212 187 174 167 147 122 108 107 103 89 76 70 59 60 43 38 39 25 21 23 15 13 14 8 5 5 2
1037 2923 4944 7310 9805 13944 18954 23590 31176 39471 49082 60223 76252 96063 113903 131865 160178 188975 236091 255622 297098 338349 378823 479498 532986 593070 621957 709141 767788 873807 1040644 1099317 1112629 1173030 1359644 1643955 1734678 1726654 1902967 1938970 2340408 1977255 2128588 2510266 1930722 1871814 2427834 1871310 1914549 2429350 1633808 1199715 1407945 659862



