1 2 3 4 5 6 7 8 9 10 11 12 13 14 15 16 17 18 19 20 21 22 23 24 25 26 27 28 29 30 31 32 33 34 35 36 37 38 39 40 41 42 43 44 45 46 47 48 49 50 51 52 59
1 6 3 15 8 11 11 16 12 15 16 17 26 21 32 36 40 51 67 105 162 234 417 440 575 611 693 750 814 818 842 872 872 841 1206 827 808 763 667 565 398 326 276 251 218 192 488 106 97 96 52 27 133
3 12 5 35 11 21 16 19 18 22 26 21 36 31 46 53 60 97 101 204 275 441 971 710 846 869 978 1013 1052 1017 1070 1027 1023 959 1592 906 876 822 702 583 411 328 276 251 218 192 535 106 97 96 52 27 133
3 16 13 136 17 59 21 31 29 32 42 25 61 51 76 100 148 264 354 1434 3826 18022 124245 393834 346803 631843 897213 851886 836531 743697 934322 969630 1025512 859591 1448920 697265 442344 375878 225625 149300 109062 79550 47772 33024 19926 11462 534436 3500 1342 591 160 38 21078




3 4 5 6 7 8 9 10 11 12 13 14 15 16 17 18 19 20 21 22 23 24 25 26 27 28 29 30 31 32 33 34 35 36 37 38 39 40 41 42 43 44 45 46 47 48 49 50 52
1164 2048 1993 1733 1566 1400 1204 1070 917 883 798 715 610 554 513 469 440 385 306 312 283 248 221 177 167 154 136 112 108 94 80 73 63 46 53 39 34 28 20 17 20 11 10 6 4 3 2 1 1
1164 2366 3511 4829 7270 9853 12919 16632 20710 28073 35126 43023 50418 61568 75267 89209 110001 127037 126632 165485 191938 211483 237909 236928 278979 319468 346418 349340 419666 444212 453870 519417 543613 483516 681119 609648 623007 605836 537559 530145 746760 490413 531740 379566 300700 267402 211116 124754 173525



