1 3 4 5 6 7 8 9 10 11 12 13 14 15 16 17 18 19 20 21 22 23 24 25 26 27 28 29 30 31 32 33 34 35 36 37 38 39 40 41 42 43 44 45 46 47 48 49 50 51 52 53
4 5 18 6 24 25 18 46 38 41 54 61 58 125 132 113 152 211 255 353 481 608 778 941 1078 1944 1942 1248 1207 1235 1261 1219 1259 1248 1213 1152 1148 1726 1518 811 704 652 596 547 477 321 156 86 66 44 25 2
58 39 151 44 132 93 45 114 90 85 99 119 105 244 288 290 443 594 1041 1260 1887 2350 2695 2818 3063 5113 4811 2664 2496 2386 2329 2136 2104 2002 1851 1712 1623 2397 2060 1031 850 746 668 599 512 342 166 86 66 44 25 2
515 231 689 134 521 303 170 360 309 308 369 739 570 1208 2070 3045 6456 15608 81086 185000 1637627 11782123 77898417 914400651 1148167255 5824630292 4902942691 3260066745 4069393964 5564999989 5855107941 4701710845 4684263711 4407515457 3151048999 4081054346 3029967288 2717427478 2059877935 1846732279 958741945 547456923 331124608 143421596 51786252 18400797 5867812 1319898 234874 23566 767 3




3 4 5 6 7 8 9 10 11 12 13 14 15 16 17 18 19 20 21 22 23 24 25 26 27 28 29 30 31 32 33 34 35 36 37 38 39 40 41 42 43 44 45 46 47 48 49 50 51 52 53 54 55 56 57 58 59 60 61 62 63 64 65 66 67 68 69 70 71 72 73 74 75 76 77 78 79 80 81 82 83 84 85 86 87 88 89 90 91 92 93 94 95 96 97 98 99 100 101 102 103 104 105 106 107 108 109 111 112 113 114 116 117 118 119 121 122 123 124 126
662 1748 2729 3622 3658 3708 3108 2758 2488 2322 2132 2000 1752 1783 1561 1514 1316 1270 1165 1110 1049 945 828 880 792 778 638 646 647 579 530 455 459 459 420 419 322 312 342 309 305 255 236 239 244 214 159 179 185 171 152 120 125 145 121 116 83 89 112 101 80 64 69 85 71 78 43 57 60 62 55 26 39 47 49 42 25 33 34 32 29 17 19 23 21 23 9 13 16 15 17 9 4 12 13 10 8 5 8 9 8 5 2 5 5 5 5 5 5 4 4 3 3 3 3 2 1 1 1 1
662 1929 4355 8403 13193 20787 26797 36567 48973 65042 84660 110435 132805 186654 219836 276019 322176 414706 471859 583407 729920 836314 906651 1236806 1382722 1707695 1743965 2210323 2754115 3022183 3331364 3616872 4411755 5336377 5888185 7097158 6823825 7785306 10038852 10788468 13205469 13762812 13903740 17282973 21284757 22430918 19442783 24326113 30541326 33679444 35286175 33516626 37316015 53359741 53238891 57304275 53878371 58081026 89082491 91516214 87978515 85658275 99682816 136949335 130186518 171720775 116150530 158661169 200003213 247971941 236760135 153939744 217454372 319485729 372178995 363415515 266964460 353090710 427684098 460555184 510504640 360428059 384614989 589806910 597683416 762609100 334438410 500915038 773064218 788159168 1006138618 626167218 290135228 1047179561 1276056994 1127202211 1036102966 666154650 1317848812 1654235272 1672444794 1072405630 482530758 1356244750 1524006825 1711628545 1921381680 2417514220 2709731200 2428654984 2719612812 2554129884 2856151995 3192433353 3566724744 2964148286 1653668665 1844349560 2056148051 2552338241



