3 4 5 6 7 8 9 10 11 12 13 14 15 16 17 18 19 20 21 22 23 24 25 26 27 28 29 30 31 32 33 34 35 36 37 38 39 40 41 42 43 44 45 46 47
12 8 25 27 42 56 53 56 53 57 67 71 81 100 103 113 149 211 344 543 710 936 1122 1451 1764 1857 1854 1911 1901 1893 1835 1685 1336 1093 976 1028 1054 793 643 561 450 323 147 46 4
16 10 35 42 48 65 62 80 68 64 70 91 98 122 119 145 233 372 660 1014 1298 1570 1777 2236 2593 2629 2572 2623 2488 2406 2278 2023 1598 1261 1115 1175 1165 861 678 591 461 323 147 46 4
40 32 67 92 119 147 114 258 140 171 170 376 408 493 539 1090 2414 8672 62058 628464 2362167 27277203 66701005 126227898 122066539 60680621 114406484 100236946 81432499 303125808 432343062 357634434 331913177 191365447 149125424 113898129 80851239 38836525 14725673 4132103 698669 87017 8878 523 6




3 4 5 6 7 8 9 10 11 12 13 14 15 16 17 18 19 20 21 22 23 24 25 26 27 28 29 30 31 32 33 34 35 36 37 38 39 40 41 42 43 44 45 46 47 48 49 50 51 52 53 54 55 56 57 58 59 60 61 62 63 64 65 66 67 68 69 70 71 72 73 74 75 76 77 78 79 80 81 82 83 84 85 86 87 88 89 90 91 92 93 94
816 1915 2567 2635 2304 2145 1941 1791 1601 1529 1430 1355 1224 1111 1039 977 895 879 806 746 687 655 595 568 491 497 437 428 382 366 331 310 274 277 245 235 211 192 200 185 159 146 127 133 114 113 104 103 79 89 74 77 66 57 51 54 46 47 41 29 30 29 24 25 23 21 16 20 14 14 12 12 12 12 7 10 7 7 9 9 5 6 5 3 3 4 2 3 3 1 2 1
816 2075 3966 6151 8533 12533 17458 23577 30843 41645 55034 71085 87488 106018 134235 165201 201951 256583 305514 359992 427951 520990 600551 722866 783394 996745 1082448 1319879 1449994 1710957 1888362 2191192 2369415 2963678 3153106 3636097 3971854 4347063 5388803 6110720 6159987 6908979 7124181 9158534 9218344 10779444 11444882 13817458 12069624 16597926 15845522 20104832 20639124 20236965 21562450 27444431 25883856 32823503 31384130 26649480 31513408 36115676 35739363 42906197 43865594 47875598 40268550 59495833 47771576 52381955 52076338 59845191 68715023 74228268 49626500 87243376 65023637 82297360 109189476 124637850 90883204 108025962 102531275 70015407 79630980 120669428 68525924 116663019 132324327 49995925 113268346 64112359



