11 12 23 24 35 36 47 48
1033 562 15741 9671 36174 18475 12740 5596
8617 4581 220186 126826 135774 65392 18338 7671
290826 185590 3277402961946 9123672611781 1414761702039153 640795156099931 1071759583869 213090883103
11 12 23 24 35 36 48
110 65 384 194 43 27 1
335 192 652 324 48 30 1
5938 3854 1089102 357212 14963 26814 2
3 4 5 6 7 8 9 10 11 12 13 14 15 16 17 18 19 20 21 22 23 24 25 26 27 28 29 30 31 32 33 34 35 36 37 38 39 40 41 42 43 44 45 46 47 48 49 50 51 52 53 54 55 56 57 58 59 60 61 62 63 64 65 66 67 68 69 70 71 72 73 74 75 76 77 78 79 80 81 82 83 84 85 86 87 88 89 90 91 92 93 94 95 96 97 98 99 100 101 102 103 104 105 106 107 108 109 110 111 112 113 114 115 116 117 118 119 120 121 122 123 124 125 126 127 128 129 130 131 132 133 134 135 136 137 138 139 140 141 142 143 144 145 146 147 148 149 150 151 152 153 154 155 156 157 158 159 160 161 162 163 164 165 166 167 168 169 170 171 172 173 174 175 176 177 178 179 180 181 182 183 184 185 186 187 188 189 190 191 192 193 194 195 196 197 198 199 200 201 202 203 204 205 206 207 208 209 210 211 212 213 214 215 216 217 218 219 220 221 223 224 225 226 228 229 230 231 233 234 235 236 238 239
659 2736 6638 10889 16434 19935 22867 22635 23494 21397 21317 19814 18973 17206 16425 15020 14846 13689 13331 12197 12350 11426 11229 10138 10011 9346 9343 8521 8252 7837 7829 7038 6953 6361 6311 6143 5906 5420 5417 4882 4938 4566 4451 4259 4119 3920 3776 3541 3333 3155 3242 3017 2893 2769 2629 2450 2459 2284 2206 2160 2108 1969 1940 1709 1650 1716 1660 1515 1568 1416 1455 1323 1243 1185 1170 1138 1062 1012 998 873 953 862 834 822 757 733 714 620 602 598 616 559 547 501 496 485 424 435 396 373 415 400 336 336 306 311 311 249 273 225 267 247 189 217 186 209 211 169 193 147 184 170 146 143 117 158 125 108 125 111 120 112 91 112 93 84 91 82 78 54 64 74 60 60 46 65 53 40 35 38 36 32 28 27 20 35 25 39 27 18 30 28 19 20 30 27 26 19 19 20 19 19 24 17 10 16 14 13 10 3 9 14 14 14 8 13 12 10 7 4 8 9 7 10 4 8 9 5 5 2 4 5 2 3 2 5 5 2 5 3 5 5 1 3 1 2 1 4 3 2 2 1 2 2 2 3 2 2 3 2 2 1 1
659 2843 9027 20675 46387 83767 149125 224171 358854 486306 728251 970384 1341667 1673342 2233904 2755427 3667965 4450280 5821453 6825078 9028695 10715615 13682533 15462156 19885427 22788190 28715520 32695393 39711822 46406659 57333180 62363608 77073275 84072353 103066587 120439658 142644229 157054525 189190805 207531529 248760983 269154649 324848297 359850310 412917345 467987499 525453815 589790852 668611387 726023973 878049573 967944453 1089444138 1209085523 1362517006 1443019093 1702474518 1826293320 2090456781 2365293639 2728414220 2859123075 3334241663 3396179247 3740446633 4412019035 5058833811 5337715607 6297333546 6465105091 7813952485 7911661543 9218461266 9054659649 10621495608 11927688686 12308046849 13635264866 15915443012 15147208204 19273601977 18905689773 21530226104 24651074919 25303177110 27200604121 29948749414 31197311566 33456181373 36139757346 43479608453 43063445875 48860448474 50177863280 55613302441 59934276071 58243431229 71857207174 71948925743 76268189540 92181239883 99106533228 96458816043 108464999689 109042761923 120621802557 139642773847 126838141272 156156213028 132807513161 184150924908 199165162895 167896954243 217323187925 198736179531 259272940387 290401526970 252196439951 332041175419 265936939466 385745576695 392279241056 375372591612 423725261827 348748701591 554706322973 492799471374 449016580267 610483704821 584209452970 708442724770 790777520280 622734283669 887082745036 818157315432 868397127633 1017040489079 895904204028 1109144008980 866499883529 1074292352658 1408067371165 1148880656635 1367741227143 1278261164773 1727588785224 1656635900123 1193837535452 1108721368916 1422603677417 1532730703229 1470018794312 1375783605795 1428875369846 1228297325058 2300155646972 1851036068450 3132822559732 2346241001554 1766482345015 3205139723364 3374182987484 2446499149259 2778669370842 4795495539600 4924168808290 5185699452959 4124476054343 4234318359024 5198377659434 5502514347565 5956454254156 8098001131333 5968568456523 3797259673225 6772360049880 6424673045300 6515105962105 5617844507630 1823395111895 5987284604976 10234573681554 11055861737270 12323163717766 7592368854731 13568265490753 13658756636332 12365797023100 9433400109088 5851230690392 12780004014872 15774415119632 13411210727408 21142220307372 9464090967380 20002269290400 24863677339083 14835631610772 16173757708154 7292144864250 15565069520289 21641818293235 9429133772166 15402615863919 11180176634990 30426269296300 33114938540200 14413683412980 39203281130685 25585743907125 46375512876775 50425329428835 10963707205259 35750043708834 12950095925895 28141091398574 15285151248481 66406392431656 54084547550013 42496558018734 46123742347698 25025873760111 54304817851230 63892781392314 69286252645038 112683400747710 81436127254724 95652479491840 155460155516136 112276297341894 121612270876658 71304185514919 77195892663512
3 4 5 6 7 8 9 10 11 12 13 14 15 16 17 18 19 20 21 22 23 24 25 26 27 28 29 30 31 32 33 34 35 37 38 39 40 41 42 43 45 46 61
18 18 64 61 126 129 184 152 174 92 120 65 76 28 45 22 29 14 21 12 17 12 10 11 9 10 8 6 9 4 6 2 11 4 1 2 1 1 3 2 1 1 1
18 18 98 114 411 513 1367 1527 2960 2210 4521 3379 5499 2863 5749 3867 6503 4312 9354 6462 11793 8776 11132 14559 16330 22365 19553 18054 32938 17626 33794 14734 87163 52835 20286 35169 14883 21637 90926 68523 44583 63261 715220
