2 3 4 14 15 16 26 27 28 38 39 40 50 51 52
11 22 29 577 1413 1073 8948 21256 13980 11439 25011 15157 528 479 67
397 279 300 2489 5772 4680 54814 120970 73917 26984 55848 31599 528 479 67
11344 9339 11697 163869 643960 546438 23713464277897 54888976031947 37843053610241 9239732440874 15563824977826 5815051457512 156096 39823 279
2 3 4 14 15 16 26 27 28 38 39 40
2 3 2 36 108 97 122 232 144 2 5 2
9 12 3 78 231 233 169 308 187 2 5 2
31 108 43 2775 10627 19046 1150522 2234493 1323555 8 334 807
3 4 5 6 7 8 9 10 11 12 13 14 15 16 17 18 19 20 21 22 23 24 25 26 27 28 29 30 31 32 33 34 35 36 37 38 39 40 41 42 43 44 45 46 47 48 49 50 51 52 53 54 55 56 57 58 59 60 61 62 63 64 65 66 67 68 69 70 71 72 73 74 75 76 77 78 79 80 81 82 83 84 85 86 87 88 89 90 91 92 93 94 95 96 97 98 99 100 101 102 103 104 105 106 107 108 109 110 111 112 113 114 115 116 117 118 119 120 121 122 123 124 125 126 127 128 129 130 131 132 133 134 135 136 137 138 139 140 141 142 143 144 145 146 147 148 149 150 151 152 153 154 155 156 157 158 159 160 161 162 163 164 165 166 167 168 169 170 171 172 173 174 175 176 177 178 179 180 181 182 183 184 185 186 187 188 189 190 191 193 194 196 197 198 202 203 204 209
360 1520 3930 6800 10091 11987 13177 13286 13920 13100 12524 11799 11372 10277 9986 9479 9101 8405 8357 7743 7539 6944 7025 6579 6395 6051 5890 5484 5347 5160 4940 4716 4774 4495 4341 4024 4021 3754 3706 3627 3424 3263 3169 3049 2898 2795 2602 2563 2407 2302 2359 2186 2105 2088 1895 1801 1836 1834 1687 1618 1570 1475 1416 1442 1411 1352 1281 1193 1206 1126 1037 1051 1020 935 939 820 780 743 741 714 794 684 646 620 596 607 577 560 533 449 455 435 447 448 416 394 327 361 330 329 315 313 287 252 265 239 233 226 235 220 183 206 184 194 189 188 179 163 143 120 117 139 137 129 110 93 76 84 103 98 85 79 71 41 64 67 57 49 64 49 24 48 53 39 41 45 36 24 35 32 39 32 39 31 14 25 28 32 28 28 19 6 15 14 20 19 13 15 3 8 10 13 8 7 9 3 6 6 4 5 3 5 1 1 1 1 4 3 1 1 2 3 2 1 1 2 1 1
360 1590 5347 12841 28559 50417 86884 132867 215169 298812 425229 575710 801574 1001928 1339483 1706085 2224246 2688758 3569523 4304254 5496667 6461578 8310794 9951993 12224950 14642536 18040573 20812905 25208854 29462803 35647742 41530306 51224263 59288021 69658335 77780035 93960925 106428403 127349420 148692821 174171741 192901005 225215520 250090595 289959090 325013524 365454694 420130422 465566192 527368524 630112384 679689804 773833639 884594608 966947348 1068388939 1281479930 1425029911 1554567489 1714605025 1973053322 2164444602 2377602415 2754188631 3118766011 3439169899 3821108929 4026254846 4675276848 5103689036 5335047117 6180118027 6896150826 7108196986 8145200414 8064609535 8804089676 9512600499 10946490977 12000059547 15235381246 14454396320 15992335530 17038204428 18154103129 22126700462 23560618464 25502636915 27938141755 26201900607 30173881365 31480747158 38050011116 43341795808 45377591699 46766037570 44212120756 55518728382 57443194713 63676296615 68122227574 74038753516 76961359957 75643964393 88471589853 91308833341 97660666360 107726631937 122498241955 127226981764 117210551248 154198469279 151877849916 176956338663 187735101875 207156460064 223939470326 227566830713 225833183055 206109875543 229958543263 294284082286 333646497288 342297232347 331246261156 319285992799 271430981250 351893795317 481046941781 518402686885 470533677735 488875886246 485014568012 280958955786 551572088898 645319096080 615245688288 577232822204 797343496822 678335563253 339760651440 810584614108 1030677788754 806266517307 970804565410 1089140392939 941538178406 736334977594 1135597874583 1199843985052 1487543311683 1419987762149 1854980383789 1662513052306 866245740508 1608843417487 2091860208725 2584522567065 2373669606525 2648249726162 2013636118882 698233501601 1927877457960 1896105212676 3046081904913 3272467404845 2342737537259 3143911896800 684614198253 1914574631464 2508580250452 3882522796350 2498410509079 2440793938419 3434932813330 1305473093490 2735620665360 2951095091550 2237220648160 2966798323205 1995761534992 3747372058905 819876908323 896684817527 896684817527 1071823774337 4486512933420 3731454776909 1398341745571 1667727404093 3488428504745 6143180818195 4534649847314 2580840212973 3345365983698 7619071461513 4328363658647 6085253859260
3 4 5 6 7 8 9 10 11 12 13 14 15 16 17 18 19 20 21 22 23 24 25 26 27 28 29 30 31 32 33 34 35 36 37 38 39 41 42 43 44 45 47 49 51 56 57 58 59 61 63
13 12 59 68 102 78 111 109 115 71 90 61 47 16 29 32 41 13 23 17 17 6 12 8 11 3 11 4 12 1 7 3 7 2 3 1 3 2 1 3 1 3 2 1 2 1 1 1 1 1 1
13 12 91 133 298 319 786 1053 1841 1634 3042 3002 3400 1672 3961 5834 9706 3601 8883 8605 9934 4830 10729 10311 18410 6978 27026 12372 42332 6020 40814 27126 58288 16985 34763 14883 53931 52030 31185 112014 44583 150931 138436 89134 294546 329931 386155 451276 526823 715220 966467
