21 33 45 57 69
5011 29686 42292 20554 2451
876329 510549 195860 47772 2495
154439371473 6235649558066748 1200156223544684 42612390444903 12426809
21 33 45
770 524 79
5687 960 95
9690638 764020 17007
3 4 5 6 7 8 9 10 11 12 13 14 15 16 17 18 19 20 21 22 23 24 25 26 27 28 29 30 31 32 33 34 35 36 37 38 39 40 41 42 43 44 45 46 47 48 49 50 51 52 53 54 55 56 57 58 59 60 61 62 63 64 65 66 67 68 69 70 71 72 73 74 75 76 77 78 79 80 81 82 83 84 85 86 87 88 89 90 91 92 93 94 95 96 97 98 99 100 101 102 103 104 105 106 107 108 109 110 111 112 113 114 115 116 117 118 119 120 121 122 123 124 125 126 127 128 129 130 131 132 133 134 135 136 137 138 139 140 141 142 143 144 145 146 147 148 149 150 151 152 153 154 155 156 157 158 159 160 161 162 163 164 165 166 167 168 169 170 171 172 173 174 175 176 177 178 179 180 181 182 183 184 185 186 187 188 189 190 191 192 193 194 195 196 197 198 199 200 201 202 203 204 205 206 207 208 209 210 211 212 213 214 215 216 217 218 219 220 221 223 225 226 228 229 230 231 232 233 234 235 236 237 238 239 240 241 243 244 245 247 249 250 253
427 2181 6863 12535 23839 34604 52468 62965 72505 70681 69934 65618 63791 58025 56973 52182 49682 46159 44106 40270 39170 36412 34494 32729 31487 28634 28020 26095 24379 23076 22511 20610 20064 18505 17571 16165 15927 14513 14716 13462 12875 11872 11702 10429 10322 9425 9393 8584 8619 7743 7692 6956 6916 6527 6399 5705 5815 5203 5146 4465 4816 4296 4394 4027 3851 3546 3491 3148 3288 2804 2879 2625 2558 2423 2397 2208 2206 2000 2070 1891 1916 1679 1660 1492 1583 1397 1512 1340 1411 1158 1208 1140 1192 1061 1045 923 960 895 921 883 978 852 826 801 709 666 644 571 616 515 548 519 495 463 454 442 448 391 407 351 382 364 341 294 319 295 255 299 296 257 265 231 240 206 205 191 184 192 192 179 145 142 145 113 110 113 120 115 126 107 100 93 93 90 107 83 84 91 66 77 88 78 71 67 72 49 57 40 59 51 49 43 44 36 40 29 39 21 42 25 41 22 17 26 28 14 19 24 15 11 20 21 12 12 17 7 19 14 11 24 11 10 15 7 7 9 7 6 7 9 3 9 7 1 4 5 4 4 2 5 1 6 2 6 2 1 5 3 2 4 3 2 3 3 1 2 1 2 2 10 1 2 2
427 2280 9371 22512 61017 122305 276172 463781 843918 1222592 1915547 2650610 3867982 4973189 7121971 8832229 11894228 14914936 19382261 22889870 30124488 35705356 44072288 53880333 66116733 76160143 95732327 111044988 129848022 153647568 184689958 207355524 252885000 284626589 334773068 374084290 447472576 480055358 596866984 651898501 751261865 845781880 1008950602 1052545018 1249208711 1350045504 1597405742 1691357747 2077637785 2078160533 2571035674 2619955493 3081936331 3269231638 3939040514 3893308941 4871784586 4887536889 5756602488 5647133880 7348817738 7085446167 8842169143 9170765058 10249690556 10603111581 12782318905 12328992253 15247664329 14687680217 17774189747 18366865071 20713364797 21250339594 25895775262 25913670440 29521254840 31611505333 36905745347 36697373677 43836876968 42557173098 48239792434 47922304188 58795884357 57200350691 71790388160 70545917252 81972570379 77962119004 93056488604 94165894136 114084430028 112263087412 127934528647 124007635686 149729494155 154828697355 179732776551 186014915664 230242003492 229153646376 254703333747 277205943964 273835422419 290179090217 323011459654 303799414385 380790911342 342614666948 430895392173 428178487255 470131101573 499238026899 520405796300 567531339130 679789133231 610056084279 715770889980 710827617483 865595033427 874022086963 909105620017 868660312706 1040125517683 1098407452189 1083490568656 1354916482299 1534137798798 1450147026916 1676451016735 1507675239202 1871409009106 1715187413328 2025138955196 2012108248637 2090565300681 2314734331224 2685103875158 2659264567132 2470260125468 2673593143212 3074819769028 2548906497186 2858913358575 3262409181059 3836581758400 4074966744112 4831209486373 4314325097769 4694739590320 4676744653083 5211501407243 5344003090387 6754745318630 5811846134432 6592551583556 8500776382810 6132830182825 8288543138371 10393827299477 9395843065613 10386742909529 10071345299710 11958041135604 8751256382985 11415317602250 8373727992367 15492051899228 12861423478902 14399578995078 13597564893878 15494251456839 12917135936547 17595034416464 13606020383240 19107786498060 11426148085610 27114250251170 16306825085130 30794204027812 17720807110092 14194564377478 28054440794311 29137678349785 14366006583369 22532173585136 30805914207855 20146811260444 17553692071176 34723649627494 40193414652847 22348140474957 24572723272780 42585684458543 17421429077427 57236144542467 47067206928968 41554005051898 86302912577292 45387502171815 41506813440175 68015080699193 35519798613921 39130618222465 59862207509070 45285446258720 49280183948530 52983150024018 76069306645137 27078786453085 89145666351079 76745950436813 11916681236278 51800383703580 70352728496435 61140604993924 66406392431656 36056365033342 106241395046835 25025873760111 162914453553690 63892781392314 207858757935114 75122267165140 40718063627362 220664674421275 143478719237760 103640103677424 224552594683788 182418406314987 131703171940550 213912556544757 231587677990536 83561103925871 180873679337634 105882246722733 229081769106076 247776886154518 1448676924964450 169296722391554 365947779708052 461587108729362
3 4 5 6 7 8 9 10 11 12 13 14 15 16 17 18 19 20 21 22 23 24 25 26 27 28 29 30 31 32 33 34 35 36 37 38 39 40 41 42 43 44 45 46 47 48 49 50 51 52 63 67
12 18 88 167 273 416 504 613 557 542 422 457 296 296 250 237 184 185 178 141 96 113 91 99 89 55 50 39 31 28 38 14 16 19 15 12 23 5 12 4 14 6 8 2 8 3 6 2 5 1 1 1
12 18 125 296 706 1517 2855 5630 7743 11200 13584 22429 20472 29884 31199 43851 45146 57358 69727 81635 60351 99546 98450 143987 157936 123970 131894 151650 120696 137264 263280 129264 153354 196321 161493 200845 455891 119064 411510 112806 441071 176770 392679 178332 632621 316305 806788 213888 819013 147273 966467 1505499
