25 37 49 61
9583 41028 32392 16995
919966 467804 133330 30719
798571296885069 4323147700350118 825091805665396 4820287568724
25 37 49
963 370 31
3803 569 34
4258226 567356 3371
3 4 5 6 7 8 9 10 11 12 13 14 15 16 17 18 19 20 21 22 23 24 25 26 27 28 29 30 31 32 33 34 35 36 37 38 39 40 41 42 43 44 45 46 47 48 49 50 51 52 53 54 55 56 57 58 59 60 61 62 63 64 65 66 67 68 69 70 71 72 73 74 75 76 77 78 79 80 81 82 83 84 85 86 87 88 89 90 91 92 93 94 95 96 97 98 99 100 101 102 103 104 105 106 107 108 109 110 111 112 113 114 115 116 117 118 119 120 121 122 123 124 125 126 127 128 129 130 131 132 133 134 135 136 137 138 139 140 141 142 143 144 145 146 147 148 149 150 151 152 153 154 155 156 157 158 159 160 161 162 163 164 165 166 167 168 169 170 171 172 173 174 175 176 177 178 179 180 181 182 183 184 185 186 187 188 189 190 191 192 193 194 195 196 197 198 199 200 201 202 203 204 205 206 207 208 209 210 211 212 213 214 215 216 217 218 219 220 221 222 223 224 225 226 227 228 229 230 232 233 234 237 240 241 250 252
572 2285 7055 13427 26566 34854 48775 51860 59024 53554 55417 50595 51683 44850 46622 41458 42590 36793 37533 34117 35217 30389 31480 28708 29275 25329 26381 23936 24642 21695 22372 19899 20871 17840 18375 16853 17452 14740 15832 14273 14526 12740 13314 11916 12697 10764 11222 10147 10668 9055 9702 8742 8719 7827 8285 7295 7833 6849 6836 6400 6719 5674 6146 5569 5618 4869 5163 4537 4923 4120 4396 4051 4207 3444 3870 3350 3589 3067 3376 2907 3110 2600 2634 2497 2505 2148 2494 2107 2108 1949 2014 1759 1957 1643 1687 1604 1589 1473 1520 1369 1345 1192 1276 1183 1167 1071 1094 942 967 853 890 728 828 716 785 632 626 584 567 593 568 462 529 414 434 392 435 362 386 313 393 342 323 267 299 280 250 251 262 226 233 217 207 212 195 192 203 173 218 204 153 158 154 118 160 127 82 106 97 93 111 104 104 93 91 60 62 73 64 83 68 50 53 49 42 54 63 50 55 44 40 37 41 39 46 36 44 38 28 27 51 21 22 33 25 18 18 18 16 16 12 7 15 18 6 2 14 8 7 7 5 8 3 3 7 5 5 8 2 7 4 3 5 4 7 10 2 2 4 15 1 3 1 2 1 2
572 2393 9753 23730 66712 121864 264986 407347 742623 1007165 1619868 2127282 3276654 3898794 5927591 7090083 10172063 11444997 16322955 18753364 26078603 28492206 39345206 44700164 60034531 63129585 85993886 95673437 125825920 133043363 178106304 187142646 247192062 254237781 329780323 348917633 461695329 445572008 607449233 641589485 798487038 820148817 1082663786 1082622948 1427017343 1396476931 1787581797 1822768040 2379222838 2238191715 2960261283 3067847295 3648414455 3680232928 4875484463 4638819661 6107021719 6226312497 7225966420 7626287489 9782389960 8961083870 11901964673 12157376562 14052232745 13819135486 17802228581 16868390416 22214183891 20494305902 25435486642 26366930964 33303880566 28825079045 40230155167 37569383370 47238668145 44622355547 60732421034 54416364780 70198452571 63082798118 75647982285 78465586311 95944884080 82814236341 119976129335 111475663917 126989225199 131711837152 156614178458 144924836276 198980301326 177299487667 212044950463 218895488439 255981523467 250604954515 309265300381 300338798719 341820317273 320755125938 432450213925 408674450312 481688335391 473986450412 552215945520 511869841552 623079377679 599536919746 697455686856 624324195273 865730904291 760138568399 1011794992796 801912970926 981018519554 965096467146 1072847004794 1163892395836 1287534062798 1132514620068 1534107697143 1276366544163 1536496125800 1449094710204 1915044153215 1594315996006 2057220488999 1739319868270 2401552210369 2326322466017 2592545148826 2176081048964 2876130317065 2875492289951 2848803592910 3191165837401 3641193571251 3254361366835 4021404868148 4163021655732 4374431601733 4596461960889 4898183999635 5102157108561 6289671200144 5859055712799 8194030962688 7854046875603 6806322989495 7184066738241 8256692552569 6665375824526 10302191090163 9181854057726 7194015776143 9346010467790 9700411852524 9673717935911 11935242712774 12826254672316 15628854626017 13868620188345 16637757271410 11714800754125 12938834549353 17036281769477 16379280372205 22423683250729 21434927520787 17245115011772 18419396101986 18389401117673 17490954250400 24663801941425 32972737588460 28547429619030 32140639696210 26969714343300 29621922252194 31006180464100 34324881356663 37932007727886 47088321748113 38984105150034 55310154144177 50394534928511 41100310749944 39818136795281 85422304273578 40499362045965 46028886995602 71738468845780 63090306589644 44736584064490 48558700805076 58325490879332 54935468986690 58976166861855 49360501201203 30298545610529 72729647585276 98068083338670 42441291392350 11675342176755 89495424819880 55319317658120 52983150024018 58324218964149 61939632935565 78250637154900 32012480296285 35750043708834 88583842102031 70352728496435 76425756242405 130179891144446 36056365033342 137016993128015 84993116037468 69185613521547 125129368800555 108609635702460 206181849592250 319463906961570 69286252645038 75122267165140 176531739537020 717393596188800 51820051838712 197554757910825 83561103925871 180873679337634 182973889854026 427273839641250
3 4 5 6 7 8 9 10 11 12 13 14 15 16 17 18 19 20 21 22 23 24 25 26 27 28 29 30 31 32 33 34 35 36 37 38 39 40 41 42 43 44 45 47 48 50 51 52 55 56
20 24 109 158 220 354 400 350 376 319 272 202 189 170 142 164 124 105 101 59 66 77 60 37 40 38 21 22 33 27 23 4 15 12 6 12 10 6 11 6 8 1 1 1 2 2 3 1 2 1
20 24 156 300 674 1401 2526 3312 5589 6721 9133 10281 13752 15166 18896 29779 29255 32486 43729 30534 45603 66544 66164 59336 69748 83072 56481 71091 134588 127883 147394 27795 134213 125794 57223 198277 190295 107796 377517 203489 280028 62370 53174 75175 189783 194692 441819 124754 521532 281589
