5 17 29 41 53 65
713 1633 18003 46208 24506 8936
251442 207707 613771 320088 77117 11616
16645879 156732392 1949981399966100 2328974339548054 242118999626967 31912307783
5 17 29 41
105 550 712 203
28084 10777 1687 269
1485691 20618704 2520708 91686
3 4 5 6 7 8 9 10 11 12 13 14 15 16 17 18 19 20 21 22 23 24 25 26 27 28 29 30 31 32 33 34 35 36 37 38 39 40 41 42 43 44 45 46 47 48 49 50 51 52 53 54 55 56 57 58 59 60 61 62 63 64 65 66 67 68 69 70 71 72 73 74 75 76 77 78 79 80 81 82 83 84 85 86 87 88 89 90 91 92 93 94 95 96 97 98 99 100 101 102 103 104 105 106 107 108 109 110 111 112 113 114 115 116 117 118 119 120 121 122 123 124 125 126 127 128 129 130 131 132 133 134 135 136 137 138 139 140 141 142 143 144 145 146 147 148 149 150 151 152 153 154 155 156 157 158 159 160 161 162 163 164 165 166 167 168 169 170 171 172 173 174 175 176 177 178 179 180 181 182 183 184 185 186 187 188 189 190 191 192 193 194 195 196 197 198 199 200 201 202 203 204 205 206 207 208 209 210 211 212 213 214 215 216 217 218 219 220 221 222 224 225 226 227 228 229 230 231 232 234 236 237 238 239 240 241 244 245 246 252 254
377 2035 7322 14311 28675 40203 61897 68595 80998 87857 87577 76075 73221 58686 52268 42479 38033 32275 30128 26431 26486 23083 22586 20135 20154 17909 17791 16085 16055 14693 14605 12989 13514 12267 12150 11405 11591 10445 10670 9556 9797 8847 8750 8140 8446 7591 7841 7105 7238 6624 6709 6083 6286 5867 5797 5280 5660 4983 5021 4588 4797 4274 4398 3934 4031 3715 3578 3301 3528 3027 3215 2953 3069 2593 2687 2474 2601 2272 2290 2015 2191 1951 1915 1817 1966 1794 1792 1572 1577 1502 1428 1437 1495 1299 1273 1171 1269 1113 1124 1037 1136 1052 1049 849 915 864 786 774 796 691 723 675 636 599 559 516 535 500 465 478 520 448 413 374 408 371 327 338 336 323 265 266 296 260 291 255 283 283 215 219 236 236 236 232 251 182 154 142 159 142 128 104 128 142 106 106 105 101 100 81 93 107 79 63 80 85 76 58 80 70 58 46 57 38 43 32 58 35 25 38 34 33 33 23 23 26 20 19 17 56 50 17 13 15 13 18 12 9 12 5 15 9 14 14 8 9 16 15 4 5 2 6 3 3 2 2 3 4 2 1 3 2 2 1 2 4 4 1 2 1 1 1 1 1 1 1 1 2 2 1 1
377 2136 10053 25114 72786 140733 332698 530310 1010369 1625175 2533118 3320850 5096205 5820142 7841206 8836902 10977787 12025026 15003043 16521305 21525072 23909595 30841844 33594015 44150756 47558063 61058677 66917820 84797239 93953190 117999035 124208705 164107590 175660978 214497464 236283124 297505136 316245704 407121565 427222211 539430382 553572706 694558471 727963801 921028054 965592860 1227375170 1246511583 1572845632 1626062721 2026486695 2121098547 2576944314 2716912220 3302754999 3357973812 4424507855 4310882728 5317941999 5418564635 6809881925 6738896328 8403107390 8512382070 10152767562 10590351825 12331852840 12251312572 15575992262 14745993026 19230950030 19215990793 23765120390 21734741619 26885639745 27198271444 33702082412 32482734342 39532949444 38449193181 48918959868 46873759574 54306728022 57570151339 70241389837 71070351566 85671779327 80998128940 95621226658 96373890019 109357121410 122562363265 145471767121 138843455041 158538876554 158193407692 194725852560 192422211863 222446704088 217279047333 273416065474 281331558189 330662985959 300780796336 363969023515 363819116463 376230856134 415282809909 480367037059 451195572213 571583309256 559942364833 606657262374 643968815216 660548518975 678174791300 796556773005 806646114468 862938055573 932329823609 1208867822469 1099867677232 1183151961373 1127042344443 1387307345193 1367607099617 1485277579198 1573769726020 1804966841896 1809944789249 1686253595840 1786690979194 2385580118838 2180512167858 2882319928310 2683949308773 3326115418659 3611994111907 2944973429655 3285269726811 4027867602289 4628519510208 4949914989969 5145966099986 6492509605149 5012698503729 4622819412618 4716552978290 5954524010523 5913964955874 5869302178961 5156099242946 7278115127275 8667995858677 6668555217064 7798590971765 9063658061844 9111611601486 10158246095531 8481855907049 10712417715070 13769636263632 10982249748197 9360197642358 14405749089774 15983295059190 14903645428200 12359422717720 20921034564781 18382700638303 17497550175374 14397258526997 20854296414831 14493163992785 19415569279658 13506687476680 31035721446930 19640693710580 15313444115900 23481898340335 25654769445066 25709259633089 26326959959058 21931262890030 22961609737787 28549291378924 24675821133810 23451583003932 27945208217355 87421482091764 85317286968156 29728129138612 26489269943394 37947186403806 43964729018508 49253812077052 33073659527238 26856692233953 44899371035596 17328242815344 63617864332440 37533814410787 64459123495418 75754164113925 53165584997818 53776953649810 116525109500820 112390197311590 30728810384901 41267056359399 18550205150710 58890468693778 32891121615777 35750043708834 25900191851790 28141091398574 45855453745443 66406392431656 36056365033342 19573856161145 69185613521547 50051747520222 54304817851230 29454549941750 63892781392314 138572505290076 150244534330280 40718063627362 88265869768510 51820051838712 60806135438329 65851585970275 71304185514919 77195892663512 83561103925871 90436839668817 114540884553038 247776886154518 267956518689776 213636919820625 249291451168559
3 4 5 6 7 8 9 10 11 12 13 14 15 16 17 18 19 20 21 22 23 24 25 26 27 28 29 30 31 32 33 34 35 36 37 38 39 40 41 42 44 45 46 47 51 52 55 63 71
13 31 210 510 854 2047 3294 4472 4342 5374 4111 4444 3472 2594 1496 1180 602 462 223 228 132 138 76 106 57 63 28 41 29 34 19 18 15 12 7 8 17 9 7 5 4 2 4 10 2 2 3 7 3
13 31 305 805 1996 6402 15120 31717 47320 96463 109862 198534 242949 271098 249336 291054 215657 223721 137237 156965 115092 141570 103148 184778 101030 148376 88768 165280 131312 201526 123230 203535 126782 175316 93206 147296 302970 280394 245490 212366 289333 119259 346632 751750 249508 499016 844767 6765269 9263205
