5 17 18 29 30 41 42 53 54
58 2824 352 34140 5071 43476 5752 7370 927
830 23561 3323 332107 47375 157396 20409 9978 1253
43514 44255244 24639191 479432270556161870 70098405053473315 175548476824246299 24248167773348674 747740641995 73177396522
5 17 18 29 30 41
8 302 38 417 79 9
21 1084 168 705 135 9
769 1028356 11323318 7391841 2208343 105939
3 4 5 6 7 8 9 10 11 12 13 14 15 16 17 18 19 20 21 22 23 24 25 26 27 28 29 30 31 32 33 34 35 36 37 38 39 40 41 42 43 44 45 46 47 48 49 50 51 52 53 54 55 56 57 58 59 60 61 62 63 64 65 66 67 68 69 70 71 72 73 74 75 76 77 78 79 80 81 82 83 84 85 86 87 88 89 90 91 92 93 94 95 96 97 98 99 100 101 102 103 104 105 106 107 108 109 110 111 112 113 114 115 116 117 118 119 120 121 122 123 124 125 126 127 128 129 130 131 132 133 134 135 136 137 138 139 140 141 142 143 144 145 146 147 148 149 150 151 152 153 154 155 156 157 158 159 160 161 162 163 164 165 166 167 168 169 170 171 172 173 174 175 176 177 178 179 180 181 182 183 184 185 186 187 188 189 190 191 192 193 194 195 196 197 198 199 200 201 202 203 204 205 206 207 208 209 210 211 212 213 214 215 216 217 218 219 220 221 222 223 224 225 226 227 228 229 230 231 232 233 234 235 236 237 238 239 240 241 242 243 244 245 246 247 248 249 250 251 252 253 254 255 256 257 258 259 260 261 262 263 264 265 266 267 268 269 270 271 272 273 274 275 276 277 278 279 280 281 282 283 285 286 287 288 289 290 291 292 293 294 295 296 297 298 299 300 301 302 303 305 306 308 309 311 314 316 321 322 323
311 1342 3183 5820 8749 11660 13231 14834 15504 15425 15434 15009 14457 14021 12975 12482 12012 11454 11301 10749 10295 10042 9516 9122 8949 8607 8529 8015 7891 7748 7408 7199 7082 6944 6729 6572 6307 6332 5989 5805 5792 5520 5489 5269 5104 4924 4808 4717 4513 4572 4376 4109 4225 4001 3949 3768 3680 3638 3615 3582 3461 3412 3276 3052 3030 3091 2881 2820 2737 2673 2583 2500 2519 2424 2305 2299 2276 2257 2178 2105 2035 1967 1980 1881 1879 1848 1722 1648 1601 1722 1650 1627 1451 1505 1363 1348 1271 1365 1278 1190 1212 1182 1079 1138 1117 1157 1038 1021 973 952 913 916 932 902 884 860 769 824 781 786 744 696 663 661 641 648 603 620 552 517 517 523 543 538 515 498 448 435 440 446 432 430 400 334 349 376 361 362 356 331 270 275 319 294 311 296 293 264 213 261 254 261 247 212 180 200 204 193 191 187 169 155 171 173 170 169 155 153 126 140 135 157 128 156 97 110 99 113 124 133 112 89 79 83 74 112 104 86 70 69 74 74 95 105 71 58 45 57 65 61 64 65 41 41 41 54 40 42 40 41 33 35 50 47 36 46 22 26 30 30 30 33 28 14 26 29 32 24 24 17 12 15 18 18 16 19 14 8 11 19 18 22 20 9 10 13 16 16 19 20 5 8 10 9 12 11 6 8 5 4 7 6 5 4 4 5 7 4 6 6 3 2 3 4 4 3 3 1 1 2 2 3 2 1 1 1 1 2 3 2 1 1 1 1 1 1 1 1 1 2
311 1483 4742 12043 26468 53147 91518 158022 247583 372403 554246 795761 1108698 1521938 1984948 2623400 3423477 4380089 5784652 7167226 9043250 11367008 13867290 16955071 21262118 25635320 32782820 38114606 46648406 57089630 67688454 80328640 99160499 117866831 138744113 165484518 191674215 235135197 270961519 314599635 380857505 432089386 502312858 585609977 692288087 778255531 893419481 1059893074 1179591168 1411358311 1557219272 1754310653 2103013720 2361032133 2777936134 3089323929 3486193435 3929852847 4559409926 5173542500 5942318052 6963144081 7805511976 8183120724 9603633339 10907157587 11966527158 13331439954 15215324411 16872713071 18793176660 20559694508 23314499865 25845641165 28535954236 32911213966 37103549967 41556631404 44315811005 49122963289 56172276249 61191787165 70827507006 77281199162 84579585942 95075241970 97797081892 107156781737 120384865255 147103353579 157199107907 173581648208 177852378422 201231474447 210179021136 237282656857 255238276000 300669529765 313714761045 319830998381 369583521671 424348330143 431334116992 499930499330 564738037592 613996093950 637637069090 684327393169 753844755540 832839766835 871026244507 978544854144 1159958917752 1211891592460 1303784186541 1421305926769 1423386141600 1697539977211 1856005591048 2004661852433 2108716618090 2224287488720 2372802308729 2550816351823 2764448111181 3055829943133 3269291386159 3655230734645 3562478720550 3609763165374 4158744247921 4760038693965 5549590432757 5792413106210 6323423110138 6389834591022 6386657712648 7121804869282 8118249799585 8586969052489 9497326423709 10699943489177 11014433594616 9768055571435 11053065980460 13713909777502 14717111495932 15682331168999 16988716399510 16845674106333 15536719964848 16449511704862 22997476646914 20815253747978 26649311168781 27790772251333 30283883607505 29072494756875 25300483248294 33126561223633 37717655285436 43154816818897 42520652656499 41238834767379 37844695521636 42351537620447 52404425020504 55524456376153 56562117151074 60732980440262 64722179176152 61436669192095 78185900253741 83214687376633 87393638584888 95940315462620 96873523353174 110560211412155 92990054658410 114211181353420 118868643434147 148343357217735 135512512109351 168168192642886 118146387273702 158816656356867 153265468461403 184944121896357 219760107445319 256820223886676 231926646784923 210717960291778 180466973347744 216978694723944 227981106102979 350827324867676 350259523076021 330879037901975 291545240822374 307423885752804 357215259924351 368516486013953 544165917079312 653616663991795 468363090003591 428055931237241 325808785135609 521497146195365 584073413588200 583318876302090 711695561671855 762110061109084 530350837201358 619208026656694 599712727570924 895974349404057 687319415030313 796212015717890 804472065624688 934648081418675 801830469146527 881221585420277 1405649005850130 1403886919254846 1141787997921278 1674831484551108 800298926379565 1036970014847301 1409898136747547 1440817204827330 1756030878448296 1892473144207301 1707037862951141 899260048540593 1989817841218149 2217537431401623 2483698486597125 2182474644820477 2601354153289643 1923102990024927 1336372642299789 1870545946551215 2366976000642360 2559971907173028 2676557204304443 3670417766297017 2543929530037960 1747675893765428 2452423702240568 4597756645717929 4937036947443946 5939002454871571 5703765676632518 2983053970441902 3269162413975911 4594186061829430 6992247705950416 6786310972166101 8570081879548488 8792369533072312 3650503892368637 4695516181734192 6590380170839136 6037715198846362 8959115258851709 8880168339832110 4453121919127415 7790506295621670 4458652163632254 4663949064838330 8024764319516476 7513464457532797 6874566869537363 5154529752292978 6372904102137311 8801190174073875 12400470895781392 6674160341068782 12604520372469513 11245098951015189 8318263869407741 5081905180091396 8006698957140768 11549662565336200 12419343395376546 10192752035960319 14100029696115652 3652430836071053 4219388528587095 9068506253801772 9406291183372970 15340780195979428 11245985383901210 6039763882095515 6486674127079088 6965850144195831 7479565078510584 15509813463453624 40741489815237185 17873579212188627 10657331232548839 11435542077822104 13162217895057704 14118662665280005 15142952738857194 20017426762576945 21458096037352891 32488293351466654 34800954869440830 72075360646188907
3 4 5 6 7 8 9 10 11 12 13 14 15 16 17 18 19 20 21 22 23 24 25 26 27 28 29 30 31 32 33 34 35 36 37 38 39 40 41 42 43 44 45 46 47 48 49 50 51 54 55 56 57 58 59 60 62 63 65
5 19 35 83 81 148 140 158 164 163 111 131 94 80 66 79 51 43 47 36 48 50 25 22 21 18 18 12 10 18 11 12 12 10 9 6 11 4 5 7 10 4 1 3 6 5 2 1 4 3 3 3 2 1 3 2 3 2 1
5 22 54 197 276 852 964 2137 2691 4767 4121 7956 6923 9693 10085 18461 12608 14699 22496 26047 33688 57866 34363 33289 33778 40801 69029 54214 58276 122116 82059 118943 128507 141381 138660 145094 189200 114432 187389 262516 381294 195329 124740 448056 334929 595916 168819 211116 356536 997544 826936 2113694 803121 772310 1186685 1544620 5645024 1228308 1932934
