16 27 28 39 40 51 52
477 167 2013 77 628 9 72
6307 330 4303 99 791 10 78
312249 47483 1442681 14401 152110 309 2410
16 27 28 39 40 51 52
477 167 2013 77 628 9 72
6307 330 4303 99 791 10 78
312249 47483 1442681 14401 152110 309 2410
3 4 5 6 7 8 9 10 11 12 13 14 15 16 17 18 19 20 21 22 23 24 25 26 27 28 29 30 31 32 33 34 35 36 37 38 39 40 41 42 44 53
59 273 499 874 1359 1487 1204 1085 1021 838 541 436 434 388 245 207 253 177 101 64 81 52 41 37 34 30 20 13 13 8 7 4 6 3 4 5 3 4 2 3 2 1
59 310 788 1871 4046 6742 8875 12375 17578 21926 22319 24666 32791 40552 36726 38877 62103 55501 50355 36903 60528 54901 44604 53921 86266 67065 52756 37116 66596 38483 42646 46689 58402 26841 68159 76433 62626 111522 43274 104060 89166 204226
3 4 5 6 7 8 9 10 11 12 13 14 15 16 17 18 19 20 21 22 23 24 25 26 27 28 29 30 31 32 33 34 35 36 37 38 39 40 41 42 44 53
59 273 499 874 1359 1487 1204 1085 1021 838 541 436 434 388 245 207 253 177 101 64 81 52 41 37 34 30 20 13 13 8 7 4 6 3 4 5 3 4 2 3 2 1
59 310 788 1871 4046 6742 8875 12375 17578 21926 22319 24666 32791 40552 36726 38877 62103 55501 50355 36903 60528 54901 44604 53921 86266 67065 52756 37116 66596 38483 42646 46689 58402 26841 68159 76433 62626 111522 43274 104060 89166 204226
