0 1 2 3 4 5 6 7 8 9 10 11 12 13 14 15 16 17 18 19 20 21 22 23 24 25 26 27 28 29 30
2 1 4 7 2 10 2 18 9 12 16 3 20 8 13 11 20 12 10 19 13 11 9 12 10 9 10 7 3 3 3
7 1 5 22 2 15 2 29 12 18 21 4 27 11 19 11 27 19 11 23 13 11 9 12 10 9 10 7 3 3 3
97 1 10 123 4 68 3 79 83 108 138 37 156 31 98 61 214 284 277 6971 347 1842 723 381 218 87 84 43 19 9 4
0 1 2 3 4 5 6 7 8 9 10 11 12 13 14 15 16 17 18 19 20 21 22 23 24 25 26 27 28 29 30
2 1 4 7 2 10 2 18 9 12 16 3 20 8 13 11 20 12 10 19 13 11 9 12 10 9 10 7 3 3 3
7 1 5 22 2 15 2 29 12 18 21 4 27 11 19 11 27 19 11 23 13 11 9 12 10 9 10 7 3 3 3
97 1 10 123 4 68 3 79 83 108 138 37 156 31 98 61 214 284 277 6971 347 1842 723 381 218 87 84 43 19 9 4
2 3 4 5 6 7 8 9 10 11 12 13 14 15 16 17 18 22 23 26 27 30
13 17 56 64 63 41 40 23 19 8 5 4 7 4 2 1 3 2 1 1 1 1
13 17 87 129 198 193 358 253 390 188 142 180 420 308 202 135 638 1254 627 1575 1575 3718
2 3 4 5 6 7 8 9 10 11 12 13 14 15 16 17 18 22 23 26 27 30
13 17 56 64 63 41 40 23 19 8 5 4 7 4 2 1 3 2 1 1 1 1
13 17 87 129 198 193 358 253 390 188 142 180 420 308 202 135 638 1254 627 1575 1575 3718
