7 8 9 10 19 20 21 22 31 32 33 34 43 44 45 46
27 316 393 33 267 2716 4281 619 1499 12080 30086 5186 899 7111 29114 5345
87 1972 1617 75 1207 12438 20608 3035 6725 54120 138148 23852 1481 10962 53342 9666
3795 67498 45306 1320 2242317 110995012 207477132 15137364 15651621439170416 61581686587296965 1491094866164290593 24137449993991910 257812180054130 1321637050318576 30428547332940226 3537427094733883
7 8 9 10 19 20 21 22 31 32 33 34 45
1 22 16 1 11 100 142 19 3 37 98 19 2
1 50 37 1 23 204 238 35 4 42 114 25 2
2 538 273 2 47318 5438084 1236674 39542 15506 4501606 2627216 57014 387
3 4 5 6 7 8 9 10 11 12 13 14 15 16 17 18 19 20 21 22 23 24 25 26 27 28 29 30 31 32 33 34 35 36 37 38 39 40 41 42 43 44 45 46 47 48 49 50 51 52 53 54 55 56 57 58 59 60 61 62 63 64 65 66 67 68 69 70 71 72 73 74 75 76 77 78 79 80 81 82 83 84 85 86 87 88 89 90 91 92 93 94 95 96 97 98 99 100 101 102 103 104 105 106 107 108 109 110 111 112 113 114 115 116 117 118 119 120 121 122 123 124 125 126 127 128 129 130 131 132 133 134 135 136 137 138 139 140 141 142 143 144 145 146 147 148 149 150 151 152 153 154 155 156 157 158 159 160 161 162 163 164 165 166 167 168 169 170 171 172 173 174 175 176 177 178 179 180 181 182 183 184 185 186 187 188 189 190 191 192 193 194 195 196 197 198 199 200 201 202 203 204 205 206 207 208 209 210 211 212 213 214 215 216 217 218 219 220 221 222 223 224 225 226 227 228 229 230 231 232 233 234 235 236 237 238 239 240 241 242 243 244 245 246 247 248 249 250 251 252 253 254 255 256 257 258 259 260 261 262 263 264 265 266 267 268 269 270 271 272 273 274 275 276 277 278 279 280 281 282 283 284 285 286 288 289 290 292 293 294 295 297 298 299 300 301 302 303 305 307 309 310 311 312 313 317 318 325 326 329 342 358 359
211 1081 2266 4151 5854 7386 8381 8972 9152 9169 8962 8479 7856 7634 7266 6830 6659 6335 6043 5974 5824 5630 5464 5204 5143 4934 4707 4478 4392 4324 4183 3947 3860 3707 3630 3337 3536 3505 3285 3055 3187 3048 2970 2753 2907 2822 2676 2408 2521 2383 2337 2160 2226 2267 2229 2046 2119 2029 2084 1867 1910 1928 1778 1595 1683 1638 1572 1447 1500 1545 1524 1365 1445 1375 1318 1245 1284 1273 1267 1123 1163 1150 1065 954 1001 1007 929 904 986 919 876 811 928 845 880 769 815 717 756 673 679 660 653 597 668 623 640 578 594 579 660 522 556 482 492 480 456 420 454 399 436 409 445 396 388 360 440 355 373 344 346 303 329 284 295 292 304 256 290 277 290 242 251 242 262 232 201 225 232 188 177 190 213 155 161 164 214 144 153 154 196 133 137 149 162 148 126 123 110 127 108 104 126 117 116 103 88 97 81 88 99 99 84 82 75 82 81 58 70 76 73 57 60 58 59 44 48 80 66 48 65 51 49 32 40 39 47 37 50 38 33 25 28 22 33 33 35 33 24 20 26 18 27 25 29 22 22 12 10 18 10 20 15 22 22 10 12 20 16 15 19 21 16 10 11 13 15 4 14 13 20 9 7 6 8 6 15 12 12 7 4 6 6 5 10 7 7 6 4 1 5 2 8 4 5 2 3 1 2 3 1 2 3 3 2 2 3 1 3 1 1 1 1 1 1 4 3 1 1 1 2 1 1 1 1 1 1 2 1 1 1 1 1
211 1155 3151 8126 16923 31772 55688 89364 142265 206751 308849 414925 564177 742638 1015426 1278647 1724207 2166183 2790150 3574939 4562230 5609106 7215405 8576303 11025445 13044348 15963195 18483782 22802645 27896030 33815302 39001877 47764321 54850918 67555310 72110785 94535797 111801561 131750505 141365537 180198481 207460689 246226680 260675754 338343847 379019772 442102821 455467560 570221347 626337711 761774860 800825751 969005421 1154895317 1344949159 1435880773 1755927981 1912695479 2420241086 2403049258 2865414556 3308137868 3518444970 3676209470 4480444324 4969373771 5723335703 5994340291 7268244232 8031560403 9807803997 9833369500 12054323025 12987352047 14589645404 15716558144 18669800601 20499203108 23247947750 22535724139 28184260202 30532289391 33406688973 32901389000 38464212614 43649840908 46466078497 51845424142 65956206548 69004324307 78326469428 76058563752 102238808653 102580381387 123242279186 114340637484 141177877590 132696477860 174406320386 160236163014 185050178260 199706814730 227595602344 217385768725 289683110440 294007803652 357580491935 356820717107 393774695248 442500824637 559479619893 505575695656 582892504875 573903174535 667265328089 723961697804 736947294218 768895539544 930117265420 938211532546 1097981779797 1176736970358 1425257627869 1400513900335 1584634819432 1546639975679 2125424031109 1828662301847 2329820061009 2197225999524 2440019698554 2380893474614 2790863400093 2592932012023 3125144076652 3398627920151 4037487975957 3531868780307 4693261285438 4976599138346 5831268019607 5061758659283 5828993616293 6292002602722 7406467423386 7311437170220 7301975865190 9003136729013 10000279594390 9076642211353 9116757789627 10779392980359 13759848334406 9999122655996 11385412277159 12985054826422 19270655889943 14473817113239 16982576692099 17258830656507 26386083823577 17240750404271 21942002057464 26085582847452 31783887685285 30210107895506 29640417261984 30345655758431 30576728195488 36351868497584 34482975227554 35828527843148 52213421328015 48582867991819 60908608408250 50995726322875 47919751155994 56344790115540 56852073780440 63873340852705 83532540955977 87204698625223 85750796253970 83786352661488 79924711304930 95645651256093 113630850971192 79167143325986 108343568939281 121761421470928 140020091821912 111461750951407 124820644883784 132687714239504 162867457948643 118686726369541 154576864335028 280568520849241 270119667618901 215705988772575 294316484525203 240440745611340 263303519366420 168217662724602 249073525829031 239661799733406 355787387418433 301171519103040 397211764511795 344370571589826 342385953986227 287655309565003 319963001166456 271971430451241 474735414469290 525863466549999 570003450778830 600451348032420 432412513651032 425706091866185 547681041701318 425661426768640 726036784520694 733105140015183 875642172143410 784331242561391 873301741934463 491282326302746 419964175067336 821964838697329 441886216052094 1157319914243299 903179934898165 1301563062771986 1467034947403790 691231456970614 957291162644810 1672035436032624 1610840804223322 1521250375048752 2097591048808545 2447786261320106 2145086858656082 1414706470674810 1631117212209626 1942894889491234 2534033989670673 691862914627552 2650150218922240 2651154508867808 4558740548624658 2170972735561341 2074096609684552 1744361747496672 2710873531534240 2322055303856730 5271081082084914 4816850203214262 5111374878612762 3445883857884807 1946771554731213 3091370993008365 3376120825605890 2928528116298287 6888822288156320 5415897815111562 5284485379319784 4855987079786943 3553892055315894 974834369944625 6150458699613718 2262477007877212 10355418227258908 5154529752292978 6560259004081075 2933730058024625 4679254955039521 1762278433057269 3524556866114538 6122477557725225 2195786311682516 4724438290675422 7086657436013133 7814778363638931 9037997455008107 6320275734297994 14100029696115652 4219388528587095 12973030184075076 4534253126900886 5234371069753672 5622992691950605 6039763882095515 6965850144195831 6965850144195831 30468943620474792 24680993045351105 9253082936723602 9930972392403501 12269218019229465 27280880560337709 14118662665280005 15142952738857194 17414180133147295 17414180133147295 24650106150830490 26415807633566326 85496156071909392 45772358543578028 56156602112874289 134819180623301520 387632532919029223 413766180933342362
3 4 5 6 7 8 9 10 11 12 13 14 15 16 17 18 19 20 21 22 23 24 25 26 27 28 29 30 31 32 33 34 35 36 37 38 39 40 41 43 45 46 50 54 55 57 58 61 65 69 70
1 12 30 58 34 53 63 55 40 41 41 38 16 30 25 35 19 16 15 16 8 3 7 10 18 1 9 8 9 7 7 11 3 3 4 4 5 2 2 1 3 2 1 1 1 1 1 2 2 1 1
1 18 48 142 107 290 488 720 622 1049 1418 1943 1104 3006 3522 6608 5081 5355 6392 8213 6017 1887 9399 14030 29033 2510 25572 33048 40018 42682 35249 91698 29457 37224 53628 77556 96812 54386 61969 52030 159522 195514 178268 408452 408452 386155 386155 1430440 2600312 2323520 4647040
