17 18 29 30 41 42 53 54 65 66
2003 1295 2372 23703 6885 39209 3022 17010 650 3842
141514 37527 46967 537600 41290 228939 8457 46933 785 4513
564779573 81916616 4524202856162684 36629319267934932489 962446725813807145 8238092664263959146 98815357384081078 358145516767056228 16123347240 64344705790
17 18 29 30 41 42
388 278 57 766 19 82
6786 2358 130 1795 24 109
36798056 12151751 2307748 19836447 24514 120873
3 4 5 6 7 8 9 10 11 12 13 14 15 16 17 18 19 20 21 22 23 24 25 26 27 28 29 30 31 32 33 34 35 36 37 38 39 40 41 42 43 44 45 46 47 48 49 50 51 52 53 54 55 56 57 58 59 60 61 62 63 64 65 66 67 68 69 70 71 72 73 74 75 76 77 78 79 80 81 82 83 84 85 86 87 88 89 90 91 92 93 94 95 96 97 98 99 100 101 102 103 104 105 106 107 108 109 110 111 112 113 114 115 116 117 118 119 120 121 122 123 124 125 126 127 128 129 130 131 132 133 134 135 136 137 138 139 140 141 142 143 144 145 146 147 148 149 150 151 152 153 154 155 156 157 158 159 160 161 162 163 164 165 166 167 168 169 170 171 172 173 174 175 176 177 178 179 180 181 182 183 184 185 186 187 188 189 190 191 192 193 194 195 196 197 198 199 200 201 202 203 204 205 206 207 208 209 210 211 212 213 214 215 216 217 218 219 220 221 222 223 224 225 226 227 228 229 230 231 232 233 234 235 236 237 238 239 240 241 242 243 244 245 246 247 248 249 250 251 252 253 254 255 256 257 258 259 260 261 262 263 264 265 266 267 268 269 270 271 272 273 274 275 276 277 278 279 280 281 282 283 284 285 286 287 288 289 290 291 292 293 294 295 296 297 298 299 300 301 302 303 304 305 306 307 308 309 310 311 312 313 314 315 316 317 318 319 320 321 322 323 324 325 326 327 328 329 331 332 333 336 337 338 339 341 342 343 344 345 347 353 354 357 358 359 360 361 362 368 369 371 373 374 376 377 381 384 387 389 392
164 1115 3836 7250 15080 19016 28750 28980 36126 33451 39145 33154 36804 29693 32842 25657 28910 22412 25487 19954 22587 17562 20605 15627 18285 14336 16746 13246 15691 11874 14582 11030 13167 10134 12555 9408 11682 8757 10888 8272 10267 7701 9682 7427 9089 6856 8647 6482 8335 6281 7704 5924 7201 5330 7053 5168 6542 4876 6364 4682 6042 4570 5707 4237 5647 4012 5203 3942 4829 3721 4568 3528 4395 3340 4009 3212 3858 2972 3738 2924 3511 2723 3400 2507 3304 2519 3048 2339 2915 2216 2852 2148 2581 1948 2551 1923 2396 1780 2285 1746 2055 1641 2033 1573 1879 1505 1750 1420 1751 1307 1664 1302 1604 1208 1472 1164 1403 1030 1279 1059 1280 979 1117 892 1138 853 1060 820 1043 796 964 721 926 708 900 729 851 624 740 687 706 597 658 566 692 533 625 488 562 448 586 466 527 444 545 414 450 410 439 379 457 342 391 310 398 301 339 290 359 285 335 245 318 242 310 224 261 222 270 199 263 165 240 176 237 170 207 145 213 156 183 135 180 165 177 150 155 104 160 122 140 136 133 111 145 114 135 87 138 109 147 92 99 84 115 68 92 69 95 78 77 81 87 69 80 57 73 44 78 51 60 51 65 46 58 44 49 41 56 33 43 27 56 30 35 33 46 25 38 37 43 28 28 40 30 28 32 23 33 20 35 15 30 16 29 15 19 16 18 15 21 19 16 18 25 12 10 13 16 18 12 13 12 7 6 15 13 4 11 6 11 6 13 4 14 6 6 10 9 8 11 10 10 6 12 4 12 4 3 11 7 6 6 2 2 4 6 3 6 1 4 2 3 2 6 4 4 1 1 6 2 1 2 4 3 3 4 2 4 3 1 2 3 1 3 2 2 2 2 1 2 1 1 1 2 1 2 1 2 2
164 1233 5197 13270 38590 72154 160738 248393 474253 653878 1177335 1480377 2421243 2833642 4564325 4901528 7802486 8110306 12571394 12877076 19727629 19203565 30238353 28714836 43118020 41962215 63927920 61000292 93075341 83971795 131282848 119195436 180892054 163999086 256031506 230945222 341629335 312449948 477649010 416181649 650616221 569578872 870315381 785391653 1183601080 1029966479 1609121683 1360105781 2109175226 1852119370 2809033284 2401769352 3576049002 3050088736 4658798798 3989145337 6045213952 5133169865 8146746455 6658156087 10143405040 8751069381 13181237870 10813041429 17507079690 14173619823 20976686319 18102435041 26204526866 22283956314 33085220780 28596233109 41081370503 34586199105 49916113545 43840054108 63716776382 54883038244 77276612214 68368075215 97429948485 83442066119 123803375163 97547008072 147137942802 127240735822 175490511523 145640052221 223674540241 185182557442 272148496799 224007891186 320740334822 262544853912 396169596375 324746140075 460744776542 387780347017 571353402624 461621190505 661857919439 571935717511 807400320581 660302847458 947999947284 818793839311 1129861801890 973713383454 1375818137727 1117671594977 1662511249862 1323105661586 1984409203297 1592880197976 2234508711030 1908107936779 2706721100786 2064644111279 3055909815221 2712318361529 3709199114382 3148271971097 4101677163287 3393983490390 4954707205370 4229425031224 5807251134836 4609409618892 6927698508182 5718501482300 7764729681738 6470623393646 9100803889103 7388862634678 11121150396549 9478162481144 12589123271086 10067188258600 13176441499171 13599498150781 15746392294067 14009605965663 18001257308731 16307132588841 22210642884008 18451398023636 24388786108228 21041981133885 27084296290986 23658197786859 32521390321219 28729826152060 36122306056739 32976965385956 44323556280680 39416747656496 42724443361616 44640291977395 52012016288194 51877627970706 67953976185004 51625162900588 69642985410271 61364239950181 85296132917906 70847959260344 86561348995332 79864726997293 107268493729042 93384935523817 124346608550272 91468418960891 138263142947671 113812336535454 167249293981899 132968420968079 164841047437046 155647869363710 193831471601335 163191182999245 235883762115612 161018067191557 250899883576465 206178138231664 295423918286083 227795908907832 328898781655003 233619366648315 374923647739162 293968150403656 391329830897834 308995790512155 445994277980255 440926893100025 558112267071050 491694180002351 558315090136613 383399294081948 664630796219980 525361883676006 665366139168106 714982533995952 739203966340701 689547735931152 960750415017919 740605857874018 1037423803856087 705796423018023 1316231758509791 1061965136157122 1686593318564044 1043321923907921 1248766545228830 1109142058949418 1710807062270778 1035866374451740 1633806300089456 1290502282943409 1914528093122222 1716252580611098 1777974023015215 2101553314170246 2648057070994027 2159578892978604 2628243022630522 2260291535090743 2822143062414501 1843649835007099 4076333416005343 2449985365578029 3276215282659667 3115612870225811 4503486333374388 3619111596403413 4510593372528648 3649068115227880 3915929028774837 4148842094574405 6343147427508525 3391221634045629 5316522861541149 3460318613212465 7697778627739135 4853528678893138 5910658212413918 5916117822593354 8262097725369172 5047343151518174 8159290254212556 9813003504003927 10191221143961574 7732249455630050 8124290627420031 13045296413340315 10553650313349954 10226634470982475 14315478657131945 10253460715356734 16335509815219211 11065664828781946 19553597308019164 8051567284452417 18090253109466581 9683976897033955 21944837473685994 12978870350407699 13856968007585437 16091429116245088 17342802665114556 15140031864294812 27450461022287853 22593836620642121 21617236412128669 26850026932038411 38220403121881000 20811051910134280 15558745357969738 23439395400068990 28483628683613368 37044550211124533 26573530923971775 31073874030865614 29597763857008441 20545915611455121 16809352322049250 47907708995750648 45477875079129840 17242766884018145 44960424337194290 28108337947979908 48638724233870700 27543303690976514 64785826787263444 21352394510126966 82889609588757570 37609453082362472 41315924848058243 79706641192042659 71170868851622448 67193226532154245 97988392336408160 97953945012675212 105120594645197714 67056830776386094 143895912465124136 52648871580230816 166554617672693157 56474650661120020 46525692013544051 185684013478032085 126928493597843341 116066745186531927 122985899125013562 46000013310974674 49300212301660980 100366126086057796 166051696631116664 88957384320681931 188443426023928854 32488293351466654 144150721292377814 79839131053999982 122587209089954678 88520436579532724 287567291628107556 202935375728133032 224626408451497156 64325374609114550 68834885946073850 417827717592219589 168601631272450238 96450110192202760 206302932643470650 434075047597613641 378325553501389065 395746879080399395 576471746111495328 308087194759152060 647956034876859162 564025941156878940 279363328483702152 596660126125516152 1089352536144330015 387632532919029223 1241298542800027086 883245963858716874 942628128536797560 1005915133012000040 1482866319768163368 790738119649411319 1798350696792176698 1022141228367345362 1089657644424399782 1238057794119125085 2639021199454947000 1701169427975813525 4113026950673267610 2484305294265418180 5633519006435885584 6797408082716320550
3 4 5 6 7 8 9 10 11 12 13 14 15 16 17 18 19 20 21 22 23 24 25 26 27 28 29 30 31 32 33 34 35 36 37 38 39 40 41 42 43 44 45 46 47 48 49 50 51 52 53 54 55 56 57 58 59 61 64 66 68 72
2 68 107 333 247 723 525 1026 591 1036 513 790 414 736 326 499 258 409 236 312 171 278 152 195 107 148 84 109 61 104 67 70 39 78 41 56 20 42 16 29 22 24 15 17 6 20 7 10 14 8 11 4 4 2 4 2 4 6 1 1 1 1
2 85 155 762 689 3607 3193 12123 8438 26686 17379 48134 29741 87991 48524 126147 72774 177158 120878 255684 140611 339009 221743 433126 227265 435178 303395 605645 354879 714392 580773 989968 468830 1123456 852573 1682333 650262 1881953 651964 1421142 1007704 1943063 1161974 2297301 736268 3366810 1057300 2962127 2494337 2169139 2861317 2240204 1405996 4712736 1953292 772310 2670976 7586614 1932934 2600312 2012558 6175470
