1 2 3 4 6 7 8 9 10 11 12 13 14 15 16 18 19 20 21 22 23 24 25 26 27 28 30 31 32 33 34 35 36 37 38 39
1 1 1 1 2 7 3 6 10 18 20 18 27 26 7 14 44 31 43 41 113 145 156 128 150 50 4 12 12 4 3 27 32 17 8 8
2 1 2 1 4 8 5 9 14 22 27 23 29 37 10 16 49 34 49 49 132 172 170 143 161 51 4 12 12 4 3 28 32 17 8 8
4 6 6 6 12 17 15 16 37 58 110 68 148 136 107 50 1342 340 2294 2120 6029 20982 24099 18088 20181 2430 47 183 68 10 6 882 780 1223 78 204
1 2 3 4 6 7 8 9 10 11 12 13 14 15 16 18 19 20 21 22 23 24 25 26 27 28 30 31 32 33 34 35 36 37 38 39
1 1 1 1 2 7 3 6 10 18 20 18 27 26 7 14 44 31 43 41 113 145 156 128 150 50 4 12 12 4 3 27 32 17 8 8
2 1 2 1 4 8 5 9 14 22 27 23 29 37 10 16 49 34 49 49 132 172 170 143 161 51 4 12 12 4 3 28 32 17 8 8
4 6 6 6 12 17 15 16 37 58 110 68 148 136 107 50 1342 340 2294 2120 6029 20982 24099 18088 20181 2430 47 183 68 10 6 882 780 1223 78 204
3 4 5 6 7 8 9 10 11 12 13 14 15 16 17 18 19 20 21 22 23 24 25 26 27 28 31 34 35 36 37
15 87 157 188 166 154 103 87 68 57 41 41 33 26 18 15 17 16 16 12 9 5 7 2 1 1 1 1 2 1 1
15 92 215 381 502 747 769 1072 1179 1416 1605 2212 2348 2280 2683 2724 4151 3996 6963 5281 5492 3516 6216 2004 1575 1958 3010 5604 13684 8349 10143
3 4 5 6 7 8 9 10 11 12 13 14 15 16 17 18 19 20 21 22 23 24 25 26 27 28 31 34 35 36 37
15 87 157 188 166 154 103 87 68 57 41 41 33 26 18 15 17 16 16 12 9 5 7 2 1 1 1 1 2 1 1
15 92 215 381 502 747 769 1072 1179 1416 1605 2212 2348 2280 2683 2724 4151 3996 6963 5281 5492 3516 6216 2004 1575 1958 3010 5604 13684 8349 10143
