16 28 40 52
781 2140 632 68
7799 4500 811 72
376847 1458169 127759 1720
16 28 40 52
781 2140 632 68
7799 4500 811 72
376847 1458169 127759 1720
3 4 5 6 7 8 9 10 11 12 13 14 15 16 17 18 19 20 21 22 23 24 25 26 27 28 29 30 31 32 33 34 35 36 37 38 39 40 43 45 51
53 281 701 1164 1590 1643 1575 1291 1052 818 591 494 425 249 198 184 174 81 72 86 103 40 57 66 55 28 20 22 17 4 6 13 4 4 5 4 2 5 3 1 1
53 322 1101 2496 4969 7825 11671 14298 17857 21981 23947 27071 31370 27479 32235 36579 41734 29475 31080 49051 66727 33258 82165 101874 94591 64894 57818 87838 74970 20892 51622 94185 30382 57750 101555 64123 35954 118842 112014 53174 147273
3 4 5 6 7 8 9 10 11 12 13 14 15 16 17 18 19 20 21 22 23 24 25 26 27 28 29 30 31 32 33 34 35 36 37 38 39 40 43 45 51
53 281 701 1164 1590 1643 1575 1291 1052 818 591 494 425 249 198 184 174 81 72 86 103 40 57 66 55 28 20 22 17 4 6 13 4 4 5 4 2 5 3 1 1
53 322 1101 2496 4969 7825 11671 14298 17857 21981 23947 27071 31370 27479 32235 36579 41734 29475 31080 49051 66727 33258 82165 101874 94591 64894 57818 87838 74970 20892 51622 94185 30382 57750 101555 64123 35954 118842 112014 53174 147273
