6 7 8 18 19 20 30 31 32 42 43 44
50 41 13 282 343 141 164 143 63 11 7 8
146 123 33 546 584 234 172 152 71 11 7 9
714 510 108 16623 49292 16963 43023 34261 5860 1359 444 927
6 7 8 18 19 20 30 31 32 42 43 44
50 41 13 282 343 141 164 143 63 11 7 8
146 123 33 546 584 234 172 152 71 11 7 9
714 510 108 16623 49292 16963 43023 34261 5860 1359 444 927
3 4 5 6 7 8 9 10 11 12 13 14 15 16 17 18 19 20 21 22 23 24 25 26 27 28 29 30 31 34 39 42
22 113 268 282 302 247 172 150 104 83 58 68 36 34 31 21 22 17 9 9 9 7 4 6 5 1 1 2 1 2 1 1
22 121 381 587 976 1281 1447 1877 2009 2297 2026 3836 2321 3691 4287 3101 4777 5230 3542 5561 5634 6405 5982 7832 6604 5020 1958 4872 3010 12446 29766 31185
3 4 5 6 7 8 9 10 11 12 13 14 15 16 17 18 19 20 21 22 23 24 25 26 27 28 29 30 31 34 39 42
22 113 268 282 302 247 172 150 104 83 58 68 36 34 31 21 22 17 9 9 9 7 4 6 5 1 1 2 1 2 1 1
22 121 381 587 976 1281 1447 1877 2009 2297 2026 3836 2321 3691 4287 3101 4777 5230 3542 5561 5634 6405 5982 7832 6604 5020 1958 4872 3010 12446 29766 31185
