3 15 27 39 51
65 1039 1935 526 3
7350 12134 4661 636 3
122370 641739 1163241 53465 7
3 15 27 39 51
65 1039 1935 526 3
7350 12134 4661 636 3
122370 641739 1163241 53465 7
3 4 5 6 7 8 9 10 11 12 13 14 15 16 17 18 19 20 21 22 23 24 25 26 27 28 29 30 31 32 33 34 35 36 37 38 39 40 42 43
53 390 806 1740 2416 3319 3250 2952 2348 2298 1508 928 638 497 349 249 230 205 122 80 91 83 39 29 40 30 25 15 18 8 7 2 4 4 2 2 1 2 1 3
53 454 1209 3726 7210 14872 22048 32017 38220 62119 59468 57837 54333 54341 54141 49639 66600 77594 71843 43481 74086 96387 54179 50083 108297 91965 89619 66818 72476 42201 39637 12446 61644 54209 22453 52882 14883 43274 31185 130893
3 4 5 6 7 8 9 10 11 12 13 14 15 16 17 18 19 20 21 22 23 24 25 26 27 28 29 30 31 32 33 34 35 36 37 38 39 40 42 43
53 390 806 1740 2416 3319 3250 2952 2348 2298 1508 928 638 497 349 249 230 205 122 80 91 83 39 29 40 30 25 15 18 8 7 2 4 4 2 2 1 2 1 3
53 454 1209 3726 7210 14872 22048 32017 38220 62119 59468 57837 54333 54341 54141 49639 66600 77594 71843 43481 74086 96387 54179 50083 108297 91965 89619 66818 72476 42201 39637 12446 61644 54209 22453 52882 14883 43274 31185 130893
