24 36 48 60 72
4435 26419 40868 21063 7207
1754362 739942 285789 72385 9470
45805179545011804 6892736431418821645 8041166388708033693 446688348949460077 1671271518757
24 36 48
625 643 123
8310 1611 154
140588072 24189890 314952
3 4 5 6 7 8 9 10 11 12 13 14 15 16 17 18 19 20 21 22 23 24 25 26 27 28 29 30 31 32 33 34 35 36 37 38 39 40 41 42 43 44 45 46 47 48 49 50 51 52 53 54 55 56 57 58 59 60 61 62 63 64 65 66 67 68 69 70 71 72 73 74 75 76 77 78 79 80 81 82 83 84 85 86 87 88 89 90 91 92 93 94 95 96 97 98 99 100 101 102 103 104 105 106 107 108 109 110 111 112 113 114 115 116 117 118 119 120 121 122 123 124 125 126 127 128 129 130 131 132 133 134 135 136 137 138 139 140 141 142 143 144 145 146 147 148 149 150 151 152 153 154 155 156 157 158 159 160 161 162 163 164 165 166 167 168 169 170 171 172 173 174 175 176 177 178 179 180 181 182 183 184 185 186 187 188 189 190 191 192 193 194 195 196 197 198 199 200 201 202 203 204 205 206 207 208 209 210 211 212 213 214 215 216 217 218 219 220 221 222 223 224 225 226 227 228 229 230 231 232 233 234 235 236 237 238 239 240 241 242 243 244 245 246 247 248 249 250 251 252 253 254 255 256 257 258 259 260 261 262 263 264 265 266 267 268 269 270 271 272 273 274 275 276 277 278 279 280 281 282 283 284 285 286 287 288 289 290 291 292 293 294 295 296 297 298 299 300 301 302 303 304 305 306 307 308 309 310 311 312 313 314 315 316 317 318 319 320 321 322 323 324 325 326 327 328 330 332 335 336 338 339 340 342 343 345 347 348 349 357 363 367 370 372 375
288 1490 4390 10663 19321 33835 48115 67424 77994 85850 86556 86577 82079 83277 76950 74287 72359 71931 64637 63457 61194 59715 55612 55278 51762 52097 47745 45411 44535 44399 40322 40143 38939 37761 34644 34201 32433 32575 30104 29380 28760 28666 25782 25190 24472 24250 22729 22499 21681 21719 19640 19141 18730 18984 17143 17104 16487 16397 14997 14629 14203 14213 12971 13122 12557 12683 11589 11341 10891 10867 10119 10236 9637 9592 8961 8550 8360 8464 7826 7524 7446 7452 6688 6636 6449 6328 6112 5830 5761 5695 5177 5127 5024 4918 4552 4703 4463 4356 4148 3850 3989 3956 3681 3419 3393 3459 3159 3115 3039 3095 2869 2831 2808 2764 2506 2464 2421 2517 2372 2177 2153 2091 1921 1931 2027 1839 1875 1687 1733 1684 1549 1557 1551 1497 1467 1391 1449 1393 1236 1204 1269 1308 1212 1142 1181 1133 1080 1026 1005 977 996 929 963 896 804 803 877 788 883 791 787 794 685 668 663 664 683 624 612 573 528 548 536 509 533 438 556 458 394 405 428 423 415 379 380 379 337 354 345 335 317 317 302 326 351 394 290 266 290 250 253 231 182 204 215 205 228 191 204 187 175 149 168 162 153 159 159 139 136 145 129 113 125 104 106 88 99 89 106 69 80 70 73 81 65 53 70 59 54 52 48 52 51 36 51 29 36 40 33 35 35 26 41 39 41 42 38 27 31 31 32 31 25 33 19 25 20 20 23 18 13 17 19 16 23 17 20 16 14 15 16 17 14 9 7 14 12 15 11 11 11 10 9 8 10 8 6 12 8 6 10 9 9 8 4 4 8 7 11 10 9 10 4 5 6 3 5 10 6 6 3 4 8 2 8 2 4 4 2 1 3 1 1 2 2 2 2 1 3 2 1 1 1 2 1
288 1636 6200 19464 48658 120237 237135 492359 816693 1424237 2173661 3341866 4628072 6987834 9175097 12807390 17158185 23573319 28873962 38787024 48358621 63168455 76730241 98864279 117525859 154136289 177129091 218716452 265163310 332302043 374486571 469204990 543864467 666706726 752400735 925764795 1040817096 1285692081 1409024592 1691918078 1953088501 2398917557 2517567047 3076765657 3436429043 4126349978 4581527262 5452193858 6037960758 7446501059 7743850411 9242780615 10297603129 12566413844 12825558068 15617131484 17070213451 20151962338 21083127493 25094078211 26857525328 31671977923 32829066566 39589680621 42896253846 52369037404 53057193675 62341941209 67541850656 79007989810 81840425158 99731752540 100939451648 121219735791 124395064104 143728689470 153614050561 183269136533 184273951024 213365905013 235118182790 270089572896 267967923790 323007495758 336701200636 383894953241 407919989073 458717469902 483866190213 565536516799 554694815202 642414632781 679156930663 752410194370 781925959917 955033108707 997290373653 1098266505477 1128728931224 1247331256565 1417876476397 1632759829297 1567705998388 1768053361143 1861115734391 2202812804601 2183781410730 2528447083958 2611217277207 2961276506411 3105851561067 3517525678259 3732340530071 4213656352199 4085119155473 4753910079270 4914196927217 5731175324249 5980463369554 6345327056216 6726044153398 7297800482942 7308523842765 8405741446769 9360630243224 9641469768452 10912722942415 10987043705735 12111605137398 13288435571509 13513553656360 15582974747767 16388640755704 17263255264539 19573030794204 20193667796489 22474324889472 24886950451967 24444255330086 25992488732403 29499180271873 34158610127853 36019332810287 37187375825223 41687219500430 44150822733722 47987376374402 49272958211121 49866496087828 55108436438733 65544769490661 67518343749957 75314311435352 73090776209815 74649743785886 87199641796948 94642899575801 93710133305925 124389444650243 121429001630109 130206984983393 145510079397458 136163805854008 145590802333310 151495081798467 171122777263571 199209971052867 208629081874195 216737909770311 209428453403673 219510842695586 247998476603153 246288592802857 280729072707894 339862415521011 268137352618278 393201313921316 359092387916151 343474068488240 389336424706735 411087013092641 451431869012995 550184964884788 562671089508004 555477969700896 607874469200126 572267310818494 635098626164676 642350891435576 722321566530882 772024649527838 878698125427532 895026328703380 1011359775485842 1195384254594246 1450953951450679 1064946739354648 1207356842626263 1471544721490832 1316114833599077 1482332159504930 1510781951125009 1263582519610427 1694374198110255 1580685282955974 1652976808567710 2476936956032393 2157252217073778 2435153569208878 2379875831641154 2350184249354111 2243912034313607 2516151687872119 2688918130712992 2888306674087344 3541699619107048 3643495038999268 3358399805137442 3939571534375440 3940622366341956 3334986801648959 3755209736062437 4864391174020600 4120589439715944 4717194623044146 4377767187167771 4538193954437022 5218467704036053 5484038724873355 4096893179619237 6054753288193291 4859007870686373 5631025530252010 5877600554420354 4995536150517051 4317449404940455 6346336209385465 6257793945098572 6041484304410214 5562415479633999 5791432596485910 7207653468683238 7146326865372966 5383573593491232 7793919807346868 5322575897921845 7302569520375363 8271345938445904 8097919641407194 8920508361590321 9102141216099084 7377625940944490 12980532282143745 12556271347966032 15231788226852339 15783864300570991 15766878746534551 13193489075943973 14230170041317668 18079866917282236 16959219098978005 18932801440221226 17131773400311060 22119877650433276 14850998338046406 20187969266913184 17935946421818252 22509788880089217 26280313472271174 18119831584720795 15834016995789930 22831281768643591 28068313715933873 21006479510401617 32958155291845434 28934509522817310 37550353116802164 31992147650681037 26730651457370316 34745129095930004 40127304436955895 42420088380231846 34143468702975876 25985287680962491 22303370722904686 53594663436065160 38871438985139068 59033162324196541 45743609310781219 48304906447943060 47672732207713209 51565709043765736 58826789690946596 48275204494373847 69559768254131810 50552662281681985 40836748830941500 114022176978707061 69518818932325080 50542481871746180 105976301950614608 93886608278595818 122077104069423364 109686155706581450 58845062271925242 62239089971975564 135447958031466244 102927798951268791 217485507328863061 183335226283396821 164271470197044069 212116063610486909 82951045599859672 108832390804898901 141300238923610328 79247422900698978 160384058508827633 293156011654194835 246933678641991092 201867744662722452 144150721292377814 186372028883740385 325013549233909338 85496156071909392 473890010894079515 98011287270475750 236472651631873921 270830032447336100 168601631272450238 168601631272450238 302753042835673410 110307860425292772 117949491546113972 269638361246603040 288235873055747664 329274958331522088 376017294104585960 200882556287683159 643854899229858897 726235024096220010 536679070310691121 695143713458946040 843250788562528427 1917457395824676090 1161537834849962850
3 4 5 6 7 8 9 10 11 12 13 14 15 16 17 18 19 20 21 22 23 24 25 26 27 28 29 30 31 32 33 34 35 36 37 38 39 40 41 42 43 44 45 46 47 48 49 50 51 52 53 54 55 56 57 58 59 60 61 62 63 64 65 66 67 69 70 86
3 51 63 224 224 565 389 775 418 863 418 677 349 544 305 539 258 469 186 350 151 265 154 223 122 215 82 170 69 132 43 87 48 83 39 69 33 41 21 42 29 41 14 26 19 24 10 26 16 17 7 14 11 6 5 9 7 6 2 5 4 2 3 4 4 3 1 1
3 63 98 618 664 3144 2697 9930 6202 25784 14199 45195 27507 74577 48388 144602 71467 223898 92720 334880 140239 390202 237663 494045 295294 890208 293725 1026570 399145 1402472 381187 1090022 657103 1896389 891378 2334337 900750 1732662 781471 2023683 1497241 3581689 1106595 3244635 1960501 5224941 1451519 6346286 3723587 7679524 1664259 6387621 3924260 2669785 4035020 5374418 4449312 5232381 1504922 6936030 8805962 6553580 5760281 6954907 10420032 6388670 2323520 20506255
