5 17 29 41 53
145 2865 31747 48616 16619
5200 43563 452206 202912 26526
318282 61466838 9327255572934829161 5573612493895231209 463536406074943
5 17 29 41
35 429 460 28
149 2754 900 36
7508 1826174 21182598 736386
3 4 5 6 7 8 9 10 11 12 13 14 15 16 17 18 19 20 21 22 23 24 25 26 27 28 29 30 31 32 33 34 35 36 37 38 39 40 41 42 43 44 45 46 47 48 49 50 51 52 53 54 55 56 57 58 59 60 61 62 63 64 65 66 67 68 69 70 71 72 73 74 75 76 77 78 79 80 81 82 83 84 85 86 87 88 89 90 91 92 93 94 95 96 97 98 99 100 101 102 103 104 105 106 107 108 109 110 111 112 113 114 115 116 117 118 119 120 121 122 123 124 125 126 127 128 129 130 131 132 133 134 135 136 137 138 139 140 141 142 143 144 145 146 147 148 149 150 151 152 153 154 155 156 157 158 159 160 161 162 163 164 165 166 167 168 169 170 171 172 173 174 175 176 177 178 179 180 181 182 183 184 185 186 187 188 189 190 191 192 193 194 195 196 197 198 199 200 201 202 203 204 205 206 207 208 209 210 211 212 213 214 215 216 217 218 219 220 221 222 223 224 225 226 227 228 229 230 231 232 233 234 235 236 237 238 239 240 241 242 243 244 245 246 247 248 249 250 251 252 253 254 255 256 257 258 259 260 261 262 263 264 265 266 267 268 269 270 271 272 273 274 275 276 277 278 279 280 281 282 283 284 285 286 287 288 289 290 291 292 293 294 295 296 297 298 299 300 301 302 303 304 305 306 307 308 309 310 311 312 313 314 315 316 318 319 320 321 322 323 324 325 326 327 328 329 330 331 332 333 334 336 337 340 341 342 346 349 350 351 352 353 354 355 360 361 363 365 366 370 371
368 1614 4077 7382 11248 14687 17380 18803 20026 20436 20242 19326 18678 17839 16683 15646 15265 14517 13651 13330 12514 12395 11885 10912 11127 10648 10057 10073 9601 9267 9042 8611 8501 8203 7941 7742 7492 7496 7073 6801 6869 6461 6433 6161 5801 5848 5677 5389 5419 5275 5022 4930 4795 4700 4743 4480 4356 4344 4195 4013 3764 3909 3613 3579 3684 3458 3382 3198 3129 3153 3100 2904 2873 2785 2683 2637 2596 2474 2459 2322 2347 2350 2248 2127 2186 2063 2065 1923 1948 1806 1849 1733 1726 1684 1624 1487 1621 1507 1461 1412 1423 1384 1283 1194 1181 1200 1245 1071 1141 1105 1155 1078 1062 979 1058 929 998 921 909 832 860 794 783 790 771 763 767 669 715 720 699 661 652 661 623 655 608 566 578 543 562 574 472 466 495 514 403 432 407 433 407 388 384 389 392 350 352 337 350 345 328 331 309 292 307 318 237 253 275 266 265 245 236 253 247 240 214 227 207 179 199 195 236 185 200 198 173 168 171 198 164 153 149 157 138 140 137 147 143 120 122 146 122 115 128 118 105 100 98 104 108 99 102 94 95 81 84 85 81 74 71 91 70 77 73 65 66 52 77 67 79 62 62 48 47 51 53 66 52 43 51 47 43 55 45 44 49 45 44 43 45 38 34 38 29 27 37 32 38 20 33 35 33 25 25 16 24 27 15 17 19 17 24 19 12 19 22 15 25 15 14 19 12 13 10 11 5 8 10 13 10 15 10 14 12 15 4 8 10 8 8 10 7 4 6 4 5 7 7 5 8 8 6 8 3 4 2 2 4 4 5 4 2 1 2 1 4 4 3 4 1 3 3 2 1 1 4 1 1 1 1 1 3 3 1 1 1 1 1 1 1
368 1808 5766 14485 31943 62753 112265 186632 302088 462851 683713 964778 1348142 1848787 2422661 3107143 4203510 5346590 6640609 8532207 10399578 13431063 16364593 19450559 25187441 30486424 36474003 44839858 53379642 64036208 76839074 90962270 109396826 128875274 153981916 180395350 212189804 255886538 292594644 336911457 407375881 462354867 547865579 626993695 717610680 834040535 975804846 1087183508 1309941298 1507187646 1673863395 1919749202 2219954416 2560467233 2993273778 3347982575 3761614390 4363073004 4939853557 5546145745 6113550215 7294699290 7798394950 8948465050 10557742068 11300800248 13105353542 13793375017 15818103582 18330911946 20995847518 22473163820 25674691820 27891982877 31088111446 35209518770 39461406569 42400643123 47263698580 51262760759 58512627158 66862815601 72583910979 79882482709 93539912919 96592536613 114064167276 119267585001 135136552430 142853167051 164918479685 172342114202 192747213121 216611871634 235721194349 247757896213 299026151662 313352658141 343220546010 373598903174 418378337790 448641826441 466770183067 499180147825 553691853638 622619648896 728779716179 688029111769 837395659897 914144831814 1045796830228 1049824076952 1206285694311 1200572553198 1482701508906 1443830306077 1735268342529 1788594800732 1918640433200 2033444342223 2295440670591 2351377961884 2530183332269 2830110516008 3121076603420 3423702242942 3929479925089 3676937086098 4387781847684 5033494118800 5269495867690 5504987325851 5814546762824 6798895226005 7165830004369 8181117915927 8623032887655 8334543788430 9547825420313 10425718764196 12007633759371 13384634543257 12088015623229 12653367751878 15765335935201 17919833277766 15144830920967 17450335804905 18613301669281 21353368591270 21872942819583 24574173289597 26264841278843 27606012103213 31879114174183 30350661561475 35399972407231 34646240633582 39468513865509 46454907965322 45780408379210 52000310944398 53090777332824 53766780053306 66145251391011 69502189352146 60389175877854 65360303509372 80357334468039 87583795460275 94960724146059 90983625584382 96991625270667 115654563506044 120785820245494 126659874788731 133325223248289 144243861329070 145733005548790 139431300469220 176278199433630 181390766336715 235043237920787 201038803305020 246773958181268 259919955506807 240883141360018 269539799765682 292742657368148 392993738961764 336375955869498 331150026756737 356288927413856 418443522799122 380168578179505 436446738738990 449282300405557 541522539200914 558363272520098 524997259517771 606996389039122 749003610177352 676746828543362 683215702167122 863475604250071 858231360656902 821415502082958 866892705719960 898682360904829 1046035738862052 1161582667128567 1129830134973533 1248284989824004 1335518342047980 1380000782664392 1263720247217254 1487000818374938 1639166991343023 1665469455400538 1681634332845303 1778848705519536 2379032340480972 1943691564861808 2371074659027514 2378842897790301 2329995334227814 2640040199634323 2123783006970515 3601758197693112 3332125730595674 4158981342794628 3579864296886348 3955872158070346 3118757996774592 3457930032256797 4230258372195850 4549090345452122 6014834954326213 5292426930321546 4286289781783513 6137098468430324 5960209531493557 5849852160531930 8502608829593257 7409411373122271 7031043855057918 9144005757186375 8070358722498270 9234081095872464 9773940214653228 10696800767892486 10755087345954247 10486117835161040 12210766622497265 9853423492909882 9450708209899275 15346525066177689 13301590110948709 17539535897391671 8787563016501672 19125080705336956 21871056864474131 20051125419303867 17046075023452777 18432508626147599 11670288617412841 18579607770347048 23925111643972537 13703555751957006 17270368086996543 21537585833842923 19389800902805040 29077374875413169 25116906604661716 17365787017067853 27607391395360115 40359687149532522 27196579219155520 47065015121554697 33107160254957874 31098666586196348 51524626919724546 33964735258267889 39457733005198329 28152958277003430 32991851952883431 18993303346130650 31087949756049517 37344782336965637 57017174830535619 46770934875204072 73899189748698968 55404083687600864 76390167954126872 74765989755937505 95512470926252028 26905048542549838 58809090759455166 79751800542997944 74042979136053315 70229143526237354 104495470126679218 71695883267260521 43407535775468621 71947956232562068 52648871580230816 82799086451235428 118070751690125985 111484838156862703 99787506409613242 145599981897443705 157447537174662398 127307906949341400 184000053243898696 75716019935227306 113220081363984012 60652363979685928 62814475341309618 136891157959789144 149097623106992308 199597827634999955 170992312143818784 91544717087156056 91544717087156056 101467687864066516 56156602112874289 236472651631873921 257301498436458200 206504657838221550 294613151447401356 78801255302666615 270526304941648869 283075655364955143 235898983092227944 126108517833796355 134819180623301520 703774239241691012 214618299743286299 229272286871217150 244904537455382406 261578907351144125 279363328483702152 894990189188274228 955667921364987252 441622981929358437 471314064268398780 536679070310691121 610898403751884101 651688879997206959 843250788562528427 899175348396088349
3 4 5 6 7 8 9 10 11 12 13 14 15 16 17 18 19 20 21 22 23 24 25 26 27 28 29 30 31 32 33 34 35 36 37 38 39 40 41 42 43 45 47 48 49 50 51 54 60 61 62 63 66 71 80
9 34 30 147 148 312 221 361 249 301 240 261 155 216 104 129 103 140 69 78 58 67 47 43 43 64 22 35 16 22 14 21 10 12 8 10 5 3 2 4 5 2 2 1 5 1 1 1 2 1 1 1 1 1 1
9 45 44 364 471 1710 1546 4629 3864 8031 8392 16059 11642 27451 16057 27832 29021 66552 32187 60819 54125 86010 58090 90811 95499 187773 76799 171837 81741 148789 116935 232530 107244 245886 105857 289112 106456 104480 47743 128164 235726 178736 212696 75175 785824 150350 211116 347050 1580469 715220 1228308 966467 2600312 2323520 9289091
