27 39 51 63 75
9001 32242 35103 19764 3884
1975998 665380 207039 55172 4461
783234806506873688 48182355330682752513 5234912588614207065 106028866483838985 14069393764
27 39 51
888 471 61
5819 1006 73
132308304 9908917 48660
3 4 5 6 7 8 9 10 11 12 13 14 15 16 17 18 19 20 21 22 23 24 25 26 27 28 29 30 31 32 33 34 35 36 37 38 39 40 41 42 43 44 45 46 47 48 49 50 51 52 53 54 55 56 57 58 59 60 61 62 63 64 65 66 67 68 69 70 71 72 73 74 75 76 77 78 79 80 81 82 83 84 85 86 87 88 89 90 91 92 93 94 95 96 97 98 99 100 101 102 103 104 105 106 107 108 109 110 111 112 113 114 115 116 117 118 119 120 121 122 123 124 125 126 127 128 129 130 131 132 133 134 135 136 137 138 139 140 141 142 143 144 145 146 147 148 149 150 151 152 153 154 155 156 157 158 159 160 161 162 163 164 165 166 167 168 169 170 171 172 173 174 175 176 177 178 179 180 181 182 183 184 185 186 187 188 189 190 191 192 193 194 195 196 197 198 199 200 201 202 203 204 205 206 207 208 209 210 211 212 213 214 215 216 217 218 219 220 221 222 223 224 225 226 227 228 229 230 231 232 233 234 235 236 237 238 239 240 241 242 243 244 245 246 247 248 249 250 251 252 253 254 255 256 257 258 259 260 261 262 263 264 265 266 267 268 269 270 271 272 273 274 275 276 277 278 279 280 281 282 283 284 285 286 287 288 289 290 291 292 293 294 295 296 297 298 299 300 301 302 303 304 305 306 307 308 309 310 311 312 313 314 315 316 317 318 319 320 321 322 323 324 325 326 327 328 329 330 331 332 333 334 335 336 337 338 339 340 341 342 343 344 347 348 350 353 355 356 358 359 361 362 363 365 367 368 370 371 376 377 382 385
268 1551 4303 9838 21375 30644 48929 64370 72284 78114 77071 75673 74406 70958 69767 69073 65153 62339 61200 59631 56515 54114 54560 51493 50660 48380 45455 45387 44021 40876 41827 40374 38345 38064 36434 34700 34638 32522 32065 32156 30770 29265 28909 27919 26650 25935 25794 24653 24514 23698 22017 22128 21500 19682 21128 19481 18595 18697 17436 16688 16761 15591 15629 15682 15031 14391 14091 13371 13292 12607 12979 12131 12377 11742 10713 10624 10298 9373 10378 9546 9293 9255 8542 7985 8490 7492 7736 7536 7273 7000 6872 6250 6319 5802 6210 5692 5939 5396 5230 4904 5093 4305 4906 4358 4672 4339 4042 3563 3932 3313 3830 3458 3705 3332 3386 2931 3219 2667 3224 2755 3089 2597 2802 2308 2556 2114 2688 2074 2550 2242 2221 1865 2274 1704 2192 1760 2001 1746 1923 1421 1834 1345 1763 1446 1760 1403 1548 1284 1480 1078 1537 1099 1430 1192 1207 983 1148 826 1186 972 1131 955 1003 837 979 730 964 744 994 770 825 639 762 564 784 552 768 611 668 497 624 420 651 462 577 459 529 363 500 317 439 334 435 339 359 270 375 231 343 227 328 279 271 230 241 196 224 180 231 186 207 164 196 133 174 133 142 121 141 110 147 87 151 87 103 94 100 74 109 66 95 89 83 54 70 63 78 56 68 53 62 50 62 53 51 47 49 24 49 41 46 34 45 33 41 38 36 25 46 21 42 33 29 38 40 22 44 31 31 15 22 9 63 26 20 18 17 13 20 11 9 11 16 21 20 16 26 4 11 9 17 12 17 8 10 6 14 8 11 5 5 4 11 6 4 8 7 7 11 10 7 4 7 6 10 5 8 2 2 7 7 6 5 5 5 1 5 2 7 3 3 4 1 3 2 2 2 1 2 1 2 1 4 1 4 3 2 3 1 2 4 1 4 1 2 4 3 17 1 2 2 2
268 1683 5967 17997 51913 108475 238495 453498 803211 1266320 1989674 2877148 4253376 5873862 8426972 11159747 15392154 19732175 26283247 33692820 44467730 53542661 71992762 85836231 111566790 133617979 165142590 196197330 252505737 289145476 363197857 429717020 530813712 610308314 756435949 857615493 1067642824 1198406473 1457909642 1673213250 2062711571 2294400830 2707393750 3140778661 3739213203 4207114739 4959225991 5611605194 6674549273 7660572013 8682312357 9756646222 11876540422 12456318721 15363039537 16548888417 19437254884 21823932259 24406308015 27304949581 31806485172 34663759228 39192706694 44234634892 52156788684 56124586149 63690860140 70648239097 81490752737 88840862131 102572383531 111134294812 131087789458 142388478871 151393440655 170097172299 193176224672 204827000749 238707283503 261254954278 295763421616 326568666262 346284356256 376049086027 445590682558 461734013407 516426237228 565667261419 625769609455 692913699916 741050318302 801316085506 894077960395 957930275378 1071968377307 1170857148779 1301753676729 1386661031408 1451224908720 1622278926216 1798372893188 1846867263475 2062697288887 2226524311932 2526589516256 2697276406235 2744903970360 2916858298107 3177910982826 3455026614112 3775022044339 4041477794495 4553591636498 4848703027856 5327876736827 5495226425221 6174492715412 6322411668662 7564793226556 7723473109580 9081523607661 8797045531461 10484138604778 9690475562271 11570834020333 11565148302021 14462634049788 13057085969149 18254351296727 16480066389179 19085730849874 18244654291683 23132289886909 20785905113688 27489473017683 24814006190090 31393067852269 29782212440688 36398430763652 32067025900789 43397109604443 36456984064798 48927260753552 45761389495357 60444843039487 53195806559960 68498318432586 60286285564376 73718125907462 66978077568260 93708539078859 75460746421886 109558943518023 93174818349456 114546075966433 105236857747286 124707270859025 108404734224907 158829696900123 139790011508385 181503894854848 165661850626272 196783161371628 179657786488204 235520090724138 195785935122364 269577934807362 230563242375764 336147431679760 270465597933036 364017768920579 288700919396631 367575826985029 323457566502275 459507919533032 338745791651666 558455266699040 452818399976579 573089729577890 456284283545380 626846413446401 466837522760715 809901991385474 542382343994966 833862304651172 670616466987060 908315603999062 688355831593221 1024096388057523 719808572876511 1073239189402352 867057189478715 1197815195556470 965058079039643 1284123602915081 1007465845244312 1544296768139449 1106887503282166 1651631520818866 1206893029866746 1950490783441688 1557986443042831 1886500364453673 1660064884525725 1796857560890055 1780912602104458 1980364926205922 1633324643272435 2425261125316529 2078148908947994 2470979385845308 2244726347574116 2762487585434135 2044086880500514 3031822192456317 2414010288008128 2729025275514303 2569654724317025 3280018461111154 2777646484972819 3554024584323542 2443481370558391 5200936960041279 2825929492096215 3645833215288288 3409709755952287 4215385829808106 3265746139623868 4972841282975384 3639008404250926 5238395557294679 5125366945155380 5920781361144420 3903244197887746 5333506556129228 5487863834089841 7213184191723324 5355517962354383 7467890222349318 5866484913901154 7407728289795678 6906409088601320 8725990097706331 8454968768080268 9164641774125764 9635858903670603 10167156594126071 4581000080560598 11312972819616952 9812861165164715 13685233690083163 8874715910215666 14777103857753154 11575700982731033 15344271840351064 13900512352731001 14936650042463138 10654420813499510 22200652043449840 10301635649329782 22806613745472060 17907898330222955 17633484302853498 24345860255668718 29962516160102851 16936652188793091 39268492599084370 26513050785743330 30770145702526167 14971607448138334 28086418235300465 10664056927326148 78972534039780440 34515358019793472 34047750623791120 28702981340820880 31764541238560580 31483538808566543 44890578470080266 24943856844657574 22759005296540707 27847331243086947 54238411175428910 63285909283118796 64134830934525974 51967830618614835 93232783176927436 14354876520199932 45780898313449397 40726553450382585 86928085589468346 65168468424468394 89557446250326232 54286818808521385 63520004372036295 44065988154602897 102091872077353750 57781660890825660 99987762552799872 49952233981224195 43735068038583702 39046000113934105 133460794142117541 67835041621659359 59678738213332603 103511743408805154 107210632700906234 132189414355405990 170959815315319010 169444226942202422 125671185431390272 77377830124354618 145884664437142399 153290493497739129 284250577342563809 130313336685095794 249077544946674996 60652363979685928 64976586702933308 241294022568111634 260920840437236539 236872233411748032 210911877670818775 228861792717890140 238561647992869681 52462044228828641 280783010564371445 120210699679333088 506162947334020388 206504657838221550 216141461669774528 315205021210666460 84300815636225119 270526304941648869 192900220384405520 206302932643470650 220615720850585544 117949491546113972 252217035667592710 134819180623301520 288235873055747664 154043597379576030 752034588209171920 200882556287683159 917089147484868600 838089985451106456 637111947576658168 1020368430145732284 387632532919029223 827532361866684724 1885256257073595120 502957566506000020 2146716281242764484 610898403751884101 1390287426917892080 2965732639536326736 2529752365687585281 15285980922733501933 1238057794119125085 2639021199454947000 3624712999478945900 4380802664847530262
3 4 5 6 7 8 9 10 11 12 13 14 15 16 17 18 19 20 21 22 23 24 25 26 27 28 29 30 31 32 33 34 35 36 37 38 39 40 41 42 43 44 45 46 47 48 49 50 51 52 53 54 55 56 57 58 59 60 61 62 63 64 65 66 68 69 70 71 77 78 81 85
5 53 67 188 196 447 324 517 381 514 357 474 294 408 246 269 187 267 187 168 94 163 106 121 80 89 60 61 44 56 34 43 31 42 29 38 16 33 25 20 21 14 15 11 9 12 12 10 2 4 6 1 2 8 5 1 6 2 3 1 2 2 2 3 2 2 1 1 1 1 1 1
5 66 111 503 594 2508 2251 6809 5994 15821 11992 31726 23243 56963 36655 76018 54178 129147 91630 149242 80782 232042 141351 274607 181874 326403 214357 349961 288056 476353 266866 585566 400172 753343 523285 993454 466401 932539 810056 1023034 854695 1171593 1168330 1161065 694171 1995337 1690541 1609723 300250 1066394 1302938 204226 723408 3503982 2097986 563178 4132460 1825956 2671418 1430440 3073759 4793814 3865868 3721817 5495818 3483260 5224890 2679689 5392783 14179000 18578182 31592952
