10 22 34 46
959 10811 48439 39784
10748 174605 295179 83347
613925 266409516932 7092026550321774715 44105993634004768
10 22 34
83 297 46
170 692 60
2444 2808720 12458
3 4 5 6 7 8 9 10 11 12 13 14 15 16 17 18 19 20 21 22 23 24 25 26 27 28 29 30 31 32 33 34 35 36 37 38 39 40 41 42 43 44 45 46 47 48 49 50 51 52 53 54 55 56 57 58 59 60 61 62 63 64 65 66 67 68 69 70 71 72 73 74 75 76 77 78 79 80 81 82 83 84 85 86 87 88 89 90 91 92 93 94 95 96 97 98 99 100 101 102 103 104 105 106 107 108 109 110 111 112 113 114 115 116 117 118 119 120 121 122 123 124 125 126 127 128 129 130 131 132 133 134 135 136 137 138 139 140 141 142 143 144 145 146 147 148 149 150 151 152 153 154 155 156 157 158 159 160 161 162 163 164 165 166 167 168 169 170 171 172 173 174 175 176 177 178 179 180 181 182 183 184 185 186 187 188 189 190 191 192 193 194 195 196 197 198 199 200 201 202 203 204 205 206 207 208 209 210 211 212 213 214 215 216 217 218 219 220 221 222 223 224 225 226 227 228 229 230 231 232 233 234 235 236 237 238 239 240 241 242 243 244 245 246 247 248 249 250 251 252 253 254 255 256 257 258 259 260 261 262 263 264 265 266 267 268 269 270 271 272 273 274 275 276 277 278 279 280 281 282 283 284 285 286 287 288 289 290 291 292 293 294 295 296 297 298 299 300 301 302 303 304 305 306 307 308 309 310 311 313 315 316 317 319 320 322 324 325 326 327 328 331 332 333 340 341 342 343 346 349 354 357 374 381
343 1875 3661 6455 9865 11684 14481 16448 15876 16129 16402 14435 14413 14232 12729 12306 12438 10900 10744 10880 9675 9671 9816 8741 8894 8984 8100 7846 8181 7155 7298 7528 6525 6449 6609 5977 6003 5960 5525 5329 5560 4823 4924 5021 4552 4417 4473 4056 4177 4162 3725 3565 3784 3369 3364 3532 3114 3034 3187 2809 2885 3018 2560 2672 2642 2317 2382 2470 2202 2171 2397 1954 2065 2175 1883 1770 2063 1704 1710 1862 1591 1456 1629 1450 1483 1600 1352 1299 1472 1195 1154 1286 1128 1147 1331 981 1009 1167 956 939 1034 875 853 962 811 780 942 754 713 846 711 697 804 631 661 713 590 618 722 506 570 654 492 557 641 521 484 567 471 430 531 382 410 472 361 359 445 345 361 385 340 339 385 298 282 336 290 282 322 266 260 279 226 198 263 210 218 266 197 174 205 159 162 190 183 149 201 154 139 176 160 127 144 141 128 152 110 119 119 106 92 118 104 113 142 92 92 124 71 82 105 90 82 105 73 60 98 65 64 91 73 61 82 62 62 65 64 48 52 54 52 46 38 48 41 33 38 42 35 33 37 36 22 31 29 21 25 24 22 25 23 18 32 22 26 24 20 19 21 14 12 24 12 12 26 18 19 23 13 12 12 12 12 22 18 23 16 21 14 10 19 14 11 17 15 11 13 6 8 5 1 8 6 3 10 3 4 8 5 3 9 5 4 7 1 3 4 3 3 8 4 1 7 2 1 4 1 1 4 8 1 10 1 2 4 2 3 1 1 2 1 2 1 1 1 2 1 1 1 1 2 2 2 1 3 1 1 2 3 2 1 1 1 1
343 2001 5290 12488 28324 51106 91813 160625 238229 359527 548440 719136 1005188 1433532 1814442 2350632 3226718 3898412 4902551 6786194 7800020 9945076 13075233 15071492 18992535 24993144 28455363 33937782 44363207 49109548 59966522 78582619 84154323 98102142 124621141 138073884 165469159 201654573 228674489 255759979 323658895 346557580 401380111 503349999 552661620 613421428 747301274 822404896 940293211 1145896063 1235502245 1321771812 1678792771 1799228146 2011863221 2542713802 2632024847 2870439823 3482814350 3741536988 4148919731 5308382587 5224613466 6285356755 7012248499 7325387416 8439446559 10014794257 10626939827 11781849384 14625752194 14734046899 17034588461 20708935880 20296532450 21142314613 28479092751 28212623608 30047128817 37811411193 38528781947 37770125580 47689988227 50478292672 56149497418 70337911063 67489423729 73174383346 91986679524 84951479778 91878583746 116086819120 120485462685 131374926268 168381028057 151395445722 163353623230 210006851927 206211985979 222098926652 266227522915 264166267662 281790428250 349168081958 340518525441 362620931781 474556023807 451121420079 444998009589 599809736544 590757649460 612585810706 786246986838 741241320758 796190125294 978362936192 988367155157 1064487914209 1394459878481 1162163484985 1334728545985 1720613165020 1521120143632 1811335557062 2326300810493 2212686877542 2142931113782 2850775996325 2710269725136 2547207413719 3648534801484 2995458127921 3358292974342 4381539173893 4062219128075 3948662503263 5602716289858 4898785447225 5528325535339 6518095589899 6708105041043 6563043909171 8881195010327 7811591673013 7362610531620 10426493156687 9837823252736 10113527119739 13186631630893 12598132567736 12656931672350 15015122388926 14034251944864 13043469433595 18871220209678 17160304279327 17563997734888 25481805574278 21772093339689 20556172417795 26684796703731 22819432232347 23194830897293 32057341551311 34053918253977 27350933706934 43606980047679 37489106878500 37127648917210 50888409643540 53869257181391 45206633738640 57761090459782 61465478175879 56343866633622 78957525644966 68671992040916 82280848255530 77776810289520 88319578752715 75604580860992 100465409738563 103343591607732 117834937318390 164025128227120 122145114279759 125018924058563 183446633339585 105757358404059 146268925034361 181816420726649 188341059386118 179004463542696 254548124024159 193705757309713 192043305317982 285279096399211 224344134568267 242876801935059 357430253312990 344213673514357 281561538507100 430615701885084 367704291985052 397055221922170 419741876649933 477197863954680 360906113396445 419913934791275 512458739702368 482916694725064 479076026554025 482063805523664 585076123648621 559292023369258 519135293124875 606525716098119 731166702205655 730447539256786 682083260627328 882606696167935 988412104253381 581246204717232 847769316055671 982071738396478 681990904872726 823340177785093 1044424513272511 935988793856832 1171355505302375 1315536830420062 973401564982949 1863146587946163 1449237571379618 1947085046003919 1747706875583900 1771973954259782 1856489456834416 1902268005978024 1410186328151097 1463484006440907 2792048239790377 1449271082830224 1660998841342512 3853394244440517 2916996237873469 3814193089285671 4384864617073770 2483004415261034 2651154508867808 2649426210567780 2954501620414952 3537179582928576 6890595367436284 5582231520075331 8995862898328588 6268480690929200 8454206815303727 6870820137849912 4494619506368793 9558043888640914 8204682853207877 6590380170839136 10928499306846164 11974526893286782 7845744829333688 10681550110383158 5583019458410167 7107784110631788 4663949064838330 974834369944625 8806784989486381 7054933393247055 3661664654599154 13926100123020030 4346479623198075 6200235447890696 13973243000738054 9214249176889290 5699668389223928 21183060821287955 13352623078298045 9448876581350844 18746271097829071 2938929793929555 8816789381788665 12877997613433764 13590336047947092 11230783833631528 36213698554697817 17507283310975962 4534253126900886 35915931461712528 10857363761704277 6039763882095515 25052876018349206 6965850144195831 6965850144195831 31570310233339704 75813722807619270 9253082936723602 107884917405078713 9930972392403501 22092873310370943 49076872076917860 26324435790115408 41399543225617714 15142952738857194 30285905477714388 37342976599200728 21458096037352891 44458102692840228 23000006655487337 28305020340996003 30326181989842964 69601909738881660 39919565526999991 39919565526999991 42748078035954696 49005643635237875 104924088457657282 128650749218229100 133160260555188400 68834885946073850 353848474638341916 126108517833796355 134819180623301520 288235873055747664 527830679431268259 429236599486572598 298330063062758076 363117512048110005 1089657644424399782 1701169427975813525
3 4 5 6 7 8 9 10 11 12 13 14 15 16 17 18 19 20 21 22 23 24 25 26 27 28 29 30 31 32 33 34 35 36 37 39 40 41 42 43 44 45 48 51 56 57
3 21 34 66 45 80 53 98 55 60 47 35 30 47 17 27 18 31 16 15 12 18 10 15 7 8 3 11 3 2 6 2 3 2 1 3 4 1 3 1 1 1 1 2 1 3
3 24 49 155 146 485 398 1229 934 1701 1841 1955 2365 5748 2502 5469 4965 10741 8396 9823 10654 15437 9670 22645 12603 26543 6521 48224 12180 15758 35210 18260 18050 16698 8349 47743 87357 49240 83215 26015 31185 37338 75175 441428 329931 1279264
