26 38 50 62 74
4416 32572 37177 21389 4441
1137463 748373 229184 60757 5111
13787187363523173493 17899547403389310465 4908893143924878511 138733856397272759 27269426012
26 38 50 62
384 484 61 1
1464 1016 77 1
133993023 20409212 89551 2
3 4 5 6 7 8 9 10 11 12 13 14 15 16 17 18 19 20 21 22 23 24 25 26 27 28 29 30 31 32 33 34 35 36 37 38 39 40 41 42 43 44 45 46 47 48 49 50 51 52 53 54 55 56 57 58 59 60 61 62 63 64 65 66 67 68 69 70 71 72 73 74 75 76 77 78 79 80 81 82 83 84 85 86 87 88 89 90 91 92 93 94 95 96 97 98 99 100 101 102 103 104 105 106 107 108 109 110 111 112 113 114 115 116 117 118 119 120 121 122 123 124 125 126 127 128 129 130 131 132 133 134 135 136 137 138 139 140 141 142 143 144 145 146 147 148 149 150 151 152 153 154 155 156 157 158 159 160 161 162 163 164 165 166 167 168 169 170 171 172 173 174 175 176 177 178 179 180 181 182 183 184 185 186 187 188 189 190 191 192 193 194 195 196 197 198 199 200 201 202 203 204 205 206 207 208 209 210 211 212 213 214 215 216 217 218 219 220 221 222 223 224 225 226 227 228 229 230 231 232 233 234 235 236 237 238 239 240 241 242 243 244 245 246 247 248 249 250 251 252 253 254 255 256 257 258 259 260 261 262 263 264 265 266 267 268 269 270 271 272 273 274 275 276 277 278 279 280 281 282 283 284 285 286 287 288 289 290 291 292 293 294 295 296 297 298 299 300 301 302 303 304 305 306 307 308 309 310 311 312 313 314 315 316 317 318 319 320 321 322 323 324 325 326 327 328 329 330 331 332 333 334 335 336 337 338 339 340 341 342 343 344 345 346 347 348 349 350 353 354 356 357 358 359 360 362 363 365 366 367 368 372 373 374 379 382 384
304 1428 3838 8872 15278 25918 37473 44587 53301 50137 54219 51888 53600 45622 48865 45837 47523 40973 43533 40922 42203 37303 38782 36424 38690 32537 35097 32728 33539 29274 31405 29137 30308 25931 27590 26216 27546 23371 25440 23389 24500 21077 22420 20878 21930 18789 20196 18811 19761 16997 17959 17135 17423 15374 16446 14969 15821 13378 14359 13643 14150 12078 12920 11974 12592 10663 11652 10696 11307 9561 10524 9672 10123 8681 9402 8708 9068 7770 8349 7810 8151 6983 7206 6940 7244 6129 6618 6190 6723 5715 5868 5591 5656 4796 5203 4867 5195 4394 4642 4480 4600 4097 4287 3970 4161 3486 3622 3530 3545 3045 3224 3045 3216 2796 2934 2845 2911 2557 2551 2435 2486 2226 2258 2252 2262 2030 2101 1881 2034 1782 1759 1808 1793 1623 1588 1493 1572 1379 1345 1339 1323 1260 1240 1149 1177 1095 1027 1116 985 1008 969 945 957 827 827 904 807 819 738 715 641 700 577 678 624 658 600 572 601 585 574 586 468 561 485 494 511 490 405 478 444 443 440 395 384 392 378 371 349 368 308 295 362 264 279 330 272 302 289 221 264 261 218 272 221 244 219 197 182 194 196 206 199 217 175 175 199 148 195 193 149 194 171 116 144 151 108 141 142 117 140 138 114 107 118 98 114 107 86 93 102 63 85 91 56 113 90 67 78 64 84 89 65 74 54 48 58 54 57 60 57 66 50 55 61 36 69 61 33 62 36 40 33 30 32 41 39 44 66 22 34 25 31 29 31 36 24 22 28 17 21 22 22 27 24 13 12 9 15 16 6 15 10 5 6 7 6 3 2 2 6 12 4 5 4 5 8 5 2 6 5 3 3 3 2 3 1 2 1 5 1 2 4 1 1 1 1 1 1 1 1 1 1 2 3 1 2 2 1 3 1 3 2 1 2 1 2 1 1 3 2 1 1 2 3 2 1
304 1553 5294 16018 38279 90266 182820 319681 573927 839054 1377333 1947619 2915295 3731777 5691529 7068460 10452565 12513810 17504796 21335405 30302964 34476200 48049919 56654782 76675005 83483087 119304456 129833519 175498926 196003280 253301508 286935455 391099386 394790240 537565574 603052216 776640976 818322340 1119398985 1140426317 1530572851 1583173312 2016421384 2142056811 2867148866 2817697878 3765271489 4084270021 5041316680 5119294709 6780805450 6933916588 8917501466 9328760220 11361530561 11870254088 15767913505 14602266317 18970584805 20321307313 24734029597 25047768640 32120468534 31520198123 41158417397 40103466110 50275535024 50543857255 67394598436 61798483758 80788344104 85307299491 100165827071 97000840534 129685459106 122746478224 158878218296 158017064239 185700792310 195038444889 248318867615 225964969127 283184519380 295005697394 356131209312 336136818614 442715167629 415827967903 550295952860 515870840809 602109874056 621947921195 781695144509 693627981383 892504936248 946194199844 1115114253806 1029297833678 1370727806728 1287573182360 1607966312244 1630140555693 1888205328410 1903873247620 2404445336832 2047141265062 2584025758158 2700356886732 3080951123641 2951574272140 3758098215219 3610029775485 4466332903042 4398978942587 4897123638801 5106326903194 6557475947466 5814288484827 6736521444010 7209634652180 8136155288070 7702608925779 9443700346522 9700175289289 11254348427404 11144081915196 12909875774004 12530483532233 15159247494019 14491769723171 16734437453026 17895278949161 20096062969913 19299744303272 21707627340852 21835691647340 26208825671106 25072006399228 26578836547040 29957466191711 32885631545353 32870959799908 36964851627597 38338935144594 42964290705484 43912581613335 46485141853818 54646695109509 52273983782264 58732018331308 59980620395048 66865507393438 71240431113377 68866775651652 74950192352768 87232881902049 87592976856160 96757597850742 95553012113145 102646768316338 96692370065862 117386416644229 106688523245780 138427912377232 137906674640790 163322749311739 160671698164168 178300766064154 181927530430159 212659366136044 212970026842560 228527644605803 219746359926153 277507855806747 255163320723991 297431126125088 316013192942521 345459856198130 309101480011860 405845736032190 397765117205297 456910784071436 467018872808812 464222233471676 501212265375131 550542870079162 558390348012425 630722026189773 623792776854083 713626943204289 668039527213297 708973911359007 915816949243460 730575007554786 862777794008290 1034591564139656 977438711735882 1150666756042299 1130932562031036 1051513914274022 1326753487946340 1490767072706861 1322151493602417 1687574376646355 1473368025184982 1840955268254112 1650774862011905 1809148249093038 1736260673984113 2034601395566720 2019335940204897 2571952561376624 2492260963219279 2942037838418200 2675298776970939 2944186605566574 3450170424446469 3216036207302234 3937393580560499 4328115456906925 3768347985922105 5094652456150662 4854690238676910 3706568538072000 4690176022743787 5622111768706557 4180386334210769 6083434736812726 6241134605490802 6059314128077115 6880325632413795 8093038711346515 7852014136318128 7733982593525838 8828060172345366 7539311784723737 9862498704650002 10244632069391775 9289832295727286 10537269114831798 11756641987062693 8377262921251218 11704074896865054 13255013856445303 10047084423790346 18122710305334528 16526719184603987 14352767821474038 17471685445113200 16795374233272995 22444709730616105 24051285552739301 20107057557579565 22684113584735769 18784432701026095 18199276459876112 25197169693495110 25854140172313461 24921416646254157 31696356685904839 30552881615765226 36933031964015077 32508726829569674 36412916312499693 42691033785514886 27661124637267505 57209676584576761 54449940726583546 32088790803135981 57854419490415240 41232085431918048 54581121212740794 43572058190979923 42955315129962231 51500762265655369 60177158233769060 64043654425639726 85799361295668040 128575117312727824 53448787428439212 82028308648767783 65810407887750071 91591379696137266 84876097100738799 99722303212045929 120641167576717562 96497007727174483 93574633397244236 112883462782040884 76473169520960880 99947780469114741 119390790099473047 137358424901388010 158747327465209332 156474977483661980 102409910079672160 99796859600546421 76317870155027448 138626637067850934 161432603093919959 51175068533004757 157574226690829166 112872490517165201 76157740318388403 71947956232562068 99939743905492198 82799086451235428 45428858216571582 32479573071659326 34828360266294590 140570749231631429 268130528509288001 82951045599859672 130290486842251792 93650126117292501 128547635202359958 222661737313108670 149609748300367859 64976586702933308 206493067698670804 183898577976433138 117113536830748059 128244234107864088 137317075630734084 98011287270475750 157386132686485923 56156602112874289 120210699679333088 64325374609114550 403990293002524500 73653287861850339 157602510605333230 337203262544900476 90175434980549623 90175434980549623 103151466321735325 110307860425292772 117949491546113972 126108517833796355 134819180623301520 144117936527873832 154043597379576030 164637479165761044 351887119620845506 564025941156878940 200882556287683159 429236599486572598 458544573742434300 279363328483702152 894990189188274228 340122810048577428 1089352536144330015 775265065838058446 413766180933342362 883245963858716874 502957566506000020 1073358140621382242 610898403751884101 651688879997206959 2085431140376838120 1482866319768163368 958728697912338045 1022141228367345362 2179315288848799564 4495436230771743243 3624712999478945900 2056513475336633805
3 4 5 6 7 8 9 10 11 12 13 14 15 16 17 18 19 20 21 22 23 24 25 26 27 28 29 30 31 32 33 34 35 36 37 38 39 40 41 42 43 44 45 46 47 48 49 50 51 52 53 54 55 56 57 58 59 60 61 63 66 67 68 69 72 74 76 77 93
1 23 30 91 93 164 139 200 142 183 138 161 104 128 60 88 72 78 38 66 44 47 33 30 36 38 22 30 21 22 18 18 20 7 10 19 4 14 8 7 9 12 7 7 6 8 5 5 3 4 1 1 7 2 2 5 2 4 3 4 2 2 2 1 2 2 1 1 1
1 26 48 208 287 878 942 2642 2351 5380 4541 10240 7363 16397 8658 18422 18629 33806 16942 46924 38334 52573 51689 60607 69515 113200 67815 131463 110959 142831 128772 181927 274415 98327 182611 387090 83915 493354 249135 295721 612766 764658 418600 608183 575742 1001134 528270 767724 636570 668808 173525 347050 2466673 816904 1146835 5277734 1053646 3125089 2846080 4060547 3865868 3483260 10401248 2323520 9294080 24701880 5392783 7089500 56634173
