3 4 15 16 27 28 39 40 51 52
16 25 1027 296 26313 5800 45583 9595 9582 1735
178 346 3925 1618 229260 45586 159113 32563 11583 2041
11616 11102 1030365 614009 268295534736285586 13582508008674567 3870603329002369629 747990376646321799 1409260063661 98086371448
3 4 15 16 27 28 39 40
2 2 59 16 324 65 13 1
4 5 122 34 531 110 16 1
22 38 8221 11406 3986498 515011 2466 15
3 4 5 6 7 8 9 10 11 12 13 14 15 16 17 18 19 20 21 22 23 24 25 26 27 28 29 30 31 32 33 34 35 36 37 38 39 40 41 42 43 44 45 46 47 48 49 50 51 52 53 54 55 56 57 58 59 60 61 62 63 64 65 66 67 68 69 70 71 72 73 74 75 76 77 78 79 80 81 82 83 84 85 86 87 88 89 90 91 92 93 94 95 96 97 98 99 100 101 102 103 104 105 106 107 108 109 110 111 112 113 114 115 116 117 118 119 120 121 122 123 124 125 126 127 128 129 130 131 132 133 134 135 136 137 138 139 140 141 142 143 144 145 146 147 148 149 150 151 152 153 154 155 156 157 158 159 160 161 162 163 164 165 166 167 168 169 170 171 172 173 174 175 176 177 178 179 180 181 182 183 184 185 186 187 188 189 190 191 192 193 194 195 196 197 198 199 200 201 202 203 204 205 206 207 208 209 210 211 212 213 214 215 216 217 218 219 220 221 222 223 224 225 226 227 228 229 230 231 232 233 234 235 236 237 238 239 240 241 242 243 244 245 246 247 248 249 250 251 252 253 254 255 256 257 258 259 260 261 262 263 264 265 266 267 268 269 270 271 272 273 274 275 276 277 278 279 280 281 282 283 284 285 286 287 288 289 290 291 292 293 294 295 296 297 298 299 300 301 302 303 304 305 306 307 308 311 312 313 315 319 320 321 322 323 324 328 329 330 331 335 338 339 340 341 342 343 344 345 346 347 349 353 354 355 356 357
274 1261 2937 5107 7170 8977 10290 10912 11344 11093 11185 10795 10680 10127 9893 9416 9322 8769 8714 8301 8117 7790 7843 7361 7403 7187 6969 6658 6531 6355 6197 5944 5878 5646 5620 5498 5367 5222 5129 4885 4821 4710 4629 4417 4282 4227 4027 3931 3901 3802 3724 3684 3490 3428 3398 3282 3216 3115 3092 2931 3019 2882 2758 2684 2716 2640 2562 2431 2383 2311 2314 2239 2200 2111 2080 2064 1975 1944 1784 1798 1795 1698 1687 1688 1569 1533 1600 1449 1429 1369 1396 1270 1215 1279 1259 1185 1184 1101 1126 1098 1059 1015 1018 941 1003 954 949 913 889 873 831 818 722 749 714 710 698 691 707 634 670 663 630 569 548 537 561 557 536 531 526 514 468 487 425 428 401 405 441 359 377 421 399 342 338 347 329 290 338 298 309 297 273 312 263 243 231 253 202 247 216 206 223 217 202 202 205 162 170 167 197 169 147 159 158 138 144 129 162 126 128 150 125 123 108 109 119 104 87 111 107 93 120 97 84 95 88 77 96 83 74 63 62 69 46 64 50 61 56 49 58 61 44 32 58 40 46 42 47 44 32 27 30 29 32 35 35 25 34 29 30 30 34 32 29 22 34 31 23 28 29 21 19 21 26 10 13 18 15 17 22 18 15 9 10 10 9 8 15 9 15 10 10 6 8 6 8 6 6 10 7 5 5 4 6 8 9 10 7 2 9 4 5 4 6 4 3 4 5 3 4 4 5 5 3 3 1 2 5 3 2 1 3 2 1 1 1 1 1 1 1 2 2 2 1 1 1 2 1 2 1 1 1 2 1 1 1 1 1 1 1 1 1 1 1 1 1
274 1349 4189 10107 21003 39730 68914 112999 176355 260898 386550 548216 772663 1040902 1410529 1846616 2456158 3105301 4107151 5130707 6504806 7938854 10497700 12568521 16084918 19875434 24576583 29495078 36165674 43978558 52056035 61683536 73659705 86349536 104155784 127523737 150560971 178871283 215257238 242053714 296207548 340857495 396568468 452375710 513813867 603276899 686884732 798934922 951044913 1082513275 1251428917 1458167724 1600096680 1827746869 2157868018 2409403094 2718103737 3033893863 3616935150 3991491112 4750429135 5271674937 5943283701 6474236806 7575618841 8488159140 9390733005 10591996946 11741284721 13206514539 15354036943 16670972303 18679644028 20976920453 23313646967 26708372935 29858324694 32759446203 33920269884 40175600136 43660034248 48665948764 53950166277 62161928643 65058787333 72587214420 86659614401 88044284677 100535551287 108141231571 122471835657 128499901772 136958430181 155211225185 172654092736 191668534809 211637681883 225681385827 255707449878 288656362926 299174447613 331932553994 365729154581 375404940967 447050640154 469064329526 537397995914 581287653325 632537244457 704969212063 752287939317 819750437173 799242317417 949958451947 967259345097 1063868446307 1181061181142 1346518659912 1496551202873 1544105970410 1733580532294 2025416633787 2099349177897 2036079784475 2242818141498 2317883802445 2599587947634 2947706161302 3371012767135 3437052435452 3942812274129 4307517193896 4290415317741 5010524034175 4655731461000 5167239576695 5289084061936 5887520664297 7287998147296 6564210807640 7686369885891 9410720319546 9828860545786 9467006627560 9969463009971 11735527067595 11988717200621 11363474282727 14938896565886 14723895031906 16690151661761 17675258727794 18608708893871 23089191488757 20968822611739 21153030210186 22495666568393 26766184028811 23729434128735 30354175052467 30076024180695 31344083122636 35963829921809 37230700384916 38824501932778 42252709154684 48396447510085 40540098925735 47540184939741 51247441359236 64641260087962 60382371697081 61006687567333 71233945226124 77024568460391 75647311703510 84571513446215 85557527203880 113895054719580 96827026541225 104520705891940 134029977303235 120781859832850 128994080457503 125762818570405 140587236903606 167980297589319 163075793672648 137199053442833 195827148801597 211537966589459 192184186609013 277413905304972 252162525967660 234290701424721 294491933645937 287788603228514 278387184836253 384592779955320 354320756744548 350199651165269 326464793188636 321353987049275 400006477825873 314125082504965 462167153823851 381052445556780 501709767842620 526270652815212 500191521531923 625475754228659 761207251842069 526400915524656 427402704907222 846563905508280 636061205940871 839606080688148 738048451406497 895615604897674 977524859220616 732346610596481 782137240015733 822212274388614 909581566481685 913602862747176 1222304008608459 1299596658361907 1038145955485031 1600726696691837 1472102515175036 1750470507923911 1664140010814297 2057472504804306 2069752559438794 2071560706313390 1538839769571089 2617597196557420 3022687074504519 2158295480056822 2815921348394493 3242835096096873 2684248018634173 2560734297733300 3227037581955998 4378417848668512 1763636323780230 2220797164614781 3444638548076424 3270477519908220 3852266235785486 5232718345769542 4675388564484720 4299221773397705 3233898428189974 3515230081837937 3770298374782904 3731262966095654 3353851935731134 6502835273009706 4360168842211517 7461320560115313 5609053794960358 6091653752187494 4172202949317517 5790979574788755 4231940060881828 6007246333010156 4674303777373002 5233115516049522 10162583976364755 8024764319516476 5494110491678052 5917600057410211 5154529752292978 8375799626683465 11734920232098500 14154078341604559 18385187053869175 14232513134992467 3937389956166659 20873139903073073 11311797225722970 14530781761442240 10547651547186466 17015408932431270 11976927248937662 9955305891122543 14354876520199932 18809136831192003 12071232851565939 17822147909289753 18812582366745940 25084856308923596 26949098593162226 17702520456141635 19013112136253691 6486674127079088 14959130157021168 40151241924715200 25861488826395075 18506165873447204 9253082936723602 31245634857501179 22092873310370943 11435542077822104 12269218019229465 16239786535829663 17414180133147295 18671488299600364 21458096037352891 28305020340996003 60652363979685928 64976586702933308 69601909738881660 37274405776748077 39919565526999991 52462044228828641 112313204225748578 60105349839666544 128650749218229100 84300815636225119 103151466321735325 110307860425292772 235898983092227944 126108517833796355 134819180623301520 144117936527873832 154043597379576030 164637479165761044 175943559810422753 188008647052292980 214618299743286299 279363328483702152 298330063062758076 318555973788329084 340122810048577428 363117512048110005
3 4 5 6 7 8 9 10 11 12 13 14 15 16 17 18 19 20 21 22 23 24 25 26 27 28 29 30 31 32 33 34 35 36 37 38 39 40 41 42 43 44 45 46 47 48 49 58 65
1 7 18 42 33 69 49 59 49 53 46 44 41 38 28 25 21 20 16 12 15 9 21 16 8 8 5 8 5 5 4 6 4 7 5 3 5 1 3 3 1 1 2 2 1 1 1 1 1
1 8 27 102 100 414 366 791 895 1541 1727 2732 3080 4489 3918 4760 4885 7047 8056 8070 13194 9714 28704 33058 13117 28888 12504 35285 31748 27116 33493 56917 55957 103275 69496 78302 115099 29766 122943 175968 37338 104060 105861 142340 44583 106348 150350 772310 1932934
