11 23 35 47 59
910 14418 44801 33632 6231
22448 408492 332320 90881 7297
2269186 11301470499878 5294532674340966248 335237652929006478 23981370174
11 23 35
205 791 135
1239 2329 173
60946 23722648 1640652
3 4 5 6 7 8 9 10 11 12 13 14 15 16 17 18 19 20 21 22 23 24 25 26 27 28 29 30 31 32 33 34 35 36 37 38 39 40 41 42 43 44 45 46 47 48 49 50 51 52 53 54 55 56 57 58 59 60 61 62 63 64 65 66 67 68 69 70 71 72 73 74 75 76 77 78 79 80 81 82 83 84 85 86 87 88 89 90 91 92 93 94 95 96 97 98 99 100 101 102 103 104 105 106 107 108 109 110 111 112 113 114 115 116 117 118 119 120 121 122 123 124 125 126 127 128 129 130 131 132 133 134 135 136 137 138 139 140 141 142 143 144 145 146 147 148 149 150 151 152 153 154 155 156 157 158 159 160 161 162 163 164 165 166 167 168 169 170 171 172 173 174 175 176 177 178 179 180 181 182 183 184 185 186 187 188 189 190 191 192 193 194 195 196 197 198 199 200 201 202 203 204 205 206 207 208 209 210 211 212 213 214 215 216 217 218 219 220 221 222 223 224 225 226 227 228 229 230 231 232 233 234 235 236 237 238 239 240 241 242 243 244 245 246 247 248 249 250 251 252 253 254 255 256 257 258 259 260 261 262 263 264 265 266 267 268 269 270 271 272 273 274 275 276 277 278 279 280 281 282 283 284 285 286 287 288 289 290 291 292 293 294 295 296 297 298 299 300 301 302 303 304 305 307 311 312 313 315 316 317 318 319 321 325 331 335 337 339 340 341 343 345 347 361 367 371 372
237 983 3665 6024 12668 14653 23246 21917 30191 24479 30535 23337 28654 20896 25301 18608 23002 16686 20461 14984 19623 13888 17414 12808 16405 11862 15015 11031 14500 10533 13033 9319 12139 8892 11280 8215 10769 7610 9806 7046 9354 6618 8408 6156 8251 5871 7616 5453 7199 5025 6707 4681 6593 4439 5812 4071 5647 3809 5284 3655 5079 3523 4625 3189 4351 3002 3988 2807 3778 2652 3522 2389 3247 2305 3108 2209 3034 2118 2816 1865 2560 1837 2429 1742 2318 1662 2135 1490 1959 1426 1901 1342 1728 1332 1703 1207 1483 1166 1521 1080 1355 998 1285 864 1216 886 1160 844 1047 817 1010 716 896 688 891 645 828 582 809 521 761 540 719 511 695 465 663 435 599 403 591 395 593 371 499 332 505 318 475 297 473 289 453 254 413 257 359 277 371 243 334 224 314 189 322 166 295 166 262 145 269 160 251 115 243 146 251 121 212 120 179 113 188 116 168 116 159 99 148 81 175 83 150 85 129 91 128 74 115 85 113 77 107 70 88 64 101 60 91 56 97 48 84 49 92 50 74 50 56 39 64 45 52 34 70 25 49 26 54 30 58 22 40 14 41 29 52 16 53 15 30 14 38 12 35 21 24 9 25 9 32 13 20 13 22 10 21 10 21 9 22 14 17 10 12 15 15 10 17 13 10 6 7 4 13 7 7 8 10 4 10 2 10 3 5 3 8 5 4 2 9 5 4 2 5 4 6 1 6 3 3 3 4 4 5 4 4 5 6 3 5 3 1 2 3 2 2 1 2 2 1 1 1 1 1 2 1 1 1 1 2 2 1 1 1 1 1
237 1059 4945 10942 33241 55819 131595 187498 393206 481367 918658 1045904 1895754 1962078 3406498 3403911 5902191 5628459 9447664 8892006 15865351 13983355 23967880 21884500 37023188 32498065 55001092 47978240 83121836 72115703 117548866 99773042 166432824 140825263 233906952 199366279 327136770 271834938 446766700 368753058 614420873 498054203 789969544 672932012 1099013410 900204737 1478028391 1200521417 1911276421 1487539290 2483258469 1963084258 3403949467 2542618286 4146617831 3302139062 5377475130 3990885517 6851286918 5368638329 8845788194 6828094108 10980590311 8451220234 13608971842 10394044731 16408518482 13209724788 20559974531 15909624908 25796032387 19830009282 30709511430 24218351407 39929166903 30907925137 49624858909 36262255387 59167740905 44165869495 70780267332 53939314947 86634986922 70365003128 103610292723 82863169110 125736958880 98246273514 150318302886 116104419801 181074442226 143583915902 213034334608 173129845967 260946455085 203650812738 283389667134 232188281983 371035121718 285678876529 419252047514 319173090750 504170547588 375743809957 604884508846 471941756862 723950190432 580408092579 811067798561 673225741840 978021518705 763218695857 1068599937291 888561356380 1333727518369 1081823040287 1555454884637 1119516109213 1856253821762 1295850277428 2054737440596 1594763719785 2445906268802 1889723483438 2989094098901 2097263899743 3340897694481 2479686599509 3725836855471 2687763296621 4669532969328 3367508458310 5559117964128 3814201584888 5519237088130 4249600121655 7004041990274 4706265430884 7493558555605 5252687372955 9594411795504 6135524274032 11315434778941 6677992233097 12676829090808 8567453299155 13128467203334 10715497943145 16718466292110 11909073496013 17710281724171 13483290294086 20162556204351 13782670079646 24748151088728 14324055555458 27211040085863 17187933256269 28816025740435 18281358224506 36854599002489 24171354047487 40276807528767 21043530172902 49063045028554 31936376974193 56731938223139 32770241436583 62933071385413 37983387493128 57301119028450 38942197533903 79305330456160 53031939980156 78280419267664 62736788706405 92955596512902 58948314253335 99962996760055 63841981470995 147799367323271 78493578313168 148954501155301 89630524627080 159550554875416 113826929298011 184379607817072 110384796254863 195819932116254 148330356704994 222974498876595 166877639370069 249524955485592 176481534142272 233159120590117 188241444416109 345089100030571 214220983658063 343351119947508 202652830296313 445158959511452 214539661410644 429269506924332 253932401285819 568783336682297 351333628569827 529900183116248 364641652185905 450886370319711 352226269184880 694955957898731 460027251010109 683463704532924 475912562789188 989060006331769 358817167501692 827259771104755 461560854402221 1102545743898567 698149540565286 1472134445048021 571442980658994 1056360851440431 425397047483394 1260687220533174 1129400863655792 1977369925963969 734836791367345 2205937971509157 715493175441650 1626663757562611 674162182997926 2195236482884475 901183041633439 2411264999916580 1461675835498828 2173935351213873 803811989035501 2644984724753629 1051413755602896 3415096243430979 1565454411405865 2382138344898547 1775539725895550 3126656931306508 1706605297382613 3692047939810126 1850584494042350 4298859562354842 1812517232724261 5879184552840550 3645250752982194 4512960784238650 3132639171190361 4303104705659161 4785063927977482 5273014111765001 4000507547281446 7847701803385110 6001482364340943 5561079262787679 2938255424252905 4283689471050464 2397020182913566 8281775205815323 5326080650169746 5685415658745758 7084831041662706 9128368663860357 5172893021778695 11719167872768408 2025031859875742 11754159100812933 3567987203627272 6761654532795545 4562941478553525 12749411325239380 8320125297640055 7058414939043293 3937389956166659 19297195427820321 13209134993738358 9806343470766818 5465746367095070 14694648969647775 11992078711775084 19673165637407310 3652430836071053 23282041643518163 12658165585761285 13602759380702658 14616114169416252 20937484279014688 22103349145605487 29782048220332665 25946696508316352 27863400576783324 37397825392552920 47630807003225784 25861488826395075 45632828022359433 29115027721530604 10657331232548839 22871084155644208 47622525810516520 33653966668976958 37342976599200728 21458096037352891 46000013310974674 49300212301660980 24650106150830490 26415807633566326 32488293351466654 42748078035954696 64325374609114550 168601631272450238 96450110192202760 110307860425292772 117949491546113972 126108517833796355 288235873055747664 329274958331522088 188008647052292980 471314064268398780 695143713458946040 899175348396088349 958728697912338045
3 4 5 6 7 8 9 10 11 12 13 14 15 16 17 18 19 20 21 22 23 24 25 26 27 28 29 30 31 32 33 34 35 36 37 38 39 40 41 42 43 44 45 47 48 49 50 51 52 53 54 55 56 58 60 62 64 68 70
3 32 73 163 158 311 253 384 231 345 194 297 142 162 111 127 71 83 53 55 37 57 31 44 18 32 16 23 21 28 23 18 8 21 5 7 13 11 7 10 9 9 6 4 5 1 4 1 4 2 1 7 3 2 1 1 1 1 1
3 38 107 393 496 1609 1816 4691 3778 9214 7006 18574 11334 19311 17995 31985 21629 32152 26924 37313 28179 64740 44954 81901 30865 73658 45431 117215 86446 167291 162705 219079 73173 334576 68180 192399 330031 399175 184249 507894 361746 645802 322205 331873 1202496 225525 722932 211116 819814 396781 408452 2097986 1324653 1158465 1053646 1430440 1121505 3483260 4647040
