30 42 54 66 78
12707 41827 27329 17430 701
1130715 623643 151808 37816 701
89831082780575023395 17012525068917527806 3381331123146521243 10029341932748653 1399753
30 42 54
832 365 25
4450 689 28
222526490 2550307 4100
3 4 5 6 7 8 9 10 11 12 13 14 15 16 17 18 19 20 21 22 23 24 25 26 27 28 29 30 31 32 33 34 35 36 37 38 39 40 41 42 43 44 45 46 47 48 49 50 51 52 53 54 55 56 57 58 59 60 61 62 63 64 65 66 67 68 69 70 71 72 73 74 75 76 77 78 79 80 81 82 83 84 85 86 87 88 89 90 91 92 93 94 95 96 97 98 99 100 101 102 103 104 105 106 107 108 109 110 111 112 113 114 115 116 117 118 119 120 121 122 123 124 125 126 127 128 129 130 131 132 133 134 135 136 137 138 139 140 141 142 143 144 145 146 147 148 149 150 151 152 153 154 155 156 157 158 159 160 161 162 163 164 165 166 167 168 169 170 171 172 173 174 175 176 177 178 179 180 181 182 183 184 185 186 187 188 189 190 191 192 193 194 195 196 197 198 199 200 201 202 203 204 205 206 207 208 209 210 211 212 213 214 215 216 217 218 219 220 221 222 223 224 225 226 227 228 229 230 231 232 233 234 235 236 237 238 239 240 241 242 243 244 245 246 247 248 249 250 251 252 253 254 255 256 257 258 259 260 261 262 263 264 265 266 267 268 269 270 271 272 273 274 275 276 277 278 279 280 281 282 283 284 285 286 287 288 289 290 291 292 293 294 295 296 297 298 299 300 301 302 303 304 305 306 307 308 309 310 311 312 313 314 315 316 317 318 319 320 321 322 323 324 325 326 327 328 329 330 331 332 333 334 335 336 337 338 339 340 341 342 343 344 345 346 347 348 350 351 352 353 354 355 356 357 358 359 360 362 363 364 365 366 367 368 371 372 373 374 375 376 378 379 381 382 383 386 388 389 390 392 395 398
272 1394 4401 9624 17586 25737 36415 42111 48215 46912 50962 46812 47980 45182 45008 41184 43137 38645 39056 37059 36474 33335 35206 31935 32017 30000 29733 27493 29173 25735 26812 24976 25212 23014 24254 21884 22274 20968 21390 19222 20354 18117 18400 17998 17256 15831 17321 14843 15900 14774 14735 13656 14285 12914 13231 12555 12609 11328 12432 11186 11236 10594 10637 9908 10242 9205 9773 9338 8823 8186 8943 7873 8047 7744 7591 7022 7392 6827 7076 6607 6502 5986 6389 6047 5942 5785 5805 5210 5522 4928 4956 4898 4710 4454 4800 4284 4197 4102 4148 3894 3931 3739 3804 3489 3498 3226 3427 3352 3184 3076 3188 2799 2948 2816 2856 2629 2552 2393 2657 2451 2305 2226 2422 2191 2104 2045 2275 1955 2055 1914 1969 1968 1785 1825 1899 1600 1656 1616 1681 1486 1519 1367 1576 1365 1330 1253 1343 1262 1182 1235 1283 1161 1095 990 1114 1015 1032 951 1053 898 911 854 984 825 896 783 856 796 765 684 838 691 649 643 745 630 630 568 674 648 596 592 619 502 539 488 537 448 454 425 448 415 421 416 408 352 367 326 390 355 323 268 303 320 291 272 318 250 232 254 250 232 234 219 268 216 192 201 221 195 204 177 190 184 181 119 177 206 158 130 177 133 138 117 146 118 130 97 138 111 97 97 93 82 108 99 96 78 100 84 69 67 87 51 79 52 70 42 51 54 62 30 60 63 55 41 39 33 42 38 56 40 40 37 31 44 46 24 35 34 27 29 23 37 28 31 63 23 14 14 21 23 16 11 20 14 17 15 10 18 17 12 12 15 11 12 8 17 8 13 11 9 5 9 2 15 6 4 7 13 14 6 5 5 5 4 6 6 5 2 5 3 7 2 6 8 3 1 3 3 7 1 2 2 1 5 4 5 1 5 2 2 1 1 6 2 1 2 4 2 2 2 1 2 2 1 2 3 1 1 2 1 1 1 7 2 1 1 2 1 2 3
272 1522 6063 17613 44301 94182 193149 338668 586742 876576 1436486 1997310 2983429 4089451 5774618 7454771 10706140 13083594 17841778 22287446 29221004 35372070 48161767 56044107 72575171 86004701 108713106 125048434 167052606 185643226 240106199 276042489 345231866 388347127 503957865 545532169 690039457 775426681 973042563 1059858297 1353833381 1430731879 1747018244 2007782713 2317420213 2525170094 3318043933 3346935556 4297443333 4580101569 5488799499 5953203931 7398860054 7737111229 9439776301 10348165365 12332824798 12646476808 16379739442 16836841164 20180524100 21786387305 25288950157 26991450107 33240968159 33603085971 41154703806 44944910446 49593679482 52815504144 66685610408 67039309252 79989537747 84577442724 95780705191 99814521257 126155960001 129358624974 154333056633 162296274944 182948826387 187812097778 231984896361 245012007978 280160593931 309076877226 344734878545 349962281381 431353150177 426295178420 484554068307 532932132508 587588226009 624475268209 756096147299 759762974768 862737492182 912136586416 1021770848909 1076461029965 1234623743848 1334265054913 1482924897254 1581269495594 1738048203911 1765473123355 2140125309219 2304312380803 2443631524302 2693321186495 3041389756948 3078344309613 3803097322505 3851020723154 4335785177047 4374552510843 4725552327224 5007469463622 6099643902977 6251425010608 6857956032916 7141706602784 8441506776512 8732889961457 9148765316649 10052586598637 12140325039026 11956258939303 13899705503589 14146957931998 16097961697055 17972926986359 17969506889043 20275740753320 22419242357109 22309684625098 25722383329639 27404662811054 31637073359322 30360061431174 33998327838954 33671369426793 41191197805328 43302289461562 45566610997955 46269394544899 52125638156282 57848222846479 57335824054749 67731033484453 73269224307751 77418586450497 80214464076680 79590980191982 96813713209873 99269336156854 111791346357348 107049346357986 128928802809225 124176911071104 144787967731719 146591927914733 185452989603062 170677771101426 205280560870129 193186862421802 218939090263766 238687552704258 262001562890066 234229998946568 322182391642469 295642568881758 300054936120492 337955740707348 401206517665933 390518997360711 422109100206955 394391251924885 516487281185435 555500703667035 558334762931821 606950429038489 689939117573637 617875439089139 742372655612156 726145937767070 858883573012761 766313271289381 846852320395202 876071100760970 994870709129344 1054072238684245 1202680232327001 1236563455253582 1263745210511345 1206647958376127 1361717772905805 1376861430323434 1723708625163245 1700466542010874 1736542189870656 1540521489933662 1791462341353012 2176183603283384 2031914808219565 2259562671690212 2708549392229780 2363346590692541 2374633773671065 2825176369752517 2895693126125551 2920242703718338 3376270872160692 3496112711701845 4175109888876202 3936562915579875 3759974928597651 4430916776186836 4896537025583489 4739347092597279 5369207076021126 5360083797002059 5790051951385588 5859122645725335 7188951919777136 4914750371386193 7413364642083014 10519334693542184 8154250013613690 7495613238415548 10631714614641643 8502281550795631 9413222455229962 8580580927595096 11538377105988047 10431075281122522 12853719251665391 9999095243664744 15404855904177248 13953781909362430 12934242208478353 13582265153141903 13440160656535514 12300923461197111 19226201918273380 20188285254898542 18419340736832830 15661993900144680 22588647431882538 19505996540101916 18481874628794071 18903199516000062 25469902610391722 16918919501035060 27655020758919879 18817742483993648 30294331483396389 18088946379862068 22785045330299105 26086177072653963 37578605590897915 18453920212656227 37535890219318431 44870366529154852 41398643190028696 33566831641964264 38805630813895738 27188364082395071 41788802163716001 44164964176426751 65253087138406750 54765123112698534 52203339841758697 54022430827435110 46641305493048743 74303458679288865 86343789869888785 48321966719181362 71934269605073037 74055784746114360 70029318244230214 80693085943109852 63520854923124559 99368194498047159 85642247249662946 97884666955390505 210074966458952128 82613605621759184 55662870021323169 63755078810161683 91190270580487677 115812504004550164 90282112276889408 64057183530380898 125096900633087925 104523905085235373 114139134069411610 126037173198631751 76521637448638614 166507446604080650 154139476618008349 159336078291340931 125708898270150054 164529233559872175 131626694445894671 214827705457698578 109123522241350836 264378828710811980 126627790895719897 235577766682838706 201614446796244797 193444575310886545 104409141637212563 245290520119688477 49300212301660980 383877204124344038 164162483923686987 119283566310524895 246933678641991092 505825692415793218 554169184836606661 228936754160992290 205254852652909365 222813231702643476 241794933084529528 209848176915314564 336939612677245734 352734603584414754 313186823506676738 197485635164302950 358629635477698717 304909086329033908 590105709453575833 174476250616774742 578700661153216560 914960484636552795 309454398965205975 117949491546113972 378325553501389065 395746879080399395 1008825555695116824 154043597379576030 329274958331522088 351887119620845506 188008647052292980 1004412781438415795 917089147484868600 1224522687276912030 261578907351144125 1396816642418510760 596660126125516152 637111947576658168 340122810048577428 363117512048110005 2325795197514175338 827532361866684724 441622981929358437 1005915133012000040 2146716281242764484 1145224117796075118 1221796807503768202 1303377759994413918 695143713458946040 1482866319768163368 1798350696792176698 958728697912338045 2044282456734690724 3268972933273199346 1161537834849962850 1238057794119125085 2812414893122968108 1498478743590581081 1701169427975813525 1812356499739472950 13514592506453260684 4665642397087784672 2645418340688763701 2816759503217942792 5997928895472904388 3398704041358160275 8196069071253189582 14813619290364574965
3 4 5 6 7 8 9 10 11 12 13 14 15 16 17 18 19 20 21 22 23 24 25 26 27 28 29 30 31 32 33 34 35 36 37 38 39 40 41 42 43 44 45 46 47 48 49 50 51 52 53 54 56 58 59 60 62 64 65 66 67 68 69 70 72 74 75 78 80
1 35 49 167 146 368 218 420 288 326 198 325 157 269 112 221 126 182 105 173 80 141 59 124 59 76 38 69 40 63 30 47 37 49 27 52 16 30 13 28 17 11 10 22 12 15 2 14 4 15 1 15 12 6 3 4 9 6 1 4 1 2 1 4 2 2 1 4 3
1 43 79 422 490 2024 1540 5252 4908 9599 7123 19716 13193 35304 17497 52554 36455 81578 54710 118410 74840 181892 76707 242324 144982 243793 143153 321494 192316 419382 255903 449749 411547 738276 466617 1140319 405956 1133767 434264 982612 849875 735622 595121 1998374 1403318 2815034 328618 2305044 765259 4105854 527790 6613306 4836592 4730901 1995350 4403370 9368316 16430893 2243010 11837547 2600312 5200624 3483260 20903600 6175470 16351872 5392783 29386764 47776227
