18 30 42 54 66 78
5485 14486 39279 24879 15428 434
317279 1096460 562232 134218 32823 434
870572872 8051620276938227008 6617733205533673950 2651017421222125867 7555580946462737 287661
18 30 42 54
1056 1015 291 23
15811 3877 555 26
45201025 80107447 2718316 703
3 4 5 6 7 8 9 10 11 12 13 14 15 16 17 18 19 20 21 22 23 24 25 26 27 28 29 30 31 32 33 34 35 36 37 38 39 40 41 42 43 44 45 46 47 48 49 50 51 52 53 54 55 56 57 58 59 60 61 62 63 64 65 66 67 68 69 70 71 72 73 74 75 76 77 78 79 80 81 82 83 84 85 86 87 88 89 90 91 92 93 94 95 96 97 98 99 100 101 102 103 104 105 106 107 108 109 110 111 112 113 114 115 116 117 118 119 120 121 122 123 124 125 126 127 128 129 130 131 132 133 134 135 136 137 138 139 140 141 142 143 144 145 146 147 148 149 150 151 152 153 154 155 156 157 158 159 160 161 162 163 164 165 166 167 168 169 170 171 172 173 174 175 176 177 178 179 180 181 182 183 184 185 186 187 188 189 190 191 192 193 194 195 196 197 198 199 200 201 202 203 204 205 206 207 208 209 210 211 212 213 214 215 216 217 218 219 220 221 222 223 224 225 226 227 228 229 230 231 232 233 234 235 236 237 238 239 240 241 242 243 244 245 246 247 248 249 250 251 252 253 254 255 256 257 258 259 260 261 262 263 264 265 266 267 268 269 270 271 272 273 274 275 276 277 278 279 280 281 282 283 284 285 286 287 288 289 290 291 292 293 294 295 296 297 298 299 300 301 302 303 304 305 306 307 308 309 310 311 312 313 314 315 316 317 318 319 320 321 322 323 324 325 326 327 328 329 330 331 332 333 334 335 336 337 339 340 341 343 344 345 346 349 352 354 357 359 366 367 373 375 378
342 1685 4754 11463 19979 33149 42852 53876 61978 65033 66409 71905 68297 65767 61752 58188 54420 51392 48601 46128 42724 41526 38474 37157 34752 33567 32198 30987 28965 27863 27083 26015 24975 23652 22852 22205 21282 20701 20197 19402 18583 17991 17579 16932 16409 16096 15544 15359 14751 14228 13905 13555 13061 12722 12447 12149 12015 11371 10969 10783 10305 10195 9998 9736 9605 9077 9052 8753 8388 8297 7856 8026 7745 7420 7202 6973 6800 6498 6602 6514 6244 5942 5854 5563 5461 5299 5093 5034 4797 4742 4548 4486 4292 4205 4127 3981 3961 3884 3645 3658 3454 3388 3410 3345 3192 3030 2983 2851 2820 2704 2755 2599 2567 2410 2404 2353 2299 2276 2214 2148 2038 1999 1875 1962 1921 1741 1811 1813 1684 1568 1505 1532 1566 1466 1425 1358 1359 1267 1224 1234 1094 1170 1165 1025 1040 1042 1037 967 981 916 867 950 829 799 882 768 791 734 716 678 645 661 648 665 612 657 629 536 563 562 487 549 546 517 505 490 473 482 481 413 470 465 382 367 378 352 340 371 328 319 334 319 301 310 261 283 297 245 274 249 200 259 241 211 203 234 199 208 207 186 176 218 185 178 175 150 152 163 145 170 146 154 199 151 118 127 164 111 119 112 110 120 104 99 98 96 109 93 97 72 78 78 77 84 87 65 97 78 50 58 60 52 61 49 52 48 56 44 43 46 64 33 51 28 26 31 47 41 39 31 36 25 27 30 40 37 35 33 31 23 28 29 62 19 17 22 18 15 12 18 6 22 20 7 18 17 13 12 13 10 11 18 11 10 7 12 11 6 5 10 9 4 5 6 5 4 5 3 2 6 3 4 6 2 1 2 4 2 4 2 3 1 2 3 4 2 1 1 2 1 1 1 3 1 3 2 1 1 1 1 1 1
342 1841 6679 21357 51279 123073 229157 448876 748986 1225754 1897945 3078527 4216517 6111219 8219440 11164509 14698338 19251033 24701049 31331766 39237781 49742434 59366894 74654374 89235474 109662219 132044356 158033069 186897136 225242330 262451616 315879172 370575433 435518766 508221349 599900764 696901073 806395294 947922458 1091552646 1251988771 1459576651 1684652272 1899707103 2290763799 2608238368 2974945306 3546394204 3998994742 4536498032 5309087389 5960257680 6822385394 7922908003 8858446137 10174959871 12046448900 12893700148 14888495430 16969163988 18805207422 21178011354 24459526168 27291534984 31872556016 34972896521 39936938175 43161134898 49267902898 55684839652 61606924609 72028593245 78577998375 85447051199 99547217043 104489609869 118095343557 131675464600 149431463454 166395754174 188364126745 195116443399 225557965366 243369424890 274577673210 294855245580 325753913310 354812403253 394678219395 443025300720 480305193115 506397673070 580086639591 610983698100 695935538088 761939386281 856265113792 906656196633 987001007373 1085165058805 1170667448372 1333956025248 1497729296491 1570650474903 1743189879409 1834804984459 2000624529421 2158410452818 2375814756037 2541689289783 3080326459438 3009765254060 3423709317639 3557675293988 3998482032944 4107981082946 4692359311355 4998787984437 5617698218259 6137095324834 6717888578881 6779300948450 7422116242692 8023234966455 9007848005786 9346360156577 10963342675403 11419886994255 12508441453848 12394289370541 12866256278033 14693495876163 17135572110785 16561586320882 19302990350160 19660931688250 22111130332266 23198892649151 24607778347338 24931787714563 25814569382083 31065891138355 34166850493507 32932108203658 37582131870989 39995124440051 43168363670150 45463097129908 49052079759407 52255699448746 55704428047563 62658365579698 64473254839768 64932539586051 81210143440088 76093610829003 83497630142195 84211273632781 100747098856694 94183845576300 102561518318003 117062912940389 119460681844293 130891910072534 134756438677771 159915224537837 169017475797473 158334865494461 187137713723217 199279650438462 191143875333254 229056445849564 254390523260097 265119416527505 282422888983183 297780262640155 308525638617682 339934230939606 377702032024970 369093048009970 439965863282952 444094454566058 428264437776621 413815196020695 477145955353551 527155315184637 524924899978358 654303905928041 601378326656722 643196521428791 760107507604995 787297695214328 788948100628087 895726049177639 803291595514955 997345607787485 1099764811890944 989640640957685 1179880807568460 1194307975903309 992563088466404 1503678602473654 1434847267544350 1473895313706414 1423383530063139 1899669418599287 1753738682987820 1961380957987647 2128835056128676 2128335314426574 2073964244320639 2744057380220796 2455479776506454 2625313940998537 2836411265895656 2766392897965732 2871568917599375 3670385208602699 2966759836145852 4250968836123883 3797460704741793 4275508021215172 6938913124685412 5043745394856057 4193602259916478 5341385196936541 6697731492541680 5085611460048605 5603865881485946 6480640978560546 6628781061366966 6907120714480308 7084630421823497 6610041888698650 7696925490807968 8202485089816394 10542468488279283 9833790868827201 10389358957331434 8578735171081622 10148675587985604 10437554351144046 11112664334608579 12730739000995967 15559896683326354 11527241668954160 21239821136855868 15537488539381131 11486420778717032 14468417444263680 16355948841211437 14369858554918357 19956889314918552 15010287608679225 19334761515631623 18860391026392188 23404001689022745 20514716834847032 21533807023185698 23715431754436501 34030280841683515 19439850194506735 39340118779047506 17902509959553312 21229224609063377 25252485763931920 40691204577175333 37497705569117183 42251285457820236 33515531077135072 46817577614640277 30182664198161410 38981588517180726 43399063457392866 61657000948014459 62639103558265640 65797261871462893 65694782122313856 65000839129749842 50320498936265621 69153049040205318 72518310158261798 155277634090826522 48880235288961473 73488550870060869 76869742251444736 70332799941501266 58100778424091941 45196626659944481 95455922469174732 30480313495051038 102163903961332692 107283029577227408 38221372585978781 109393787423826909 118330795719683369 94646845916041176 93159165463317578 102741179084962152 122224469445711555 97988392336408160 174690166329183624 112146131677019863 121899908629676819 84217174251791533 179806051151666661 149566620696746249 116022171542971607 77908431288230908 168269833344884790 160499545697684862 97395256886931563 104409141637212563 131832397460386238 123250530754152450 102131827568793632 135857463582690984 117262404661677934 60652363979685928 201867744662722452 111823217330244231 157033102357748050 250831443197818766 131268514615487420 45772358543578028 104924088457657282 224626408451497156 120210699679333088 253081473667010194 137669771892147700 216141461669774528 78801255302666615 168601631272450238 270526304941648869 373251090345504766 206302932643470650 117949491546113972 126108517833796355 288235873055747664 154043597379576030 164637479165761044 175943559810422753 643854899229858897 261578907351144125 894990189188274228 726235024096220010 413766180933342362 651688879997206959 695143713458946040 1022141228367345362 1161537834849962850 1406207446561484054
3 4 5 6 7 8 9 10 11 12 13 14 15 16 17 18 19 20 21 22 23 24 25 26 27 28 29 30 31 32 33 34 35 36 37 38 39 40 41 42 43 44 45 46 47 48 49 50 51 52 53 54 55 56 57 58 59 60 61 62 64 65 66 67 68 73 74
18 137 139 525 425 1277 767 1930 1038 1842 996 1826 928 1394 726 1052 458 741 348 627 289 434 218 366 126 243 108 194 84 147 72 136 46 101 49 86 37 36 24 25 14 46 7 26 7 18 8 24 12 31 4 11 4 5 2 3 1 7 2 4 2 2 2 4 5 2 1
18 160 233 1330 1286 6417 5019 22654 15039 50408 32063 117873 66278 189860 109585 294293 139280 377503 169657 606029 281358 726621 343864 864289 328993 882070 430997 1212027 492195 1336383 755274 2229153 687970 1883467 1058870 2614834 1297064 1668161 1097367 1356252 719278 3642566 447731 3456544 806332 3139373 1169103 5706141 2793569 11200625 1113559 4917206 1579521 2732301 1584308 1995350 386155 4348675 2107292 7375522 2899401 3865868 4533246 9953252 11072331 6642080 4087968
