21 33 45 57
6273 35174 44130 14416
402816 517642 184593 28198
38382945747 9340960098669060906 3866971886966022709 1215067370587079
21 33 45
716 263 7
3458 499 7
38579020 2439138 88
3 4 5 6 7 8 9 10 11 12 13 14 15 16 17 18 19 20 21 22 23 24 25 26 27 28 29 30 31 32 33 34 35 36 37 38 39 40 41 42 43 44 45 46 47 48 49 50 51 52 53 54 55 56 57 58 59 60 61 62 63 64 65 66 67 68 69 70 71 72 73 74 75 76 77 78 79 80 81 82 83 84 85 86 87 88 89 90 91 92 93 94 95 96 97 98 99 100 101 102 103 104 105 106 107 108 109 110 111 112 113 114 115 116 117 118 119 120 121 122 123 124 125 126 127 128 129 130 131 132 133 134 135 136 137 138 139 140 141 142 143 144 145 146 147 148 149 150 151 152 153 154 155 156 157 158 159 160 161 162 163 164 165 166 167 168 169 170 171 172 173 174 175 176 177 178 179 180 181 182 183 184 185 186 187 188 189 190 191 192 193 194 195 196 197 198 199 200 201 202 203 204 205 206 207 208 209 210 211 212 213 214 215 216 217 218 219 220 221 222 223 224 225 226 227 228 229 230 231 232 233 234 235 236 237 238 239 240 241 242 243 244 245 246 247 248 249 250 251 252 253 254 255 256 257 258 259 260 261 262 263 264 265 266 267 268 269 270 271 272 273 274 275 276 277 278 279 280 281 282 283 284 285 286 287 288 289 290 291 292 293 294 295 296 297 298 299 300 301 302 303 304 305 306 308 309 310 311 312 313 314 315 316 317 319 320 321 323 324 325 326 327 328 329 330 331 332 335 336 338 340 341 342 343 344 345 346 347 348 350 351 355 356 364 365 371 372 380
358 1750 4136 8040 13523 19200 24783 30471 33715 37090 36752 36121 34333 33301 30772 30321 28257 27492 25821 24854 22997 22522 21525 20711 19755 19039 17781 17142 16479 15869 15291 14712 13616 13298 12948 12272 11724 11400 11011 10610 10140 9688 9428 9006 8415 8100 8120 7634 7426 7296 6870 6505 6447 6115 6041 5815 5581 5244 5287 4856 4801 4609 4555 4326 4383 4121 4057 4001 3734 3620 3724 3525 3484 3431 3270 3138 3173 2966 3039 2877 2873 2684 2687 2510 2560 2537 2416 2365 2410 2133 2242 2193 2077 1980 2013 1813 1986 1858 1824 1728 1783 1575 1660 1657 1601 1451 1535 1447 1434 1382 1343 1341 1423 1226 1246 1265 1172 1178 1169 1101 1065 1122 1010 931 998 868 908 858 859 791 845 793 784 757 693 677 673 681 658 656 612 577 617 584 561 590 533 521 526 478 497 478 489 457 438 409 398 424 409 391 412 349 345 338 333 310 330 313 311 293 297 268 237 233 245 248 245 229 248 228 199 196 192 169 193 191 184 181 185 154 157 148 147 145 133 123 114 120 120 121 120 123 132 125 112 129 125 100 102 82 80 95 91 91 82 74 67 85 77 71 65 57 72 59 57 55 62 49 50 40 48 37 39 44 45 43 44 38 45 34 33 30 42 28 30 27 41 40 34 37 30 20 25 29 23 27 28 26 29 20 22 18 16 23 17 19 18 11 16 17 18 12 17 13 7 13 12 16 17 10 8 11 8 13 16 12 9 10 5 6 5 6 7 5 6 5 6 5 8 6 1 2 2 3 5 6 3 4 2 6 5 2 16 1 2 1 2 1 2 1 3 1 4 3 3 1 1 1 2 2 2 4 1 2 2 1 1 2 3 2 1 1 2 1 1 1 1 1
358 1933 5801 15602 37066 75943 143013 265114 439718 712570 1090368 1599877 2212562 3135380 4199427 5721480 7455193 9929807 12412468 16227124 19869020 25201001 31398271 39586872 47671336 59614480 70013320 85169710 101237944 123849460 144324523 176985202 200920009 241110157 283658758 336417637 374973352 447267096 519168423 612319603 690727746 812167549 917469038 1056002033 1191986414 1350121351 1557152959 1807756135 2033773138 2364528105 2637409175 2874163618 3343664228 3753884350 4234270772 4838600912 5456114815 5820150262 6802662953 7319073534 8219118038 8854513715 10555421782 11260852472 13159849412 14162894989 15523567379 18017881851 19639145368 20974454396 25269031505 28144161308 30561537740 34029303443 37790843975 40083105872 47717807748 53096695705 58204542138 63559664745 73777062223 75346782886 85182933958 93580038371 103301767049 119529413993 130238020027 143403177047 168880052018 165078638797 195556318551 215840641095 231037569338 246783390457 290143718029 298281564731 349980423769 368372931439 411545041090 441527495430 515558086415 523012720226 590259238059 688806200863 737598967400 729360513934 891613581870 929609132316 1015741727295 1079460668534 1210027420829 1314629134074 1579521789347 1567579299278 1654877267641 1950829086677 2013541121220 2266797874398 2476677546095 2713144329381 2806706608625 3223744751987 3311339283894 3404623446536 4112458194109 4025610598462 4446282853560 4586916173162 5348084725197 5359631463847 6434272917595 6813076439163 7118935625166 7689468086938 7968843421287 8385552697181 9816903221565 10848618326374 11151599643153 12234585466135 12954347130826 12646384229290 15267227396475 16738535631032 16776106694733 19240159476735 19214302548284 21216323219116 23960175528134 24413196603665 26845446241305 27911018110113 31374879716314 32370714589004 34429864776916 37445858951781 37255389970928 42594708864367 46719724177079 47286071937482 58736290887780 53316614069232 58272463102374 61436173984341 69279163625686 69052777050565 76974304408499 84531576555465 84802912119592 93770014267640 108498885283989 102339923965253 101402333716591 111424946686974 118169652339075 135555832459169 146668193346205 149608159083715 180250184765090 189089583498905 165399929410981 180678166651895 191895048423646 194447195788281 250710706313668 263549569760747 265154435493966 274839118627818 315925340914549 305198907791092 317144106958974 339038200268413 359140446425938 376745409816164 389618218585095 398291017948303 369846969385506 442031043146499 481609921216323 528416803360039 595692680382593 644784901307202 711480878545537 770268837369331 691017678558540 840755429687405 970654581827912 835621569474450 852233880831055 810602887493365 839139555765779 1113202529108737 1156251961027532 1289100391953807 1149524911553235 1214409799101834 1175468930867328 1544690396050375 1678931063693390 1621470763000172 1485234889973378 1417308268829756 2014637139022635 1800630908649165 2081901262060279 2023927877108674 2442218878438341 2208835236553538 2271707855012218 1990099328212079 2943942407367681 1990104179679464 2252771275880778 3463102376775975 3597703937598581 3412330698041929 3891465943379119 3456877398856392 4159949385418302 3519339216808013 4150634224613649 3541243279868656 5871115599267843 4240551532339552 4668153233661402 4858889754491187 7386729956326568 7608494345705344 6996700623839522 8653538279741622 7194748818863691 5547092878311276 7262383513493509 9437996198952154 9027572685942652 10326317682381293 12136584393645168 12169130879064369 14932695065274657 10558520686217734 12503379295194235 11151269108967558 9876616804586316 17912131348124976 12030029529813553 15737885938244769 15579961449083563 11360835663000291 15391953766980432 18535351270811666 21095582162161969 13088615963218338 20195643703817537 19807729975755749 9486455898785210 19556284551709825 21666914975799251 32000818637915139 31310891274130940 19975473278800277 18832314050497998 25318679264094041 21999507308976931 39073891818194655 45992593650962780 39342430612856269 30103363818205405 38410212107438127 19082628156610372 24435932070229551 21096942642935475 32415341747448598 35553598448430940 31794848040718965 35405040912283270 43619077909619324 40836748830941500 36884110458238167 76998384010835664 59162978147211205 9253082936723602 19861944784807002 21314662465097678 34306626233466312 76294307742861507 84711975991680030 44404568142994393 64959146143318652 34828360266294590 125671185431390272 100087133812884725 42916192074705782 386374381288881391 23000006655487337 81136635608128655 28305020340996003 64976586702933308 37274405776748077 79839131053999982 79839131053999982 134292795123110752 49005643635237875 202935375728133032 164775248454577219 180316049518999632 64325374609114550 68834885946073850 84300815636225119 180350869961099246 206302932643470650 235898983092227944 504434071335185420 134819180623301520 288235873055747664 308087194759152060 164637479165761044 175943559810422753 376017294104585960 602647668863049477 458544573742434300 244904537455382406 318555973788329084 680245620097154856 572612058898037559 610898403751884101 899175348396088349 958728697912338045 1596675274490756791
3 4 5 6 7 8 9 10 11 12 13 14 15 16 17 18 19 20 21 22 23 24 25 26 27 28 29 30 31 32 33 34 35 36 37 38 39 40 41 42 43 44 45 46 47 48 49 50 51 53 54 55 57 59 63 64 67 69 71 75
8 51 59 156 139 310 194 296 226 280 160 267 141 227 130 142 106 134 97 101 50 73 52 41 54 49 39 39 22 36 29 22 26 18 14 12 12 17 15 5 17 17 8 10 7 8 9 3 7 6 1 5 3 3 3 3 1 1 2 1
8 65 92 399 477 1840 1346 3842 3868 8133 5707 16695 10497 26838 18463 37255 31969 55720 50125 67890 38359 94704 56616 67404 101400 127392 102652 162924 108930 283999 202618 228488 298829 240130 241521 232409 320604 453727 437621 200597 1037893 1125712 636347 1094366 655236 1136379 1617474 300250 1310068 1897503 204226 1572406 2351712 1995896 2977480 3054439 1300156 2012558 5003209 5392783
