9 10 11 21 22 23 33 34 35 46
57 140 57 465 732 63 255 395 66 1
622 736 407 1106 1520 90 292 438 72 1
7211 5278 4233 443766 656501 7958 38587 40681 6035 22
9 10 11 21 22 23 33 34 35 46
57 140 57 465 732 63 255 395 66 1
622 736 407 1106 1520 90 292 438 72 1
7211 5278 4233 443766 656501 7958 38587 40681 6035 22
3 4 5 6 7 8 9 10 11 12 13 14 15 16 17 18 19 20 21 22 23 24 25 26 27 28 29 30 31 32 33 34 36 37 39 40 41 42 43 45 54
31 120 344 639 629 765 576 587 334 271 173 150 100 108 72 72 36 40 26 33 14 31 16 19 8 16 7 17 6 11 8 7 3 4 4 1 2 1 1 1 1
31 132 520 1354 2006 3676 4603 7045 6024 7812 7388 9181 7457 11625 9634 14907 9085 13676 9836 19765 10622 26397 18907 34059 15128 40861 19718 61616 25190 49129 48112 77583 47654 68159 68814 21637 69289 31185 37338 53174 239943
3 4 5 6 7 8 9 10 11 12 13 14 15 16 17 18 19 20 21 22 23 24 25 26 27 28 29 30 31 32 33 34 36 37 39 40 41 42 43 45 54
31 120 344 639 629 765 576 587 334 271 173 150 100 108 72 72 36 40 26 33 14 31 16 19 8 16 7 17 6 11 8 7 3 4 4 1 2 1 1 1 1
31 132 520 1354 2006 3676 4603 7045 6024 7812 7388 9181 7457 11625 9634 14907 9085 13676 9836 19765 10622 26397 18907 34059 15128 40861 19718 61616 25190 49129 48112 77583 47654 68159 68814 21637 69289 31185 37338 53174 239943
