9 10 11 12 21 22 23 24 33 34 35 36 45 46 47 48
122 266 352 149 1813 5158 7172 3846 9425 20427 20262 8696 4131 8245 7246 2680
354 622 742 303 8818 27347 41480 21844 30180 63734 60194 24755 7176 13598 11052 3876
4481 7277 11151 4764 428992398 6490932000 191135503643 573216390317 67826418072784155 385732315256991966 313417946885900232 240080175888941600 4094873161742117 3128721738389894 563955572374316 57110964977917
9 10 11 12 21 22 23 24 33 34 35 36
2 1 1 1 22 54 33 13 9 19 16 4
2 1 2 1 28 77 48 17 9 21 17 4
4 2 6 1 199458 92659 34968 11722 2819 12729 1704 5572
3 4 5 6 7 8 9 10 11 12 13 14 15 16 17 18 19 20 21 22 23 24 25 26 27 28 29 30 31 32 33 34 35 36 37 38 39 40 41 42 43 44 45 46 47 48 49 50 51 52 53 54 55 56 57 58 59 60 61 62 63 64 65 66 67 68 69 70 71 72 73 74 75 76 77 78 79 80 81 82 83 84 85 86 87 88 89 90 91 92 93 94 95 96 97 98 99 100 101 102 103 104 105 106 107 108 109 110 111 112 113 114 115 116 117 118 119 120 121 122 123 124 125 126 127 128 129 130 131 132 133 134 135 136 137 138 139 140 141 142 143 144 145 146 147 148 149 150 151 152 153 154 155 156 157 158 159 160 161 162 163 164 165 166 167 168 169 170 171 172 173 174 175 176 177 178 179 180 181 182 183 184 185 186 187 188 189 190 191 192 193 194 195 196 197 198 199 200 201 202 203 204 205 206 207 208 209 210 211 212 213 214 215 216 217 218 219 220 221 222 223 224 225 226 227 228 229 230 231 232 233 234 235 236 237 238 239 240 241 242 243 244 245 246 247 248 249 250 251 252 253 254 255 256 257 258 259 260 261 262 263 264 265 266 267 268 269 270 272 276 277 278 279 280 281 282 283 284 285 286 287 288 289 290 291 292 297 300 301 303 304 305 306 308 309 310 311 312 314 315 316 317 334 335 336 337 339 340
418 1366 3284 4770 6354 7544 8216 9244 8870 8461 8332 7662 8093 7188 6907 6689 6237 6446 6021 5718 5684 5267 5580 4980 4795 4722 4305 4610 4329 4078 4028 3658 3856 3559 3516 3390 3218 3321 3153 2979 2906 2667 2828 2627 2597 2472 2305 2362 2301 2204 2104 1976 2034 1912 1925 1785 1714 1757 1685 1637 1583 1443 1505 1481 1451 1396 1281 1344 1314 1271 1209 1103 1160 1063 1093 1016 975 1035 1024 969 910 825 925 849 851 758 701 793 762 750 721 650 719 639 690 666 589 643 575 590 585 504 563 483 519 530 435 495 442 458 468 380 437 376 422 429 338 368 342 377 376 273 321 282 331 346 251 289 278 304 297 225 270 241 262 245 192 236 216 239 220 170 203 178 201 182 143 193 149 179 162 133 171 142 152 134 120 134 127 138 118 114 122 115 123 110 89 102 104 100 103 77 99 97 87 91 70 90 90 83 83 71 74 75 69 76 61 66 66 61 68 54 47 47 51 45 48 38 36 49 46 32 32 30 43 42 33 22 20 36 36 31 26 25 41 37 27 17 15 40 28 19 18 13 30 27 18 14 16 21 24 17 18 15 18 23 15 13 17 15 20 10 7 5 9 12 8 5 6 6 16 10 6 9 5 10 6 8 4 5 8 7 3 6 2 4 1 3 2 3 3 1 3 4 4 2 1 4 4 3 2 2 4 2 2 2 1 1 2 1 1 1 1 1 1 1 1 1 1 1 1 1 1 1 1 1 1 1
418 1501 4581 9664 19369 34946 57161 98151 143247 204232 295770 393636 580411 739169 964453 1277501 1585336 2179569 2698802 3394174 4385988 5275928 6969956 8092976 9934572 12386552 14126280 18554795 21874551 25999086 31409476 35098431 44260873 51218734 62393479 72860639 83690125 102979247 119669064 133209207 158542383 173681874 215132181 243586790 286320494 323970439 361661872 430561601 502654503 560240198 639665276 699698951 837751295 911617753 1080390147 1162726140 1332076506 1533894658 1735139994 1979384473 2259035272 2297033338 2719060541 3166532240 3544905841 4112485914 4212679182 5211967000 5722480696 6286832630 7006533025 7227195005 8707600911 9166172070 10779532946 11730650562 12593484437 15397743426 17064609675 18729970787 20682760052 20684934095 26611948574 26223982539 30303193550 30715085760 32396163990 40974975251 43861572577 50803003052 55198578739 55752634086 68544821338 67444666270 87306756730 91883507841 91347683377 113460501272 113800552928 127307580181 147152594246 140476251336 177695791315 168119732033 202780385413 232699368176 217618546603 273526468074 266566950043 315262464477 356023164972 328693696504 430011159999 391465645477 519320731100 578531061219 522002781072 630941121929 632890611955 757963475867 852250258709 708283800283 924913466443 871090064834 1162361944028 1321922784022 1146021654580 1433665811120 1422645567579 1778034308535 1909445868834 1626439425303 2128863421936 2028546962619 2486423613008 2532126838071 2286519071561 3069391019405 2996185668565 3848131047271 3910984141460 3503972232061 4416439212544 4178677830682 5112529952529 5078872716314 4827107385475 6600462747472 5692388486024 7360000279139 7619416057741 6974623486026 10074701197840 8828178817007 10871873447358 9674099432740 10854290944579 11838348755961 12985169793801 15451639906680 14141188822241 15761878183150 17570383386833 17876844537442 22251173265868 20119398267700 19031081356891 22187101520613 26052263922345 28045091434320 30545912306773 27201278530222 33497300229294 38283434391423 38644696552619 42569367247497 37348575672576 52201199763240 54688595649795 59604019904205 59177876047591 62573201043064 65068493278468 76837508784364 75167557241055 87011442816548 79542149937640 95490355960580 98033848588216 100616908153037 118423576902683 108211073102518 100237233928980 110624720488921 136159855880119 124658164070707 155982184298251 122624794784602 129310623772795 193203851284938 184882165928430 153802771905509 156932722746111 171060019167024 252030862283202 265987908680226 225819923267825 164390871577690 155980219558607 320448461646705 342788216915301 329371423260547 294164452144047 324185682119314 547632182177992 537660728769889 449146432140024 314110912677413 313568433176768 846106658078642 632549629737565 509397627906666 489280172775813 405317180809752 956465512800586 845299363253662 682275831740610 534458202771729 767485167444842 937033796096781 1166387988359452 889129507307231 1067600568818214 866111943771409 1332428800056315 1647497853873120 1302906891130117 1160779414635276 1771597800812705 1500072809528092 2235550547607870 1158603375364386 963064869045409 649711664189182 1416008625509779 1867670230303851 1435849922310837 888513971944050 1171606473262386 1234090309506891 3641226966202728 2631218582030881 1575513707347434 2799798295843455 1499964856361666 3363580369544785 2086916190736284 3407642540975338 1641313522129426 2589211172495455 3893543109462426 4121827990677820 1688060412802945 4217367690879964 1243674833019230 2786418153501084 722760953690372 3237324719857962 2784354586577345 3748800500504881 4036853166805880 1520980492851175 4679254955039521 6799144804788880 7317685073297706 3793128207183168 2195786311682516 9116010914040454 9806343470766818 8006698957140768 5671802977477090 6099067661078552 13352889903109316 7304861672142106 7578352997560475 8145310690076517 6039763882095515 7479565078510584 16060496769886080 9253082936723602 9930972392403501 10657331232548839 11435542077822104 13162217895057704 14118662665280005 15142952738857194 16239786535829663 17414180133147295 20017426762576945 21458096037352891 23000006655487337 24650106150830490 78801255302666615 84300815636225119 90175434980549623 96450110192202760 110307860425292772 117949491546113972
4 5 6 7 8 9 10 11 12 13 14 15 16 17 18 19 20 21 22 23 24 25 26 27 28 30 31 32 33 34 35 37 38 40 42 44 48 50
4 15 11 15 13 21 19 14 10 7 8 11 9 6 10 5 2 5 2 7 4 6 1 2 2 2 1 2 3 1 2 1 1 1 1 1 1 1
8 26 27 49 67 158 212 240 300 271 408 686 903 748 1475 1377 732 1870 1364 4654 2893 5800 1254 2257 2510 5586 2436 7436 13887 5604 13684 8349 12310 17977 26015 37338 75175 105558
