27 39 51 63 75
8834 34317 33976 19875 2991
1021537 624230 196616 51726 3225
634914866504990237 10621303683985303393 3998260116491137977 68115716248036963 2159239577
27 39 51
810 374 47
5062 708 59
79948183 7661375 23450
3 4 5 6 7 8 9 10 11 12 13 14 15 16 17 18 19 20 21 22 23 24 25 26 27 28 29 30 31 32 33 34 35 36 37 38 39 40 41 42 43 44 45 46 47 48 49 50 51 52 53 54 55 56 57 58 59 60 61 62 63 64 65 66 67 68 69 70 71 72 73 74 75 76 77 78 79 80 81 82 83 84 85 86 87 88 89 90 91 92 93 94 95 96 97 98 99 100 101 102 103 104 105 106 107 108 109 110 111 112 113 114 115 116 117 118 119 120 121 122 123 124 125 126 127 128 129 130 131 132 133 134 135 136 137 138 139 140 141 142 143 144 145 146 147 148 149 150 151 152 153 154 155 156 157 158 159 160 161 162 163 164 165 166 167 168 169 170 171 172 173 174 175 176 177 178 179 180 181 182 183 184 185 186 187 188 189 190 191 192 193 194 195 196 197 198 199 200 201 202 203 204 205 206 207 208 209 210 211 212 213 214 215 216 217 218 219 220 221 222 223 224 225 226 227 228 229 230 231 232 233 234 235 236 237 238 239 240 241 242 243 244 245 246 247 248 249 250 251 252 253 254 255 256 257 258 259 260 261 262 263 264 265 266 267 268 269 270 271 272 273 274 275 276 277 278 279 280 281 282 283 284 285 286 287 288 289 290 291 292 293 294 295 296 297 298 299 300 301 302 303 304 305 306 307 308 309 310 311 312 313 314 315 316 317 318 319 320 321 322 323 324 326 327 328 329 330 331 332 333 334 335 338 342 344 345 347 348 349 351 352 354 357 358 360 364 366 368 374 382
286 1527 3778 8963 16763 26109 35991 42772 51502 48611 52664 50291 49267 47109 48171 42439 43855 41065 40472 37488 38745 34327 35366 33139 32069 30143 31358 27776 28253 27283 26322 24656 25767 23004 23160 22474 21311 20700 21359 18766 19253 18376 18125 17116 17365 16024 16320 15437 15098 14230 14547 13178 13242 13100 12429 11844 12184 11009 11465 10793 10282 10061 10399 9466 9403 9089 8906 8385 8718 7981 7934 7553 7411 7082 7265 6501 6492 6581 6178 5827 5959 5420 5467 5296 4961 5026 4851 4755 4567 4453 4314 4229 4172 3989 3866 3693 3604 3626 3517 3358 3271 3194 3061 3068 2932 2749 2728 2741 2540 2566 2526 2504 2349 2292 2296 2208 2076 2140 2066 2064 1792 1847 1752 1747 1686 1658 1524 1524 1421 1474 1287 1403 1276 1338 1185 1257 1083 1204 1099 1221 1011 1103 1000 1012 935 953 882 956 837 904 836 832 750 770 731 794 773 773 638 787 599 675 657 658 571 609 510 580 515 503 445 542 486 497 427 438 366 421 372 416 373 370 324 349 303 292 328 301 305 309 272 274 235 263 247 252 238 221 236 248 203 216 200 206 211 189 171 206 168 178 189 165 168 168 148 135 123 137 127 146 115 113 131 129 86 108 99 108 114 89 65 92 72 68 96 94 82 78 59 65 61 54 64 63 62 39 52 40 41 47 40 39 40 42 44 38 46 38 43 33 32 33 30 26 20 22 26 24 20 21 20 18 19 23 15 15 23 18 9 15 15 11 10 10 14 10 7 15 6 10 14 7 4 5 6 9 1 10 5 8 6 6 9 10 5 8 10 7 4 6 2 7 5 5 4 2 5 3 4 1 2 3 3 5 2 2 1 1 2 1 3 1 1 1 1 1 1 1 2 1 2 2 1 2 2 2 1 1 1 1
286 1662 5238 16568 41954 94915 187006 338544 606130 893076 1443315 2109111 3005787 4240179 6039977 7655802 10709809 13895255 18339832 22876485 30932033 36572588 47697804 58484928 72628409 86947885 114492198 129238271 160871999 199822376 234573912 273719022 350827899 392431709 476844486 572629768 659864846 776010801 967121693 1043157785 1250550093 1470872298 1718444548 1933266709 2336438628 2629032519 3063072702 3514901573 4091410860 4502043100 5557417679 5968248709 6892465025 8169083802 9043492588 10014695469 11971105888 12847101063 15632773287 16777766937 18925045887 21362983766 25319928266 27402709382 30847862247 34509194820 40043774183 42011895160 50874687904 55239077093 61034256691 67589049390 76439161773 81270900988 98562858817 99237705502 113210046903 133219129240 143322926378 150310528511 177730989530 182254278347 215236939770 225729582316 250061071960 290315485665 314765942611 342638048738 373383506393 414365332469 459638368369 488904047605 541738791290 608931145147 658900202612 707064416222 774347372934 857977025987 980039602159 1008066311188 1104090380238 1248248983744 1283808646861 1461429112605 1569920513050 1662712291609 1897098127782 2005414009850 2153477804290 2437589092486 2644827624063 2877456960856 3177872995159 3383664664410 3820730720469 3974613595015 4089033813808 4882189442488 5166254106403 5759501953296 5742102977543 6421893881488 6783948814002 7272541010754 8077527050822 8946678996591 8992807669576 9922075375173 10364735280257 11516261345957 11151627466102 13740915766078 13429507367738 15917068016951 15077158775245 17584628465992 17513365821154 21720769001143 20547780916591 25938701704595 23346369035107 28776831336875 28541167569688 32060240897159 32848937283871 36783871178045 37791533977505 44083727182829 43865982728833 53556510120819 49834978786039 55739826353644 58300348229589 65405186944409 66270454220124 79672707891131 84497829679074 98981687089392 85748703849088 116890773346084 95072276239991 118233442063943 121373221925995 145614908883008 132835747862910 148186613267197 142990478588559 176839786840240 172727655329050 180640965703714 176856101195596 224198983103829 227701338872178 266020939899855 226483720860216 273020710789689 252471880984038 288725223994024 292170560560785 365919542918095 336330413933019 384951643668701 355803983970472 405111550079658 422957813635660 438816008716243 498448700338733 530719545629018 573357731260708 639169920066525 577571493229209 677094473231041 581638467466782 784267195228723 813518666413621 836331403678605 940178942125528 966022032610889 954014519080875 1214153999961572 1068700071272273 1195470477919031 1218194198847614 1421837087894897 1382216612430785 1641675204478835 1489981685708078 1865749467891330 1773902823287950 2162866645667496 2106110767229590 2244886018805909 2519835362478264 2354190301891252 2532426874845073 2621212471041704 2382278315136825 3138190697017669 3234442769671151 3451560266231311 3171102814788326 3677053039276230 4046739532424902 4796626713988758 3529836067860025 4207004004501672 4309064737230705 5485904372599490 5484081223030372 5186369389687041 4196539490774595 6206057268077394 5302589378776801 5871186033392469 7980172209486373 9093071574059200 8013983623949219 8425562552442869 6906039899837011 8534640775152571 8208570528621578 9055151909707227 10870277427914980 10374703651123623 11976201600375631 7644299176597128 10779221880525113 9712679569776746 9487385157785218 12391110267748960 12047168877410797 11803332437408426 12417959174531789 13982009076817172 16341673185320314 14695702397582515 19521879996775875 15390585108847466 18833003611299246 16536988134985447 18074122058555182 19425766431146480 18363065006500922 16839494092783870 13496082105656910 17259421117840082 22171863327941673 20752619449852074 17841053302986429 20470242359664759 22813872683733516 22627112280626877 30006626667781129 33564932812732475 21812451554688026 23585604555195215 37907376095068423 33672796556188718 18169228219524167 36756026713157551 38706320420810584 25163718804986600 29061563522884480 31451034048057561 42847607246651205 33655476172541757 29391025383692077 68733621391234804 30039920664823531 51370404549818767 74248521772490943 33090911606590994 20575151265733100 26949098593162226 40194491223944055 62185279800889442 12973348254158176 85645061467608984 46529440390360872 67783474422676230 53620737636565881 57552165987381309 100762441604325686 140101727713681437 80048794544754728 102618743532976915 136404402801688545 101903508877691602 62765478549373714 132267079481272568 37342976599200728 136084171949108872 107290480186764455 113458122659302239 95300225612635654 52831615267132652 139635888997550338 88957384320681931 129953173405866616 32488293351466654 74548811553496154 154387942607496136 134292795123110752 245028218176189375 104924088457657282 112313204225748578 60105349839666544 64325374609114550 137669771892147700 73653287861850339 231255798467183569 84300815636225119 103151466321735325 134819180623301520 154043597379576030 164637479165761044 188008647052292980 200882556287683159 429236599486572598 244904537455382406 523157814702288250 596660126125516152 363117512048110005 775265065838058446 883245963858716874 1145224117796075118 651688879997206959 741433159884081684 1089657644424399782 1812356499739472950
3 4 5 6 7 8 9 10 11 12 13 14 15 16 17 18 19 20 21 22 23 24 25 26 27 28 29 30 31 32 33 34 35 36 37 38 39 40 41 42 43 44 45 46 47 48 49 50 51 52 53 54 55 56 57 58 59 60 61 62 63 64 66 68 69 73 76 80
5 51 41 178 153 371 243 446 247 495 254 369 203 329 203 288 139 229 134 194 118 160 83 97 53 108 45 62 39 62 38 49 15 58 17 23 15 28 9 22 7 15 8 18 5 16 10 16 6 18 2 4 3 5 4 1 1 2 3 1 2 2 2 1 1 1 1 1
5 59 59 418 445 2096 1546 5501 3731 14633 8913 24398 14843 45470 29719 73724 39809 101663 61678 150252 95315 212132 120016 222329 124290 431754 151032 353256 198796 490395 328551 677725 177820 903122 267004 702585 388348 1083402 266748 931893 324421 1115560 414507 1778430 465690 1704082 1481530 3331141 1083643 9919911 374262 1729460 1021130 2506438 1977819 563178 329931 2107292 3125089 2107292 1932934 1798287 2600312 3483260 1505499 6175470 5392783 18578182
