1 4 5 6 7 8 9 10 11 12 13 14 15 16 17 18 19 20 21 22 23 24 25 26 27 28 29 30 31 32 33 34 35 36 37 38 39 40 41 42 43 44 45
1 7 5 7 5 8 10 3 1 4 5 6 6 7 8 29 35 28 19 15 16 15 10 11 10 13 14 15 16 7 10 7 10 7 9 10 5 8 8 5 1 1 1
1 8 7 9 6 8 10 3 1 5 6 6 7 7 10 35 37 35 19 16 16 16 10 11 10 13 15 15 17 8 10 7 11 7 9 11 5 8 8 5 1 1 1
1 15 14 16 9 13 11 4 1 8 7 14 27 89 45 2291 993 12033 1044 236 444 944 121 226 29 55 170 7516 16419 7023 489 300 1640 1637 209 662 325 526 316 266 3 15 3
1 4 5 6 7 8 9 10 11 12 13 14 15 16 17 18 19 20 21 22 23 24 25 26 27 28 29 30 31 32 33 34 35 36 37 38 39 40 41 42 43 44 45
1 7 5 7 5 8 10 3 1 4 5 6 6 7 8 29 35 28 19 15 16 15 10 11 10 13 14 15 16 7 10 7 10 7 9 10 5 8 8 5 1 1 1
1 8 7 9 6 8 10 3 1 5 6 6 7 7 10 35 37 35 19 16 16 16 10 11 10 13 15 15 17 8 10 7 11 7 9 11 5 8 8 5 1 1 1
1 15 14 16 9 13 11 4 1 8 7 14 27 89 45 2291 993 12033 1044 236 444 944 121 226 29 55 170 7516 16419 7023 489 300 1640 1637 209 662 325 526 316 266 3 15 3
3 4 5 6 7 8 9 10 11 12 13 14 15 16 17 18 19 20 21 22 23 26 28 31 32 34 38
8 65 61 67 41 30 29 23 16 18 15 9 10 8 10 11 5 7 2 5 3 2 1 1 1 2 1
8 65 82 144 134 173 227 271 242 455 540 398 581 691 1256 1854 880 2079 891 2450 1470 2510 1958 3718 4565 13684 14883
3 4 5 6 7 8 9 10 11 12 13 14 15 16 17 18 19 20 21 22 23 26 28 31 32 34 38
8 65 61 67 41 30 29 23 16 18 15 9 10 8 10 11 5 7 2 5 3 2 1 1 1 2 1
8 65 82 144 134 173 227 271 242 455 540 398 581 691 1256 1854 880 2079 891 2450 1470 2510 1958 3718 4565 13684 14883
