16 28 40 52
972 1245 592 35
7465 2729 709 35
371573 671198 46805 589
16 28 40 52
972 1245 592 35
7465 2729 709 35
371573 671198 46805 589
3 4 5 6 7 8 9 10 11 12 13 14 15 16 17 18 19 20 21 22 23 24 25 26 27 28 29 30 31 32 33 34 36 37 39 40 41 43 44
53 266 544 1003 1281 1436 1385 1060 910 673 484 405 322 179 160 161 151 67 46 80 81 27 23 41 36 8 14 13 8 5 5 2 2 1 1 1 1 2 1
53 298 828 2110 3945 6704 10335 11718 15311 17431 18928 21658 24064 20522 27046 29884 35984 23467 21308 41630 50907 26291 39012 49589 64374 17115 40680 52926 41476 21739 51914 14734 44066 10143 17977 17977 21637 99708 74676
3 4 5 6 7 8 9 10 11 12 13 14 15 16 17 18 19 20 21 22 23 24 25 26 27 28 29 30 31 32 33 34 36 37 39 40 41 43 44
53 266 544 1003 1281 1436 1385 1060 910 673 484 405 322 179 160 161 151 67 46 80 81 27 23 41 36 8 14 13 8 5 5 2 2 1 1 1 1 2 1
53 298 828 2110 3945 6704 10335 11718 15311 17431 18928 21658 24064 20522 27046 29884 35984 23467 21308 41630 50907 26291 39012 49589 64374 17115 40680 52926 41476 21739 51914 14734 44066 10143 17977 17977 21637 99708 74676
