7 8 19 20 31 32 43 44 55 56
130 325 925 3424 6831 32762 7969 37404 1919 8302
1545 9531 20822 65904 64634 320529 26665 123133 2517 10827
92455 655200 236670625 573947127 1708504768418685622 10249530341162347701 321521757273590197 1466278996700388852 1398186010806 5287286041373
7 8 19 20 31 32 43 44
28 66 120 364 61 271 3 9
103 422 504 1497 110 463 3 10
4516 13975 8550050 9611448 1300996 11199427 1577 58316
3 4 5 6 7 8 9 10 11 12 13 14 15 16 17 18 19 20 21 22 23 24 25 26 27 28 29 30 31 32 33 34 35 36 37 38 39 40 41 42 43 44 45 46 47 48 49 50 51 52 53 54 55 56 57 58 59 60 61 62 63 64 65 66 67 68 69 70 71 72 73 74 75 76 77 78 79 80 81 82 83 84 85 86 87 88 89 90 91 92 93 94 95 96 97 98 99 100 101 102 103 104 105 106 107 108 109 110 111 112 113 114 115 116 117 118 119 120 121 122 123 124 125 126 127 128 129 130 131 132 133 134 135 136 137 138 139 140 141 142 143 144 145 146 147 148 149 150 151 152 153 154 155 156 157 158 159 160 161 162 163 164 165 166 167 168 169 170 171 172 173 174 175 176 177 178 179 180 181 182 183 184 185 186 187 188 189 190 191 192 193 194 195 196 197 198 199 200 201 202 203 204 205 206 207 208 209 210 211 212 213 214 215 216 217 218 219 220 221 222 223 224 225 226 227 228 229 230 231 232 233 234 235 236 237 238 239 240 241 242 243 244 245 246 247 248 249 250 251 252 253 254 255 256 257 258 259 260 261 262 263 264 265 266 267 268 269 270 271 272 273 274 275 276 277 278 279 280 281 282 283 284 285 286 287 288 289 290 291 292 293 294 295 296 297 298 299 300 301 302 303 304 305 306 307 308 309 310 311 312 313 314 315 316 317 318 319 320 321 322 323 324 325 326 327 328 329 330 331 332 333 334 335 336 338 339 342 343 344 347 350 351 355 357 360 362 370 376 391
320 1605 3832 7053 10499 13347 15786 17716 18846 19245 19311 18502 18120 16746 16033 15073 14560 13527 12856 12016 11594 11113 10851 10351 9870 9472 9148 8743 8576 8052 7908 7479 7223 7164 6921 6744 6434 6164 5874 5778 5555 5258 5284 5141 5039 4772 4812 4600 4345 4321 4157 3989 4010 3757 3736 3531 3528 3462 3329 3301 3085 3024 3033 2969 2851 2755 2754 2644 2643 2520 2450 2335 2389 2273 2159 2237 2044 2033 1970 1893 1898 1818 1788 1744 1754 1673 1625 1589 1596 1536 1510 1527 1439 1402 1369 1338 1258 1233 1235 1216 1143 1052 1169 1042 1054 1036 1000 1010 971 945 931 898 905 837 855 846 769 713 784 706 727 658 699 665 657 643 610 580 622 593 562 548 604 532 559 529 500 502 471 437 483 393 444 411 399 365 362 404 361 344 334 342 327 298 342 365 314 351 307 295 285 244 274 239 268 257 262 226 258 215 216 227 175 181 202 215 201 189 182 181 159 162 166 162 165 153 160 160 157 134 121 140 131 132 114 143 133 128 128 121 110 104 101 102 112 98 97 94 103 76 88 87 79 77 68 101 67 82 66 76 69 56 56 55 65 56 68 67 77 44 45 66 57 62 52 43 51 45 39 39 46 43 35 24 31 37 43 27 28 34 31 28 27 24 27 27 24 20 19 17 22 18 18 27 22 19 17 16 26 13 12 11 13 22 16 9 17 12 14 15 15 12 6 10 12 16 10 9 13 7 5 9 8 7 7 8 6 6 8 4 5 6 5 10 4 4 8 4 6 4 4 3 4 1 2 2 2 5 5 2 3 1 2 2 4 2 2 4 3 4 1 1 3 2 3 2 1 1 1 1 1 2 1 1 1 1 1 1 1
320 1765 5451 13865 30334 57809 102654 175216 283578 435984 649952 922949 1309182 1743600 2380852 3050195 4084142 5039591 6427173 7893190 10089081 12426057 15798997 19315542 23341474 28098709 34485796 40415406 49788200 57471506 69979307 81888275 96165730 115333632 136327181 162256780 187856718 216973560 251749517 292708928 340255114 385188119 448696268 520620718 610948591 683800152 836710865 926512281 1030137224 1203273702 1379294661 1544879138 1835984787 2029056133 2327014977 2536544953 2956373433 3435478188 3861738452 4389112688 4721141258 5575729650 6337093618 7244390681 7981861305 8820889691 10338485515 11059899185 13006607407 14286723955 15789879396 17372651572 20346075723 22638220539 24470027689 28574351837 30895877197 34391697117 36949957028 41159727387 46482472368 51568769011 56264277881 62693465228 69706143422 79690066591 86708620578 96283112293 109054546138 117901825229 129587253413 154027785107 154097265742 175213765942 196788737358 207876419192 225833918043 247534298826 281701567643 306145750080 331814092095 340519984763 422994442348 418083980993 486980979758 547890704702 582684682397 655567014896 695679972684 784535805740 799423470462 894171387432 993854212019 1046151389015 1183376993819 1323559741018 1315371536259 1402184884294 1657148659473 1652750470512 1956074090846 1990939992945 2262555294880 2424210581502 2590436843050 2934345395823 3103276321571 3203693484531 3788968616967 4064930577495 4222893386374 4425832788346 5573782897007 5559582365439 6633652746281 6318814717944 7028383062615 7622649590798 7884916885122 8250590136811 10053237377941 8790606562250 11443498639785 11464875502974 11933775443954 11802405603753 13166907154150 16567360993044 16433738382435 16909848511525 17782220882910 19970651352915 21678429014451 22053152534755 26716740253325 31588885501581 30013228307994 37469798818241 33753219867118 37630528176683 39899857840180 38805905589721 44546308423421 43425958756992 54821826229292 54933572049927 61527596577601 58229239589851 75496822090259 69182882992412 75934957961152 85201762796985 67974868643694 81551787455084 101120653605041 116151057372466 116211296103938 123691364714310 125713950460715 137107323044255 129399623233236 150992791176573 171328311613902 172806801409096 198532740024569 198887822925337 229193856779941 249867552919204 253719974162611 237933702338648 239069266463357 305534341849164 306189412976499 339965830537081 321725616422276 429765628992162 458306173127962 470206571883266 507845384824464 521004150695800 513713904949041 524835242441111 567931041840142 680673976629694 751188003670386 621136679022235 762480564692094 760984444841496 946049139309341 725663870513430 843693355388623 1023081165425965 979466487272292 1084478412064475 1054035037205348 1612415742778266 1177334780931171 1552748127767463 1357474356054108 1791014893611618 1624972081512632 1455884662571967 1657492974267888 1636770454423158 2167012645208782 1978641923583712 2587561051539457 2798739652688585 3303688532256848 2126748463257620 2413619092070599 3587537135432987 3448428775011206 4088507154371533 3661540324530897 3314779171387895 4223560543320846 4094349596139829 3940092181846315 3911940109779122 4746278394350679 5311675415496376 4466653312182410 3428675524200657 4612106834135761 6040409777649789 8047528176700748 5258702563956484 6004841662335640 8187496975954624 7751122637010389 7466091638184414 7163961943316258 7444343000286923 8325675088775560 9673571426825948 9555241211967853 7836005489021662 7687006302975777 7842068624420963 11326418040084124 10605446270716581 10047431736631348 17761449052611174 14166530228717080 13903478378459585 14527416130645607 13676331258055072 25000223960133066 12946938562942100 11924101799294976 12200500501302199 15316051472541967 30552468709870340 22100504220989025 13364131652627400 29945450652546289 23581721838257292 25880469097610601 29169770298791215 33759334275201187 27847331243086947 17250467796195925 29307109793809387 38878394400811550 49456165508286742 39108885129976844 31122751114542525 49943022797689010 28361854231718973 22041536437876848 51565709043765736 45660007574656696 38195083977063436 46234255106039570 51446482771649131 40836748830941500 50302095812315076 63140620466679408 34481985101860100 44367654699842279 58907944898741107 53286656162744195 123456330320223349 47409520194103138 50862871828574338 110079967011573137 60571810955428776 94148217824060571 98613112812295610 73428645031948387 60052280287730835 82951045599859672 23000006655487337 49300212301660980 51065913784396816 54720827974562329 147588586651520898 158117244034085890 67289248220907484 111823217330244231 39919565526999991 85496156071909392 91544717087156056 235328362901209834 101467687864066516 112313204225748578 292629253744748210 192976123827343650 275339543784295400 73653287861850339 78801255302666615 241903326241558349 180350869961099246 309454398965205975 213459326747028097 134819180623301520 134819180623301520 154043597379576030 188008647052292980 229272286871217150 489809074910764812 318555973788329084 363117512048110005 441622981929358437 502957566506000020 843250788562528427 1238057794119125085 3192707518433532826
3 4 5 6 7 8 9 10 11 12 13 14 15 16 17 18 19 20 21 22 23 24 25 26 27 28 29 30 31 32 33 34 35 36 37 38 39 40 41 42 43 44 45 46 47 48 49 50 51 52 53 54 55 56 57 58 59 61 63 66 73 76
7 34 69 143 142 237 150 297 188 239 161 168 131 156 75 101 62 83 43 62 53 65 30 39 33 46 16 30 23 19 14 17 19 23 7 17 15 13 8 7 4 9 6 6 4 8 2 4 3 2 1 6 3 1 3 2 1 1 1 1 1 1
7 49 110 356 498 1405 1044 3964 3222 6964 5933 11052 10480 19616 11668 22770 16287 31879 19873 48404 42640 81306 35361 93656 58208 151823 52733 119848 103012 126310 111112 175537 166226 328512 120537 353190 360449 411768 216022 278421 184672 873181 435311 476520 375210 986363 164309 689634 585378 427776 294546 1684529 1037091 563178 1504629 1223586 772310 526823 831820 1932934 6175470 5392783
