23 35 47 59 71
3017 22553 43375 22294 8754
467708 776441 316062 80386 12205
35234926956912 20596288009211977959 3716299077388021879 507008077184061753 7988676135905
23 35 47 59
489 545 145 1
4350 1465 195 1
51862655 17112225 213935 1
3 4 5 6 7 8 9 10 11 12 13 14 15 16 17 18 19 20 21 22 23 24 25 26 27 28 29 30 31 32 33 34 35 36 37 38 39 40 41 42 43 44 45 46 47 48 49 50 51 52 53 54 55 56 57 58 59 60 61 62 63 64 65 66 67 68 69 70 71 72 73 74 75 76 77 78 79 80 81 82 83 84 85 86 87 88 89 90 91 92 93 94 95 96 97 98 99 100 101 102 103 104 105 106 107 108 109 110 111 112 113 114 115 116 117 118 119 120 121 122 123 124 125 126 127 128 129 130 131 132 133 134 135 136 137 138 139 140 141 142 143 144 145 146 147 148 149 150 151 152 153 154 155 156 157 158 159 160 161 162 163 164 165 166 167 168 169 170 171 172 173 174 175 176 177 178 179 180 181 182 183 184 185 186 187 188 189 190 191 192 193 194 195 196 197 198 199 200 201 202 203 204 205 206 207 208 209 210 211 212 213 214 215 216 217 218 219 220 221 222 223 224 225 226 227 228 229 230 231 232 233 234 235 236 237 238 239 240 241 242 243 244 245 246 247 248 249 250 251 252 253 254 255 256 257 258 259 260 261 262 263 264 265 266 267 268 269 270 271 272 273 274 275 276 277 278 279 280 281 282 283 284 285 286 287 288 289 290 291 292 293 294 295 296 297 298 299 300 301 302 303 304 305 306 307 308 309 310 311 312 313 314 315 316 317 318 319 320 321 322 323 324 325 326 327 328 329 330 331 332 333 334 335 336 337 338 340 341 342 343 346 349 352 353 354 355 358 359 361 364 367 370 372 373 376 379 380 382
260 1333 3836 8628 15830 23436 32349 37866 44891 45275 47590 43805 45513 42709 41206 38493 39087 36514 35501 32809 33354 31667 30454 28233 28788 26902 26050 24430 24973 23669 23087 21345 21458 20400 19822 18479 18782 18023 17074 16323 16669 15624 15234 14499 14600 13856 13530 12562 12926 12003 11403 10862 11365 10515 10173 9843 9752 9342 9175 8485 8849 8343 8060 7769 8018 7520 7074 7030 6926 6692 6638 6127 6317 5837 5792 5521 5503 5259 5114 4983 5075 4629 4672 4311 4456 4197 4100 3964 4236 3873 3824 3593 3675 3489 3478 3272 3324 3097 3052 2859 3039 2756 2801 2570 2641 2450 2561 2318 2316 2279 2301 2187 2173 2066 2013 1924 1939 1808 1834 1751 1739 1595 1580 1530 1629 1443 1457 1450 1359 1369 1319 1186 1241 1174 1119 1084 1157 1084 1058 973 972 882 948 893 889 803 900 793 817 757 733 723 709 689 730 665 650 632 620 624 606 590 557 542 554 558 517 461 481 472 448 457 424 441 423 446 350 372 392 341 334 326 275 283 306 271 298 282 247 279 252 253 258 257 219 287 202 212 203 210 173 198 223 169 175 159 175 168 151 154 143 149 122 139 137 113 140 116 130 114 126 102 94 112 93 126 112 173 174 84 85 79 97 82 91 90 62 79 71 62 76 66 64 54 71 47 53 61 38 46 50 43 44 45 41 47 51 40 68 43 29 45 41 35 42 35 30 43 30 36 26 32 25 31 38 24 22 25 17 22 14 17 31 21 15 17 14 13 7 26 6 10 11 5 8 7 11 10 6 7 4 6 5 11 7 7 5 11 8 11 8 8 6 12 3 4 8 4 2 5 7 7 5 1 4 5 2 1 2 4 1 6 1 2 17 1 3 1 2 1 2 2 1 1 2 1 1 1 1 2 1 1 1 1 1 1 1 1
260 1455 5355 16118 39782 85960 170231 305415 541938 836426 1337206 1862315 2850185 3846057 5343518 7034668 9835713 12476343 16477457 20485585 27352657 33681168 42173159 51287552 66169556 79324466 97299229 115778819 148233713 175011108 213082548 245802590 303676816 354749035 419271633 490851048 600786935 692405932 782522451 931196253 1130098394 1272754876 1483583212 1705290017 2015207278 2305311481 2653066340 2947429208 3593220768 3919019903 4347003375 4937753684 5984952364 6611854165 7334497819 8475399903 9650878321 10735869615 12086393570 13482590324 16292336379 17312638993 19173864861 21825057478 26097697313 27556686264 30583373822 34866109840 39958665768 43401284426 49827266808 52563715383 63584060476 66285218748 73420223265 82699659588 94278802933 101865486740 112660736357 125076727627 148748565289 147578445494 169588438462 176086212686 214410847568 223999294530 249290288840 275030903810 334795938965 338230709735 388107222861 406989696265 470306287694 510250643785 561049134214 605438668310 669752414799 692654416036 805622609359 822305222362 999288655748 1003887485718 1190070133962 1184755052238 1379539729962 1394493223057 1695362260959 1658157087007 1940529352829 2049407271661 2378931352045 2517104746728 2843595606042 2853409564219 3265164340831 3307844433559 3897772145648 4006764059012 4626419383589 4725065876450 5372613083329 5408087452551 6052416366394 6181315240371 7538994287726 7260012722761 8567714519807 9038209926617 9607480548242 10671296671795 11797474741573 10975056404888 13014984656209 13486886750556 14982892170559 15466015861487 17733032746633 18562620659119 21153393930905 20513426266027 23297983207917 22418431645428 27868665667348 27995405091339 32338142540604 29924814476639 37051179339052 35854373390114 39356272181267 41343429994928 45658397652529 48278531051869 53140999388536 56268436044250 65371172902713 56729999558887 71114296128367 72996006136001 78891288148244 88829370307527 93142665577950 100518360409621 109996433680555 101453094105824 119750238031170 134534118906945 135090242461622 135438190145797 158526341817744 162641410108640 181506529631639 195229058381642 191089919045139 223303582455727 244538345674202 283687805580437 258356517304189 276542711564021 309610196550055 295900119448840 297276826852858 350333488550171 306763213475629 355685637040243 421371907326294 369068358716105 493023196443749 478164780921519 463426371280213 582316242116418 527478411472829 647574104847497 708941651211085 746842880760626 734873119507902 919338104657873 745896157840956 872970461446837 886991127017160 1014242376791264 958387427857511 1232712139650675 1360196975786968 1107089395153039 1269508261000853 1262437806461603 1393837810024917 1671493756487352 1645897885479694 1654087697077076 1663573736368833 1927959935988878 1680764143430169 1966921980321740 2234482839880411 1987554815771157 2812862244564640 2333084011739375 2826139539991941 2818836168195018 3080935789065090 2925773559670849 2913820653077686 3661379437969884 3467364323135533 4584238413899788 5004852704249359 7081345881780488 8048072645401788 4051090832576297 4814592519739530 4954576702983040 6819238184518408 5637718253114745 7137016956083526 7335587183352381 5834138132263250 7733100382351491 8218178303182561 7094440542367688 9800263505462647 8670120185897262 10055583503169370 7912837214298603 11736685837797082 8471934652407427 10631793894363761 13425220062340300 8631319631841692 10980994309493180 14531741966458457 12432551959950779 15217623709192940 14211988668847030 14007503638356318 19645556410881582 20500220889076541 16088952518479509 43197455870427710 23865286685630506 15443547665201852 29190369631176352 25523397646988475 26003943997735677 30296135302297244 32867771129858259 27719173578845013 40492323902979298 35391263900943489 41883372487903264 30202679790237380 43243682395415989 34718042039143483 42621382449307478 69054471671876853 41607037493627580 40349269557279005 44267634082742331 30130223859764756 56016779884702371 38241439043488261 40390734902204525 106080517265427735 60870064460358015 42271845466145694 67716596963079141 45240428934292064 55160686022534216 25349458031081269 118464472787274526 25946060368150152 59712541833883542 54753061912168858 36640597488275704 47067797486329390 54865063293520534 92730141847574204 79706641192042659 55110372081736368 67783474422676230 36379745085635831 76058331860828513 52560297322598857 153093691482050071 85050850193198894 102618743532976915 81842641681013127 174545402351246005 127724624692692366 206621374403132276 176656417664379088 190752698384933383 125867237674565454 269832437393310260 73950318452491470 128547635202359958 222661737313108670 145567425002673937 62814475341309618 167066789793281622 285827991677448381 274146639188496109 210911877670818775 45772358543578028 192789289449291653 398957950269084532 108618646341702930 56156602112874289 124430724448781094 275339543784295400 73653287861850339 531016917355401201 84300815636225119 180350869961099246 1639651873267446920 103151466321735325 346206843517520716 126108517833796355 269638361246603040 144117936527873832 351887119620845506 429236599486572598 261578907351144125 279363328483702152 596660126125516152 318555973788329084 387632532919029223 413766180933342362 471314064268398780 1145224117796075118 695143713458946040 843250788562528427 958728697912338045 1022141228367345362 1238057794119125085 1498478743590581081 1596675274490756791 1812356499739472950
3 4 5 6 7 8 9 10 11 12 13 14 15 16 17 18 19 20 21 22 23 24 25 26 27 28 29 30 31 32 33 34 35 36 37 38 39 40 41 42 43 44 45 46 47 48 49 50 51 52 53 54 55 56 58 59 60 61 62 63 64 66
2 37 51 181 148 430 239 442 270 501 223 460 191 382 172 220 112 233 108 181 87 171 62 118 47 103 53 85 43 74 39 74 29 46 32 56 27 33 15 24 10 42 24 24 14 18 7 14 6 11 5 6 1 4 7 1 5 1 4 1 2 3
2 44 84 429 422 2201 1560 5263 4187 13463 7979 28947 14096 49067 26774 56032 30552 95926 46895 140545 62394 196088 81589 225248 99215 356432 179719 372703 234090 499641 258550 832896 302027 631711 574385 1395657 601407 982903 561349 1011157 588834 2890218 1771077 2765772 1195652 2508773 1348096 3140161 1397894 2748411 1260832 2256267 589092 2317920 3588781 772310 3136873 1053646 5819686 1430440 8582640 8041812
