3 4 5 6 7 8 9 10 11 12 13 14 15 16 17 18 19 20 21 22 23 24 25 26 27 28 29 30 31 32 33 34 35 36 37 38 39 44 46
4 2 2 2 3 8 6 4 3 9 5 8 9 20 18 18 18 51 92 102 46 48 62 43 29 29 23 23 13 55 71 51 30 27 19 4 1 1 1
5 2 2 3 3 13 7 4 3 13 5 11 10 28 21 21 21 64 105 123 53 54 69 48 29 31 24 23 13 56 74 53 30 27 19 4 2 1 1
12 5 3 11 4 18 15 6 5 27 8 33 26 435 99 343 362 1866 12815 16739 10604 5401 14712 1428 948 1406 2569 285 69 3607 12907 13604 6456 1987 1258 125 8 2 1
3 4 5 6 7 8 9 10 11 12 13 14 15 16 17 18 19 20 21 22 23 24 25 26 27 28 29 30 31 32 33 34 35 36 37 38 39 44 46
4 2 2 2 3 8 6 4 3 9 5 8 9 20 18 18 18 51 92 102 46 48 62 43 29 29 23 23 13 55 71 51 30 27 19 4 1 1 1
5 2 2 3 3 13 7 4 3 13 5 11 10 28 21 21 21 64 105 123 53 54 69 48 29 31 24 23 13 56 74 53 30 27 19 4 2 1 1
12 5 3 11 4 18 15 6 5 27 8 33 26 435 99 343 362 1866 12815 16739 10604 5401 14712 1428 948 1406 2569 285 69 3607 12907 13604 6456 1987 1258 125 8 2 1
3 4 5 6 7 8 9 10 11 12 13 14 15 16 17 18 19 20 21 22 23 24 25 26 27 28 29 30 31 32 33 34
15 93 132 165 116 117 52 73 26 52 30 35 17 28 15 25 6 16 10 12 5 9 4 6 1 6 1 3 1 2 1 1
15 94 174 339 349 593 400 855 403 1282 1062 1764 977 2705 1983 4250 1301 4499 4422 6070 2867 6633 4962 7277 2510 11365 3916 9030 3010 9130 9130 6842
3 4 5 6 7 8 9 10 11 12 13 14 15 16 17 18 19 20 21 22 23 24 25 26 27 28 29 30 31 32 33 34
15 93 132 165 116 117 52 73 26 52 30 35 17 28 15 25 6 16 10 12 5 9 4 6 1 6 1 3 1 2 1 1
15 94 174 339 349 593 400 855 403 1282 1062 1764 977 2705 1983 4250 1301 4499 4422 6070 2867 6633 4962 7277 2510 11365 3916 9030 3010 9130 9130 6842
