10 22 34 46 58
234 9430 45218 40359 4745
2693 329830 328533 106084 5332
178548 1215388516798 12854480055170924002 387984493828707678 22026817475
10 22 34 46
34 622 186 3
117 1885 261 4
2878 23443970 5030762 281
3 4 5 6 7 8 9 10 11 12 13 14 15 16 17 18 19 20 21 22 23 24 25 26 27 28 29 30 31 32 33 34 35 36 37 38 39 40 41 42 43 44 45 46 47 48 49 50 51 52 53 54 55 56 57 58 59 60 61 62 63 64 65 66 67 68 69 70 71 72 73 74 75 76 77 78 79 80 81 82 83 84 85 86 87 88 89 90 91 92 93 94 95 96 97 98 99 100 101 102 103 104 105 106 107 108 109 110 111 112 113 114 115 116 117 118 119 120 121 122 123 124 125 126 127 128 129 130 131 132 133 134 135 136 137 138 139 140 141 142 143 144 145 146 147 148 149 150 151 152 153 154 155 156 157 158 159 160 161 162 163 164 165 166 167 168 169 170 171 172 173 174 175 176 177 178 179 180 181 182 183 184 185 186 187 188 189 190 191 192 193 194 195 196 197 198 199 200 201 202 203 204 205 206 207 208 209 210 211 212 213 214 215 216 217 218 219 220 221 222 223 224 225 226 227 228 229 230 231 232 233 234 235 236 237 238 239 240 241 242 243 244 245 246 247 248 249 250 251 252 253 254 255 256 257 258 259 260 261 262 263 264 265 266 267 268 269 270 271 272 273 274 275 276 277 278 279 280 281 282 283 284 285 286 287 288 289 290 291 292 293 294 295 296 297 298 299 300 301 302 303 304 305 306 307 308 309 310 311 312 313 314 315 316 317 318 319 320 322 323 324 325 326 327 328 329 330 331 332 333 334 335 337 339 343 346 350 351 352 356 361 362 363 371 375 379 386
365 1577 3919 7276 10767 14938 18415 21421 22641 23029 22862 21951 21298 20279 19451 18948 17880 17210 16530 15749 15277 14546 14123 13398 13120 12586 12215 11719 11386 10784 10541 10068 9682 9237 9257 8632 8627 8081 7865 7607 7449 7213 7123 6679 6321 6064 6089 5661 5599 5354 5383 5098 4966 4631 4599 4486 4178 4186 4013 3886 3760 3630 3332 3355 3349 3100 3116 2960 2869 2845 2661 2554 2532 2401 2454 2259 2255 2130 2117 2051 1920 1881 1754 1757 1744 1580 1600 1569 1518 1410 1387 1370 1327 1255 1290 1231 1144 1127 1090 1109 1050 1003 1039 939 994 920 881 881 858 849 813 817 727 781 716 685 705 699 662 625 617 590 590 588 634 541 555 546 541 528 457 456 488 439 465 404 438 418 423 408 375 375 375 376 399 338 357 340 348 337 333 317 307 334 294 272 272 269 259 268 242 256 236 255 240 216 225 238 236 210 175 192 197 178 171 168 176 159 173 140 155 177 165 146 147 147 136 135 142 113 126 116 115 122 103 102 115 104 99 93 98 88 91 81 94 92 86 79 85 77 75 59 64 68 71 57 70 65 60 60 63 59 41 49 65 49 47 48 37 45 44 40 42 35 32 32 39 31 43 35 39 36 29 30 34 28 31 23 30 32 26 31 30 28 24 21 13 28 14 19 24 13 22 21 16 12 15 18 11 12 12 10 20 11 11 10 12 20 14 9 10 11 12 7 5 5 8 8 8 7 2 10 3 6 5 2 8 6 12 4 3 7 7 9 6 2 3 5 5 2 3 3 6 1 2 1 2 2 3 1 1 2 2 2 2 4 2 1 2 2 2 2 2 1 1 1 1 2 1 1 1 1 1 1 1 1 1
365 1712 5557 14327 30488 62570 113043 200723 318936 493686 728470 1048155 1469000 2035331 2720239 3698924 4751359 6214188 7878550 9989708 12697721 15832983 19703271 24474764 30122205 37005100 45292795 54193315 66569576 78726252 94876555 113689417 131573567 157510008 189123953 216324118 264954293 298090276 351115092 418671954 486660427 561450593 672567481 750350662 846604412 966224442 1143732229 1287070526 1494768444 1652226113 1933960859 2217544292 2483080266 2776628183 3181112123 3643955734 4013404797 4540657072 5075760900 5815691791 6510446362 7274264425 7632295196 9189001853 10477624760 11022415072 13142954644 14117952317 15414829034 17836249028 19054142119 21267739730 23697084168 25680127056 29582418531 32163955025 36811333456 39348214825 43853129797 49221584079 50455020892 57598509287 59236222693 67934863333 78232474704 80191987612 91532093108 101439513237 110161128463 119839514810 129535025441 142183559767 156102894106 166693408664 195464192454 211076465146 215364455934 230398833151 246100204634 294928464931 302411111412 327801716721 381069773429 399338916795 477030846213 475324382483 504366654342 572456635987 592368363380 676685663233 759940680402 816643575291 826466448850 940007208004 957927473327 1060623909074 1189521702068 1310196979909 1409229193746 1467543504969 1621334887420 1637571119505 1833634567844 2082367102595 2463243718747 2435353688441 2642497548468 2954239607730 3248158551558 3545630856534 3640199114726 3686915362922 4414153801000 4491274184522 5356048488801 5067707413728 6229613720534 6409965683885 7210064142701 7435686709253 7894989407327 8741342906203 9356525632412 10170782051586 12194972086456 10997679038573 12906588985590 13120707979067 15774349542872 15879560932631 17170470134286 18463644808012 20018111362767 23459237178415 23275289615010 23681684722360 25201202839049 28061159984075 29586686683867 32867828373163 34208199113895 38674141581362 38630070509910 46617390973044 50305751065590 46338741479661 54593772155998 63052296880017 65748524114294 69528575132107 61415687603344 73620782984588 82733645279085 78883902483310 88124027425881 85744718798224 102177149731279 97147045661230 123506716009540 114389323216535 130638346111148 168212095344861 163240481257005 152941278422951 179638123500976 188850963842244 192275333664035 208743342336669 241005489075096 222515724544382 243474569158509 254121015662781 276397602210371 330924597232136 309224826687622 309356798582256 387883139777006 389491853730032 368095488977391 407948034363161 480140421368009 469125731675648 483998312364357 486938621024383 652385577031012 637919911051062 668813426588473 654888404496045 831423136276539 813786665118688 783961981199110 704776076998698 754427727332057 917257005679847 1030523437367184 871134481389725 1178729003719675 1232445298457570 1205201512539803 1383339518058226 1412998849468450 1517111618449232 1237819037083859 1492669752200520 2209025192114116 1704815693311427 1909980671667433 1907887470750315 1765322344537631 2125237943817902 2518315739178407 2305274662782945 2620956036649237 2422107278969573 2002090803381174 2532880456695254 3337669572541393 2898693442726761 4167127954195865 3505596353084011 4798364156389505 4714913053673742 4396744884728813 4227492685098291 5436567819954274 4376422509995904 5552456706453006 4399540642135106 6178440222187890 8190970304888545 6237261332316855 7913494905156343 8552894656307477 9276913191700481 8756669207963053 6962737312836508 5797082943250097 12543195674585043 6172765709831771 9540994445487747 12358594557945551 7981951859663667 13559582891995829 14253041131841831 11252022098687949 8620818613654262 12628651113208687 15416115819593347 11249868938806110 12676493283786478 13738910874285923 12706122469264881 28996333861405680 16400931253807621 14533267573335600 16096466181937555 19298587202588064 39291230310350309 25371230035915992 21583513884424879 22935363175896048 25496584472296990 31793550168690957 18938191691330908 13870422528119695 15137065116086659 28711163092415417 34740380592120570 30586903315660269 31994310026110722 12973030184075076 55762177241095424 15703113209261016 32572091285112831 29365277030187755 12526438009174603 60775947229295507 51329525680944582 94160247393586656 41331737705759170 27126662148912229 76058331860828513 73148600947551197 111242577397127980 73615308115376790 26324435790115408 40443098455395413 74690473620708781 79005265085203377 49893753204806621 53499848565894954 57360403361777673 147325333711918345 42916192074705782 47650112806317827 24650106150830490 54720827974562329 60652363979685928 97464880054399962 37274405776748077 74548811553496154 85496156071909392 88520436579532724 98011287270475750 104924088457657282 217237292683405860 120210699679333088 60105349839666544 137669771892147700 147306575723700678 152454543164516954 168601631272450238 186625545172752383 110307860425292772 144117936527873832 175943559810422753 229272286871217150 489809074910764812 261578907351144125 340122810048577428 471314064268398780 502957566506000020 536679070310691121 899175348396088349 1161537834849962850 1498478743590581081 2332821198543892336
3 4 5 6 7 8 9 10 11 12 13 14 15 16 17 18 19 20 21 22 23 24 25 26 27 28 29 30 31 32 33 34 35 36 37 38 39 40 41 42 43 44 45 46 47 48 49 50 51 52 53 54 55 56 57 61 62 63 64 65 68 69
2 28 45 114 91 149 145 211 107 178 117 143 78 104 73 76 54 57 37 51 37 54 27 33 22 20 12 11 17 13 9 15 11 12 13 8 8 10 7 10 3 8 7 4 5 5 2 1 2 3 1 2 1 2 1 2 2 2 1 1 1 2
2 39 75 292 293 853 1059 2514 1911 5438 4197 8969 5502 12707 11544 19577 15044 23851 16993 35882 26874 58926 34666 66621 44641 54656 47534 46116 109907 93700 64251 166382 121646 195676 168626 167001 174433 290668 223044 381753 181852 401978 587507 289473 538634 695799 256698 300700 414675 694259 147273 883638 347050 659862 281589 1140977 1430440 2262260 5721760 1300156 3483260 3754188
