14 26 38 50 62
1301 23581 49138 25756 209
15811 534635 257966 50703 209
4763820 8185225376628431221 8211625335527822733 12460868808342578 5673
14 26 38 50
204 577 64 1
1161 1271 73 2
111963 88672326 116034 2451
3 4 5 6 7 8 9 10 11 12 13 14 15 16 17 18 19 20 21 22 23 24 25 26 27 28 29 30 31 32 33 34 35 36 37 38 39 40 41 42 43 44 45 46 47 48 49 50 51 52 53 54 55 56 57 58 59 60 61 62 63 64 65 66 67 68 69 70 71 72 73 74 75 76 77 78 79 80 81 82 83 84 85 86 87 88 89 90 91 92 93 94 95 96 97 98 99 100 101 102 103 104 105 106 107 108 109 110 111 112 113 114 115 116 117 118 119 120 121 122 123 124 125 126 127 128 129 130 131 132 133 134 135 136 137 138 139 140 141 142 143 144 145 146 147 148 149 150 151 152 153 154 155 156 157 158 159 160 161 162 163 164 165 166 167 168 169 170 171 172 173 174 175 176 177 178 179 180 181 182 183 184 185 186 187 188 189 190 191 192 193 194 195 196 197 198 199 200 201 202 203 204 205 206 207 208 209 210 211 212 213 214 215 216 217 218 219 220 221 222 223 224 225 226 227 228 229 230 231 232 233 234 235 236 237 238 239 240 241 242 243 244 245 246 247 248 249 250 251 252 253 254 255 256 257 258 259 260 261 262 263 264 265 266 267 268 269 270 271 272 273 274 275 276 277 278 279 280 281 282 283 284 285 286 287 288 289 290 291 292 293 294 295 296 297 298 299 300 301 302 303 304 305 306 307 308 309 310 311 312 313 314 315 316 317 319 320 321 322 323 324 325 328 330 331 334 335 336 337 340 343 345 346 347 348 349 350 351 352 355 356 357 359 364 366 369 370 371 372
374 1695 4168 7993 12372 16141 19664 21671 22269 22474 22601 21200 21023 20087 19182 18302 17957 16698 16273 15938 15335 14641 14383 13519 13675 13102 12507 12165 11993 11344 10982 10778 10467 10093 10282 9343 9309 9440 8862 8544 8432 7997 7765 7579 7313 7219 7208 6623 6545 6590 6229 5937 5961 5747 5611 5457 5236 5213 5073 4845 4810 4728 4541 4452 4435 4020 4131 3907 3823 3819 3640 3547 3464 3510 3185 3084 3129 3049 2908 2819 2739 2721 2663 2523 2500 2574 2381 2377 2261 2050 2145 2047 1984 2032 1870 1792 1821 1818 1677 1685 1599 1549 1501 1494 1396 1427 1414 1366 1317 1255 1196 1208 1178 1134 1135 1129 1114 1100 1040 992 943 981 856 833 867 817 805 822 764 755 760 739 722 728 645 668 615 579 635 612 581 568 502 485 502 498 443 463 437 412 439 408 373 422 357 394 380 392 376 377 348 346 319 332 283 343 293 311 283 275 261 290 255 247 276 239 226 245 229 255 217 214 195 216 169 195 183 176 180 200 164 164 142 155 140 167 132 151 159 139 111 158 113 125 124 113 96 109 106 89 116 106 89 97 84 93 99 81 83 73 74 101 70 65 58 71 80 66 72 54 50 64 47 49 61 43 55 49 47 37 38 39 36 39 37 37 43 35 32 46 31 43 30 27 27 26 31 24 28 25 28 25 20 21 14 31 17 14 20 17 14 14 10 16 12 7 13 5 14 10 7 13 10 6 11 14 12 16 9 11 9 6 11 12 13 8 4 6 8 8 7 8 3 7 7 3 12 1 10 9 1 6 4 11 4 3 1 5 1 4 5 1 2 1 5 1 1 1 2 3 2 1 1 1 3 1 1 2 1 1 1 2 1 2 1 2 1 1 2
374 1850 5957 15525 34702 67243 123011 208871 325712 498656 745688 1038657 1476565 2033425 2705418 3535914 4752775 5925594 7693551 9871256 12472347 15509589 19512183 23374484 30550195 36577687 44978036 53692021 66985448 79062242 93036963 114161203 137439339 159912552 200099891 220664026 268887071 332396184 379927292 440122323 522732442 590355625 688942589 793241021 927096146 1063268924 1278849557 1365690287 1621744710 1922871085 2126623333 2425959544 2869649493 3216424604 3632645269 4142398089 4752110569 5374049335 6133125446 6883547017 7867676514 8917119305 9987145366 11312400453 13286533662 13821544034 16461009507 17337176173 20110369317 23168017940 25303765221 28168657944 31560615066 36847947787 38327412934 41950034907 50127680998 53564577500 58017505561 64752617024 72036932951 80595855719 89953356873 97524513691 110144276273 133421185119 139367905683 151622350875 165228859381 169571097297 200603797897 213701010781 227234705044 273307312160 284435350890 303047939210 348646151128 395450318979 414568603688 443670874151 486692562132 543956527165 555872914305 637428301891 666649991089 757526379708 845455242153 922382967944 999719469771 1084963846137 1142702311970 1243228583073 1416721466635 1456492259163 1712964742293 1866579045332 2038844081154 2237805792455 2377891731173 2557079299181 2687508411471 3042540358294 2959232757610 3078282425271 3804431594348 3773332698404 4232384790171 4670334749469 4740963428361 5220638845331 6217746644907 6383170558082 7170130012610 7905299020924 7633745996905 8841677602596 8765834550849 9207680732837 11261180321079 12047067015459 12250701424445 13444175776311 12947944151547 14024932963830 16092827237154 17162519874074 17852095621335 19937061195208 19656991434090 21179379347924 23968679283452 26740266561441 25107291196488 31232119239622 31246688523923 35670493437600 37747599062768 41913209431410 45618333834683 50256516941225 50680698534901 56108477156314 54213498892615 63280799774050 58958155802481 79469790773732 71788701608657 90098557012967 85592941591806 91329871535397 96193734806957 115649755861410 109569385159488 116169669213867 140865253510945 135963266224849 144640736692542 153528720886840 162155311443660 209658074813840 187291123186761 218195596482162 194547418377880 245347467989604 235034496812956 256720753042899 270079472762919 283957175637577 307611395183092 367809250169748 357522149787060 386927057556856 374807795867060 398954421659290 423702032302749 534232437769397 497410422646468 582831845419531 677749167986373 642432527394574 561213947557016 810560778071284 642530260049818 822746240788276 854788313261158 806923651845657 844314091138504 958448564452710 953411206231553 904528214948712 1286931700841346 1289370038835179 1218753108661565 1342963871086762 1362074616558130 1698906654660305 1876779152860854 1505565341753867 1701075991945868 1774073825688849 1965502420695923 2843024207354224 1952928764076522 2016405191189724 1911200576642728 2554174562965027 3332151762199658 2786227020322550 3199133748005549 2503544932303019 2573528588647657 3979167677106159 3050296057268288 3414977457486316 4666287342958479 3343542019521315 4637223395796173 4679884958679669 4822094106417916 4290915642786046 4488874002523295 5108328868748330 4959412828275866 5773495202208681 5981459003708881 6608051411606512 8620697246629022 6564360818832212 6572817796186060 10709351172307539 8148392423767557 12872958647356619 8818114643794216 8090083500896715 8804670051471179 10522753147552973 12480118225495898 10825666840528159 13084092178714358 13223151682972596 16104769411886441 15777368910095295 12031603517645258 15235348904058043 10150733420332276 23655941915713379 13856968007585437 13576865350077498 19091761780942629 20255093691101245 15909380115776422 18188877172900939 11835200114820422 21087073751241189 20083568069672165 11518458376743050 23279961298711609 8436438774126051 32526725818236732 21294990386457897 15060583263562730 33602526009858520 26341877488130795 18554350504327234 36351577827646035 42029849407891538 45429160864274838 60307396444617941 33692351500894584 44945941978969680 38919090552225228 32415341747448598 69657864843735528 65921425814619528 74765989755937505 50105752036698412 26905048542549838 42822530733804492 70069502238757536 66602978641632260 62873820573289483 74702552949468715 50381220802162843 88371493241483772 95652716329613637 37700653933516634 160815949051359351 14118662665280005 185005934257203735 148506866017102231 18671488299600364 117412683649508508 85832384149411564 245290520119688477 95300225612635654 79247422900698978 30326181989842964 155955132672462200 32488293351466654 146624172199685061 194307508134496127 42748078035954696 104924088457657282 60105349839666544 321626873045572750 78801255302666615 84300815636225119 90175434980549623 192900220384405520 353848474638341916 288235873055747664 164637479165761044 175943559810422753 188008647052292980 602647668863049477 214618299743286299 229272286871217150 489809074910764812 261578907351144125 318555973788329084 340122810048577428 726235024096220010 413766180933342362 1145224117796075118 651688879997206959 1581476239298822638 843250788562528427 899175348396088349 1917457395824676090
3 4 5 6 7 8 9 10 11 12 13 14 15 16 17 18 19 20 21 22 23 24 25 26 27 28 29 30 31 32 33 34 35 36 37 38 39 40 41 42 43 44 45 46 47 48 49 50 51 53 54 55 58 59 60 63 64 67 68 69 74 79 84 90
2 32 41 147 103 175 153 217 133 217 148 181 86 129 79 97 63 65 26 56 24 37 17 21 14 15 19 15 21 17 11 18 13 17 8 8 3 6 4 6 5 6 4 8 3 5 7 1 1 2 2 3 1 3 1 1 3 1 1 1 1 1 1 1
2 43 67 367 353 1009 1123 2736 2207 5902 5262 11297 6892 16290 12076 23768 20809 29967 14069 35866 16460 46588 22167 36438 31992 36595 56081 64023 109285 115382 70402 168243 181023 241603 100147 156137 63025 192983 89885 280941 290368 439720 237846 991128 234697 966770 975490 105558 300700 320798 883638 1384141 329931 1930775 526823 966467 2899401 2600312 2600312 2323520 8175936 7089500 15796476 34262962
