34 46 58 70
22678 44168 22932 10219
785076 362454 88697 15147
8460253950393447172 5816302327851498229 755362350143635637 35788410840750
34 46
636 152
1977 224
40817188 388786
3 4 5 6 7 8 9 10 11 12 13 14 15 16 17 18 19 20 21 22 23 24 25 26 27 28 29 30 31 32 33 34 35 36 37 38 39 40 41 42 43 44 45 46 47 48 49 50 51 52 53 54 55 56 57 58 59 60 61 62 63 64 65 66 67 68 69 70 71 72 73 74 75 76 77 78 79 80 81 82 83 84 85 86 87 88 89 90 91 92 93 94 95 96 97 98 99 100 101 102 103 104 105 106 107 108 109 110 111 112 113 114 115 116 117 118 119 120 121 122 123 124 125 126 127 128 129 130 131 132 133 134 135 136 137 138 139 140 141 142 143 144 145 146 147 148 149 150 151 152 153 154 155 156 157 158 159 160 161 162 163 164 165 166 167 168 169 170 171 172 173 174 175 176 177 178 179 180 181 182 183 184 185 186 187 188 189 190 191 192 193 194 195 196 197 198 199 200 201 202 203 204 205 206 207 208 209 210 211 212 213 214 215 216 217 218 219 220 221 222 223 224 225 226 227 228 229 230 231 232 233 234 235 236 237 238 239 240 241 242 243 244 245 246 247 248 249 250 251 252 253 254 255 256 257 258 259 260 261 262 263 264 265 266 267 268 269 270 271 272 273 274 275 276 277 278 279 280 281 282 283 284 285 286 287 288 289 290 291 292 293 294 295 296 297 298 299 300 301 302 303 304 305 306 307 308 309 310 311 312 313 314 315 316 317 318 319 320 321 322 323 324 325 326 327 328 329 330 331 332 333 334 335 336 337 341 343 348 350 355 356 358 363 367 370 376
245 1314 3597 7993 13099 19237 23450 26491 29092 28825 29483 28421 28258 27194 26605 25380 24763 24347 23689 22694 22849 21270 21045 20057 19928 19240 18869 17775 17755 17132 16363 15743 15701 14859 14742 14490 14193 13504 13545 12788 12472 12359 12087 11347 11569 10933 10719 10405 10082 9955 9920 9156 9386 9211 8584 8340 8269 7928 7956 7718 7503 7214 7174 6753 6534 6613 6421 6394 6253 5936 5995 5645 5333 5294 5327 5000 4894 4943 4605 4402 4424 4369 4174 4187 3926 3982 3845 3675 3537 3624 3323 3373 3413 3204 3037 3107 2805 2934 2898 2675 2727 2761 2497 2471 2397 2364 2379 2314 2225 2157 2048 2111 2009 2080 1923 1879 1873 1777 1661 1772 1590 1660 1516 1545 1475 1542 1350 1441 1303 1401 1284 1325 1191 1246 1134 1110 1052 1116 1019 1066 1011 966 865 915 813 871 815 818 792 762 708 757 676 694 643 676 636 657 648 667 575 610 564 603 610 514 495 529 502 506 455 489 484 447 409 449 379 398 390 435 371 361 337 374 354 335 388 411 281 328 284 283 267 280 248 277 220 237 211 240 202 209 194 188 210 184 177 192 154 172 160 176 137 137 139 143 135 140 110 150 115 111 105 120 102 119 113 98 93 94 95 90 78 68 100 74 70 75 59 76 52 59 61 53 52 49 46 58 44 48 39 49 36 53 27 121 36 30 30 34 29 24 29 31 35 19 24 30 35 27 20 33 20 26 20 19 20 17 11 23 14 17 19 20 12 22 14 18 10 16 8 9 10 9 10 10 4 10 9 10 8 6 4 8 5 8 8 12 4 4 4 7 7 5 10 8 6 6 6 11 3 9 7 5 7 2 4 6 3 2 5 2 2 4 1 1 1 2 1 1 1 3 1 1 1 1
245 1437 5036 15132 34677 74613 135738 234695 390245 593485 907967 1306033 1871605 2586216 3591341 4777316 6336076 8450559 11115607 13912026 18687878 22597555 29079195 35500279 45108776 54776029 68588972 82009325 103610095 121841639 147803030 173715552 215463262 246932451 303628343 360438234 437307946 491995638 612034911 684889639 823532710 965103160 1148745184 1275893844 1552297158 1728685370 2050697254 2323073398 2680464539 3114015593 3709448458 3985515334 4882702196 5659581365 6134059995 7001077796 7930441241 8857993926 10317698952 11846948016 13333442762 14576006139 17118092045 18330109731 20995623202 24101903311 27218697705 30604847069 35202011119 37633290790 43705679969 47209436281 52150716232 58171291610 67635962560 72401731039 81371471661 92484001248 100892958120 106598738235 126175437339 136506850687 150710453508 172375872031 184316870733 205252710987 233695427872 245269171376 270864276017 316642556866 328960960043 363893832537 442450044712 448721561073 485145804254 551444282524 569192779514 645136987916 755571074669 742460187235 909240003855 997218717004 1036134204170 1092225243852 1230296703263 1302707711088 1515167015473 1650016074093 1782435005051 1885398514043 2026587122431 2268508610327 2500661377488 2858330476821 2968231032675 3218100544527 3651718200184 3757704452777 4003580365411 4610402269366 4667981240432 5262669477730 5483644392087 6186476283404 6669095846377 7863701477757 7511129219853 8606736138675 9126204952483 10072166283396 10588301717534 12355551250582 12152646461705 13619779056490 14208275074413 15127374935089 15728170617825 18690491654979 18874474897255 21263589943369 23025230878013 25808460527637 23949038545709 29638039977172 26386993423310 32264908567571 34365441168895 35699607662162 40159348633210 41961774460100 42435567933797 48823511614639 50082442661464 56432091136966 54983206872538 64704065676339 64501673302831 75727303141831 86755966782287 90088619959304 85811816038417 103209217205419 102472102489356 123973341686024 134763083021696 120836840088252 135108874134703 158237904020155 158157376016835 176089617460591 176538447166623 204733643908303 219637725668129 228768859360030 221405704682276 262950450142598 251915754860551 287555686477970 311364546278225 360117628964410 318239372098029 365631806431793 354046173782353 448012135699505 442021045633470 488826090560153 565062747832792 633224785694694 500420503317197 645787969208187 612736953125587 695474493459649 681866425982829 805230677555610 791675628397613 926462889632985 785604977591822 925284465630685 870945645921314 1139932116446885 1024338686248734 1259242097140355 1157522689020986 1262788420089344 1442407726811915 1548123953564571 1448980194509807 1769169803042298 1542133172139647 1904597541920400 1851817349534758 2424997882528890 1876733144696429 2201712752242015 2104350925118709 2593658434607095 2665575592866160 3058668727802770 2636260785366722 3451431027867939 3032416820433817 3267989008405030 3158469457483491 3874179389849643 3601605792612694 4916854401309767 5403400842416122 4586145885026574 4628871067373192 5342851398466882 5299470153529010 5534024012481343 5295421161962635 5137891089004381 9078834089098364 6049848255617942 6525287217035330 7178738199039364 6409751625915174 8857599893318436 6166418348167239 7320108274258418 8938156714886051 7736111277463944 8588757291345697 9001483193026270 8265831651672525 12782105002029928 9666261191382078 11028725518910039 10320321122467022 15787781949644171 9967593682739902 18022003582447448 8743293294639606 42073709472073251 14260874543645865 13809611595063565 14083064194425369 17619336449508752 15471993294695467 14312454570946968 20281228466782490 23362704906659527 24772462085578339 16476943085360214 21328569332024525 27958871862091534 33098123036922870 28506136587834136 21844327172147118 40788391687564057 26868223861784254 40151925724288037 36411882812663963 35248174018260975 35155442653720918 31643207221223049 19797220982047121 50978563769700842 30655182629121925 47423425600561722 51036469609755827 59235966242646102 32836886253210969 80487447727870039 46157737370406500 77519097237414971 37108580014215446 64869019153514463 42823614482498532 59283075579282716 49807379604565604 49052447738767713 68726225873841990 67331223193017811 32018726162545037 84617631598979478 69518818932325080 107344468456869445 88102722738425981 66805248924104911 40450248409759342 118008854403310494 58845062271925242 113994961676378141 133535068491021642 201758437608228826 63862312346346183 82373326276465947 90842825165095682 206732309758580585 145884664437142399 113458122659302239 326950391662852177 225382358322946082 164162483923686987 204198627333512904 188443426023928854 403735489325444904 109349766422936984 385969856518740340 325013549233909338 219788951195020144 424884367258841640 104924088457657282 213542734799360212 397044962516912278 184536074288447638 128650749218229100 491481005454069928 147306575723700678 157602510605333230 439127936214099107 96450110192202760 117949491546113972 144117936527873832 401765112575366318 229272286871217150 318555973788329084 340122810048577428 1162897598757087669 536679070310691121 695143713458946040 843250788562528427 1238057794119125085
3 4 5 6 7 8 9 10 11 12 13 14 15 16 17 18 19 20 21 22 23 24 25 26 27 28 29 30 31 32 33 34 35 36 37 38 39 40 41 42 43 44 45 46 47 48 49 50 51 52 53 54 55 56 58 59 60 61 62 64 65 66 67 70 71 72
3 19 19 103 82 176 106 164 110 118 100 128 80 96 74 91 43 65 50 54 45 48 40 37 19 30 29 29 17 31 6 18 9 21 8 16 9 11 5 10 3 11 12 8 4 6 4 2 2 2 1 2 3 4 1 1 2 1 3 2 2 1 1 2 1 1
3 20 30 247 255 922 742 2175 1788 3399 3598 8063 6437 11101 10653 20753 10777 28413 22188 39574 36612 55865 44410 74260 32297 90437 90342 164714 93154 212167 47426 249854 130621 263035 152676 390797 185238 283200 190284 414966 143816 674953 694606 893468 540380 735815 619050 255908 567652 844464 294546 589092 1021130 1578379 386155 526823 2071443 526823 4929804 2087972 3865868 1300156 1505499 5003209 3087735 3087735
