2 13 14 24 25 26 36 37 38 49
21 269 159 17 780 579 15 260 153 1
997 1309 721 23 1282 965 15 266 157 1
15357 14780 9395 878 355556 510916 200 5859 2552 1
2 13 14 24 25 26 36 37 38 49
21 269 159 17 780 579 15 260 153 1
997 1309 721 23 1282 965 15 266 157 1
15357 14780 9395 878 355556 510916 200 5859 2552 1
3 4 5 6 7 8 9 10 11 12 13 14 15 16 17 18 19 20 21 22 23 24 25 26 27 28 29 30 31 32 33 34 35 36 37 38 39 41 42 46 50
49 158 378 652 615 947 595 634 378 455 175 169 60 96 42 68 26 43 21 31 14 25 18 12 9 5 10 3 7 5 8 4 9 3 6 1 1 1 1 1 1
49 168 588 1402 2064 4623 4573 7688 7044 13154 7737 10640 4862 10350 5991 13292 5931 14574 7887 19411 8418 25629 19455 20752 16330 13021 27792 10842 36662 37775 60113 27368 78969 30429 81836 14883 17977 26015 31185 63261 124754
3 4 5 6 7 8 9 10 11 12 13 14 15 16 17 18 19 20 21 22 23 24 25 26 27 28 29 30 31 32 33 34 35 36 37 38 39 41 42 46 50
49 158 378 652 615 947 595 634 378 455 175 169 60 96 42 68 26 43 21 31 14 25 18 12 9 5 10 3 7 5 8 4 9 3 6 1 1 1 1 1 1
49 168 588 1402 2064 4623 4573 7688 7044 13154 7737 10640 4862 10350 5991 13292 5931 14574 7887 19411 8418 25629 19455 20752 16330 13021 27792 10842 36662 37775 60113 27368 78969 30429 81836 14883 17977 26015 31185 63261 124754
