2 4 8 9 10 11 12 13 14 15 16 17 20 21 22 23 24 25 26 27 28 29 32 33 34 35 36 37 38 39 40 41 44 45
3 6 5 51 78 59 18 29 23 16 21 5 47 334 383 394 36 31 30 25 19 10 33 201 179 149 11 8 3 5 5 1 1 4
35 24 7 342 436 324 38 46 33 35 41 6 81 774 758 724 39 33 33 27 19 11 36 227 193 157 11 8 3 5 5 1 1 4
151 80 18 1366 2318 1542 102 140 62 167 280 17 524 12577 16191 10761 882 397 365 411 472 406 173 2681 1905 1742 39 64 12 23 6 2 1 4
2 4 8 9 10 11 12 13 14 15 16 17 20 21 22 23 24 25 26 27 28 29 32 33 34 35 36 37 38 39 40 41 44 45
3 6 5 51 78 59 18 29 23 16 21 5 47 334 383 394 36 31 30 25 19 10 33 201 179 149 11 8 3 5 5 1 1 4
35 24 7 342 436 324 38 46 33 35 41 6 81 774 758 724 39 33 33 27 19 11 36 227 193 157 11 8 3 5 5 1 1 4
151 80 18 1366 2318 1542 102 140 62 167 280 17 524 12577 16191 10761 882 397 365 411 472 406 173 2681 1905 1742 39 64 12 23 6 2 1 4
3 4 5 6 7 8 9 10 11 12 13 14 15 16 17 18 19 20 21 22 24
138 555 820 841 615 485 322 230 139 103 70 44 55 38 23 10 7 6 10 5 1
138 643 1271 2029 2220 2891 3013 3319 2931 3219 2970 2864 4741 4724 3901 2456 1694 1914 4686 3465 792
3 4 5 6 7 8 9 10 11 12 13 14 15 16 17 18 19 20 21 22 24
138 555 820 841 615 485 322 230 139 103 70 44 55 38 23 10 7 6 10 5 1
138 643 1271 2029 2220 2891 3013 3319 2931 3219 2970 2864 4741 4724 3901 2456 1694 1914 4686 3465 792
