0 1 2 3 12 13 14 15 24 25 26 27 36 37 38 39 48 49 50 51
1 6 17 3 215 440 560 140 5764 12198 14303 3417 11123 19201 18229 3645 3146 4396 2788 397
8 58 91 5 421 987 1150 288 32279 66095 71648 16395 31111 52137 47060 9267 4337 5698 3325 455
30 672 891 11 6381 24011 47427 27463 5733717870835 679951171734998 58216311396717919 40126882515882569 155711634277797654 959325864011007224 1372283012990157300 214225640173396014 28307610015945 9902530896432 641500357744 10425003422
1 2 12 13 14 15 24 25 26 27 36 37 38
1 1 5 6 16 3 20 35 34 8 1 7 5
2 2 14 19 30 3 30 43 41 9 1 8 7
6 10 116 537 264 16 7162 2752 73098 545 12310 13762 1337
3 4 5 6 7 8 9 10 11 12 13 14 15 16 17 18 19 20 21 22 23 24 25 26 27 28 29 30 31 32 33 34 35 36 37 38 39 40 41 42 43 44 45 46 47 48 49 50 51 52 53 54 55 56 57 58 59 60 61 62 63 64 65 66 67 68 69 70 71 72 73 74 75 76 77 78 79 80 81 82 83 84 85 86 87 88 89 90 91 92 93 94 95 96 97 98 99 100 101 102 103 104 105 106 107 108 109 110 111 112 113 114 115 116 117 118 119 120 121 122 123 124 125 126 127 128 129 130 131 132 133 134 135 136 137 138 139 140 141 142 143 144 145 146 147 148 149 150 151 152 153 154 155 156 157 158 159 160 161 162 163 164 165 166 167 168 169 170 171 172 173 174 175 176 177 178 179 180 181 182 183 184 185 186 187 188 189 190 191 192 193 194 195 196 197 198 199 200 201 202 203 204 205 206 207 208 209 210 211 212 213 214 215 216 217 218 219 220 221 222 223 224 225 226 227 228 229 230 231 232 233 234 235 236 237 238 239 240 241 242 243 244 245 246 247 248 249 250 251 252 253 254 255 256 257 258 259 260 261 262 263 264 265 266 267 268 269 270 271 272 273 274 275 276 277 278 279 280 281 282 283 284 285 286 287 288 289 290 291 292 293 294 295 296 297 298 299 300 301 302 303 304 305 306 307 308 309 320 321 322 324 325 326 327 329 330 331 332 344 345 346 347 349 350 351 352
504 1537 3572 4972 6548 7824 8426 9404 9108 8590 8403 7827 8040 7564 7285 6901 6561 6622 6387 6150 5892 5592 5793 5542 5270 5099 4780 4937 4836 4637 4438 4198 4408 4185 3897 3735 3465 3693 3622 3278 3305 2982 3204 3009 2857 2788 2595 2819 2682 2527 2474 2273 2581 2297 2255 2191 2021 2169 2067 1938 1906 1641 1940 1690 1638 1632 1468 1589 1442 1454 1448 1253 1440 1269 1223 1291 1144 1241 1113 1137 1146 1020 1091 985 954 978 837 891 822 847 819 686 778 746 698 700 628 655 629 648 621 546 646 585 580 549 507 511 500 480 452 408 451 414 416 384 357 383 360 356 368 307 343 309 341 336 290 327 302 305 292 260 278 262 250 240 191 215 224 204 184 183 167 194 190 165 159 160 193 166 143 142 135 177 136 139 135 124 151 121 127 112 105 107 105 119 101 94 96 103 96 97 95 85 96 111 94 72 71 86 71 70 71 58 76 62 55 44 45 59 50 43 35 52 50 53 35 32 48 44 43 34 38 36 37 36 34 38 34 34 21 22 37 26 28 18 26 33 33 26 17 26 23 27 15 24 23 17 19 15 19 20 8 18 10 8 9 11 12 17 13 15 15 13 17 11 13 16 12 12 9 9 12 12 8 8 7 6 14 8 3 6 8 6 6 3 10 6 8 7 4 7 5 4 3 2 3 2 3 2 4 6 5 3 2 6 3 3 3 2 3 3 4 5 5 2 3 2 2 5 2 3 2 2 1 1 2 1 1 1 1 1 1 1 1 1 1 1 1 1 1 1 1 1 1 1
504 1705 5003 10021 20142 36837 59272 100576 148669 208992 302016 401511 578059 761800 1017671 1320207 1647823 2214338 2834423 3551203 4519758 5407093 7196426 8761956 10716478 13128540 15217029 19409118 24002139 28482618 34462845 39993740 50092492 59049485 67303897 80510276 89750770 111981246 132751610 145233880 182191410 192931332 238522771 274518025 308709032 365397367 396408364 498064150 579171426 639375464 746086229 794265251 1039672595 1104139234 1310863369 1472038559 1574408132 1922194015 2207814690 2413469677 2728155559 2767560089 3612848852 3693089882 4309342330 4840438111 5077754766 6057727330 6403252862 7434347579 8407518402 8845522531 11034373534 11549203157 12760459421 14796977642 15992829680 18503050787 19996959365 23170317990 25449283243 27790939312 32007022807 33731353860 36817917487 41514228498 42940879257 48053959631 53606482574 59499886043 65042810811 67070657828 80017453813 86903834454 89113328942 100946108238 113047551557 127334805984 137182747205 149614112242 165086451040 177452999629 227664225002 224510467617 244598588908 264607497808 297379671149 301294311864 335780463851 348486920385 388120813300 400039780252 465261796081 486325426050 526227760561 563173112563 614302045477 664030346101 739770339575 773707376264 961115127248 886339339483 1035521171520 1083761943700 1262209553974 1452358854704 1375671754290 1648455663626 1785901005094 2024800240457 2234061441207 2092055602148 2441185089284 2671760447916 2692181441817 2989798360855 2537077705981 3257278949740 3704404061978 3548806742207 3555589164836 3905929529439 4013195702574 5373937258765 5265152079942 5310817950840 5547649864377 6928623093439 8492084434658 7981295013477 7266670508798 8589535883821 8611477003310 12953575822280 10171757866092 11826844583127 12828325689345 13349318456487 17645866694359 14414686787985 18049666121318 17036176817532 18162500794234 20458272170830 19786080445275 26561307494374 24721339101352 24777660293117 28051031984125 28852889638612 33712385970714 33830518366891 43008037760096 39390074450403 45536237924440 59264644706808 55007246632610 46028064541640 53753549161770 63978938645070 62505435904659 66391147160258 78179274763150 64337278966164 92374697123247 79277908672963 85909490596213 73336149795502 85722222541686 108317793228513 99329869833490 94798330687165 79655386318067 132742336102688 129181315035443 153883399537220 117491264951444 113071207368643 193171594114910 186503242931418 197826302520532 170639034027450 205876182121701 220170998771217 242500432061032 240157216243564 257761947526665 328215173938995 320417962926269 327743983024843 213363621637321 265986926519254 484532691714098 346012778920498 408667958307755 274829068724845 434510951785925 652407567148061 659569099724096 570364364668272 395851741346801 690446432585377 704788505511327 857403283795959 539497531583816 893320277740395 896342993339991 755828745285844 859742517372195 809337118518161 1040093377704622 1149933304519969 515503845252100 1232820513539481 711756605719548 588433121225925 714359177961037 1023115742526499 998410133770441 1754831624016416 1371860728803330 1713351197657809 1844068473454577 1756844608847108 2693265267915028 1719217304294058 2352986547247618 3051336433443428 2551183668589414 2772802338788636 2124197489282606 2294802695882220 3495853729480394 3484742885938046 2709202754807220 3502736450257345 3103478983482324 2618195187664624 6471625865255707 3967848423841480 1451029619970367 3548139799621448 5473023465201767 4127038207755070 5023310038627475 2734105322870882 9010869499515234 5635037709349110 8591562437516778 7448303651415675 5924369339654242 7675546485547775 5917600057410211 5154529752292978 4137550931163115 2933730058024625 4795568431525517 3524556866114538 5555406640240437 3937389956166659 8628184787622623 13674016371060681 12347296060812516 7814778363638931 5465746367095070 17854786836796772 9717859746284767 10447598860044599 11230783833631528 7851844322978844 12973030184075076 13940544310273856 19850485239169924 26949098593162226 28948505840042845 12526438009174603 20418374415470750 14445415222706415 15509813463453624 42512233486803140 17873579212188627 29115027721530604 21314662465097678 22871084155644208 12269218019229465 13162217895057704 28237325330560010 30326181989842964 32488293351466654 34800954869440830 39919565526999991 42748078035954696 45772358543578028 49005643635237875 56156602112874289 60105349839666544 64325374609114550 68834885946073850 154043597379576030 164637479165761044 175943559810422753 188008647052292980 214618299743286299 229272286871217150 244904537455382406 261578907351144125
4 5 6 7 8 9 10 11 12 13 14 15 16 17 18 19 20 21 22 23 25 26 30 33 37 38 43
5 10 17 24 25 25 14 14 8 13 11 11 2 5 2 6 1 2 2 2 2 1 2 1 2 1 1
5 15 32 64 114 178 144 236 208 422 607 791 202 712 337 1316 231 770 770 1155 1794 1002 4872 5604 25994 12310 52030
