6 7 8 18 19 20 30 31 32 42 43 44
78 111 61 263 497 520 154 231 217 1 3 1
432 1061 180 685 1159 1253 174 268 247 1 3 2
2414 7064 831 28251 61697 157797 53116 39134 81930 3 103 41
6 7 8 18 19 20 30 31 32 42 43 44
78 111 61 263 497 520 154 231 217 1 3 1
432 1061 180 685 1159 1253 174 268 247 1 3 2
2414 7064 831 28251 61697 157797 53116 39134 81930 3 103 41
3 4 5 6 7 8 9 10 11 12 13 14 15 16 17 18 19 20 21 22 23 24 25 26 27 28 29 30 31 32 33 34 35 37 38 40 44
62 212 420 689 781 798 617 514 304 211 167 136 84 102 53 63 40 55 21 31 17 17 12 14 8 8 5 3 4 8 2 2 1 1 1 1 1
62 254 651 1504 2582 3859 4858 6148 5825 5870 6552 7942 6511 10168 7849 12041 9877 17517 7363 16842 11362 14867 13270 20385 11640 17117 10746 7882 13456 42029 10169 13684 8349 12310 24620 21637 44583
3 4 5 6 7 8 9 10 11 12 13 14 15 16 17 18 19 20 21 22 23 24 25 26 27 28 29 30 31 32 33 34 35 37 38 40 44
62 212 420 689 781 798 617 514 304 211 167 136 84 102 53 63 40 55 21 31 17 17 12 14 8 8 5 3 4 8 2 2 1 1 1 1 1
62 254 651 1504 2582 3859 4858 6148 5825 5870 6552 7942 6511 10168 7849 12041 9877 17517 7363 16842 11362 14867 13270 20385 11640 17117 10746 7882 13456 42029 10169 13684 8349 12310 24620 21637 44583
