6 7 8 9 10 11 12 13 18 19 20 21 22 23 24 25 30 31 32 33 34 35 36 37 42 43 44 45 46 47 48 49
97 70 50 57 44 60 58 44 1354 875 746 1046 1478 2127 2910 1511 19520 10057 5880 5936 6059 5946 5666 2452 13373 5762 2281 1748 1249 841 544 156
345 214 100 101 88 179 90 102 3967 2504 1936 3186 4946 7888 11317 5695 74524 34452 17913 17027 16628 15387 14154 5837 28824 10497 3477 2531 1707 1057 657 178
3920 2506 1053 1228 1081 3531 2085 2541 3798290 2437237 2137716 28861781 482672495 27553290802 1663197333655 4720299130110 311365678320983718 302035525140570285 477889917715723341 374931189000653715 352632732609208841 374102287154374533 133609531883805620 30826556453984115 283610561911925169 36741519760392952 329731006949346 73015398110085 12937598689516 1153556577925 88377564771 5290717410
6 7 8 12 18 19 20 21 22 23 24 25 30 31 32 33 35 36 42
2 1 1 2 50 20 8 13 13 16 12 6 30 12 4 3 3 1 1
4 1 2 2 81 27 10 16 15 28 23 10 36 13 4 3 3 1 1
22 8 10 15 146384 90483 144 2578 2031 87788 90124 24617 3140 360 245 44 58 10 385
3 4 5 6 7 8 9 10 11 12 13 14 15 16 17 18 19 20 21 22 23 24 25 26 27 28 29 30 31 32 33 34 35 36 37 38 39 40 41 42 43 44 45 46 47 48 49 50 51 52 53 54 55 56 57 58 59 60 61 62 63 64 65 66 67 68 69 70 71 72 73 74 75 76 77 78 79 80 81 82 83 84 85 86 87 88 89 90 91 92 93 94 95 96 97 98 99 100 101 102 103 104 105 106 107 108 109 110 111 112 113 114 115 116 117 118 119 120 121 122 123 124 125 126 127 128 129 130 131 132 133 134 135 136 137 138 139 140 141 142 143 144 145 146 147 148 149 150 151 152 153 154 155 156 157 158 159 160 161 162 163 164 165 166 167 168 169 170 171 172 173 174 175 176 177 178 179 180 181 182 183 184 185 186 187 188 189 190 191 192 193 194 195 196 197 198 199 200 201 202 203 204 205 206 207 208 209 210 211 212 213 214 215 216 217 218 219 220 221 222 223 224 225 226 227 228 229 230 231 232 233 234 235 236 237 238 239 240 241 242 243 244 245 246 247 248 249 250 251 252 253 254 255 256 257 258 259 260 261 262 263 264 265 266 267 268 269 270 271 272 273 274 275 276 277 278 279 280 281 282 283 284 285 286 287 288 289 290 291 292 293 294 295 296 297 298 299 300 301 302 303 304 305 306 307 308 309 310 311 312 313 314 315 316 317 318 319 320 321 322 323 324 326 327 328 329 330 331 332 334 335 336 339 342 343 347
391 1089 2725 4129 5555 6437 7246 7503 7467 7219 7036 6546 6570 6118 5932 5604 5360 5180 5184 4885 4860 4478 4562 4292 4232 4053 3900 3805 3741 3512 3519 3361 3417 3153 3288 2959 2990 2868 2841 2759 2610 2472 2544 2434 2479 2273 2268 2175 2173 2078 2098 1956 1949 1866 1849 1749 1741 1678 1787 1595 1559 1427 1529 1510 1494 1350 1310 1304 1299 1230 1226 1156 1171 1122 1128 1108 1058 984 1015 956 975 876 935 854 855 827 822 768 808 728 795 684 743 693 663 662 613 657 672 617 619 528 603 557 512 502 472 465 476 452 516 418 439 439 449 423 387 384 396 366 358 323 377 337 349 316 331 315 311 294 291 253 274 255 273 248 262 237 276 249 234 234 246 207 219 201 197 182 216 188 195 160 169 174 195 172 130 146 137 158 132 125 151 120 133 140 115 119 105 130 134 90 121 94 118 121 88 91 93 97 115 74 97 77 98 82 65 77 73 93 87 52 75 62 87 70 62 49 54 61 57 46 52 48 55 55 51 46 40 37 42 31 40 37 36 41 27 36 33 36 34 28 35 25 26 27 19 25 26 21 30 20 22 29 16 30 20 21 20 18 33 18 19 11 15 26 12 19 9 11 17 7 13 7 11 11 8 9 7 12 10 4 5 6 11 8 5 2 5 7 2 1 4 3 10 4 5 4 7 7 7 4 5 3 7 4 4 4 4 2 6 3 3 2 2 7 1 2 1 2 11 3 2 2 3 7 2 2 2 1 5 2 2 3 2 1 1 1 1 1 1 1 1 1 1 1 1 1 1 1 1 1 1 1 1 1
391 1167 3820 8177 16704 29127 50112 78148 119190 169376 247395 325607 466869 609143 809112 1033804 1337641 1707834 2243466 2781369 3613608 4299651 5506481 6713087 8247575 10209132 12274940 14909213 18305642 21309988 25993061 31180880 38445311 43742749 54311143 61520696 73980038 87717910 101804357 119950666 136705388 158590233 185597196 221632071 258577564 291178559 333879718 391460091 453519194 509334539 598874479 679412732 780276050 890390608 997018948 1141727296 1300964133 1499658309 1795504698 1875861765 2167763693 2353134757 2739687092 3229309088 3614871265 4000978182 4195452727 5025527216 5661349298 6097178895 7060798849 7754535676 8794193806 9806293074 10798771218 12416761453 13718175444 14769876861 17406500869 18518889925 21991707567 22747384818 26852285920 28081143442 30592162602 34625066398 38348621115 40761511575 48823784672 49141493859 61428905750 60100600117 71641024115 79931615543 80238321278 92649172981 95315877269 119904315476 137051283829 139597665557 153625827148 154249162410 189463412332 202932645862 201791488227 223194916801 240109372613 261873103209 293982461533 317236232037 395910538122 365433921480 424568884001 472258674682 528299384272 584215899133 586623756373 641789286103 731715348306 754972449042 807958754539 806769086928 1081344059554 1059957574719 1221345107777 1251030192211 1434044565914 1551827163428 1654630643317 1789537500332 1837130957416 1906164605259 2213641051110 2370380921540 2585248476867 2764820118019 3113359976839 3270166558599 4035681698733 3998949986888 4141718089847 4637182612337 5467090901087 4940411634470 5682442654918 6043907145629 6280491807979 6562614033944 8326317566516 8792191208298 9397882086017 8993104379950 9755458081572 11160460861466 13986774086577 13287151086153 10953591061930 13713591916258 14405519469326 18289293904985 15860014388912 17546930823791 23272635054458 19651820103717 23678327002214 28313890517446 25908746749153 29545005524866 25878747150430 37580369149477 42064655115564 28821449740346 46142070306833 35962257795148 53119984223404 58268314944590 47502781235195 53359414027020 56299029748225 65727461988945 88309830484241 59400257263057 88628191057802 73412070301659 102373100804123 97754180474159 75773782146128 107112511803431 108078142085242 147930272994955 164886693460235 102676376790436 167154310089553 138723792297071 214180890993848 209058037923137 193908187884818 164185263016689 189861111223707 231706237424108 265400054864898 213673381975436 260875127749993 257155767803123 330070629113825 394750210048658 349026059515355 356535456334190 340588715498688 332708588481798 444877307160642 332981628503708 456807278863391 453844220520384 481283552161176 637752985837164 428566021827788 633983320143039 619199708515033 729689293539229 759391336572500 686359890007010 908171448655839 729014602263417 788595565513364 845231223619072 682480726612565 915975135586816 1049354682791584 927305064750304 1442914089608568 1081035480753165 1235690730091612 1788012146278618 1013261771268832 2075336209384483 1551291475358534 1737921418512716 1739979435946880 1694697960351618 3408719314082130 1992466819312244 2241709716177269 1413221955187994 2221477415346963 3884067205222580 1968169119380608 3298700730214358 1890900324581192 2239791072365511 3820550616935241 1653891936420345 3340495115611367 1970605935422185 3406481837592209 3652510087909435 2872205929722052 3407642540975338 2919112775357494 5413711007266143 4885026978984118 2060913995338910 2841405762697281 3595530274370349 7277707940560760 5677461968262572 3838963471939040 1679223460733628 4458652163632254 6823840589612375 2025031859875742 1131238503938606 4786361553471605 3936155402448645 14127495651734500 6083921971404700 8070156370199859 7049113732229076 13141663054606773 14285780968025525 15215543722670171 9448876581350844 12704762950228490 8198619550642605 20366451947124865 12640551468595988 13590336047947092 14609723344284212 15430197320539319 8438777057174190 27205518761405316 14616114169416252 15340780195979428 11245985383901210 12079527764191030 45406718889553616 6486674127079088 14959130157021168 8030248384943040 17240992550930050 101783912303959622 29792917177210503 21314662465097678 22871084155644208 36807654057688395 92135525265403928 28237325330560010 30285905477714388 32479573071659326 17414180133147295 93357441498001820 40034853525153890 42916192074705782 69000019966462011 49300212301660980 26415807633566326 28305020340996003 30326181989842964 32488293351466654 34800954869440830 37274405776748077 39919565526999991 45772358543578028 49005643635237875 52462044228828641 56156602112874289 60105349839666544 64325374609114550 68834885946073850 78801255302666615 84300815636225119 90175434980549623 110307860425292772 134819180623301520 144117936527873832 188008647052292980
4 5 6 7 8 9 10 11 12 13 14 15 16 17 18 19 20 21 22 23 24 25 27 28 29 31 33 35 36 37 41 43 44 45 46 47
8 12 15 20 20 36 14 22 17 18 6 11 5 10 4 6 2 10 1 4 3 7 3 1 6 6 2 1 2 1 1 1 1 2 1 1
10 19 41 66 115 271 206 373 457 667 398 783 441 1022 809 1115 594 3430 770 2228 3278 6651 4633 3150 15795 21300 7436 5604 24892 6842 21637 31185 37338 106953 74676 63261
