12 24 36 48 60
536 11236 44250 33993 9979
22669 618585 428022 115716 14056
3807120 1240910766145398 15138565342432706304 822021511603543716 7489501680730
12 24 36
110 612 126
1265 2322 187
117561 58347472 821417
3 4 5 6 7 8 9 10 11 12 13 14 15 16 17 18 19 20 21 22 23 24 25 26 27 28 29 30 31 32 33 34 35 36 37 38 39 40 41 42 43 44 45 46 47 48 49 50 51 52 53 54 55 56 57 58 59 60 61 62 63 64 65 66 67 68 69 70 71 72 73 74 75 76 77 78 79 80 81 82 83 84 85 86 87 88 89 90 91 92 93 94 95 96 97 98 99 100 101 102 103 104 105 106 107 108 109 110 111 112 113 114 115 116 117 118 119 120 121 122 123 124 125 126 127 128 129 130 131 132 133 134 135 136 137 138 139 140 141 142 143 144 145 146 147 148 149 150 151 152 153 154 155 156 157 158 159 160 161 162 163 164 165 166 167 168 169 170 171 172 173 174 175 176 177 178 179 180 181 182 183 184 185 186 187 188 189 190 191 192 193 194 195 196 197 198 199 200 201 202 203 204 205 206 207 208 209 210 211 212 213 214 215 216 217 218 219 220 221 222 223 224 225 226 227 228 229 230 231 232 233 234 235 236 237 238 239 240 241 242 243 244 245 246 247 248 249 250 251 252 253 254 255 256 257 258 259 260 261 262 263 264 265 266 267 268 269 270 271 272 273 274 275 276 277 278 279 280 281 282 283 284 285 286 287 288 289 290 291 292 293 294 295 296 297 298 299 300 301 302 303 304 305 306 307 308 309 310 311 312 313 314 315 316 317 318 319 320 321 322 323 325 326 327 328 329 330 333 335 336 337 338 339 341 343 346 349 350 352 354 357 360 362 364 365 368 370 371 373 375 384
377 1862 4525 9046 15093 20564 27583 31157 33353 33242 35066 32135 32885 30377 29336 27707 27478 24285 25141 23428 22428 21069 21678 19421 20065 18559 17953 17127 17663 15579 16517 15283 14905 13697 14591 12780 13647 12699 12334 11422 11923 10533 11353 10481 10490 9578 10088 8721 9394 8556 8749 7961 8554 7133 7937 7258 7289 6782 7121 6251 6785 6012 6211 5592 6080 5279 5677 5146 5252 4719 5092 4404 4716 4210 4396 3872 4423 3749 3978 3790 3800 3263 3659 3069 3435 3100 3130 2825 3012 2679 2871 2585 2824 2337 2535 2185 2437 2264 2322 2036 2214 1897 2011 1836 1953 1783 1755 1542 1707 1569 1618 1457 1585 1347 1412 1302 1369 1268 1276 1207 1248 1173 1137 930 1210 966 1008 986 967 881 928 774 921 813 833 750 775 692 699 703 744 667 687 543 606 585 543 539 586 509 535 503 503 491 470 379 401 450 378 363 395 379 365 335 365 368 305 270 299 277 271 259 252 232 242 223 226 223 231 204 219 204 184 165 187 176 170 162 158 156 164 116 137 133 130 115 118 115 96 95 113 92 103 82 86 98 95 98 87 85 83 56 60 54 69 60 61 60 49 40 57 59 48 83 46 42 79 43 45 42 47 39 39 43 28 30 32 29 42 31 23 32 22 29 19 21 21 27 26 21 29 13 20 20 17 21 18 15 24 23 24 20 15 21 10 17 16 10 13 11 15 10 9 10 7 7 13 8 4 5 8 6 6 8 6 8 9 9 9 5 7 4 1 7 3 8 5 5 6 3 3 4 4 6 4 7 6 5 6 7 4 5 1 4 6 4 4 3 1 4 5 4 3 3 2 1 2 1 2 2 2 1 1 3 1 2 1 1 1 1 1 1 2 1 1 1 1 1 1 1 1
377 2013 6439 17068 39930 82045 153436 274233 440598 675256 1066840 1483385 2126049 2935667 3975093 5211429 7035619 8676581 11484709 14591909 17912503 22168412 29245555 34542945 43392953 53190025 63928922 76829866 98665729 111031297 140410480 167291518 195457032 223511826 287839473 314346369 385195991 454153083 528553377 589708360 739657361 812437672 991522358 1143761068 1323418781 1436871398 1786912370 1896557361 2293552067 2573276580 3104391774 3271128979 4133924940 4168001119 5191455844 5674100092 6654553520 7102175881 8695976847 9227214994 10718100866 11800773114 13980449400 14421735267 18379305854 18927668121 21818024241 23987954211 27793002219 28596606931 35918941671 36554814242 42282224874 44846844323 54036299399 54348387774 70202684387 70720318507 79122900964 88712915595 100894613663 95527860129 126754130374 125459823799 149918283245 154508876351 184723221826 178760751738 225446224765 226944125505 256826763205 271316301205 338205749854 307978541034 380853282569 386327891510 449635561836 477077254879 562866126841 544912452627 674391350542 674405886627 765231626725 790331911771 954287181877 921287663170 1059175565177 1093101168010 1274527159230 1344675123182 1568270174442 1546466168124 1898612221606 1783247152243 2012549305976 2128872407984 2504218008462 2504954304546 2895267044284 3133191157765 3438630210029 3590735187630 3971983384733 3481070875266 5281422365623 4559817227693 5220494149231 6044975735944 6208097871212 6195396119609 7543524409087 6664066107875 8965611110143 8137201732794 9961058286464 9846257640188 11494231677473 10942737042096 12421604812940 13607271326716 16322550789540 16076639941558 18240220423100 15954531489869 19844346207794 19699291036344 21935172819707 23725133517946 28825690270181 26862360935380 29598334212094 31486533025490 34569646846144 35890741893782 39771108397409 34769383597130 40517352025556 48776482250603 48717939069219 48331445040126 55931878148942 58813336666262 63993013637048 61884087685601 81555190423402 86086026358602 75213488408614 77987687273024 90075529262787 89079807309544 97856392112669 106461159183314 118298369022950 104128752135546 125155003570903 123502995086857 133593587889143 144287308412710 174550754308810 163684234650910 190441032583289 185513839624925 197938409462274 190023121748727 230524716302278 253153006330127 242080991945903 272978038480534 276117723782039 302777477466808 345091900279106 257613912919219 344828063636867 355170301251879 365151938650094 430898920917423 394688472663480 419111334294788 388644817764778 447273947493819 562630318753169 483510496786109 547263096791932 482816622156664 565249065645999 679806635780070 747816250627999 859234767355360 767306899764768 832998943073984 834609150767703 689324186259271 822678130978915 700364147798308 1099771578256168 1020158891660542 1083806206772527 1064060109408904 1061295164301802 873328211804130 1349329557401917 1455039056711320 1411336971661934 2402993977940814 1530883123050309 1487814309420061 3062662883682322 1919473317673051 1925993360141251 2000665968937692 2643215731566124 2244712533329189 2469336246378982 2646486355799590 2019402776684226 2379774035588826 2529056997200671 2907773418380619 3953614861031232 3373944932768753 2827918641209469 3940714327702144 2877692117207583 4114436316032069 3190006476777993 3773450299947122 3886701281928896 5295223042118774 6147652925183444 4494334771558668 7593940546442344 3733716450222118 5686869806146075 5809005542687429 6188127430226171 7738497693550466 6915427857444284 6538016827079764 11105825333798235 11287952482305770 11785963790532799 11262634605739663 9099109521118741 13505330879216539 6944324924683091 14768369327721975 13351412066899059 9305132153672765 12094067946317823 12746567545414743 17024363008977577 13088615963218338 11417805380986501 13609097565429892 10711850562014896 12946274268557480 21550601499313255 14860630187754637 7451970743832021 11667908119516486 19142234968712880 13840449204715876 14376649538839837 23828176277920467 19954338726360825 24617478717533650 29391025383692077 35504921064373410 38438747638639113 24142465703131878 31110042691678620 23684620423218024 4872038056472084 38583705599260369 17285749265996725 50552662281681985 34350074703862412 36884110458238167 47630807003225784 25861488826395075 26494075487653652 38368110658254206 41902966090050018 67056830776386094 69446928408339985 90349525513747450 84711975991680030 87784846212411597 97438719214977978 118376080140078169 72171336865495318 98741195349908144 20017426762576945 90458116003814902 169250544065127124 103897529051529468 113220081363984012 86936222671834970 32488293351466654 132265834923840792 183898577976433138 168163799634864079 137317075630734084 147016930905713625 101467687864066516 56156602112874289 120210699679333088 73653287861850339 168601631272450238 174476250616774742 192900220384405520 103151466321735325 110307860425292772 378325553501389065 144117936527873832 351887119620845506 214618299743286299 229272286871217150 261578907351144125 298330063062758076 363117512048110005 441622981929358437 1005915133012000040 572612058898037559 610898403751884101 741433159884081684 843250788562528427 899175348396088349 1022141228367345362 1161537834849962850 2056513475336633805
3 4 5 6 7 8 9 10 11 12 13 14 15 16 17 18 19 20 21 22 23 24 25 26 27 28 29 30 31 32 33 34 35 36 37 38 39 40 41 42 43 44 45 46 47 48 49 50 51 52 53 54 56 58 62 64 65 67 69 74 75 84
6 26 61 168 147 232 179 335 227 362 227 325 163 203 131 180 89 83 64 59 55 57 23 56 22 45 23 23 17 30 10 14 13 15 5 11 10 7 5 3 8 4 10 5 5 2 1 2 7 2 1 2 1 1 1 2 1 2 2 1 2 1
6 37 94 431 429 1402 1285 4366 3652 10539 8056 20852 13091 29970 20954 48213 23635 41596 32243 46451 45359 75365 23197 116687 48500 135568 85724 101931 101280 189731 96056 141091 135442 213774 64198 212616 255433 227895 133913 120217 366524 283778 703378 400614 467050 181523 89134 529916 1363439 671740 147273 551276 281589 386155 1053646 1932934 966467 3041786 5495818 8175936 13568719 15796476
