1 13 25 37 49 61
61 1292 14535 45402 29963 8742
37600 45712 694564 392653 96492 11607
5911120 9926303 35253484506273732 15549655469283893278 610854259956038637 1535959239447
1 13 25 37
15 267 619 98
4584 3058 1846 143
227897 457283 34161250 238830
3 4 5 6 7 8 9 10 11 12 13 14 15 16 17 18 19 20 21 22 23 24 25 26 27 28 29 30 31 32 33 34 35 36 37 38 39 40 41 42 43 44 45 46 47 48 49 50 51 52 53 54 55 56 57 58 59 60 61 62 63 64 65 66 67 68 69 70 71 72 73 74 75 76 77 78 79 80 81 82 83 84 85 86 87 88 89 90 91 92 93 94 95 96 97 98 99 100 101 102 103 104 105 106 107 108 109 110 111 112 113 114 115 116 117 118 119 120 121 122 123 124 125 126 127 128 129 130 131 132 133 134 135 136 137 138 139 140 141 142 143 144 145 146 147 148 149 150 151 152 153 154 155 156 157 158 159 160 161 162 163 164 165 166 167 168 169 170 171 172 173 174 175 176 177 178 179 180 181 182 183 184 185 186 187 188 189 190 191 192 193 194 195 196 197 198 199 200 201 202 203 204 205 206 207 208 209 210 211 212 213 214 215 216 217 218 219 220 221 222 223 224 225 226 227 228 229 230 231 232 233 234 235 236 237 238 239 240 241 242 243 244 245 246 247 248 249 250 251 252 253 254 255 256 257 258 259 260 261 262 263 264 265 266 267 268 269 270 271 272 273 274 275 276 277 278 279 280 281 282 283 284 285 286 287 288 289 290 291 292 293 294 295 296 297 298 299 300 301 302 303 304 305 306 307 308 309 310 311 312 313 314 315 316 317 318 319 320 321 322 323 324 325 326 327 332 333 335 336 338 339 343 346 349 350 351 354 357 359 361 364 365 367 372 373 375 381
382 2098 4913 9974 16699 23142 29941 35054 38005 39319 40184 37274 37295 34030 32267 29716 28525 25570 25293 23569 22631 21155 21472 19539 19656 18605 18603 17200 17565 16286 16574 15577 15174 14261 14787 13236 13796 12990 12641 11988 12406 11325 11619 11120 10731 9912 10628 9507 9681 9108 9058 8356 8751 8022 8107 7883 7608 7027 7391 6735 6844 6660 6556 6082 6306 5709 5786 5722 5395 5224 5317 4964 5017 4674 4689 4244 4502 4234 4251 4105 3868 3683 3945 3461 3605 3442 3389 3120 3246 2972 2953 2800 2814 2601 2746 2362 2537 2396 2391 2150 2271 1994 2090 2087 1930 1793 1901 1763 1789 1616 1694 1534 1622 1460 1507 1493 1325 1256 1440 1206 1344 1184 1177 1095 1144 1058 1180 1039 1010 901 1010 935 1006 927 899 861 805 798 851 819 801 687 804 615 719 677 660 643 604 536 549 536 530 480 507 476 485 406 463 440 477 394 414 357 398 359 381 325 339 290 305 314 296 304 300 284 268 248 252 243 272 253 254 238 194 219 208 237 191 183 200 180 202 191 187 191 189 127 144 151 131 128 105 122 105 91 124 112 93 89 89 98 94 97 89 84 83 72 70 75 76 50 63 63 66 67 52 50 63 51 35 52 45 45 48 54 29 41 35 21 39 42 27 35 27 29 28 25 24 26 16 16 20 25 15 21 12 19 12 24 21 18 11 10 6 14 19 8 9 10 8 8 8 12 11 11 12 8 8 11 14 9 7 8 7 4 7 3 2 17 4 7 7 4 2 3 5 6 6 7 5 4 3 3 3 8 8 8 9 3 1 2 2 5 6 5 3 1 1 1 1 3 3 1 4 1 1 1 1 2 1 1 1 2 2 1 2 3 1 1 1 1 2 1 1 2 1
382 2285 6978 18868 44709 92513 171885 311588 514830 803548 1232877 1748819 2512864 3354112 4636533 5892172 7746038 9501464 12039620 14729270 18674789 21706008 28809701 34194119 42687017 52856689 67058662 74735553 99086180 114752948 140637180 165188979 202752914 231110851 294559576 325874533 397176703 465884273 555874391 607382468 784305584 879257499 1019794251 1183879758 1407643736 1485896316 1928837651 2088135122 2409364653 2816695441 3264825109 3458133559 4344443423 4793043157 5330655703 6153988322 7141289278 7616744774 9312250066 10207225909 11347189383 13436121260 15307046492 15974036144 19320163144 21359242236 23065764479 27106371367 30444657985 32819108463 38171282715 41572345989 46024683771 51390845123 59611918535 59520473308 73386963681 82039780618 87753039602 99241666757 106460517710 114691134045 136133634213 142920193316 157679159796 182522551106 204584353422 201784817651 246116002198 265823610538 272089608018 301330241067 341531919058 359016366339 426605687573 441024199244 475591919973 542307391813 611074859296 595046555724 698756971874 739061364957 795026980159 906971418343 957390307991 959048736509 1145480555126 1231752293353 1279328633590 1415289659241 1681854469086 1579107560995 1922754213790 2000670656497 2114537534739 2424717657664 2526175984182 2505642233354 3200553049420 3095132957223 3569803046333 3624027646069 4169827237714 4034593774621 4818044438392 5116028056270 5596747394631 5792215437183 6503595725242 6126058336543 7871411659423 8423446481235 9056883462202 9856555375436 10741233642189 11036868423548 11455607933762 13223413753674 14006346116275 15763849454700 17215684714473 15390184349127 20471301994898 17496300720264 22330373046318 23082225604737 26061365062529 26861157961381 29003044904126 28749560390581 30587356148550 33804007604680 38858789640339 34758570755125 42495750063040 42947861286985 48712184073323 46411211109703 61532572601354 59009674640482 71024165063822 64707992799089 71280466013901 69232405594438 83562735093062 84413999587682 100317706397828 85775615220613 104345690352331 102848331971021 120470233100765 128998527962628 132274891328869 154740704538347 152784066108401 172893050159790 165799757672702 173758188460025 198874233168620 201166213546750 241432279554843 242871234405446 291589462346298 306377193660874 252169371354536 318478355522376 287953828069115 402982844119177 320805507081617 388488374979550 434819011191432 389605459614895 494532332436287 502378884391097 589464121872635 678028886193507 678154777451472 545145758736988 624606742785718 731142974358358 600711244115497 709061084117723 632787950538891 759065774615379 756695729573686 786587018520420 1076363497120627 1131739251029040 901305401461373 962932189186611 1045448783157153 1279768948982752 1198652380674241 1410376098154814 1481365342748862 1368836541818486 1581092630395736 1371784995510102 1391293891856935 2017340324737956 1870473696394024 1511753519656384 1862362552281766 1970348206007289 1998036066897855 2551722674069928 2173684875561679 2104085929330682 3119174870787668 2467502889842341 1969500506693823 3297871212886383 3157289295504741 2901342505083762 3224808403712068 4769041610175689 2512552648032333 4171668294000147 3746027040287722 2210788662780785 4775624347703095 5559475108602986 3870579871053692 5624830445722994 4100371513711107 5604866997282954 5070850748837667 5282544732255166 5007909208290678 5622841140649423 4130220477578305 4015979908218967 5783689350005891 7858501882549422 5015194938199603 8880203611745065 4543448007703524 8056884506969569 5169323098181912 12074996577331164 9872804901840905 10925761171587756 7044164493561423 6971651099976239 4894707743916350 10786887047752216 17081773032336102 6478920864648776 8721859193415870 10302732499621285 9015465264535782 11725610205299259 10286566877047895 16313795407901894 15439547452550715 17602380348147750 20703254218953243 15485552506355127 14635370146595412 23778577564432621 34202818232275610 22468633992338499 17607934685611899 23828176277920467 19954338726360825 12640551468595988 23545641939069635 10957292508213159 7851844322978844 80572707799472151 17507283310975962 33090911606590994 35191265435149352 21714727523408554 12079527764191030 18566201891270118 33870898686745669 43336245668119245 47630807003225784 59162978147211205 45000241361100856 39723889569614004 41176607249904680 33528415388193047 36807654057688395 101725743657148676 111036411781795438 133213704428983179 143964411228522029 52242540399441885 18671488299600364 57360403361777673 42916192074705782 108832390804898901 146250537409639787 130313336685095794 84915061022988009 28305020340996003 32488293351466654 34800954869440830 37274405776748077 114468377080496145 125415721598909383 42748078035954696 192789289449291653 64325374609114550 73653287861850339 84300815636225119 90175434980549623 206302932643470650 110307860425292772 144117936527873832 175943559810422753 429236599486572598 458544573742434300 244904537455382406 596660126125516152 1089352536144330015 413766180933342362 471314064268398780 572612058898037559 610898403751884101 1390287426917892080 958728697912338045 1022141228367345362 2323075669699925700 1701169427975813525
3 4 5 6 7 8 9 10 11 12 13 14 15 16 17 18 19 20 21 22 23 24 25 26 27 28 29 30 31 32 33 34 35 36 37 38 39 40 41 42 43 44 45 46 47 48 49 50 52 54 56 60 61 64 66 68 73 76 79
11 55 81 251 224 599 502 969 892 1496 831 998 648 652 326 249 131 129 95 89 71 55 45 25 20 25 13 21 8 13 8 8 3 7 7 6 8 16 1 4 5 4 4 1 1 2 3 6 2 1 1 1 1 2 1 1 1 1 1
11 72 126 628 728 2898 3083 10520 11855 36157 24295 58558 50450 92779 61691 74666 48734 65899 64497 77798 73166 72077 71175 54393 66818 68315 45888 108282 42666 74888 57144 87538 35056 112027 120518 98961 191301 399887 26015 169831 222010 131876 193935 106348 75175 339218 544569 858873 396781 408452 408452 772310 526823 1798287 1300156 3483260 6175470 5392783 9289091
