1 2 3 4 5 6 12 13 14 15 16 17 18 24 25 26 27 28 29 30 36 37 38 39 40 41 42 48 49 50 51 52
3 10 27 23 66 59 429 628 810 1089 1255 1615 1444 4757 7969 8900 9188 9418 9821 6927 4833 6635 5988 5521 4837 4291 2733 322 264 85 43 1
24 71 191 238 379 412 1333 2224 3044 4244 5123 6432 5847 27078 43176 45062 44416 42040 41379 27247 14679 18812 16254 13823 11122 8914 5194 382 315 87 43 1
1210 5617 6555 7143 9803 9819 46888 104703 205440 500033 1593477 3333678 8825953 10300663326612 372937579508166 26238010883405441 23301179595364483 19710007795707961 25729476970697508 13960673866776343 232743988088433 198581937586897 86174284234933 35124727126108 15405162420351 7106812759390 1626569240285 15137032 4269097 192855 2341 1
2 3 4 5 6 12 13 14 15 16 17 18 24 25 26 27 28 29 30 36 37 38
1 2 2 3 3 15 26 30 43 51 56 46 36 68 71 56 59 36 30 4 1 1
2 2 3 9 14 29 48 62 79 109 106 78 61 99 100 79 84 50 41 4 1 1
60 66 32 102 407 399 493 1388 1422 27798 29362 19046 52618 238803 79055 60151 25356 67836 439864 91 2 5
3 4 5 6 7 8 9 10 11 12 13 14 15 16 17 18 19 20 21 22 23 24 25 26 27 28 29 30 31 32 33 34 35 36 37 38 39 40 41 42 43 44 45 46 47 48 49 50 51 52 53 54 55 56 57 58 59 60 61 62 63 64 65 66 67 68 69 70 71 72 73 74 75 76 77 78 79 80 81 82 83 84 85 86 87 88 89 90 91 92 93 94 95 96 97 98 99 100 101 102 103 104 105 106 107 108 109 110 111 112 113 114 115 116 117 118 119 120 121 122 123 124 125 126 127 128 129 130 131 132 133 134 135 136 137 138 139 140 141 142 143 144 145 146 147 148 149 150 151 152 153 154 155 156 157 158 159 160 161 162 163 164 165 166 167 168 169 170 171 172 173 174 175 176 177 178 179 180 181 182 183 184 185 186 187 188 189 190 191 192 193 194 195 196 197 198 199 200 201 202 203 204 205 206 207 208 209 210 211 212 213 214 215 216 217 218 219 220 221 222 223 224 225 226 227 228 229 230 231 232 233 234 235 236 237 238 239 240 241 242 243 244 245 246 247 248 249 250 251 252 253 254 255 256 257 258 259 260 261 262 263 264 265 266 267 268 269 270 271 272 273 274 275 276 277 280 281 282 283 284 285 286 289 290 292 297 299 306
376 1109 2999 4799 7955 9684 11985 12056 12976 12065 12337 11020 10601 9488 9441 8319 8629 7598 7827 7001 7274 6344 6627 5794 6123 5637 5743 5227 5366 4700 5047 4376 4655 4224 4543 3939 4108 3736 3910 3482 3714 3403 3434 3155 3265 2906 3107 2709 2867 2640 2737 2475 2558 2312 2373 2170 2291 1999 2202 1878 1999 1818 1984 1670 1787 1617 1741 1560 1642 1492 1555 1345 1429 1293 1374 1223 1334 1194 1200 1100 1116 993 1150 991 971 917 986 821 908 865 908 795 798 716 729 669 721 695 642 626 640 543 558 533 565 490 512 483 456 446 470 409 444 409 414 352 406 355 355 333 331 289 307 283 318 259 279 234 274 198 285 212 236 191 219 184 202 201 210 164 188 153 162 132 166 139 144 117 141 120 113 102 111 100 112 92 94 83 102 86 90 81 80 68 87 69 74 59 73 55 65 46 76 57 65 52 53 37 57 44 48 39 49 29 41 32 42 29 44 31 29 24 33 20 24 24 29 21 22 21 23 18 20 17 15 10 15 16 21 17 12 6 8 10 10 11 8 10 5 4 6 8 8 6 5 4 5 4 3 7 3 6 4 3 2 3 5 6 4 3 3 6 4 4 4 4 4 4 4 4 6 4 2 3 3 3 2 5 3 4 1 3 3 2 3 3 2 1 2 2 1 3 2 2 1 1 1 1 2 1 1 1 1 1 1 1 1 1
376 1216 4595 9905 24670 43484 83925 124660 209836 286943 447502 576981 811187 1012560 1422073 1702076 2402821 2830782 3879565 4556583 6230828 6926570 9386654 10640184 14372603 16654404 21555338 24069217 31209922 33623592 45448061 49116955 64609300 71295086 93162711 97451149 123738094 137262127 177956413 188036243 242835954 262936579 316565649 348680232 435557867 452238453 583743337 602403670 747656997 797329612 988603775 1053464065 1306734390 1359858501 1650276505 1701317829 2150787661 2149465786 2849082854 2782803758 3467297157 3634831329 4638795087 4360108715 5430378364 5756933640 7300097693 7520866299 9099379498 9280512947 11141386431 11206064076 13358711501 13859123970 17521048023 17297487038 21552003779 21742500429 24700417190 26796278276 30727078900 31599800902 40281426662 40109404665 43456436151 46923996587 57582900393 55478449609 66798877604 72961566656 86255948763 88158048223 97574842160 99380988657 112374321929 116583298041 134328927345 149034722606 160356602473 173627962100 197385159387 188659311940 219113128263 229433304467 285121432531 272408160775 316321741424 343373114695 348527619154 388841106637 455094410846 434938899805 537872048215 537835171608 621246165992 600426973010 770603938016 700933095870 835152969917 871344976146 952841146772 915135781481 1051155964273 1153408826651 1343464277499 1215871814494 1451008989629 1423766739002 1868252490356 1444620308874 2240779904834 1868233984623 2310050107921 2076104878521 2704118849370 2522007362137 2782605000204 3321739639024 3693752578836 3427938808440 4075821940352 3820584952863 4314163438000 3692760921697 5255986852706 4953318432670 5630259946806 5081372180757 6955325325015 6467953814477 6322282855598 6023508528961 7779373654582 7491050292762 10009447388480 8733351450803 9417551104789 9029392772717 13083986482886 11714080176796 13143693752293 13382583570526 15191337593390 14090143908555 17769650450839 16628112403666 18751793994013 17082170603749 21845516669695 19022642988605 23759221392067 20472088499108 33188427778941 27452067608702 33460423720137 31594060141431 35419444540406 25587114767360 41100662219215 37512042088085 41133354535882 37359400720463 51367696719583 35348015846602 51263751199906 42168979606217 62208076359601 48924147436692 73048172357848 59042062775477 59575801658138 54151438893674 71331433523815 50243888931014 60154070041658 68359242918769 102133884349013 75848370422136 83028572211359 82693411316531 107186282567022 84011412736055 101516529795423 98467544374049 94684920913521 72867560688650 104199890991275 130539419514030 175799222161530 164290519012185 127533775443097 56460578762542 101125370893990 124412675381925 163343403818208 171886666524361 141082080096078 213184877170496 98403279337375 78295424644580 122466405511536 232474154203595 273867321866124 179434186651785 209064342444166 147462449447022 275468102237288 176133638872646 147565449854970 370393326327353 247723253021065 387204744522406 255430731840211 182418406314987 126657721408604 268858943425744 434595035446005 612148938273269 482781514248736 521993830784064 392638172783100 864375249442474 564734705628801 649711664189182 763510290998812 859178008707057 759590622576728 862158494617970 746648186243750 1172764249573693 1515107536098637 1350448057099974 730819809981941 1306281006094855 1166249385118488 941675973919995 677708528497360 2252445620793842 1520946487052278 2526792356987457 459545750448675 1604145188725827 1646102800764386 1198510091456783 1914122956079400 2063657199810712 1501811583252539 779050629562167 1809520216632720 1879594478260985 1050197489931117 3312674497808329 2349612853782939 2530426150660548 1312051800816215 1762278433057269 1896564103591584 2040825852575075 4236612164257591 2195786311682516 2540952590045698 2540952590045698 3397584011986773 3652430836071053 4219388528587095 6039763882095515 6965850144195831 11435542077822104
4 5 6 7 8 9 10 11 12 13 14 15 16 17 18 19 20 21 22 23 24 25 26 27 28 29 30 31 32 33 34 35 36 37 38 39 41 44 57
24 27 80 72 119 114 81 90 46 85 31 36 24 31 15 24 15 21 15 13 10 11 11 10 11 8 8 1 7 6 1 3 3 2 2 1 1 1 1
34 42 196 230 659 863 1085 1511 1385 3306 1774 2958 2596 4856 3452 7138 6230 11481 8852 10692 9658 16176 19045 20565 27833 26875 32038 6300 52426 42894 14872 46827 44066 55388 27193 40572 61550 44583 386155
