16 27 28 39 40 51 52 63 64
686 3841 17342 8711 41865 4051 18891 810 3800
12248 107563 521563 53713 282806 11495 54243 900 4210
4837473 1268342496037619639 2317559437344054404 2800337197183214453 10304443867024568922 25847593786044071 113765968510212092 899083238 2479878092
16 27 28 39 40
109 92 445 8 45
1118 191 1166 9 55
249357 923674 17094453 62 28438
3 4 5 6 7 8 9 10 11 12 13 14 15 16 17 18 19 20 21 22 23 24 25 26 27 28 29 30 31 32 33 34 35 36 37 38 39 40 41 42 43 44 45 46 47 48 49 50 51 52 53 54 55 56 57 58 59 60 61 62 63 64 65 66 67 68 69 70 71 72 73 74 75 76 77 78 79 80 81 82 83 84 85 86 87 88 89 90 91 92 93 94 95 96 97 98 99 100 101 102 103 104 105 106 107 108 109 110 111 112 113 114 115 116 117 118 119 120 121 122 123 124 125 126 127 128 129 130 131 132 133 134 135 136 137 138 139 140 141 142 143 144 145 146 147 148 149 150 151 152 153 154 155 156 157 158 159 160 161 162 163 164 165 166 167 168 169 170 171 172 173 174 175 176 177 178 179 180 181 182 183 184 185 186 187 188 189 190 191 192 193 194 195 196 197 198 199 200 201 202 203 204 205 206 207 208 209 210 211 212 213 214 215 216 217 218 219 220 221 222 223 224 225 226 227 228 229 230 231 232 233 234 235 236 237 238 239 240 241 242 243 244 245 246 247 248 249 250 251 252 253 254 255 256 257 258 259 260 261 262 263 264 265 266 267 268 269 270 271 272 273 274 275 276 277 278 279 280 281 282 283 284 285 286 287 288 289 290 291 292 293 294 295 296 297 298 299 300 301 302 303 304 305 306 307 308 309 310 311 312 313 314 315 316 317 318 319 320 321 322 323 324 325 326 327 328 330 331 332 333 335 336 338 339 341 342 343 344 345 346 347 348 351 352 354 355 356 359 360 363 368 369 371 372 374
427 1949 4441 8607 13956 17847 21966 25133 25615 26080 26326 25093 24895 23729 22557 21905 21511 20204 19338 19528 18057 17597 17729 16418 16435 15939 14948 14960 14833 13690 13809 13489 12453 12540 12067 11444 11419 11173 10615 10395 10384 9648 9600 9461 9056 9004 8930 8257 8108 8304 7624 7739 7759 7038 7081 7052 6464 6540 6501 6067 6016 6084 5686 5518 5594 5255 5000 5141 4838 4719 4868 4494 4457 4603 4148 4148 4301 3803 3844 3789 3538 3571 3523 3380 3300 3393 3142 2970 3009 2795 2730 2924 2670 2598 2577 2356 2312 2420 2242 2299 2298 2072 1950 2083 1928 1831 1886 1780 1831 1833 1686 1619 1680 1611 1443 1560 1444 1359 1337 1280 1288 1330 1173 1235 1291 1143 1031 1099 1137 1045 1071 1000 957 968 965 845 929 807 733 820 803 705 717 705 691 745 619 612 676 624 586 576 583 526 565 473 498 512 457 463 493 413 383 407 417 356 374 349 367 345 326 334 339 319 288 310 269 275 266 232 266 247 222 225 240 212 183 210 207 197 194 191 198 184 147 151 169 150 124 153 109 135 120 119 127 123 115 128 142 106 94 118 103 88 89 94 89 94 81 87 80 79 65 89 75 73 73 65 67 69 72 47 52 59 54 56 39 36 50 35 41 42 41 30 40 33 29 31 33 25 27 26 20 26 22 34 23 21 19 32 28 24 20 31 24 20 19 16 13 14 18 19 20 14 17 16 16 16 12 15 14 13 12 10 10 7 6 10 14 7 13 3 6 6 7 10 4 7 13 8 5 2 4 4 7 2 3 3 11 5 5 4 4 2 5 8 5 3 4 3 8 6 5 3 2 3 1 2 4 1 2 1 4 1 2 2 1 2 1 2 1 1 3 1 3 2 1 1 2 1 1 1 1 1 1
427 2132 6226 16276 38300 73852 130849 233149 365187 552595 846576 1194274 1679163 2326368 3122707 4093604 5549972 7091486 8952374 11987972 14637581 18296117 23966301 28612127 35757563 44468596 53071628 65055560 82484009 96187844 117908162 143973769 165014645 198628857 236307150 278022057 326573525 395211943 456695714 525652870 634511610 724546939 843827100 997048865 1152049636 1331797621 1607279295 1779724360 1982233219 2434332822 2679124407 3112040705 3714884100 4103600605 4679015056 5429250248 5889364499 6717699501 7952899592 8796863327 9826345912 11764323345 13048234028 13858777612 16273479068 18298307747 19642565249 23649409180 26416883776 28056120414 33727006834 37233854584 39223991987 47693407284 49806187501 56164277932 65919864391 70241196982 77845528057 88766234910 94046581028 105229519752 118118619587 135638151083 144012500941 174976000297 184786029137 187046759853 218994573378 239505747015 249917029084 317269851419 318599026838 352055318629 381409835673 409725163273 440616542466 519341927447 554460588493 608501052636 678496021055 755479881734 721399003129 922849531197 948933290452 973116236851 1167881886888 1248201669491 1378417946229 1539149308072 1597532396372 1682467858074 1993544875468 2241594712981 2097906589262 2679244790839 2720571734634 2786519588469 3046323019381 3317343059130 3660978953358 4169027888126 4237498487401 4791560393143 5473753132969 5750630973143 5325553555190 6591613144512 7438497079817 7456286573878 8395666508149 8981058953294 9012003895695 10223465642583 11391621235676 11076609758377 13403201366957 13368449106007 12842127492423 16643962316913 17841830011194 17206792253097 19640727318143 21300823584964 21694516096389 25347330057632 25279917744986 27766203589716 32097964903095 32764639318183 34170416321268 36793964952691 40628794651835 39773981842015 46720100046376 45968531353780 49648288125512 57102830667419 57332459310914 60747678120950 73719855251981 67997552014766 68445474014806 79719963483028 87409779644130 86985583268924 96804005593957 99223877597798 109726778363661 110932256450006 121743018730268 138978723137963 149048129975456 155477679190157 148906514619822 181204943132745 173604582334660 187726089300472 186101904802670 189144762075490 229482013310792 234271591199176 247733062864927 246422825972238 303392583201199 306809951929347 278397387961604 364688897915460 367849870383169 393939290418096 410691820110498 438749795491444 510709272600278 480726854669376 444056149497563 500646072113755 619446382418322 582065276696545 486607932136000 723686596425091 561955886242978 693786973210957 664402072820198 811492905496395 830887771571256 938115019040927 992966561684705 1121508650196130 1386413999092514 1085904018927743 1035901824655238 1528825865451516 1375105019893513 1347436562403831 1412461008295392 1616588135232316 1711546276900780 1893543431275739 1795625850981253 2002997680143341 1984674930512289 2107307910836275 1889120871468403 2843340329298255 2610388759572535 2485488311265232 2973622310587746 2742813495458144 3050043373711803 3723725052818608 4032656340847197 2713275973365090 3279218699135263 3941111525379060 3990555110224766 4606305234761559 3270660456715526 3752988014257185 5474949914301453 4196275191210923 5168268101366762 5417511556392332 5799278174937932 4437137079412517 7107435165292883 5941605262401848 5289933120851546 6197414181525296 7446449159084794 5959283666702183 6434987848998527 6632434111958457 6262331002258989 8753730019540804 7980096205432012 12695034813757613 8904427986092595 9270029646720215 8817699709311546 17092565366981439 14238140780598126 13512860354146204 13851505734345472 20738349039995796 15423988921688742 13935792891585067 14130462696461226 14394820786812592 12024332291223378 14636013791033166 17859048855665672 21032339268727325 26061149413875604 17619305603651954 27768523972625691 24356501717622805 26570714335002493 28484932759034703 24986975437941481 28756937208739094 29811245608910578 30043117554769463 29597763857008441 26177208274464328 31120160104693351 21899756996823537 19910611782245086 34995227416204850 53321962308341694 31994310026110722 60058829657592939 14616114169416252 40063303491621436 43040833424620175 42278347174668605 63526010535840161 26425872525433095 50302095812315076 108018010937742912 73452731245531330 61608647250772329 19861944784807002 41176607249904680 55621288698563990 82549822368976811 24538436038458930 66767534245510821 42355987995840015 173153482909263948 85896507068418843 90842825165095682 77377830124354618 82951045599859672 42916192074705782 118300232268122991 204263655137587264 190578291557253313 88957384320681931 125628950682619236 99777541572374138 290774893492062875 234227073661496118 287922496215864052 131268514615487420 98011287270475750 157386132686485923 60105349839666544 128650749218229100 275339543784295400 73653287861850339 168601631272450238 90175434980549623 412605865286941300 110307860425292772 252217035667592710 269638361246603040 144117936527873832 308087194759152060 164637479165761044 351887119620845506 188008647052292980 200882556287683159 734713612366147218 261578907351144125 894990189188274228 637111947576658168 340122810048577428 413766180933342362 883245963858716874 536679070310691121 741433159884081684 790738119649411319 899175348396088349 958728697912338045 1089657644424399782
3 4 5 6 7 8 9 10 11 12 13 14 15 16 17 18 19 20 21 22 23 24 25 26 27 28 29 30 31 32 33 34 35 36 37 38 39 40 41 42 43 44 45 46 47 48 49 50 51 54 56 58 59 63 65 68 78
6 27 44 127 96 185 134 245 128 214 122 145 109 141 90 98 66 99 50 52 42 57 46 33 21 14 10 12 15 11 15 8 7 8 5 4 4 2 3 2 8 6 3 2 6 2 2 2 1 1 1 1 1 3 1 1 1
6 33 70 293 285 917 907 2920 1709 5958 4215 8657 7155 15921 11987 22794 17874 36799 23843 34094 33391 62730 59493 60774 43722 46920 28659 53986 85161 64021 115532 72498 77183 105183 89886 92318 108216 42597 77418 79228 476022 319969 236754 127850 484881 181523 178268 303022 147273 204226 281589 772310 386155 2648154 1121505 1741630 7089500
