4 15 16 17 27 28 29 39 40 41 51 52 53
44 1639 2823 607 12112 21469 3203 15738 24026 3628 5581 8090 1037
2580 18840 30417 7330 137676 226099 29843 59194 85425 12679 8983 12328 1527
291294 5979527 18287149 5557423 1024680318367670033 2189259471834518383 99165656283423728 1143640348517660517 1412101266298886162 117938580998169618 38929973241401 14479361336635 552088947927
4 15 16 17 27 28 29 39
12 159 247 53 99 161 16 1
151 531 1099 219 168 258 27 1
3872 71832 146233 118276 1869497 1945792 14739 2
3 4 5 6 7 8 9 10 11 12 13 14 15 16 17 18 19 20 21 22 23 24 25 26 27 28 29 30 31 32 33 34 35 36 37 38 39 40 41 42 43 44 45 46 47 48 49 50 51 52 53 54 55 56 57 58 59 60 61 62 63 64 65 66 67 68 69 70 71 72 73 74 75 76 77 78 79 80 81 82 83 84 85 86 87 88 89 90 91 92 93 94 95 96 97 98 99 100 101 102 103 104 105 106 107 108 109 110 111 112 113 114 115 116 117 118 119 120 121 122 123 124 125 126 127 128 129 130 131 132 133 134 135 136 137 138 139 140 141 142 143 144 145 146 147 148 149 150 151 152 153 154 155 156 157 158 159 160 161 162 163 164 165 166 167 168 169 170 171 172 173 174 175 176 177 178 179 180 181 182 183 184 185 186 187 188 189 190 191 192 193 194 195 196 197 198 199 200 201 202 203 204 205 206 207 208 209 210 211 212 213 214 215 216 217 218 219 220 221 222 223 224 225 226 227 228 229 230 231 232 233 234 235 236 237 238 239 240 241 242 243 244 245 246 247 248 249 250 251 252 253 254 255 256 257 258 259 260 261 262 263 264 265 266 267 268 269 270 271 272 273 274 275 276 277 278 279 280 281 282 283 284 285 286 287 288 289 290 291 293 294 295 296 297 298 299 300 301 302 303 305 306 307 308 309 310 311 312 313 314 315 316 317 318 319 320 321 322 323 324 325 326 328 329 330 331 332 333 334 335 336 337 338 339 341 343 353 355 359
331 1300 4019 6664 11649 12572 17976 16364 19664 16593 19176 15004 16960 13391 14650 11635 13748 10067 12135 9194 10997 8431 10444 7739 9789 7333 8973 6744 8805 6219 8238 6076 7519 5691 7499 5359 7058 5211 6437 4931 6478 4456 6237 4436 5719 4223 5547 3941 5293 4032 4971 3804 4916 3336 4639 3367 4295 3291 4323 2989 4066 2895 3764 2848 3771 2594 3646 2588 3240 2481 3340 2177 3172 2236 2835 2086 2901 1891 2696 1930 2480 1904 2600 1733 2437 1713 2312 1643 2240 1466 2148 1636 1905 1426 1980 1336 1750 1280 1643 1280 1620 1061 1569 1092 1386 1098 1458 954 1347 929 1244 916 1241 848 1208 865 1026 802 1155 771 1020 716 987 695 929 624 918 663 736 623 820 532 741 567 688 530 730 462 643 482 615 414 601 398 579 436 505 401 494 354 493 345 415 325 413 286 411 298 332 272 375 268 326 257 307 214 303 203 316 233 294 199 269 181 247 173 219 169 212 143 213 155 178 126 160 122 188 136 150 127 159 108 141 100 142 106 121 87 131 74 111 86 124 77 92 65 83 86 83 53 86 69 69 64 73 36 66 48 60 49 59 41 80 40 43 57 51 31 48 39 46 47 37 32 66 39 36 43 45 27 40 33 35 23 27 21 30 23 21 21 27 13 20 15 20 13 17 12 23 10 17 18 12 10 18 16 16 5 14 10 21 5 8 12 13 5 13 9 12 3 2 4 7 5 11 2 8 7 6 5 4 2 5 2 4 1 2 2 3 4 4 3 7 3 4 3 3 1 3 3 1 6 3 2 2 1 4 2 2 3 6 3 2 5 4 1 3 4 3 2 2 1 1 2 2 1 1 1 1
331 1395 5441 12223 31498 50990 108875 151532 284401 353177 623936 713959 1158042 1304067 2006871 2119685 3444782 3339229 5215886 5191855 8170016 7822153 12960121 12041970 18970111 18274293 28643493 25436250 43591211 38480694 61842803 56100927 87747903 77619136 129912082 112393875 179674082 158914274 245919611 217151543 357823438 289701923 485328612 409352093 649550701 542838789 896997562 736175498 1166453180 1051358133 1563582761 1331900516 2151991805 1665769584 2656461566 2309969104 3473446147 3074158871 4881495859 3843782429 5981687682 4964091565 7779326408 6282822525 10213294194 8052044571 12816461100 10475062242 15378062623 12886719154 21767284003 15428850694 25680016762 21070570062 31513192795 24616241103 41748879607 30699711350 49831493001 40333465926 60492327295 48557818804 82721076688 60049537953 98764353517 77799896622 120554265720 92116709456 150035030538 108222376587 176715168533 156041838399 209976447650 169595543605 278358371913 205436009782 291241070667 246993270414 365880639062 310500674280 450489239973 326503196837 550240497474 421784113239 621602305469 528093462495 820065917275 590620735978 920917736277 707887156389 1104259219553 835244852046 1343746020932 1024015012177 1588319105276 1315453617940 1739160871999 1429266875948 2422955745538 1830592060728 2553055558623 2026652867186 3289366411673 2325986114988 3573135856198 2679117646091 4290817439913 3600939880108 4552965242999 4090849537055 5951599853540 4263340001761 6269650397406 5579853410293 7625521523219 6026723240807 9742409027446 6771851654653 10010661926642 8527066048172 12589006017238 8329309123800 14438948450072 10557198014865 15718325466117 13559964442293 17932904360115 14569266209112 21108446615516 16539160751499 25462924312217 19436852946737 26866616451053 21174431702789 33281409548757 23678257357860 37989915559640 29351907769155 38125212846921 32134608490493 51320268285274 39068213834061 51820016198728 46224878644836 61329303322903 42979559559625 73158444003180 52196374571417 90547174172759 69247197715828 99701291843783 69828318174345 110494045221031 74224522268226 115110545099281 86702408166178 124427931522594 103126490546635 145925320002190 97490299755275 173169718893758 135822707296108 174390416068744 133819232685957 176173583133294 144282482089965 246118469688946 214956906346932 244859819388948 208630241673731 303552751114408 222533647227682 332878925514085 230345206949664 374146318203137 306960605996995 374128359752918 291083519521668 472112401542481 311178171136677 489272659428733 443906944759596 686510427994503 436289716612937 563656309890054 452247254058201 646106105356082 672093324059245 774110445529944 476585761162166 944652812727950 841609032974635 866646595815007 868343803591609 1064948843487364 603341383764701 1136975565564874 966378226117196 1182907164761511 994660455860180 1494928397701862 1113857896723189 2360540347110459 1247193725375910 1420758401049115 1978896410226837 2025782247069163 1256733231487837 2084327079215694 1849405328921283 2505813265276951 2615110144309738 2132831639092743 1902859980628904 4543988170995365 2966064681689730 3010867648611370 3479970723336998 4295245536958249 2710081962364318 4757238324009503 3713198005178044 4346347237780165 3142766146205847 4307789134795109 3558939574141615 4986591836162941 4106150554982440 3977376247113708 5043409927486485 6885649480209348 3253631444688878 5320658887996387 4190503322012929 7238551648391894 4159077184915614 6736825887490005 4872719615620939 10004106037247041 5414695724590952 8783066552474108 9469177663946205 7620837168508591 5773141008519456 13614215435003392 10835497754302771 11845623638404927 5405607580929078 12798795643640646 9822064435580868 22059838815390140 6231499713621207 9485587261037483 17846477623202515 19910253794499107 7287742844543190 20703254218953243 16747893084532004 21828070756173020 5833954059758243 4391572623365032 8961050454933013 17429201240903912 13088604137232164 34030817864862540 6099067661078552 26468333661380856 24310182411322475 23008550318099794 26260924966463943 18474797437174742 10106409126225756 31794848040718965 11245985383901210 25052876018349206 6965850144195831 13931700288391662 15509813463453624 25271240935873090 36379745085635831 41176607249904680 32750204542919782 84217174251791533 37700653933516634 55518205890897719 43380278069417204 47622525810516520 16239786535829663 54757156732348023 57360403361777673 21458096037352891 133374308078520684 73950318452491470 52831615267132652 56610040681992006 30326181989842964 127791062044242926 69601909738881660 74548811553496154 117113536830748059 253659955706773471 137317075630734084 101467687864066516 280783010564371445 236472651631873921 64325374609114550 206504657838221550 289794749531624867 226107831026367293 168601631272450238 180350869961099246 96450110192202760 103151466321735325 213459326747028097 252217035667592710 144117936527873832 279363328483702152 318555973788329084 413766180933342362
3 4 5 6 7 8 9 10 11 12 13 14 15 16 17 18 19 20 21 22 23 24 25 26 27 28 29 30 31 32 33 36 37 39 40 41 44 45 47 52 53 56 57 65
1 49 43 167 80 256 165 303 155 232 149 199 98 102 59 84 39 57 34 35 29 16 20 11 7 9 15 5 2 8 6 4 2 1 1 1 1 1 1 1 2 1 2 1
1 60 63 378 261 1376 1247 3744 2285 6527 5516 11696 6790 11678 8843 17879 8932 20721 15775 22187 21397 18382 28627 20497 15259 26121 44053 21112 9285 65409 43908 66792 49806 14883 35954 21637 74676 44583 63261 294546 408452 563178 772310 1300156
