1 2 3 4 5 6 7 8 9 10 11 12 13 14 15 16 17 18 19 20 21 22 23 24 25 26 27 28 29 30 31 32 33 34 35 36 37 38 39 40 41 42 43 44 45 46 47 48 49 50 51 52
1 9 12 15 11 5 8 16 9 19 17 17 29 40 48 77 116 134 156 166 184 309 721 1217 1717 1281 1422 1568 1633 1819 2151 2465 1788 2461 4537 4669 5652 5943 6437 7096 7491 7502 7671 7303 3427 3099 2943 2039 1362 867 244 73
1 14 22 19 13 7 10 26 17 24 20 22 36 48 61 105 142 181 217 246 312 652 1678 3211 4392 3154 3105 3040 2954 3223 3779 4461 3418 4824 8414 8747 10738 10981 11452 12260 12272 11435 11017 10035 4459 3794 3448 2220 1389 873 244 73
2 58 99 45 23 15 27 99 51 44 130 78 165 253 916 14152 136413 507698 150202 621736 1341362 128670352 2117567044 211765019205 1323949897852 17091205620835 417883021791152 103585706729918 12045805023584 2101671310012 1951276038905 445415008451 190030277419 18371956436630 113931655740751 68980031827444 88414747292252 583042908994499 1033084442096180 615141890382232 452703015484756 3213730173388447 6007913075093802 1794733174482683 243121451136580 45303778352144 12049078616096 1387590827964 106095581075 3739850564 26270100 7011
18 19 24
1 1 1
1 1 1
297 385 11
3 4 5 6 7 8 9 10 11 12 13 14 15 16 17 18 19 20 21 22 23 24 25 26 27 28 29 30 31 32 33 34 35 36 37 38 39 40 41 42 43 44 45 46 47 48 49 50 51 52 53 54 55 56 57 58 59 60 61 62 63 64 65 66 67 68 69 70 71 72 73 74 75 76 77 78 79 80 81 82 83 84 85 86 87 88 89 90 91 92 93 94 95 96 97 98 99 100 101 102 103 104 105 106 107 108 109 110 111 112 113 114 115 116 117 118 119 120 121 122 123 124 125 126 127 128 129 130 131 132 133 134 135 136 137 138 139 140 141 142 143 144 145 146 147 148 149 150 151 152 153 154 155 156 157 158 159 160 161 162 163 164 165 166 167 168 169 170 171 172 173 174 175 176 177 178 179 180 181 182 183 184 185 186 187 188 189 190 191 192 193 194 195 196 197 198 199 200 201 202 203 204 205 206 207 208 209 210 211 212 213 214 215 216 217 218 219 220 221 222 223 224 225 226 227 228 229 230 231 232 233 234 235 236 237 238 239 240 241 242 243 244 245 246 247 248 249 250 251 252 253 254 255 256 257 258 259 260
334 1090 2136 2963 3857 3814 4056 3854 3790 3530 3714 3349 3355 3243 3174 3059 3156 2776 2931 2755 2760 2622 2695 2501 2517 2418 2407 2282 2380 2106 2178 2043 2014 1883 2009 1828 1827 1704 1702 1657 1718 1542 1659 1514 1493 1393 1456 1341 1352 1255 1278 1170 1277 1084 1155 1064 1097 1019 1085 963 1003 920 962 881 945 817 909 822 829 755 832 734 748 719 705 646 705 611 631 590 580 548 588 534 527 508 498 477 508 446 446 414 407 418 411 398 384 376 362 346 358 324 337 322 301 306 310 297 274 275 268 275 260 236 237 234 203 215 213 193 200 186 187 181 190 162 163 163 148 146 146 143 131 125 138 110 135 113 121 110 113 105 115 108 105 92 92 95 98 92 86 89 87 78 84 72 66 63 66 66 65 53 50 52 49 56 48 47 50 41 43 43 40 38 45 40 40 39 39 39 35 34 36 32 31 29 30 24 26 25 29 21 24 21 19 18 18 16 14 13 12 15 13 12 11 11 10 12 9 8 8 9 8 8 8 7 9 8 7 8 8 7 8 7 7 6 6 6 6 6 6 6 6 7 6 4 4 4 2 2 3 2 2 2 2 2 2 2 2 3 2 2 2 2 1 1 1 1
334 1130 2992 5944 11681 17579 28804 41668 61732 83600 127081 161208 224728 300031 396154 509752 705784 818687 1122320 1375191 1791568 2156893 2842337 3315376 4220442 5148856 6375701 7490685 9808210 10680577 13661911 15687157 19089400 21526807 27956967 30702353 37418020 42354188 50308596 58751075 73551305 79405590 101588367 111349054 131279390 144152430 178266188 191982901 229391254 252414992 299235362 317022502 413762583 412133429 516780987 552517798 672249955 718118764 894782462 919622873 1113518939 1191231140 1436660442 1528128630 1911263205 1896058770 2446191475 2517225530 2968934611 3083097244 3926711588 3944544139 4636475788 5096987890 5629945218 5908030840 7440764364 7299479152 8730698758 9100222996 10374790862 11019608260 13427316414 13761185759 15567916435 16954270322 18629046237 20363723152 24494350186 24626811897 28006675968 28939245121 32867540606 37514000870 41442636022 45259746315 49503671774 54314493858 58958742260 63875087182 73977616414 76656675587 88100698550 93721991410 99532032290 113640212933 128355403194 139168719112 143510306565 160233607727 173859170864 199944444193 212028395884 213992843435 241091407400 258527229125 249438633692 295785820682 323715798546 327638555321 378401308004 391258739800 438975832568 474989626191 557929582990 526375679211 592182374112 648481899595 661225359589 718406376820 809769372170 849937027764 879589415674 925766411515 1131183251400 993417166936 1353196928516 1256535556576 1495796247086 1515171433230 1725329782992 1746685348592 2133160137019 2195262904694 2342930744586 2256103525528 2527517673030 2833807728019 3241359551384 3313162493821 3499703806159 3915076400937 4281487787390 4132908658640 4938459927244 4645001989592 4627442730286 4883752655279 5575700106308 6128538853394 6625155765660 6009139793623 6166559817970 7064765232156 7321921825965 9158778415560 8613610858720 9288404209196 10841435883378 9756609505343 11206808236215 12347374234950 12579384638090 13036299389524 17000672992375 16607622828520 18195912942940 19409117964600 21255061356885 23270975274915 22968627839888 24256306604499 27966713775704 27388179704396 29137678349785 29621115153261 33449629164578 29200168115902 34700255538604 36505725887923 45976380042741 36552012451543 45695735484180 43727666723789 42980475731295 44521766593362 48558700805076 47321465819907 45175907140764 46196115823917 46368281963604 63148631733410 59358353381899 60351548250006 60579205433401 65947461368330 65692143231620 85314392480980 69932091515586 67540725342762 74200820602840 90765592971903 87709657642072 95333449890224 103600767407160 98493819895009 137566361236329 132812784863312 126197277616697 156590849289160 169986232074936 161433098216943 200206990080888 190066862479305 206181849592250 191678344176942 207858757935114 225366801495420 244308381764172 264797609305530 286957438475520 310920311032272 336828892025682 425642948068303 395109515821650 285216742059676 308783570654048 334244415703484 180873679337634 195725867407170 317646740168199 229081769106076 247776886154518 267956518689776 289735384992890 313236825055892 338593444783108 365947779708052 395453033363344 640910759461875 461587108729362 498582902337118 538465402505158 581453915832224 313891991306665 338854264248680 365749566870782 394723676655357
9 21
1 2
11 682
