5 6 7 8 17 18 19 20 29 30 31 32 41 42 43 44 53 54 55
105 114 208 188 1484 3515 4184 1918 9791 19312 19243 8342 6220 11177 10051 3845 138 157 3
1255 1381 2218 1313 8849 23191 25407 12786 47731 88628 82808 34276 12276 20847 17278 6216 138 157 3
55533 68967 94578 50779 4322637 52959338 187279246 78589412 2239327378992875054 3620792240007410738 7093755295159383877 1288645539452315567 37507233663777614 40838840929581688 16677331409432517 3098990834282252 920109 52026 3
5 6 7 8 17 18 19 20 29 30 31 32
16 15 19 24 94 186 180 79 29 63 45 18
52 50 61 64 233 412 386 149 44 95 63 19
1006 1425 1000 754 53784 241130 961685 728468 28925 163339 61690 2230
3 4 5 6 7 8 9 10 11 12 13 14 15 16 17 18 19 20 21 22 23 24 25 26 27 28 29 30 31 32 33 34 35 36 37 38 39 40 41 42 43 44 45 46 47 48 49 50 51 52 53 54 55 56 57 58 59 60 61 62 63 64 65 66 67 68 69 70 71 72 73 74 75 76 77 78 79 80 81 82 83 84 85 86 87 88 89 90 91 92 93 94 95 96 97 98 99 100 101 102 103 104 105 106 107 108 109 110 111 112 113 114 115 116 117 118 119 120 121 122 123 124 125 126 127 128 129 130 131 132 133 134 135 136 137 138 139 140 141 142 143 144 145 146 147 148 149 150 151 152 153 154 155 156 157 158 159 160 161 162 163 164 165 166 167 168 169 170 171 172 173 174 175 176 177 178 179 180 181 182 183 184 185 186 187 188 189 190 191 192 193 194 195 196 197 198 199 200 201 202 203 204 205 206 207 208 209 210 211 212 213 214 215 216 217 218 219 220 221 222 223 224 225 226 227 228 229 230 231 232 233 234 235 236 237 238 239 240 241 242 243 244 245 246 247 248 249 250 251 252 253 254 255 256 257 258 259 260 261 262 263 264 265 266 267 268 269 270 271 272 273 274 275 276 277 278 279 280 281 282 283 284 285 286 287 288 289 290 291 292 293 294 295 296 297 298 299 300 301 302 303 305 306 307 309 310 311 312 314 315 316 317 318 319 321 323 324 325 327 329 331 332 336 337 341 342 345 347 349 351 354 355 357 359 361 365 369 370 371 372 374 375 376 379
325 1320 3937 5980 9371 10324 13105 12400 13988 12658 13107 10921 11435 9401 9875 8054 8715 7189 7705 6426 6946 5814 6442 5099 5924 4797 5452 4259 4862 4008 4461 3632 4343 3472 3991 3243 3753 3024 3445 2831 3221 2745 3204 2459 2931 2392 2861 2195 2543 2162 2426 1991 2394 1834 2280 1793 2139 1738 2123 1563 1877 1510 1891 1423 1656 1383 1802 1237 1552 1262 1502 1133 1451 1094 1362 1064 1303 993 1256 921 1158 939 1174 866 1003 840 1046 756 968 755 913 684 897 694 822 648 775 662 779 634 664 597 718 577 603 545 655 524 552 505 547 429 548 454 486 407 498 446 445 359 405 350 452 358 360 319 394 320 356 310 323 277 333 318 315 257 332 284 278 232 264 231 299 225 223 232 285 217 244 204 212 176 224 199 198 181 235 204 226 142 170 169 184 169 162 168 193 155 157 134 158 136 165 119 133 126 152 136 129 104 116 131 128 102 98 102 113 90 102 94 86 93 97 78 83 81 86 85 80 66 65 72 77 58 53 50 72 58 65 46 49 47 54 46 41 40 53 43 53 33 34 39 45 38 29 28 38 30 36 28 30 32 30 33 31 23 27 28 33 27 17 31 25 20 22 25 25 26 23 23 17 23 18 19 24 14 21 15 25 16 8 20 22 13 11 12 24 14 11 7 17 15 11 13 9 6 8 12 8 9 3 10 8 4 2 7 10 6 6 3 3 6 6 4 5 3 6 2 6 3 2 3 3 3 2 2 2 2 1 1 1 3 1 3 2 1 1 2 3 1 1 3 1 2 1 1 1 1 1 1 1 1 1 1 1 1 1 1 1 1 1 1 1 1
325 1417 5518 11369 26331 43881 86873 123282 212634 285462 444958 539730 812151 941880 1382359 1515557 2218504 2444476 3472500 3776202 5204341 5659967 8021206 8164341 11699219 12108326 17354060 16665927 23637518 23934961 32707621 33334108 48325867 47654432 65216170 65132849 90929658 89902794 122811239 120416874 158668604 170185206 232150107 212787921 293990107 290008532 413625454 378797046 506930979 526515650 659869935 666164080 916319481 839536533 1187980070 1102921548 1542588757 1506368223 2081542970 1813109310 2440628965 2417516322 3341527111 2976195016 3822281384 3823547154 5744081096 4734710322 6446968645 6345595204 8072086711 7379067096 10400519739 9456895854 13029642551 11685037750 16359620046 14662460752 20727040163 17647484858 23611594117 23140137904 32089875044 27961507020 35650645469 33946051524 46978640389 41026464004 56221610944 51243151424 65396143525 59734953264 85157416402 77045582176 100424178150 87047537204 120617725616 119000830660 154468220664 146050728210 157918176759 167885188106 223405071548 207977070775 236175925204 235862180636 320175222245 294183358787 358236807992 348871871879 412303115588 377707258302 521150398084 494785600079 582253789258 535440514546 732482841157 780140997042 826706991855 778742754696 901506048217 907470825653 1294175147942 1143406129705 1309743356472 1255912262717 1703291221682 1594566443155 1952078611335 1969256951518 2062740280719 2087541833359 2595858017416 2940200282999 3131294921625 2868044660613 3864668000936 3934832649360 4054470281235 4029393272267 4646876832886 4627772823651 6450613953946 5367792784161 5927441981061 6863313484771 9002888409911 7766625724454 9732033462839 9275986796134 10462573251374 9302354838319 12215319230404 12786069500678 13974371139145 14162061516566 19959461297134 19330489113565 22580508972313 16532046674316 20386055004622 22124964626066 26032298477862 26174519815011 29594570523798 32856129580730 40014316967829 36267674818199 40381188335066 38951202367114 47592084126373 45755464302266 60998639674413 47806689469082 58951610998879 57346561041770 80993534177061 78385969215705 79422310458585 71909282316940 88415298888437 109546161086381 111772275565798 102218910550292 107648333153346 118070729037420 136973027316021 123508133308152 153348945014334 164107062707671 151966595664712 179026667122729 206847109795345 176031924913363 224746627167732 218787447436796 259522126313308 278266933882575 288815355020944 268288700885334 269742801027984 315966574682059 390468105648824 326734387299115 323605019364918 300656212225977 511618223827440 459214386078465 577391550327207 410175112647984 451971442113799 492766088954698 643102050649563 614581015214124 583365056730070 568868847449221 850752026106401 778622746645334 1088819916113377 756174477007205 701161223765468 1011123379206624 1223451306274075 1101287366388768 935201402343878 850715864708112 1510762189462971 1217197601617728 1606084865642457 1269605597386210 1380593064020760 1780563567095894 1761130797817846 2174914530319169 2099946090682246 1562232635726038 2153543625368450 2486313516553464 3136588931079012 2738135263627924 1770738557652438 3824894793526792 3258705004963581 2797658977059917 3386122867496511 3905705985532122 4272297606838008 4942952429873194 4595552629369340 5026188261670486 3883516520074671 5829356336308125 4822075985659269 5993814223865389 7480000801871817 4933206206447352 7832141558422264 6308822580481965 10887181613819752 7312894283608330 4569595393265987 10649973286535528 13430725571989356 8170161191433022 7180486527459650 8101392431431889 18639874291460436 11884528445577854 10410257208439296 6473469281471050 17859048855665672 17063316562983330 14022730940588383 17264220614962891 12211257264774875 9695384590820170 14053929962735105 21685787954245823 14903941487664042 17357600430291238 6587358935047548 22790027285101135 19970153830949610 10547651547186466 5877859587859110 21457340850384653 33026055540516626 21150044544173478 23555532968936532 12071232851565939 12973030184075076 28894443409261306 31043893405240444 21326105901211621 28948505840042845 18566201891270118 41315924848058243 14445415222706415 46529440390360872 24680993045351105 17873579212188627 31971993697646517 32750204542919782 35973978116281034 28237325330560010 29261615404137199 31382739274686857 34828360266294590 20017426762576945 21458096037352891 23000006655487337 72300218957148317 24650106150830490 83025848315558332 62814475341309618 34800954869440830 39919565526999991 85496156071909392 143783645814053778 56156602112874289 60105349839666544 206504657838221550 90175434980549623 192900220384405520 126108517833796355 134819180623301520 164637479165761044 188008647052292980 214618299743286299 244904537455382406 298330063062758076 318555973788329084 363117512048110005 413766180933342362 471314064268398780 610898403751884101 790738119649411319 843250788562528427 899175348396088349 958728697912338045 1089657644424399782 1161537834849962850 1238057794119125085 1498478743590581081
3 4 5 6 7 8 9 10 11 12 13 14 15 16 17 18 19 20 21 22 23 24 25 26 27 28 29 30 31 32 33 34 35 36 37 38 39 40 41 43 46 47 51 55 57 60
1 37 36 110 117 165 144 173 112 106 94 58 79 32 56 37 44 32 31 15 13 12 13 13 11 13 6 14 4 13 4 5 4 6 2 1 4 1 2 2 1 1 1 1 1 1
1 51 53 283 336 864 1086 2313 1845 2837 3608 3556 5598 3741 7867 7262 10508 12157 12942 10055 8917 12023 15826 21760 16858 35340 16424 67670 22063 57114 18452 63762 55164 70070 39678 20286 116553 49240 74415 112563 53174 44583 105558 204226 329931 526823
