18 30 42 54 66 78
2106 12362 41209 27079 16696 532
658043 919838 617640 145887 36104 532
2273665693 665813284595977451 26061100918943783196 3260510112523745386 8922559585324057 577763
18 30 42 54
702 785 297 24
34976 2927 544 28
208516472 148374807 3560040 4230
3 4 5 6 7 8 9 10 11 12 13 14 15 16 17 18 19 20 21 22 23 24 25 26 27 28 29 30 31 32 33 34 35 36 37 38 39 40 41 42 43 44 45 46 47 48 49 50 51 52 53 54 55 56 57 58 59 60 61 62 63 64 65 66 67 68 69 70 71 72 73 74 75 76 77 78 79 80 81 82 83 84 85 86 87 88 89 90 91 92 93 94 95 96 97 98 99 100 101 102 103 104 105 106 107 108 109 110 111 112 113 114 115 116 117 118 119 120 121 122 123 124 125 126 127 128 129 130 131 132 133 134 135 136 137 138 139 140 141 142 143 144 145 146 147 148 149 150 151 152 153 154 155 156 157 158 159 160 161 162 163 164 165 166 167 168 169 170 171 172 173 174 175 176 177 178 179 180 181 182 183 184 185 186 187 188 189 190 191 192 193 194 195 196 197 198 199 200 201 202 203 204 205 206 207 208 209 210 211 212 213 214 215 216 217 218 219 220 221 222 223 224 225 226 227 228 229 230 231 232 233 234 235 236 237 238 239 240 241 242 243 244 245 246 247 248 249 250 251 252 253 254 255 256 257 258 259 260 261 262 263 264 265 266 267 268 269 270 271 272 273 274 275 276 277 278 279 280 281 282 283 284 285 286 287 288 289 290 291 292 293 294 295 296 297 298 299 300 301 302 303 304 305 306 307 308 309 310 311 312 313 314 315 316 317 318 319 320 321 322 323 324 325 326 327 328 329 330 331 332 333 334 335 336 337 338 339 340 341 342 343 344 346 347 348 350 351 352 353 354 355 356 357 364 366 372 373 381 385 387
277 1515 4127 10006 18337 30532 41361 52930 67417 75398 81188 94461 94514 93659 86379 80718 74507 69453 63309 59749 53612 50036 47136 43289 39810 37696 35084 32982 31566 28867 27689 25949 24505 23203 23270 21808 20641 20040 19082 18129 18108 16863 17111 16286 15734 14896 15297 14143 13694 13311 13372 12700 12953 11796 11880 11257 11048 10530 11002 10416 10058 9547 9725 9158 9083 8460 8597 8425 8134 7614 7982 7240 7189 6922 7006 6579 6657 6169 6378 5989 5848 5649 5917 5473 5236 5113 5106 4745 4676 4620 4564 4313 4283 4025 4172 3888 3622 3660 3725 3536 3424 3309 3296 3249 2991 2969 3058 2920 2825 2819 2696 2483 2463 2374 2422 2378 2271 2211 2280 2161 2027 1890 2003 1891 1903 1875 1777 1733 1703 1644 1634 1569 1465 1513 1422 1496 1303 1356 1382 1330 1239 1166 1240 1116 1045 1057 1053 984 982 983 861 886 848 794 856 837 774 837 796 713 799 689 702 662 648 602 645 552 554 543 520 472 544 525 482 439 483 460 461 440 418 437 387 389 348 338 383 323 314 317 348 286 288 280 285 237 247 256 223 245 253 206 229 201 215 241 213 185 180 199 173 159 179 163 178 155 131 155 157 117 132 181 135 109 176 111 115 113 132 104 107 78 93 95 80 85 83 69 71 62 69 82 67 65 83 75 61 59 74 56 56 55 62 56 56 44 36 40 40 44 59 48 35 33 28 19 34 28 40 44 31 19 31 18 24 33 39 27 26 20 15 24 19 19 52 13 12 13 16 13 9 6 17 13 10 16 8 6 11 15 12 8 11 7 10 8 6 6 5 11 7 5 7 1 6 2 5 5 3 4 1 5 3 3 5 5 1 2 2 1 1 3 4 3 1 1 2 3 1 1 32 1 1 1 1 2 1 1 3 4 1 1 1 1 1 4 1 1 1 1
277 1622 5810 18572 46999 110614 217603 427052 775218 1325777 2117704 3775766 5356970 8345590 11074823 15626206 20218470 27464458 33738115 44700650 52870796 66994209 79936596 98267788 113171045 138895566 160452109 190779442 225313200 258899596 293629660 344475812 393003499 452418586 535519662 612903649 684532335 797798132 904899027 1002824502 1230420061 1336541901 1594245141 1824768099 2123732294 2347795669 2854839836 3141890407 3709219616 4215709052 5018053243 5522335279 6736169421 7065501785 8378513159 9297160397 11074846139 11895248588 14520771216 15814838076 18025578268 19644219485 23325598802 25041524522 29951897413 31554551533 37086613690 41426857866 47767165093 49538973746 60375822820 62138953887 73858078444 78566427758 91433966330 96560948993 115373491907 118240267681 142410284432 149253584596 172785762171 183057377497 219684741253 226283869992 256375889551 276713569241 319586504692 322572658943 379228451471 414325233674 455285169456 484410035120 555763018891 569734374023 674387493039 695534122670 769083162609 847548060576 988444397514 1025881083538 1152331758280 1196644168062 1378996217417 1492066168337 1617844368076 1765616377561 1983226772391 2168107953879 2358327187659 2552633069579 2789244744187 2793381401261 3238490912303 3436035534396 3833769836452 4242591298999 4457043238443 4774584475665 5471139397057 5708785627206 6447717002795 6430260421392 7528210452816 8030993330182 9147454542203 9325075321861 10212080473888 10808986317366 12486499569966 12884770386231 13734958621236 15440250337614 16105775500669 17191077744596 18579094223978 21515703538760 20592389453091 23738344204120 26122249861425 28117198083132 30217500048174 30111788880717 34756773925366 35276572097975 37601753762261 40643659225438 44782688172210 48035547752799 50960963233516 53945282973796 51869641092168 63935576529492 65234820724026 69946983360513 77760271416631 86413762491116 83450303018131 95952958513366 111369383025911 100695836515428 129495737703938 120043873553343 128598832081756 140956746189027 148167068932006 147888020877283 172243934849827 169194852999270 181895540396749 194971740630446 206866663594182 204762279769445 259834718827188 257525945694444 263578733174723 275171887088148 315105844945710 325530910911885 367028888256705 382617920756465 375366510642002 438157366849173 403711414261526 451496916464725 465707094241283 470280431472885 562424410813091 562297281338341 579945274212632 619702903959905 782734309822703 732399090020147 732288600597298 813530568512784 946283785334279 821095013669956 889690152085911 1027911599787465 935251610958546 1217931810509044 1372994357521787 1108362941842290 1505590591646059 1337111781647963 1401960773777125 1945037680950404 1835055906796371 1732352482545797 1825594098823946 2101719863165141 2058704789801799 2180182217525413 2527805524722399 2388154144721157 3057904597704600 2906389033578741 2384898171975576 3301269939700310 3695755272968261 2768222070484314 3710848707682111 4963654022793768 4081344458040879 3924190552112412 6846807405042073 4208597640564609 5150938956172283 5304687974071088 6043189180957442 5722789138394798 5816350940225279 4419350355139075 6052833710704801 6472380392588924 5700175539923188 6941408700265714 7614464729341261 6720164233483624 8208725389087384 7292590922982198 8241066446587718 10970296457925086 9151437059030734 9576591738416779 13274844976791298 13991442250240893 11914404248714265 12061888894878568 16751369514880580 12702680228628951 15807115626743155 15668836708386163 17859647402515110 17849371118455943 19759348573562486 17073546616866218 14783010345450874 16592816388269419 19129784959560709 22041924107228267 32924370810161466 25889651145704327 25604328387174797 21107593207481078 21409647448996441 17078782184365109 33943624924859163 24699890848601852 41447441071221060 51369843266378964 36487998154749401 26358689838369402 38255555083279565 27024298623849865 36678874538808903 61427749521806660 79280042044021535 52255926614093477 59732606244206469 38518305146214820 38850582169794075 59010726620856312 47293585350965388 51970575361924982 150570625773017177 39312127687181425 45461637007511506 48110671174476390 64297899317888942 52797786301948524 46728138412771836 28218873550118910 86447977092841308 80070052535092812 64353546752326115 106251267955492339 61255123246412250 44363675536748751 85579315702211160 133796205173786505 123849881162803235 87345083164591812 115051567037601215 87593282396210507 121024828309479928 104404743284633393 109123522241350836 88809136285988786 79005265085203377 188032800672667349 146857290063896774 96049318423954982 145884664437142399 23000006655487337 162650146083754512 51065913784396816 141525101704980015 143546263353826976 97464880054399962 139203819477763320 34800954869440830 234227073661496118 128244234107864088 174016592651442116 241794933084529528 262310221144143205 52462044228828641 116261951952540833 128650749218229100 64325374609114550 73653287861850339 236403765907999845 326204141877783468 270526304941648869 96450110192202760 103151466321735325 220615720850585544 353848474638341916 126108517833796355 134819180623301520 4611773968891962624 154043597379576030 175943559810422753 188008647052292980 200882556287683159 458544573742434300 244904537455382406 261578907351144125 838089985451106456 1193320252251032304 318555973788329084 340122810048577428 363117512048110005 572612058898037559 651688879997206959 3834914791649352180 1022141228367345362 1701169427975813525 2190401332423765131 2484305294265418180
3 4 5 6 7 8 9 10 11 12 13 14 15 16 17 18 19 20 21 22 23 24 25 26 27 28 29 30 31 32 33 34 35 36 37 38 39 40 41 42 43 44 45 46 47 48 49 50 51 52 53 54 55 56 57 58 60 61 62 63 64 65 66 67 72 99
3 92 110 392 386 1647 1254 3188 1640 3399 1788 3506 1476 2656 1363 2392 991 1748 817 1491 571 1029 574 964 324 706 297 544 174 421 225 358 137 319 133 195 44 172 59 141 39 159 44 80 27 81 30 67 13 74 22 23 5 30 6 17 14 1 5 2 4 1 2 1 1 1
3 111 164 937 1104 7070 6519 31678 20030 84031 47823 193115 90125 350656 172789 597789 282703 860659 369468 1240337 450469 1528383 740014 2280320 786334 2618651 952029 3261874 1058185 3963733 1958181 4612248 1946686 5922623 2285298 5019573 1234284 6153482 1746896 6137957 1817936 11260123 2506499 8904158 2781236 13682886 3172538 12985268 2502701 26086726 5648979 14999708 1838917 15758748 2522146 21691692 12025708 526823 4591378 2262260 3596574 966467 2421661 2600312 6175470 118114304
