9 10 11 12 13 20 21 22 23 24 25 33 34 35 36 37 45 46 47 48 49
61 61 89 99 17 3 391 406 422 382 108 132 112 73 71 14 1 1 4 1 1
120 168 161 227 27 5 622 577 603 520 138 136 115 77 73 15 1 2 4 1 1
529 917 782 1096 171 51 78450 47267 88218 79855 28429 14798 9748 8922 4694 11737 5 17 8 30 297
9 10 11 12 13 20 21 22 23 24 25 33 34 35 36 37 45 46 47 48 49
61 61 89 99 17 3 391 406 422 382 108 132 112 73 71 14 1 1 4 1 1
120 168 161 227 27 5 622 577 603 520 138 136 115 77 73 15 1 2 4 1 1
529 917 782 1096 171 51 78450 47267 88218 79855 28429 14798 9748 8922 4694 11737 5 17 8 30 297
3 4 5 6 7 8 9 10 11 12 13 14 15 16 17 18 19 20 21 22 23 24 25 26 27 28 29 30 31 32 33 34 36
24 153 309 412 486 473 362 293 199 163 125 97 84 67 66 51 41 29 24 25 17 17 10 15 11 8 5 6 7 4 5 4 1
24 167 481 888 1631 2410 2834 3622 3916 4673 5027 5422 6784 7423 9299 10315 9476 9072 9550 14232 12036 14721 12780 22083 23091 18938 12174 21160 35826 18868 38736 28219 10143
3 4 5 6 7 8 9 10 11 12 13 14 15 16 17 18 19 20 21 22 23 24 25 26 27 28 29 30 31 32 33 34 36
24 153 309 412 486 473 362 293 199 163 125 97 84 67 66 51 41 29 24 25 17 17 10 15 11 8 5 6 7 4 5 4 1
24 167 481 888 1631 2410 2834 3622 3916 4673 5027 5422 6784 7423 9299 10315 9476 9072 9550 14232 12036 14721 12780 22083 23091 18938 12174 21160 35826 18868 38736 28219 10143
