34 46 58 70
19708 44851 23668 11767
1089086 401128 96208 18635
58100443351912197063 3403221942292551262 1153389453796370028 124047100794658
34 46 58
762 201 2
2528 301 2
43629962 598202 4
3 4 5 6 7 8 9 10 11 12 13 14 15 16 17 18 19 20 21 22 23 24 25 26 27 28 29 30 31 32 33 34 35 36 37 38 39 40 41 42 43 44 45 46 47 48 49 50 51 52 53 54 55 56 57 58 59 60 61 62 63 64 65 66 67 68 69 70 71 72 73 74 75 76 77 78 79 80 81 82 83 84 85 86 87 88 89 90 91 92 93 94 95 96 97 98 99 100 101 102 103 104 105 106 107 108 109 110 111 112 113 114 115 116 117 118 119 120 121 122 123 124 125 126 127 128 129 130 131 132 133 134 135 136 137 138 139 140 141 142 143 144 145 146 147 148 149 150 151 152 153 154 155 156 157 158 159 160 161 162 163 164 165 166 167 168 169 170 171 172 173 174 175 176 177 178 179 180 181 182 183 184 185 186 187 188 189 190 191 192 193 194 195 196 197 198 199 200 201 202 203 204 205 206 207 208 209 210 211 212 213 214 215 216 217 218 219 220 221 222 223 224 225 226 227 228 229 230 231 232 233 234 235 236 237 238 239 240 241 242 243 244 245 246 247 248 249 250 251 252 253 254 255 256 257 258 259 260 261 262 263 264 265 266 267 268 269 270 271 272 273 274 275 276 277 278 279 280 281 282 283 284 285 286 287 288 289 290 291 292 293 294 295 296 297 298 299 300 301 302 303 304 305 306 307 308 309 310 311 312 313 314 315 316 317 318 319 320 321 322 323 324 325 326 327 328 329 330 331 332 333 334 335 336 337 339 340 341 342 343 345 346 347 348 352 354 357 359 361 362 363 364 370 372 375 377 378 381 385 388 389 393 396
245 1327 3804 8554 14900 22237 29323 34461 37938 38260 39760 37732 37258 35993 35432 33558 33510 31506 31239 30010 28948 27514 27768 26599 26399 24851 24786 23217 23141 21821 21974 21143 20816 20132 19773 18514 18221 17672 17617 16886 16832 15744 15781 15066 14509 13984 14433 13482 13367 12973 12825 12127 11890 11384 11272 10929 10778 10114 10284 9587 9434 9261 9133 8768 8790 8238 8273 7949 7743 7335 7379 7128 6878 6739 6722 6259 6391 6078 6046 5872 5749 5387 5657 5241 5024 4917 4987 4698 4594 4304 4336 4242 4097 4009 3937 3710 3691 3605 3509 3246 3338 3246 3070 2999 2988 2750 2882 2677 2473 2474 2528 2410 2323 2206 2295 2147 2085 1965 2020 2029 1857 1784 1891 1761 1678 1735 1569 1576 1528 1524 1533 1403 1364 1410 1321 1247 1297 1191 1169 1163 1110 1158 1159 1019 983 986 1064 893 917 887 921 829 803 739 779 739 768 650 675 669 666 575 617 588 559 561 558 521 523 500 506 475 514 464 477 448 433 420 426 395 452 421 350 402 343 327 351 356 351 349 316 303 323 297 242 273 251 255 248 279 226 241 220 229 245 192 198 200 225 154 176 165 136 260 138 145 153 140 126 159 141 125 122 139 97 148 92 85 97 82 82 102 112 47 79 98 65 89 69 69 85 63 63 59 87 46 72 63 48 52 46 46 50 43 42 41 54 48 31 45 36 34 34 31 38 36 31 46 31 29 37 34 29 29 27 25 34 30 24 87 22 23 14 29 16 16 15 16 23 12 11 19 19 15 13 21 5 20 3 12 23 11 6 14 12 6 8 10 5 9 12 8 15 15 3 13 6 5 6 5 8 8 11 6 9 7 5 11 7 4 13 5 1 3 3 5 4 1 7 3 2 1 1 4 1 2 2 1 2 1 3 1 3 2 2 1 2 2 1 2 1 2 2
245 1463 5272 15682 38318 82723 160373 291316 486181 745905 1162171 1661923 2413260 3332930 4688089 6124120 8502784 10726426 14361052 18357459 23739021 29070333 38420009 47343423 60793282 71669296 90426158 107166195 136275971 158085975 200052743 235041550 292686071 342872934 416046368 473077618 579596084 660688295 808404573 932551196 1144313257 1261362737 1526959256 1717114907 2050861526 2249859526 2859076587 3122431595 3767969319 4199536846 4881528542 5504004556 6403786338 7028257449 8384964476 9231755597 10930319640 11752149719 13994503082 15091834091 17684834769 19330375106 22876801009 25057452201 29296602245 31455065910 36504093063 40345714447 46635977976 49852585870 57712853729 62544667494 72203164497 79679502533 90897342055 95765061142 115798093726 120220911529 139777140794 152490046159 169860702202 180600626534 212965828382 231607182509 257527465487 274495465264 319793762970 333500734577 381656921066 403350842529 452594264494 493528958897 568496756328 603844582744 668032798733 708039400728 816918141348 869819578853 972611181544 1010202338211 1163991700156 1228591960155 1356755091206 1447934975214 1672623076069 1623115004542 1960175356745 1995324629226 2129409321609 2346645414982 2719095105596 2796403150924 3127055323653 3238482929766 3771659944023 3842023163658 4314312754919 4302467439539 5161459554110 5575776036322 5799622280557 6258459874126 7114746374411 7578079535535 7949772233427 8606952030321 9228028491536 9988005880326 10848489972708 11886106865561 13287834843197 13591111364654 14619616836823 16107808297364 17553798163402 17104831920417 20618318427871 20650063670169 21958013755336 25234953868400 26187082167378 29252933522678 34509428749960 30828805058547 33666893077116 38540434580410 44974233670727 39809404007725 45318271254155 48093013251752 55995973663616 55346381337024 59218840754464 59518307515926 70989545611522 71379927224345 78935112022416 75539738010650 91206459915403 92921248099542 105096088353492 99565232373671 115844697506277 118246418425946 128636784240529 130742302348182 154953463904687 147811814824636 172255283532796 180989488337080 200206068285440 196354591945176 240533345347606 223198230743584 264827763754809 260502522318908 294917630000369 299085502986647 346450755853095 326896464340005 407089210061309 430332943999413 393300136204534 474438698612946 471383255125285 480865901401302 589389911822783 615752140273996 657208423202155 729428714215059 773245649419201 743977707763004 929173090745214 883348259321972 766674925911630 930275523807130 948614325076504 1027601141731443 1049345969621664 1353759951431971 1233565762343967 1403798356827619 1414154596034355 1551047469270875 1764708487137692 1563563300541930 1788114678768414 1725927003970965 2282718099151335 1790686518658194 1988310909732850 2329648061595466 1971373161669973 3663838351596648 2161535160489919 2567433678651728 2786493941628688 2982145620190757 2668547330281967 3896454788570559 3541685718268910 3503459264526430 3559393231607970 4541701092626592 3295620980318556 5834190733758593 3956515766140943 3764007667560978 4846230638693563 4318412019673172 4891883545451220 6641509877986817 7233523374987721 3211614272200488 6356533362816195 7628799710916191 5639140860371768 8691655755128929 7907990139699031 7697619490815503 10555518067631535 8379692065014515 9578311457625728 8933311938827678 14392594253211820 8101147356057134 14922054051363688 12217046953893052 10590812377719224 12333105633621239 12663140457190665 13533708565882194 15593196385353775 12797557968751269 14653675864474155 14768932867007171 21617752295028852 19969925836814037 15050826802382381 22335809785765667 20088118945365033 19361704894028914 22176092455887434 20476981979192778 29299091037419216 29540440779523597 26621008401827495 45785814114942045 31764847945829082 29512917559149640 52537929462260809 42140041657441142 36173444599112045 38170481069326471 42531268328217173 44835327681403420 56790027434287085 60855858754617829 42744045439048486 189177674748871978 50753520236657793 58123458229319848 34322202147683863 84493132995982795 60591867326330542 56297233693937851 48368090658204393 59797702796449381 93225210179704908 55863284403824231 52228383565830213 92711772115444908 104124464252321704 81624539023880544 76849845706662055 133091784953775837 33391722669628926 149365142634000969 22438695235531752 121634221555189570 200169174319471306 111714884696363123 61764910874857020 173630143101874484 139727532758087331 87670525886262733 136404402801688545 158378159538811622 93051384027088102 211117224965785619 233928190729633249 209424186684533747 324600836025558958 374039096343805823 95300225612635654 399698802861495348 186799866142393959 143546263353826976 184119203300681474 164754128275307446 357903352323637288 303485565714488444 450429270832818721 268585590246221504 421651082167181793 353408707227437423 280783010564371445 653261352782747474 429177498416561820 266320521110376800 1080707308348872640 383710341631700523 84300815636225119 252902446908675357 276800980153302006 729216658355704722 456514703942813488 126108517833796355 882759624836574485 432353809583621496 329274958331522088 175943559810422753 188008647052292980 803530225150732636 261578907351144125 596660126125516152 726235024096220010 413766180933342362 942628128536797560 502957566506000020 1610037210932073363 572612058898037559 2529752365687585281 1917457395824676090 2323075669699925700 1319510599727473500 2812414893122968108 3402338855951627050 2190401332423765131 5290836681377527402 2816759503217942792 7235425527735208846 8722212341524568228
3 4 5 6 7 8 9 10 11 12 13 14 15 16 17 18 19 20 21 22 23 24 25 26 27 28 29 30 31 32 33 34 35 36 37 38 39 40 41 42 43 44 45 46 47 48 49 50 51 52 53 54 55 56 57 58 59 60 61 63 64 84
10 15 57 115 90 178 147 250 149 148 127 175 96 109 87 126 61 91 59 47 39 81 34 58 43 43 34 36 25 37 20 31 12 13 13 15 16 14 6 12 10 20 8 12 9 8 3 6 5 3 3 7 3 1 1 5 1 3 1 1 1 1
10 18 92 283 287 1048 1049 3182 2470 4423 4711 10944 7743 13251 13291 27088 16872 41126 29271 32608 30513 90110 41552 109311 84748 119798 113686 156178 119198 260996 175156 293062 141737 181806 253186 403852 388718 439529 177579 507706 530592 1520729 653501 1030615 926790 961803 352047 1609058 1033206 755170 883638 2282519 816078 479886 479886 2608431 772310 3125089 451276 1430440 1430440 15796476
