14 26 38 50 62
656 15865 47267 28377 7828
27203 680301 391034 88912 9762
6726061 273834906640163440 15102244868968550730 453345791861452353 448074458598
14 26 38
132 553 81
1774 1506 112
315398 9525382 94361
3 4 5 6 7 8 9 10 11 12 13 14 15 16 17 18 19 20 21 22 23 24 25 26 27 28 29 30 31 32 33 34 35 36 37 38 39 40 41 42 43 44 45 46 47 48 49 50 51 52 53 54 55 56 57 58 59 60 61 62 63 64 65 66 67 68 69 70 71 72 73 74 75 76 77 78 79 80 81 82 83 84 85 86 87 88 89 90 91 92 93 94 95 96 97 98 99 100 101 102 103 104 105 106 107 108 109 110 111 112 113 114 115 116 117 118 119 120 121 122 123 124 125 126 127 128 129 130 131 132 133 134 135 136 137 138 139 140 141 142 143 144 145 146 147 148 149 150 151 152 153 154 155 156 157 158 159 160 161 162 163 164 165 166 167 168 169 170 171 172 173 174 175 176 177 178 179 180 181 182 183 184 185 186 187 188 189 190 191 192 193 194 195 196 197 198 199 200 201 202 203 204 205 206 207 208 209 210 211 212 213 214 215 216 217 218 219 220 221 222 223 224 225 226 227 228 229 230 231 232 233 234 235 236 237 238 239 240 241 242 243 244 245 246 247 248 249 250 251 252 253 254 255 256 257 258 259 260 261 262 263 264 265 266 267 268 269 270 271 272 273 274 275 276 277 278 279 280 281 282 283 284 285 286 287 288 289 290 291 292 293 294 295 296 297 298 299 300 301 302 303 304 305 306 307 308 309 310 311 312 313 314 315 316 317 318 319 321 322 323 324 325 326 327 329 330 331 332 333 334 336 340 342 343 344 348 350 351 354 356 358 359 361 362 364 366 370 372 374 378 380
430 1906 4501 9225 15772 20123 26428 29294 31563 32069 32303 30370 30411 28738 27287 25926 25867 23562 23544 22144 21442 20699 20559 18782 18898 18010 17470 16657 17174 15532 15849 14950 14660 13846 14231 12820 13232 12634 12209 11588 12046 10889 11059 10511 10568 9931 10263 9294 9457 9087 8666 8446 8753 7873 7991 7652 7489 7240 7479 6634 6829 6631 6409 5974 6483 5754 5959 5442 5608 5134 5406 4878 4945 4817 4720 4418 4836 4061 4282 3954 3875 3731 4005 3381 3742 3436 3263 3128 3447 2887 3216 2852 2901 2801 2902 2437 2660 2522 2446 2337 2595 2135 2222 2105 2114 1959 2159 1741 2054 1812 1740 1721 1848 1449 1672 1444 1533 1419 1528 1287 1381 1335 1269 1186 1316 1150 1242 1092 1095 1057 1149 957 1057 955 923 861 935 746 908 743 812 777 759 654 715 632 680 551 708 577 555 521 596 513 539 504 595 437 456 410 473 383 439 407 420 355 374 356 350 355 353 313 353 293 338 257 297 268 315 291 306 266 247 223 233 187 221 168 227 175 190 167 184 156 157 149 145 141 127 103 130 103 123 127 123 114 112 103 108 95 75 75 87 69 65 79 94 66 64 71 69 70 59 65 67 62 47 68 61 51 49 48 51 47 32 44 43 36 35 44 42 32 34 39 32 26 32 32 20 28 17 30 28 28 25 22 24 22 19 15 20 17 13 15 15 12 16 23 15 17 13 9 13 11 18 16 14 10 12 10 8 11 5 11 6 5 7 5 9 5 9 10 6 4 7 7 8 2 6 5 4 10 9 4 3 3 6 5 5 6 2 1 2 3 2 2 3 2 2 3 2 1 1 1 2 2 1 2 1 1 2 2 1 1 2 3 2 1 2 1 1 2 1 1 1 1 1 1 1 1 1
430 2083 6353 17192 41484 79692 151733 262880 425938 654380 999195 1417366 1996202 2800293 3741695 4823699 6630712 8259927 10628888 13636099 17228020 21070470 27360511 32587048 40424472 49777576 61211960 72718252 93913335 107921007 131928723 158242756 189145960 216699462 276740659 313940295 366666820 444572757 525248355 583031574 730720269 821375629 944382677 1134729622 1352389703 1455410267 1839516085 2014669862 2302797517 2731697285 3101216154 3486490109 4120095213 4557463702 5126561819 5956970885 6822618823 7476741645 9156805346 9886317215 11026243949 12935186503 14655502799 15633220773 19311893666 20518668020 23018014291 25392359634 30101988012 30788148421 38467957986 39545768343 43789175230 52004643638 58340244365 60988365534 74322563263 74507446102 85063215463 94658692978 104723259112 110133519008 138533695472 136470207559 162459674138 172529167013 193314690513 198733949058 247472704795 247402420328 296485107950 304427480897 346128255841 364290739314 445791402224 431985041410 493193706331 569541325673 605082129636 630585976212 784636251604 749004992590 839168658561 916579631604 1071489101158 1053892519068 1321304138638 1189821437310 1494754080980 1565735113355 1738749710734 1859866260007 2238170357762 1932397497537 2414307034594 2419171611105 2844438236802 2780556129014 3580772073821 3290807605253 3772258902903 4199255764064 4544929934343 4334014778695 5527424726861 5462392185228 6431996119463 6409990789283 6853893132490 7407880858364 8938754997902 8325577417200 9739296537818 10401733578519 11421051783245 11468758450072 13238750845689 11705565825105 15810035217058 14976279583565 18156894664545 18352768649306 20260182861735 19305766591119 21590567951850 22702097241983 27661631797453 22613600910059 32826795512135 32279356020675 32204468525698 33179837922695 40711840189697 38120410329427 45231737894538 46635352522714 59315816505584 47690648296193 58300143661620 55301913220184 68516394446499 62989120352256 72252978466636 78899905951011 93058590669747 79873516555924 98905714343598 95824966951461 105016550164266 115216922179020 135539177419407 116484179784315 155521694115178 141491857482944 181546495251981 156791890022813 189468656703386 171081655692840 233474220903855 237727309859725 275349741217945 259544354891711 261420710911808 252211873541487 292599807355654 268008389528488 322838157193323 282806331727547 428105418828886 346612611409553 414674092322709 407526886125527 450470285135198 421914972143411 503192440793195 477354606536704 489447314718156 507333474187678 538446051354134 483202839635899 637135105665026 534499569368049 709872594698193 829503965375296 804581249864206 864773302608618 977253592567344 806055637859015 1049647613912383 961979587367447 775711365924405 862389261508870 1173312302838646 910032647807200 1042167192487205 1340147727269776 1586280252868127 1275035039805273 1332770394169118 1619516597950036 1675960377371672 1802988945086004 1655121427906721 2069857994760591 2495090160417466 2294081388885732 1929293353986966 2827914506558890 2722341700156887 2609324967070756 3122382197352763 2728181634569880 3140883870563851 3439264640345851 2310872188828452 3650303998809310 3760933543716010 3409262847132651 3808013928757223 4857808619252475 4888482323639624 4184269276264540 5509348984048769 5290856868108744 5369937190500511 5023673653537286 5889343664361905 5871499046605796 4440801949821452 6721842256084886 4528165973751855 8378525264131213 7205446469801733 8713847519372764 8939924882561500 7376644276280475 9711627446902080 10228644219897105 9341909478622237 8075938745735685 13398521630625534 11084629672196695 9027132232604807 9417043153976140 9970074454082488 8984794001092514 15044902607056764 20968773320696291 14617490414563164 20588296048907848 14875049200919986 10831816849362123 18763092978606082 13883588313279383 30434749454570239 29735539338526860 25572388339478155 21569474477759827 25227643158567460 19284092769230350 18698751011638457 27514465575776557 11835696948794139 31093567158641587 21919529535901012 15358273189306101 25755995226867528 17022721418426873 33456149178144393 20803476275837802 46813731337636308 46063941790666070 31043893405240444 21326105901211621 41861575984523695 44959808644570043 66304269322141109 14959130157021168 48181490309658240 42512233486803140 37012331746894408 97276055556995313 103667876964907038 44185746620741886 35140302174873673 38593653809344873 82799086451235428 75714763694285970 80102098882175846 103310687201566138 36085668432747659 18671488299600364 40034853525153890 69000019966462011 47650112806317827 52831615267132652 84915061022988009 60652363979685928 67289248220907484 109349766422936984 79839131053999982 42748078035954696 45772358543578028 49005643635237875 108618646341702930 116261951952540833 64325374609114550 137669771892147700 73653287861850339 78801255302666615 180350869961099246 235898983092227944 134819180623301520 144117936527873832 308087194759152060 602647668863049477 458544573742434300 244904537455382406 596660126125516152 340122810048577428 387632532919029223 827532361866684724 471314064268398780 502957566506000020 572612058898037559 651688879997206959 843250788562528427 958728697912338045 1089657644424399782 1406207446561484054 1596675274490756791
3 4 5 6 7 8 9 10 11 12 13 14 15 16 17 18 19 20 21 22 23 24 25 26 27 28 29 30 31 32 33 34 36 37 38 39 40 41 44 45 46 47 48 50 51 52 54 55 57 58 63 66 68
8 33 52 136 120 222 185 302 239 367 208 285 140 184 102 168 106 109 62 70 40 45 19 30 21 20 12 15 11 11 11 5 7 5 7 3 3 4 3 2 1 1 5 2 1 1 2 1 1 1 2 1 1
8 39 80 317 382 1311 1261 3921 3410 10043 6842 18658 10830 25793 16073 47807 32972 60612 34548 57481 36097 60244 24664 59856 53381 67367 34206 68704 48103 70918 89681 35893 75369 90113 116900 70753 88743 122623 174384 137046 106348 106348 566570 283826 124754 124754 589092 204226 281589 386155 2262260 1300156 1741630
