8 9 10 11 12 20 21 22 23 24 32 33 34 35 36 44 45 46 47 48
41 57 49 81 30 318 371 521 832 295 8516 10547 11678 12926 3540 13515 13516 11694 9428 2018
64 101 96 167 56 566 651 1035 2082 862 31942 37948 40321 42226 11383 23873 22208 17686 13159 2658
453 1118 689 5175 916 11109106 12868217 1733952 5273481 28582347 6644668613696653 15876506330174443 50278976292759075 142283424385037034 59691087151703044 23216151963086067 8584487080007000 1885023987472101 342665396523357 24231155096554
8 10 20 21 22 23 24 32 33 34 35 36
1 1 8 11 7 9 4 24 24 22 15 3
1 1 13 13 10 9 5 29 25 23 15 3
1 1 647091 172687 4368 105 2924 1772 110583 1650 5794 15
3 4 5 6 7 8 9 10 11 12 13 14 15 16 17 18 19 20 21 22 23 24 25 26 27 28 29 30 31 32 33 34 35 36 37 38 39 40 41 42 43 44 45 46 47 48 49 50 51 52 53 54 55 56 57 58 59 60 61 62 63 64 65 66 67 68 69 70 71 72 73 74 75 76 77 78 79 80 81 82 83 84 85 86 87 88 89 90 91 92 93 94 95 96 97 98 99 100 101 102 103 104 105 106 107 108 109 110 111 112 113 114 115 116 117 118 119 120 121 122 123 124 125 126 127 128 129 130 131 132 133 134 135 136 137 138 139 140 141 142 143 144 145 146 147 148 149 150 151 152 153 154 155 156 157 158 159 160 161 162 163 164 165 166 167 168 169 170 171 172 173 174 175 176 177 178 179 180 181 182 183 184 185 186 187 188 189 190 191 192 193 194 195 196 197 198 199 200 201 202 203 204 205 206 207 208 209 210 211 212 213 214 215 216 217 218 219 220 221 222 223 224 225 226 227 228 229 230 231 232 233 234 235 236 237 238 239 240 241 242 243 244 245 246 247 248 249 250 251 252 253 254 255 256 257 258 259 260 261 262 263 264 265 266 267 268 269 270 271 272 273 274 275 276 277 278 292 293 294 295 296 297 298 299 300 323 324 325
222 873 1973 3097 4102 4826 5275 5407 5491 5335 5250 4971 4935 4743 4537 4374 4374 4246 4208 4144 4072 3879 3866 3651 3549 3449 3409 3362 3314 3253 3191 3083 2917 2811 2793 2681 2714 2616 2549 2459 2457 2350 2363 2283 2259 2140 2092 2037 2027 1971 1991 1888 1884 1812 1795 1691 1686 1660 1670 1625 1629 1532 1472 1369 1365 1330 1290 1288 1278 1233 1218 1153 1140 1109 1112 1100 1034 1026 1014 977 958 959 952 919 917 895 829 823 830 807 788 766 743 688 660 650 614 604 652 616 617 596 555 524 540 532 549 504 498 506 471 437 455 444 449 454 437 389 383 383 377 363 350 329 310 300 288 274 287 297 295 285 282 261 241 243 244 241 226 229 217 208 196 209 217 206 198 187 180 175 175 171 155 147 147 141 146 132 120 119 133 120 129 124 112 102 101 100 101 93 104 98 92 89 97 90 89 83 84 78 78 78 65 60 59 64 55 51 52 43 45 49 49 48 46 41 37 42 43 42 43 44 41 46 40 41 33 33 34 33 32 31 27 26 20 22 21 18 21 16 17 13 18 14 20 14 19 11 14 9 14 10 16 12 12 12 12 11 10 13 11 15 11 12 10 8 7 9 5 7 4 4 3 4 4 5 4 3 2 4 2 4 5 6 5 5 6 5 3 2 3 4 4 4 4 1 1 1 2 2 2 2 2 2 1 1 1 1
222 939 2854 6378 12647 22488 37585 59132 89679 130011 188093 255780 359291 483758 641580 833275 1114290 1443444 1863641 2410419 3087979 3831007 4882688 5943006 7266312 8890268 10994914 13700198 16656431 20680585 24825803 29764098 34318250 40752104 49006111 57300596 69402643 82091427 97076481 111086828 133780696 155113674 185302762 214678384 251164848 285301931 328242686 375969882 434905758 492680598 593568747 661536071 777934973 873667576 1017156502 1129265956 1319220201 1492580818 1774591697 1980139559 2344775634 2556763920 2798376565 3032355186 3466307426 3904640991 4374533177 4963897889 5713562612 6372364527 7204777242 7806171693 8992107445 9842409841 11309707474 12878494776 13860189541 15701511466 17608196315 18992348636 20701936474 24469389942 27365014649 29863615137 33659464481 38202513557 40172744353 44998611693 50473653896 55044774668 61468157035 67322807017 73018762862 76375163695 82107536717 89827950857 97683221043 106627578330 128729616256 139502051754 157777542390 170028585293 179286667744 189333092156 217926363395 239236214172 282567965341 288782442663 315542971507 359123810636 366360301362 372340941690 442157296189 484186977752 545498555544 618189923477 671710964699 666802323495 721285095974 779331660370 865566535611 929760301013 1025091520987 1041900923074 1102537520652 1187138851620 1273744548643 1321111391236 1560443867487 1748166699106 1919171408615 2010940572366 2253179184272 2275160994057 2318630884657 2558779593679 2842965637080 3173215430462 3257932887636 3709398651939 3940043743365 4214867536526 4179326174165 5209841292678 5868716913647 6019894322839 6277856298844 6610546027986 7072951569138 7681982292486 8236816282113 8861698973326 9186684662819 9441968276045 10046120226080 10918581536185 12443201715999 12107737482005 11975680469019 13236355234538 15872889320075 15739294809408 19002774441258 19534197171362 19692122008490 19609490656415 20142022395534 23048579290812 26008720765076 25733230425014 32057689789163 33973179909641 35037443225755 36094031953472 42639575340329 42647773213420 45663355247110 47119448629775 51263259788640 52108895700305 56803098480344 61596741575601 56531440159926 59016509575054 61909977189342 74145571184950 69044012745998 70673537447491 74678969593522 70065503389064 78625598054957 91724735599613 100842318690273 107649621310461 109808273738946 111142017348918 106957418168755 135266437263995 146161547492666 163525628685937 176960751514347 197569633494529 205734171271713 252757662292733 235468386873171 258721986945443 222636088482160 244542818371960 272757157986529 297362305025586 321310522869413 330805869609765 318458314448369 316810872903550 267655823280593 304923045271037 337077367900537 284449691798928 396212738118916 299389725013771 378987206065887 285573926576701 475286262424374 382417842215145 641322815804614 452544411096966 719820588561446 404418447628117 635704367813832 393781542701402 743060006764730 502225270015952 924121849580454 711001678190420 830843364953845 839292427545096 908675590516365 900076509397504 883741189459332 1332950601676350 1140646774892619 1772043688036473 1334730198277186 1701358106413028 1426898058661336 1362562832625510 1159720437013662 1775030228690372 959127329753068 1661364149148141 888860948370612 1190963565431161 787756853673717 1141413575000915 1232402931836107 1669309048301385 1436102964861026 1184171029966071 851866168818712 1838183001794700 991483869521692 2060913995338910 2799448150658722 3640695015932796 3255019202199740 3509179107191456 4561724425629412 4076936450224776 2714280324949080 1949668739889250 3150592469793351 4443913001746935 4786361553471605 5154529752292978 5550300496336565 1520980492851175 4219388528587095 4534253126900886 9744076112944168 10468742139507344 11245985383901210 12079527764191030 12973348254158176 13931700288391662 7479565078510584 37274405776748077 39919565526999991 42748078035954696
4 5 6 7 8 9 10 11 12 13 14 15 16 17 18 19 20 21 23 24 26 27 29 32 33 43 47 49 54 57
3 12 10 15 9 17 3 14 4 9 3 9 3 5 2 6 3 4 1 2 2 1 1 1 2 1 1 2 1 1
5 21 30 56 53 135 54 233 121 351 194 598 326 734 424 1566 1002 1969 462 1881 2508 2004 2436 3718 9322 52030 63261 211116 204226 386155
