25 37 49 61 73
3356 29173 40503 20865 6097
538151 743771 261555 64115 7557
16632596770189053 31866762094071442103 3906850212760083232 297362903848908489 334810765971
25 37 49
355 546 100
2563 1356 139
19005174 22138374 191742
3 4 5 6 7 8 9 10 11 12 13 14 15 16 17 18 19 20 21 22 23 24 25 26 27 28 29 30 31 32 33 34 35 36 37 38 39 40 41 42 43 44 45 46 47 48 49 50 51 52 53 54 55 56 57 58 59 60 61 62 63 64 65 66 67 68 69 70 71 72 73 74 75 76 77 78 79 80 81 82 83 84 85 86 87 88 89 90 91 92 93 94 95 96 97 98 99 100 101 102 103 104 105 106 107 108 109 110 111 112 113 114 115 116 117 118 119 120 121 122 123 124 125 126 127 128 129 130 131 132 133 134 135 136 137 138 139 140 141 142 143 144 145 146 147 148 149 150 151 152 153 154 155 156 157 158 159 160 161 162 163 164 165 166 167 168 169 170 171 172 173 174 175 176 177 178 179 180 181 182 183 184 185 186 187 188 189 190 191 192 193 194 195 196 197 198 199 200 201 202 203 204 205 206 207 208 209 210 211 212 213 214 215 216 217 218 219 220 221 222 223 224 225 226 227 228 229 230 231 232 233 234 235 236 237 238 239 240 241 242 243 244 245 246 247 248 249 250 251 252 253 254 255 256 257 258 259 260 261 262 263 264 265 266 267 268 269 270 271 272 273 274 275 276 277 278 279 280 281 282 283 284 285 286 287 288 289 290 291 292 293 294 295 296 297 298 299 300 301 302 303 304 305 306 307 308 309 310 311 312 313 314 315 316 317 318 319 320 321 322 323 324 325 326 327 328 329 330 332 333 334 335 336 337 338 339 341 342 343 344 345 347 348 349 351 352 353 354 357 360 362 363 364 365 366 367 368 369 372 373 375 378 379 382 384 394
255 1316 3972 8534 15479 21489 29873 35262 39866 40276 42614 38552 39974 36777 37319 34833 34898 31765 32576 29634 29890 27464 28160 26053 26697 24771 24822 22557 23564 20982 21931 20478 20546 19383 19705 17469 18283 16859 17252 16121 16523 15216 15663 14198 14554 13423 13958 12606 13138 12473 12329 11030 11906 10490 11055 10438 10474 9843 10422 9080 9363 8710 8691 8494 8605 8049 8042 7298 7608 6832 7268 6648 6944 6834 6770 6010 6136 5456 6004 5672 5547 5456 5430 4706 5152 4657 4736 4667 4691 4469 4365 3993 4009 3765 4016 3774 3815 3644 3705 3374 3378 2970 3210 3132 3077 3034 3009 2646 2819 2514 2499 2569 2508 2544 2522 2183 2281 1976 2241 2144 2199 2046 1972 1809 1863 1604 1763 1730 1786 1752 1688 1429 1643 1351 1464 1476 1435 1410 1396 1169 1270 1117 1185 1209 1267 1174 1224 952 1101 947 1013 933 1003 985 1063 773 997 834 789 803 765 840 792 675 762 591 646 656 670 659 645 529 538 485 558 540 511 554 590 482 476 387 467 451 442 433 431 355 394 324 376 366 343 346 348 282 298 246 271 257 277 257 256 219 273 193 203 197 206 199 191 147 187 155 144 133 146 130 134 128 137 125 136 100 99 113 111 83 104 88 97 80 87 89 77 65 90 77 76 75 47 58 71 48 96 69 56 57 53 63 46 51 51 51 48 53 38 54 45 35 33 29 43 38 29 36 44 28 33 48 24 25 31 31 27 35 26 19 20 20 10 24 26 19 28 17 15 11 6 19 17 12 7 17 16 11 12 16 14 14 11 17 14 7 6 10 29 5 10 12 6 11 4 13 9 2 8 11 8 5 8 4 2 1 9 17 4 1 3 4 2 5 2 2 1 3 1 3 2 5 1 1 2 1 1 1 1 3 2 1 2 1 1 1 1 1 1 1 2 1 1 1 1 1 1 1
255 1426 5468 15674 38967 80149 160366 286306 492705 748839 1192756 1643404 2460016 3315326 4774231 6153277 8504212 10634180 14471035 17615155 23686768 28179208 37691529 44991190 58579838 69215195 88168211 101252679 131197599 150587404 191376063 221044453 278271713 312216611 392903080 434443421 538492935 615046279 768855430 843551999 1045357141 1174352875 1422254492 1573029383 1965376808 2122048044 2612353804 2839919512 3414492289 3790111224 4499509961 4628425381 6007099885 6380381690 7570893527 8449047185 9916671399 10389147489 13202479379 13509968650 16469776591 17900797968 20775383833 22041731510 26241620320 28875092237 32483122688 34948811477 42584912533 42551837594 52535866667 54075889451 64366756896 71713646884 82801688114 82489752308 98875059950 103547683724 124853711378 132198198375 151133109318 160577740321 187995557067 189990576313 229715633118 239954852824 275901574858 292298491758 338312129020 370913789041 412065280386 431972789380 495950744485 504123409148 614986001259 652195263508 719118644988 773246017520 895809087837 942596824574 1068830393620 1092710401565 1249475487855 1397823510307 1522888262685 1588382305128 1832649188130 1890234927649 2124589387983 2271268472308 2499373420118 2668404179497 2896157167233 3324201727690 3592774154442 3769258278799 4244050921429 4137054164141 5156822352815 5442573622052 6108220617767 6331914616130 6926206565526 6960837479922 8223840643672 8163689440196 9193683352864 10219112259934 11537006882401 11960153022750 13265577041594 13229147023918 16195741667723 15569918658599 18011503420496 19337879683599 21762660966597 21842092164895 24398513359468 23838637987697 28631428511016 28253903656015 32861504630748 34998706585537 40282456763249 40968441627539 48740836300161 42594617582692 53910978971229 54294159941950 59506268098283 60208273502926 71977385612229 71208314634901 93004748849957 74684286674766 99533629183397 95016182303303 93554106733161 109218364828279 112711675369452 135204937004945 140664311979459 140463185189545 168745663874575 149157654745664 172132356125949 184421442668850 211971128802009 218980662245831 248419256201646 230879366490765 247984646232738 249413772944908 304172919627928 321011945003990 314236734294114 391726805965250 463647889706530 430529761156795 460234275913672 422132584900913 543206556002554 544821442486902 609332169374608 611500143220227 679606780851225 661659481419911 737769385940140 739265953104490 880918638208667 914632534704163 892401767738155 1021859518616772 1113057952345267 1036101786808386 1169223369608943 1040000825581063 1229247716468611 1242775849204706 1532123139625434 1417654446701102 1609133006672558 1534012200150480 2083862258880106 1625577744349901 1729790519440544 1916793582065926 2215234082631208 2206881293183493 2383678026072345 2039819940510519 2693358177580220 2512836322803625 2672769004491170 2596441967419328 3029525799231377 2772366717008942 2886672303017356 3365438471010658 3559157282135894 3587481467565496 4059188703638226 3194031813855777 3294314692468471 4649841107942691 4739913704178875 3828316972538903 5383202867201295 4344096879020432 5636342852253353 5473388482763295 6362770162935818 6097857742052379 6170107163630008 5471985797386724 7966621740296018 8157989571148142 8085951968626185 7907279990565287 6242060132544812 7665345786628620 10729044307619243 7287438706808175 15185191269666786 11905938432911426 11197510071863821 11291958405871640 12453638792342272 16071131156450956 12364878140961067 15419545257217604 16483761451062142 16594522069268960 18112383244157636 22509559560847583 17055954611665450 23897542880362741 22029042682711814 20970173543171051 17284314185269404 18768482181673923 28987622222532805 27638065857197490 23299517579758766 28994616635228551 34921047483377136 26417856302698608 34297444968364221 51439917528007229 32680293038510530 28707885754275100 37797024018993823 43732996138047619 44419992948845253 54379068022580390 45685992627193147 34409186317782897 37179337591993832 48031053899520268 22181958300606743 56260537584947722 72142309695192823 56145626169682593 85791759792524234 59472523023924270 54245950246063503 50998561538294603 26387489828752478 76940252005080402 78153045702764247 65506253354039592 39387733632479040 100618915191910567 103742645163928327 81198391937143133 81673497661883000 135947157279924060 124629191014061448 132615709392742535 106608888611873185 174012276873503725 156228174287505895 97472402783486081 70280604349747346 127157179571435845 406571882982453242 85736266065257219 158010530170406754 201923800013861748 123156569098484134 246767163283734475 81510376325083726 292832444048797597 213600457880758645 51065913784396816 220772524605678993 317418708697496916 340074335973143674 197242421626774100 288301442584755628 154387942607496136 79839131053999982 42748078035954696 434584222533821181 836552342392634641 217237292683405860 60105349839666544 197485635164302950 358629635477698717 157602510605333230 399505836846891579 180350869961099246 192900220384405520 96450110192202760 330923581275878316 126108517833796355 404457541869904560 288235873055747664 750366665194475754 164637479165761044 188008647052292980 401765112575366318 214618299743286299 244904537455382406 261578907351144125 279363328483702152 894990189188274228 726235024096220010 441622981929358437 1005915133012000040 536679070310691121 572612058898037559 610898403751884101 651688879997206959 695143713458946040 741433159884081684 790738119649411319 1917457395824676090 1022141228367345362 1161537834849962850 1406207446561484054 1498478743590581081 1812356499739472950 2056513475336633805 3850538434667429186
3 4 5 6 7 8 9 10 11 12 13 14 15 16 17 18 19 20 21 22 23 24 25 26 27 28 29 30 31 32 33 34 35 36 37 38 39 40 41 42 43 44 45 46 47 48 49 50 51 52 53 54 55 56 58 60 62 64 77
1 35 33 141 99 311 162 351 167 363 179 317 147 253 108 194 118 172 63 111 54 82 38 54 31 58 34 41 27 57 19 17 17 25 14 17 10 16 9 10 6 16 3 5 3 12 5 4 4 10 4 6 2 11 4 3 1 3 1
1 42 51 375 311 1636 1165 4318 2378 10070 6338 18047 10270 31244 16227 53316 34503 69277 33212 89211 46985 100614 44680 101736 63429 177930 110314 164181 141337 337336 137035 171020 240190 441043 235133 444010 282372 576126 298674 379690 298797 933348 202785 416850 257279 1628223 556608 617374 758102 2947648 729250 1917673 648395 4036084 2204482 2126138 831820 4563041 10785566
