10 22 23 34 35 46 47
256 890 856 648 523 114 86
4941 3483 2799 955 730 128 97
73358 1113775 880296 271710 189655 14417 9925
10 22 23 34 35 46 47
256 890 856 648 523 114 86
4941 3483 2799 955 730 128 97
73358 1113775 880296 271710 189655 14417 9925
3 4 5 6 7 8 9 10 11 12 13 14 15 16 17 18 19 20 21 22 23 24 25 26 27 28 29 30 31 32 33 34 35 36 37 38 39 40 42 43 45 46 48 56
87 338 730 1233 1550 1650 1513 1321 1140 900 560 379 322 247 188 156 134 116 87 58 72 53 36 51 42 30 38 19 17 15 9 6 11 3 3 4 6 2 1 1 1 2 1 1
87 386 1141 2783 5209 8384 11952 15614 20587 24597 23974 23555 27619 29764 29839 31370 36263 42593 41853 35245 60166 45402 38654 97787 81048 67667 131388 94365 77304 83256 49944 51044 133347 40525 36930 64935 232914 43274 31185 37338 53174 169609 89134 329931
3 4 5 6 7 8 9 10 11 12 13 14 15 16 17 18 19 20 21 22 23 24 25 26 27 28 29 30 31 32 33 34 35 36 37 38 39 40 42 43 45 46 48 56
87 338 730 1233 1550 1650 1513 1321 1140 900 560 379 322 247 188 156 134 116 87 58 72 53 36 51 42 30 38 19 17 15 9 6 11 3 3 4 6 2 1 1 1 2 1 1
87 386 1141 2783 5209 8384 11952 15614 20587 24597 23974 23555 27619 29764 29839 31370 36263 42593 41853 35245 60166 45402 38654 97787 81048 67667 131388 94365 77304 83256 49944 51044 133347 40525 36930 64935 232914 43274 31185 37338 53174 169609 89134 329931
