14 26 38 50 62
755 18440 44240 26957 9601
65077 816992 390137 90702 13900
18986124 432569878933448834 17807857519941519590 1947543840551525970 152084738405420
14 26 38
219 1049 230
4267 3702 348
722652 209654375 5468502
3 4 5 6 7 8 9 10 11 12 13 14 15 16 17 18 19 20 21 22 23 24 25 26 27 28 29 30 31 32 33 34 35 36 37 38 39 40 41 42 43 44 45 46 47 48 49 50 51 52 53 54 55 56 57 58 59 60 61 62 63 64 65 66 67 68 69 70 71 72 73 74 75 76 77 78 79 80 81 82 83 84 85 86 87 88 89 90 91 92 93 94 95 96 97 98 99 100 101 102 103 104 105 106 107 108 109 110 111 112 113 114 115 116 117 118 119 120 121 122 123 124 125 126 127 128 129 130 131 132 133 134 135 136 137 138 139 140 141 142 143 144 145 146 147 148 149 150 151 152 153 154 155 156 157 158 159 160 161 162 163 164 165 166 167 168 169 170 171 172 173 174 175 176 177 178 179 180 181 182 183 184 185 186 187 188 189 190 191 192 193 194 195 196 197 198 199 200 201 202 203 204 205 206 207 208 209 210 211 212 213 214 215 216 217 218 219 220 221 222 223 224 225 226 227 228 229 230 231 232 233 234 235 236 237 238 239 240 241 242 243 244 245 246 247 248 249 250 251 252 253 254 255 256 257 258 259 260 261 262 263 264 265 266 267 268 269 270 271 272 273 274 275 276 277 278 279 280 281 282 283 284 285 286 287 288 289 290 291 292 293 294 295 296 297 298 299 300 301 302 303 304 305 306 307 308 309 310 311 312 313 314 315 316 317 318 319 320 321 322 323 324 325 326 327 329 330 331 332 333 334 335 336 337 339 340 341 344 345 346 347 349 351 353 357 358 361 362 363 365 377 380 382 383
234 1246 4027 7523 16137 20829 32086 34525 43424 38179 45091 37791 41889 34726 38383 30252 34931 26654 30677 24075 27928 21697 26203 20044 23726 18557 22369 17196 20917 15897 19222 15476 18709 14225 17384 13019 15764 12661 15326 11539 14848 11009 13537 10640 12778 9716 12446 9429 11160 8887 10917 8304 10397 7775 9451 7616 9228 6892 8723 6468 7891 6355 7803 5898 7556 5478 6732 5437 6496 4893 6363 4770 5807 4584 5556 4070 5339 3991 4806 3872 4745 3465 4672 3278 3932 3280 4116 3013 3961 2715 3504 2788 3451 2535 3391 2400 2991 2407 2976 2044 2850 2043 2506 2100 2429 1765 2379 1675 1941 1680 2070 1543 2024 1441 1796 1343 1736 1305 1720 1196 1428 1184 1511 1072 1421 1013 1243 1044 1258 906 1198 894 1068 826 1063 730 1022 725 899 721 898 716 902 607 779 628 803 563 726 504 653 519 692 479 657 440 586 443 542 419 514 374 476 354 466 376 434 325 388 298 376 299 384 265 332 242 352 231 289 191 265 228 261 205 240 184 228 186 234 170 223 140 186 138 222 139 194 111 166 140 174 127 159 106 127 90 147 106 116 89 107 90 99 78 102 84 92 72 88 56 67 74 71 45 98 54 96 52 54 46 92 45 40 53 61 44 44 35 48 31 44 43 58 20 27 29 34 24 53 31 38 22 21 18 34 21 29 24 18 16 29 14 31 24 23 17 32 13 27 15 19 11 22 12 17 13 13 8 20 11 13 13 6 14 9 8 7 8 8 4 9 1 8 6 4 5 8 4 7 3 6 5 9 2 4 5 6 5 7 3 3 2 3 4 5 2 3 3 2 2 3 2 4 4 2 6 2 3 4 7 3 2 6 4 1 2 2 2 1 1 1 1 1 2 1 1 1 1 1 2 1 2 1 1
234 1360 5429 13564 40768 77198 172882 282069 542787 724582 1318477 1647668 2706673 3240252 5186689 5645729 9002222 9305106 14503880 14632284 22932267 21990998 35486760 33589018 52437650 49603529 80300407 72376790 117525325 107824563 168359997 157649338 248526877 218266356 351030862 308559076 467068524 428656728 680642254 576267975 942410001 801230862 1256701967 1096800547 1705740792 1408486364 2315615665 1998765138 2891890654 2578570996 4081233497 3310054079 5291159247 4430499662 6677158459 5868723446 8880976372 7155466392 11439465182 9434635920 14047633797 12240644153 18805699649 15269809774 23705967945 19468493063 28632399517 25224067966 37703648125 29373130622 47307182200 39915913744 55208428789 48599901668 73516240555 54918076781 88397707632 73639098446 104729186158 93228167363 134797194511 103940031279 169405063639 132118750576 185903307374 167189283017 257750979462 194151390972 307072434152 233369654144 350557582362 296184533644 455379667650 343518333904 545020900583 431490729136 594361244101 533730700024 792425913511 545250742864 928513674672 743539089251 1008540812832 946547842236 1290200767550 965072989991 1537157180035 1184555000064 1553637274951 1450664970918 2179033513778 1622487646556 2477344007946 1980866023190 2753239123675 2292570786727 3382590027711 2571766222851 4153852547434 3183228566489 4025856399164 3774066519724 5685435775115 4048290251211 6436176580109 5066833600641 6493597431001 6380926315869 8953746621272 6314222511011 10146649168014 8341206434276 10772507555499 9179040254625 13754662600190 9190089493474 15054513528468 12186329816939 16624448027792 14233701891565 21127155555509 15890688461912 24994693312566 17743163011589 24602095114638 22186462687579 33125153766983 23585789344363 35172626437612 27116982703294 38475500967439 33428419069937 52401854044737 35331743504664 54882944897526 41175755398222 58419173227561 48772959612025 68198016576184 53938428406833 75257814076509 60945856075876 82762337496056 69140152191376 105157250755152 82608915542692 111671851013844 91493287867561 115971077261494 96886568492093 144899125541480 116189146080735 167625968947484 131027327713076 184067419925579 142284520621629 235094355708123 162005070007737 217636662239665 152565145047110 246903689957850 230795687581194 294696252598604 244089263713925 317297725120475 243117331688070 326288945401756 323566528646691 432317611960745 304982263068615 467788846240279 312294706250499 448245352146800 380139133796823 709630690434236 421407279736326 658919440941750 408577851299887 673962639648592 626812124794023 901745323952446 643489935003286 900893562478157 638756956736726 938914301927552 687452698252548 1191586532399239 878799296783260 1121593921972563 934423313237123 1224653973321587 1088850241959089 1313933473618113 1096350564127649 1660354940827622 1300634662394909 1575499286841298 1299280784727370 1873558954804330 1263500346205618 1584937540298143 2053096761640547 2082349994334071 1409664119333511 3632705307198371 1928263799407773 3715048428332306 2153761412334385 2582201620145013 2143836028461107 4770566947305136 2479864198373815 2354366165753960 3411581004481002 4553817476365137 3216820495721163 4082575294594247 2930996938479262 4436906899760555 3001420888734660 4756796650393698 5182420660354133 8846042347810697 2598247808045482 4275920452224366 4552095842193560 6049672436218279 4265765540306978 12383615027348784 6629853166185089 9915864552406622 5371793014358229 5514456648753312 4829353385621428 12466456585689620 6943332638918121 11989557293915041 10292309036437346 7395029907160603 7910278673824410 16194575835902607 6915298677682041 18213141461691462 15869167261870231 14955111681123732 12284721785763162 28752885813234781 10815486586791008 23646742389147168 14929809079410017 19070550302286227 11331760923303808 33802211557468152 15148321385796668 27796605226167103 22425197004022200 21217826167471809 14752987698502743 38960218438679535 24426666319418666 30965103547336807 30786897861746240 13852749815768668 41065456925322542 30295933663165271 28771128108149490 23070749649394083 27707766423309248 29548871517989060 15156705995120950 50131322533714266 4219388528587095 44259771688951124 31847425258549655 22131498713553464 31539550145428294 64037452325090074 27932478411179344 55110372081736368 24090745154829120 54253324297824458 46943304139297909 91557828052067523 21314662465097678 47409520194103138 63132089847803803 82799086451235428 73666183547131592 110388004359890234 51068146802124253 52242540399441885 37342976599200728 64374288112058673 88916205385680456 121600431258809297 52831615267132652 81136635608128655 88957384320681931 62814475341309618 67289248220907484 111823217330244231 79839131053999982 168163799634864079 180065153666688780 98011287270475750 333245054793200086 120210699679333088 188756099057895644 270830032447336100 510754613117175884 231255798467183569 168601631272450238 535177990538973234 385800440768811040 110307860425292772 235898983092227944 252217035667592710 308087194759152060 164637479165761044 175943559810422753 188008647052292980 214618299743286299 244904537455382406 558726656967404304 363117512048110005 387632532919029223 471314064268398780 502957566506000020 536679070310691121 1221796807503768202 1319510599727473500 3193350548981513582 1812356499739472950 1930656072350465812
3 4 5 6 7 8 9 10 11 12 13 14 15 16 17 18 19 20 21 22 23 24 25 26 27 28 29 30 31 32 33 34 35 36 37 38 39 40 41 42 43 44 45 46 47 48 49 50 51 52 53 54 55 56 57 58 60 61 62 63 64 65 66 67 68 70 71 72 76 89 97
2 64 88 297 181 639 333 818 413 875 485 787 330 573 235 362 164 259 118 191 75 155 66 92 35 55 45 50 20 50 39 40 21 36 21 27 12 24 19 22 9 23 14 23 2 23 8 26 5 6 3 8 5 7 5 5 5 1 2 1 2 2 3 1 3 1 2 1 1 1 1
2 78 135 710 557 3351 2170 10460 5967 24202 14775 49136 23361 78280 35785 109570 47731 121920 58151 178049 72816 247877 97510 189283 75813 150869 137069 193689 96566 316454 353583 454467 251900 423013 374266 604723 222813 736463 642573 911872 528183 1480361 970081 2262484 126522 2559377 951662 3856868 922718 1479395 551276 1866952 1746888 2960916 2565750 4313729 4238152 715220 2262260 1430440 3054439 2600312 6706123 1505499 7508376 2323520 5767424 3554345 10785566 34262962 92669720
