7 8 9 10 11 17 18 19 20 21 22 23 29 30 31 32 33 34 35 41 42 43 44 45 46 47 54 56 59
22 41 46 59 77 25 203 196 200 196 194 191 24 183 160 127 97 81 47 9 33 26 18 7 5 5 1 1 1
134 429 190 363 455 67 661 538 458 475 383 339 27 240 206 162 125 97 52 9 33 26 18 7 5 5 1 1 1
421 2160 382 1801 1898 228 12147 8733 5672 11989 10546 5161 278 5579 4450 2669 2693 2276 1667 75 852 202 83 73 76 12 2 7 1
7 8 9 10 11 17 18 19 20 21 22 23 29 30 31 32 33 34 35 41 42 43 44 45 46 47 54 56 59
22 41 46 59 77 25 203 196 200 196 194 191 24 183 160 127 97 81 47 9 33 26 18 7 5 5 1 1 1
134 429 190 363 455 67 661 538 458 475 383 339 27 240 206 162 125 97 52 9 33 26 18 7 5 5 1 1 1
421 2160 382 1801 1898 228 12147 8733 5672 11989 10546 5161 278 5579 4450 2669 2693 2276 1667 75 852 202 83 73 76 12 2 7 1
3 4 5 6 7 8 9 10 11 12 13 14 15 16 17 18 19 20 21 22 23 24 25 27
180 668 901 1090 701 635 368 315 174 137 66 83 53 39 23 22 17 8 8 9 5 2 2 1
180 832 1434 2604 2575 3656 3416 4849 3889 4321 3015 5189 4494 5188 3705 5267 5256 3168 3740 5810 4547 1419 2004 1575
3 4 5 6 7 8 9 10 11 12 13 14 15 16 17 18 19 20 21 22 23 24 25 27
180 668 901 1090 701 635 368 315 174 137 66 83 53 39 23 22 17 8 8 9 5 2 2 1
180 832 1434 2604 2575 3656 3416 4849 3889 4321 3015 5189 4494 5188 3705 5267 5256 3168 3740 5810 4547 1419 2004 1575
