26 38 50 62 74
4973 30835 38331 21209 4647
1118036 623171 221537 59676 5366
191453341573184362 19714314883389158559 6342862962527836182 146085587935104213 33262366538
26 38 50
545 478 66
4357 1073 82
109426509 17198416 40911
3 4 5 6 7 8 9 10 11 12 13 14 15 16 17 18 19 20 21 22 23 24 25 26 27 28 29 30 31 32 33 34 35 36 37 38 39 40 41 42 43 44 45 46 47 48 49 50 51 52 53 54 55 56 57 58 59 60 61 62 63 64 65 66 67 68 69 70 71 72 73 74 75 76 77 78 79 80 81 82 83 84 85 86 87 88 89 90 91 92 93 94 95 96 97 98 99 100 101 102 103 104 105 106 107 108 109 110 111 112 113 114 115 116 117 118 119 120 121 122 123 124 125 126 127 128 129 130 131 132 133 134 135 136 137 138 139 140 141 142 143 144 145 146 147 148 149 150 151 152 153 154 155 156 157 158 159 160 161 162 163 164 165 166 167 168 169 170 171 172 173 174 175 176 177 178 179 180 181 182 183 184 185 186 187 188 189 190 191 192 193 194 195 196 197 198 199 200 201 202 203 204 205 206 207 208 209 210 211 212 213 214 215 216 217 218 219 220 221 222 223 224 225 226 227 228 229 230 231 232 233 234 235 236 237 238 239 240 241 242 243 244 245 246 247 248 249 250 251 252 253 254 255 256 257 258 259 260 261 262 263 264 265 266 267 268 269 270 271 272 273 274 275 276 277 278 279 280 281 282 283 284 285 286 287 288 289 290 291 292 293 294 295 296 297 298 299 300 301 302 303 304 305 306 307 308 309 310 311 312 313 314 315 316 317 318 319 320 321 322 323 324 325 326 327 328 329 330 331 332 333 334 336 337 339 340 345 346 347 353 355 357 358 361 363 364 365 367 368 369 371 381 382 387 391
278 1660 3971 9144 16459 26387 33899 47113 49046 56784 53157 56374 50627 52864 47047 48846 44133 46878 40804 42517 38349 39388 34823 37357 32671 34845 30428 31791 28319 30128 25961 28101 25512 26939 23316 24980 21523 22993 20467 21691 18892 21035 17611 19359 16755 17598 15477 17128 14650 16257 14188 14983 12829 14092 11809 13419 11933 12782 11101 11913 9901 10779 9463 10594 9215 10430 8491 9315 8273 8435 7561 8535 7140 8132 6969 7288 6329 6923 6103 6782 5961 6626 5894 6334 5132 5624 5159 5437 5015 5484 4458 4942 4390 4484 4178 4573 3925 4444 3856 3821 3578 3624 3251 3778 3429 3476 3168 3213 2882 2986 2846 2903 2719 2979 2547 2700 2605 2373 2485 2452 2265 2381 2205 2205 2039 1950 1916 2060 2014 1848 1883 1826 1667 1710 1707 1672 1659 1681 1528 1496 1455 1266 1324 1388 1243 1348 1297 1158 1200 1131 1071 1133 1100 1054 1033 1031 964 885 936 912 866 854 830 855 778 668 728 748 724 716 656 623 626 559 565 609 564 582 568 515 493 467 472 522 460 443 410 424 410 328 357 357 348 340 321 297 321 258 296 310 291 252 261 254 213 222 219 227 217 200 182 213 206 171 166 173 205 154 136 144 144 126 120 160 121 104 111 109 118 86 100 80 92 81 68 90 55 57 56 78 55 69 58 56 58 64 58 59 67 35 39 61 33 38 54 47 34 33 41 42 38 34 36 55 29 30 36 33 26 25 31 25 17 21 25 28 28 15 23 21 10 11 17 13 11 11 21 9 14 12 18 14 8 9 12 11 14 4 5 9 8 4 9 12 6 7 9 10 9 8 10 4 10 6 11 5 6 3 23 8 3 1 4 1 6 1 5 3 2 3 1 4 3 3 3 1 1 2 2 1 1 2 1 1 1 1 1 1 2 1 1 1 1 1 1
278 1790 5519 16866 40743 92213 174524 354264 571546 980552 1438724 2265356 3032750 4538216 5949503 8417841 10797524 15335684 18577710 25426728 31206827 40228564 48254765 64625496 74508439 98868891 114129438 143942839 167482858 217199958 237650440 309900031 357880596 448480155 492632938 639705303 688051397 861810050 961770803 1176805150 1268787528 1670670822 1707211525 2215378218 2335187895 2841328630 3006259813 3898175000 3968608324 5243459250 5473821154 6672748562 6857734010 8711062934 8475025557 11262976993 11672626154 14278012048 14775158160 18359517013 17629185905 22192589216 22677436818 28674035154 29532386306 38232540675 35075001552 45908443856 45842071683 54220874226 55668023342 72657487529 68197157613 89194300178 88005030899 105574234560 103205710283 131881471693 130457848212 165359259957 162637030320 208961185016 205843524268 268982078008 231630682474 303427011294 307814276241 371696451247 375970514265 477973770866 424729461593 547868484414 538768370229 615172256198 630732385433 811704499799 750236251539 996257084218 955994751813 1112127427116 1091355075031 1332526338144 1245535347373 1718021200152 1700598724987 1978113797414 1924327944331 2308861876717 2241107724268 2677565906127 2779817548594 3182435453207 3315485881140 4172555831921 3793684441735 4789323096186 4840140334829 4971028469234 5779711473958 6670035739601 6479317455513 7987816183295 7948542807987 8953093027768 9123284520490 9870072067901 10290710471997 12508079880800 13517029213019 13584111968013 15576324485467 17217379187419 16596611741663 20348896479331 22183639719928 23027582517525 25623670445048 29365830568208 28617389719505 31892629786646 33848927120909 31895085870737 39243954264777 44158044585782 41157321908087 52391481741999 55066387658543 53778889740181 62006298495484 63529616674258 64923761046950 79026394630938 83302653157290 88487883583242 95440458428385 106959699984186 106022139551897 109585170196445 123782252988814 134213389512986 140316658147821 151762356127136 159261508066003 183148359320168 177358626713933 166714703108634 212452032473752 232618665175414 241407582825889 271280987888213 260176928720952 264682744669301 294950971025346 286700882864662 326397785598903 379272247361632 371763316822715 439882583495760 456547150990005 449820797115755 476153086000729 490680967523058 553058934273626 676598499907574 645439881182360 705746325225098 668132942351881 777039168306676 788605655087015 680204057697929 806114312836718 927575459987200 981276831497793 1073213545004539 1051202807317352 1111941211785736 1327694900625820 1085847309141875 1428074957028798 1539639973037876 1677489386249472 1659395897847819 1792516277303623 1744353675289427 1677806464245581 1928173960477845 1961487938591834 2238632952185421 2423221893665555 2495549794851462 2372564359426727 3080535759989596 3014202372838755 2611920263504223 2912656655147317 3412836595016487 4025304959211274 3656552799228797 3448988227579180 3603727137757151 4029667308938212 3759709903065704 4166554215752939 5237953681452435 4209275060792407 4501234379884420 5010706195791755 5311678905390909 7301825744006899 4724040740387269 5949653654883916 5481679413990323 6045076543921913 6312477004113925 4901983398363492 7721443343205440 4983112965181621 5710744637878777 6208250739348702 8905681601945933 7753500375860142 9166963322102509 8446036767709703 9148807853807048 9832751476430501 12535656528245763 13091862804648985 12061181265603223 16340448182841016 9353766519245559 10814059434027621 17948684964267554 9584486894103771 12388058106227309 18368643547393012 17487287699940943 14827135802294643 14964808515245061 19979415830409997 21164639764551005 19187139000869890 19392347190669901 26907597281878593 34985375383706787 19342800443289160 24270375084063700 30047111058615782 27288129159340105 24129432163143513 27713249109874358 33391613371509634 28841578312185093 25085898106053738 25973654360750831 38285999319311470 49785993890744905 48944415468250947 25184331858658055 47628023726617348 46094585482131980 20573917694982141 27015167074810972 45597097540248457 41065456925322542 39304643638455773 42251057481110980 74107847813453587 32107337052386637 59843639006896871 53971651770339216 95681727244956327 78771227805171052 39700970478339848 58381613620599603 70810081824566540 86791245574255075 104745138067498894 35856680589608661 60937887240949584 82663475411518340 69596556864978777 39046000113934105 111419772836874525 129444396481132598 68613252466932624 87670525886262733 134491513261243943 185591194795794443 167669313924401603 150855653211737495 211484777930673678 74685953198401456 203055606175321342 151748582879604683 305600484502707993 123250530754152450 169830122045976018 115241243012830973 701826408489635552 269156992883629936 111823217330244231 39919565526999991 165335287125909374 45772358543578028 284334006536447709 52462044228828641 273393894796280149 172418554065415122 124430724448781094 206504657838221550 73653287861850339 304909086329033908 270526304941648869 270526304941648869 330923581275878316 117949491546113972 164637479165761044 351887119620845506 376017294104585960 279363328483702152 318555973788329084 726235024096220010 387632532919029223 471314064268398780 536679070310691121 572612058898037559 610898403751884101 695143713458946040 1482866319768163368 790738119649411319 899175348396088349 1701169427975813525 1812356499739472950 2484305294265418180 3192707518433532826
3 4 5 6 7 8 9 10 11 12 13 14 15 16 17 18 19 20 21 22 23 24 25 26 27 28 29 30 31 32 33 34 35 36 37 38 39 40 41 42 43 44 45 46 47 48 49 50 51 52 53 54 56 57 58 59 60 61 62 63 64 65 66 70 84 91
1 35 61 190 150 331 245 451 286 421 258 359 226 252 178 265 142 197 127 141 88 150 65 106 60 71 46 64 37 49 38 33 31 28 19 32 33 21 14 15 15 19 23 17 19 14 8 8 15 9 12 5 4 2 5 1 4 2 2 2 3 3 1 1 1 1
1 45 92 462 442 1791 1608 5675 4782 13102 9207 23815 17357 33502 30067 68234 41651 92808 68535 108762 77289 195637 101964 244532 120939 245759 164404 295942 181672 318525 342016 396381 364617 471505 389959 692907 747975 729941 683579 775934 802559 1188513 1540693 2207535 2203315 1352272 1698718 1314710 2842652 2042235 4742506 1147167 1229736 1126356 3426750 386155 2107292 3370576 2262260 2860880 5798802 5798802 2600312 4647040 15796476 44108109
