6 7 8 9 10 11 18 19 20 21 22 23 30 31 32 33 34 35 42 43 44 45 46 47
61 107 195 326 842 69 525 2404 2893 4303 8700 71 2603 9242 8838 11565 29857 715 861 2844 2238 2700 7890 145
275 536 762 1413 4252 342 2478 9961 13307 24229 71067 661 10064 36018 33081 41421 97257 2302 1591 5158 3755 4153 11586 191
5639 15547 20770 46889 112097 12732 10409543 24899260 141214827 1846359229 61134379175 497620262 3715990742142436 10045156873941972 4925610202496512 659594112710556763 1238074283516624488 65884872353492886 320421145111 511230984492 99628447679 2601908284448765 7886666209091410 56366593871114
6 7 8 9 10 11 18 19 20 21 22 30 31 32 33 34
5 7 13 16 18 1 16 59 66 74 72 9 25 32 24 12
12 12 27 31 30 2 25 126 109 120 143 10 33 41 30 15
89 100 300 311 214 21 14112 97730 60879 688833 272858 1476 329973 75838 46472 1947
3 4 5 6 7 8 9 10 11 12 13 14 15 16 17 18 19 20 21 22 23 24 25 26 27 28 29 30 31 32 33 34 35 36 37 38 39 40 41 42 43 44 45 46 47 48 49 50 51 52 53 54 55 56 57 58 59 60 61 62 63 64 65 66 67 68 69 70 71 72 73 74 75 76 77 78 79 80 81 82 83 84 85 86 87 88 89 90 91 92 93 94 95 96 97 98 99 100 101 102 103 104 105 106 107 108 109 110 111 112 113 114 115 116 117 118 119 120 121 122 123 124 125 126 127 128 129 130 131 132 133 134 135 136 137 138 139 140 141 142 143 144 145 146 147 148 149 150 151 152 153 154 155 156 157 158 159 160 161 162 163 164 165 166 167 168 169 170 171 172 173 174 175 176 177 178 179 180 181 182 183 184 185 186 187 188 189 190 191 192 193 194 195 196 197 198 199 200 201 202 203 204 205 206 207 208 209 210 211 212 213 214 215 216 217 218 219 220 221 222 223 224 225 226 227 228 229 230 231 232 233 234 235 236 237 238 239 240 241 242 243 244 245 246 247 248 249 250 251 252 253 254 255 256 257 258 259 260 261 262 263 264 265 266 267 268 269 270 271 272 273 274 275 276 277 278 279 280 281 282 283 284 285 286 287 288 289 290 292 293 294 296 297 299 300 301 302 303 304 305 306 308 310 311 312 314 316 317 319 320 321 322 324 325 329 332 360 362
439 1660 3698 5821 8540 10004 12027 12372 12943 12439 11978 11287 10702 9964 9357 8798 8550 7864 7771 7263 7000 6771 6620 6047 5931 5695 5608 5135 4997 4772 4690 4387 4328 4026 4046 3655 3772 3541 3535 3264 3157 2983 3040 2768 2864 2534 2724 2430 2420 2245 2324 2100 2157 1996 1982 1816 1855 1704 1820 1552 1671 1567 1598 1396 1513 1283 1406 1279 1313 1098 1201 1106 1145 1045 1096 939 1062 970 955 857 897 807 885 767 823 696 714 661 692 672 675 627 669 521 640 535 566 525 584 493 561 484 461 468 489 424 467 412 435 426 403 356 413 330 348 300 371 292 337 295 282 276 336 259 291 257 303 256 266 222 260 223 236 240 210 193 211 218 197 165 184 169 192 169 163 149 174 137 157 142 159 140 134 146 141 103 135 123 125 111 137 115 121 98 108 85 104 93 96 86 87 83 83 70 78 71 81 66 66 56 70 77 64 55 52 52 51 53 56 47 42 43 48 45 53 32 56 48 51 34 42 48 42 36 30 34 39 36 38 34 34 26 35 26 36 25 27 28 26 13 21 20 29 22 23 16 21 16 23 15 20 20 14 17 14 16 21 18 14 17 12 18 21 14 14 13 10 9 13 11 8 10 8 14 5 10 10 7 11 11 2 4 6 4 5 5 4 3 8 5 2 4 4 3 5 1 2 2 2 1 2 3 1 3 4 3 3 3 1 2 1 1 2 2 2 2 2 2 2 4 2 1 3 1 1 1 3 3 2 1 1 1 1 1 1 1 1 1
439 1781 5325 11602 25856 44663 83029 127659 206444 290325 424923 576926 796784 1034373 1369899 1726953 2322140 2844781 3728679 4601030 5798912 7207583 9080963 10599293 13222616 15828623 20120502 22492427 27357918 32704420 39477995 46135612 56021985 63377539 76645790 86018993 105420074 122878869 146241646 161448664 184220804 212500159 250868675 282790587 347386344 366925670 462806533 486473368 555479999 627885415 770365184 810818427 968457526 1066763662 1232209335 1289025649 1526819449 1673978417 2060124975 2073406139 2593940490 2710472026 3221848914 3335560565 4120713432 4036620681 5130612094 5494434770 6343692400 6011368996 7431732286 8054072824 9479354646 9999028821 12227397195 12236702692 14913622880 15729918960 17467026232 18162789513 20838764048 22246145485 26952303142 27482182844 31861937672 30793929803 35550449878 38105255208 46828506044 51395944261 54997251855 58207628733 75075172678 61024834906 85051911281 79031136555 94749600689 96421681247 126898907179 117893433735 148280939638 141027294818 159037053379 173039094875 216619624339 200830203525 246322555290 244813907859 289935618823 316212788643 321449772591 336702262107 445666373907 377984518804 422658843926 417116010029 604054058656 531226819784 672597920386 673211977910 705244147719 732823042094 1033622277602 876876941788 1067103042454 1088755308665 1505104562485 1287124178084 1523941633593 1459833092352 1824019667941 1760593069970 2071874066443 2295235105547 2269216339552 2207859032373 2780092246686 3033438475328 2906424429523 2849637114397 3614406320763 3355904066486 4415026084716 4100927686392 4426478079900 4360041478001 6030086909529 5070396844625 6452945689229 6165470839944 7932449691146 7927163448462 8284963250042 9667422288402 10145978711535 8488216814103 12111296927145 11932204030544 13072465312993 13174945474607 17932908673217 16279008637081 18062185752571 16895865207154 19541378064190 17632732792016 21857210672842 23968241517482 26768168530112 24589373451387 27100285495112 29400239580169 31247799724891 29236750369386 36965489501002 33866695212409 43770181361040 40290866510515 41555571424210 37750183832640 51570555990464 67872140217008 59929580905575 57162337026230 58183562408224 56868238602616 66639024524951 73614056340453 84959633188396 77034716162938 76333492882433 86300191973930 98421160528415 113859098711828 140617908365791 84866106047991 178671058236065 174955132604893 193043900265743 140889334429037 184813243879944 221372193437101 233158961249993 202151148598936 184427049094832 222823476868377 270935096298485 304628522944070 333481794834592 330744734295478 363588609609009 308269289944427 454995491013875 327848912820336 549373946747758 387192455003750 450172726137614 495205357871036 600769452482971 293683387378743 436167322107375 479178707090526 792229301785312 641345253057513 785423518027252 565568629093424 802995662005927 583691365394503 1025771701926435 703483460284237 1024393147294599 1137750866378050 839054162041634 1096032305092873 891649500392174 1269573677132647 1634379075170639 1596733559824176 1373398439451014 1673520394830958 1329539767249401 2082310439996681 2771809870484850 2025543385280292 2087499156002075 2065122428804621 1908487929390996 1605733506298818 2637548510824942 2422764962219537 1760565262197168 2649716478834759 2133920359936612 4210444572096949 1546294923142772 3581217748186314 3865739479206164 2988102368860352 4868227644788552 5279260343108867 921675019170202 2024717811026739 3376120825605890 2973692857860734 3303629908750295 3456866276561254 2947333490633283 2518835191100442 7107784110631788 4804097588094860 2025031859875742 4524954015754424 4618184693558389 3755342105571036 6963050061510015 1520980492851175 3274587938674342 3524556866114538 3793128207183168 2040825852575075 4236612164257591 6920224602357938 2540952590045698 8198619550642605 11755719175718220 9480413601446991 10192752035960319 14100029696115652 7851844322978844 9068506253801772 4872038056472084 5622992691950605 12079527764191030 19939198398354007 14959130157021168 22989378541964208 17240992550930050 18506165873447204 19184055329127103 41902966090050018 22871084155644208 13162217895057704 45428858216571582 15142952738857194 16239786535829663 20017426762576945 67458109348327565 72300218957148317 56610040681992006 30326181989842964 32488293351466654 34800954869440830 39919565526999991 42748078035954696 56156602112874289 68834885946073850 441622981929358437 502957566506000020
3 4 5 6 7 8 9 10 11 12 13 14 15 16 17 18 19 20 21 22 23 24 25 26 27 28 29 30 31 32 33 34 35 36 37 38 41 42 43 44 45 47 48 49 50 53
3 18 14 55 49 78 65 70 52 39 36 32 29 25 28 16 11 12 16 14 8 6 9 9 9 9 5 3 6 9 3 3 2 2 3 2 3 3 1 2 1 1 2 1 1 1
3 21 23 139 146 399 505 937 892 1105 1428 1865 2270 3068 4328 3981 2824 4742 7788 9427 7334 8525 10688 15337 17571 18221 15348 13461 29350 43059 20238 37234 22308 21351 42806 45706 96679 112563 64911 141398 53174 53174 239484 105558 105558 204226
