3 4 5 6 7 8 9 15 16 17 18 19 20 21 27 28 29 30 31 32 33 39 40 41 42 43 44 45 51 52 53
30 44 124 80 188 316 213 628 951 1072 1249 1561 3055 2870 6184 8036 8235 8233 8344 15545 11572 3011 3175 2814 2468 2025 4677 3205 54 35 1
131 305 730 422 901 1115 590 1921 3043 3312 4213 5564 12914 13748 24930 31016 29239 26528 24089 55550 41374 5702 5861 4874 3866 2988 9428 6477 58 35 1
3194 9815 13778 7771 18898 21222 9971 170512 639456 1667286 8246387 32538664 127438271 920773611 535051331983604693 1081740804869489931 870566151727032895 671810101801293299 356546532309478583 100272641005019760 1812344863921208 13163407582160684 17299373472305030 8324219054410406 5146500413733680 1629239083170111 269716686087943 3125597134046 8784373 90299 1
3 4 5 6 7 8 9 15 16 17 18 19 20 21 27 28 29 30 31 32 33
2 3 7 4 11 10 4 25 42 50 50 47 51 19 5 8 11 8 5 16 12
7 4 18 8 13 21 8 43 77 99 80 73 88 32 10 11 13 8 7 23 12
113 47 181 54 93 155 35 2598 3546 4567 23682 187902 273120 58572 584 365 2462 273 5151 4118 107
3 4 5 6 7 8 9 10 11 12 13 14 15 16 17 18 19 20 21 22 23 24 25 26 27 28 29 30 31 32 33 34 35 36 37 38 39 40 41 42 43 44 45 46 47 48 49 50 51 52 53 54 55 56 57 58 59 60 61 62 63 64 65 66 67 68 69 70 71 72 73 74 75 76 77 78 79 80 81 82 83 84 85 86 87 88 89 90 91 92 93 94 95 96 97 98 99 100 101 102 103 104 105 106 107 108 109 110 111 112 113 114 115 116 117 118 119 120 121 122 123 124 125 126 127 128 129 130 131 132 133 134 135 136 137 138 139 140 141 142 143 144 145 146 147 148 149 150 151 152 153 154 155 156 157 158 159 160 161 162 163 164 165 166 167 168 169 170 171 172 173 174 175 176 177 178 179 180 181 182 183 184 185 186 187 188 189 190 191 192 193 194 195 196 197 198 199 200 201 202 203 204 205 206 207 208 209 210 211 212 213 214 215 216 217 218 219 220 221 222 223 224 225 226 227 228 229 230 231 232 233 234 235 236 237 238 239 240 241 242 243 244 245 246 247 248 249 250 251 252 253 254 255 256 257 258 259 260 261 262 263 264 265 266 267 268 269 270 271 272 273 274 275 276 277 278 279 280 281 282 283 284 285 286 287 288 289 290 291 292 293 294 295 296 297 298 299 300 301 302 303 304 305 306 307 309 310 311 312 314 315 316 317 319 320 321 322 324 325 327 329 330 331 332 335 336 337 339 340 341 344 345 347 349 352 355 360
486 1537 3834 5210 7453 8256 10172 9386 10329 8964 9613 7954 8318 7022 7558 6047 6809 5776 6131 5276 5790 4894 5221 4462 4868 4104 4793 3931 4194 3680 4143 3402 3751 3261 3453 2956 3367 2783 3118 2657 2868 2519 2852 2273 2565 2217 2546 2099 2366 1946 2278 1961 2068 1758 2020 1667 1973 1628 1755 1470 1748 1369 1651 1335 1536 1255 1526 1225 1360 1153 1311 1095 1305 995 1179 967 1162 953 1100 828 1033 882 1044 779 930 714 931 737 834 714 825 627 767 586 701 593 726 581 675 515 613 498 612 478 583 461 536 428 536 416 465 399 461 352 412 372 428 363 375 322 359 330 345 303 340 286 333 237 284 269 290 265 277 228 248 224 256 227 255 203 233 188 216 171 221 155 236 172 182 137 187 147 176 149 155 141 167 143 157 105 135 128 146 115 124 102 131 96 105 76 112 100 107 90 99 75 97 80 84 71 87 64 88 64 66 56 77 55 68 49 51 59 61 46 55 52 59 40 50 36 49 39 41 47 45 38 45 43 45 24 29 35 47 33 29 33 35 25 31 18 29 32 31 25 22 18 20 19 25 12 21 18 22 16 15 12 23 18 15 11 15 17 15 10 12 13 11 11 9 8 10 6 10 10 8 9 12 5 6 6 6 6 7 5 8 4 7 2 8 4 5 4 4 3 2 2 4 2 4 4 1 3 2 1 4 3 4 4 3 3 1 1 4 1 4 2 4 1 2 1 1 1 3 1 4 1 1 2 2 2 3 1 1 2 2 1 1 1 1 1 1 1 1 1 1 1 1 1 1 1 1 1 1 1 1 1 1
486 1628 5297 10289 21902 36902 69030 96655 161832 209610 325285 396029 589883 691810 1018532 1104969 1698506 1902602 2654104 2977293 4241611 4578761 6388984 6919454 9598796 10193085 14827736 15130066 20200402 21805977 30389863 30732060 41684983 43451647 55588639 57940563 80872712 80338889 108164948 110558153 140291527 151003482 204642970 193033329 259309262 264849658 360996136 348889138 472211621 454094220 613887630 646562228 795929974 773924318 1040161468 1024854673 1384670849 1315823797 1698449174 1614596788 2255203395 2047597801 2832677111 2647642737 3641939438 3364775107 4823183697 4406354228 5706137549 5567534427 7005789234 6890801272 9394944247 8065067093 11091172821 10446635455 14325809744 13292167688 17434235817 15265826919 20802134536 21020859843 27548199500 24048662339 31489504983 28289993867 40964286052 37467037574 46643016418 46363685607 57809572104 51417470263 69891048035 62400444783 81213976634 78762029034 108071420327 97206830968 123104639594 106839113861 144629869221 133411485065 179378768122 157292861502 219345721744 195444704507 252482172213 225903294211 327522064688 279880210518 338797111076 332865744339 425098470808 366175064139 469717378221 459173488929 620467004360 582791802192 667954717194 658307814803 787356816762 809374640993 925002457626 882211201097 1143404598593 1080289232766 1373774821824 1124530209024 1434856053382 1506451230841 1858176247009 1799527973606 2102198350549 1874866020804 2345970809516 2436480794552 2811474245101 2966672279539 3646569226291 3220508598530 4058329865230 3662636557974 4647975837820 3843974300368 5532810956041 4396666806303 7222694184171 5879941542391 7003590458333 5794985304679 8701385872617 7500295202902 9554254992791 9194173840111 10313112929956 10050748711096 13737235183316 11864350716854 15384723310853 11407513746495 16034376194119 16539255320894 20332565535931 17562402815661 20133102710084 18649735655889 26413636563926 21917586288813 25967049189614 21312015520074 32482273790054 32143858343933 38744064067309 34078484628930 43886546538361 35727971082739 50323220059165 47289162780995 49838106532160 48282868651030 61401114602496 48938714822042 75415428890568 65247906103707 65749927906475 62701211490249 95367413454798 71682723539413 100218817711876 79179950017283 86278265707954 110806231729480 128616102948708 110296845109842 136475324896562 139337200279452 173863407160376 129135774270051 181700107134765 130316351353772 206793635136741 177434703656105 196889922144180 254228685295001 251569929010056 228218797051159 313973027115110 314062740692380 364737569593994 210808862962542 258389983873900 347608901177222 515426736376101 398269723699844 368946788245187 460525175697168 538145661205116 432745301504159 550050284815187 341585240350860 610910881914427 741871782110261 781529308534362 687626577496242 632114251740074 555790965814068 738693090869703 702280363131600 1021659080742679 489132645952546 1057446167593859 946947416489040 1262250770415800 942443906714835 978698545074338 841341415030435 1796583590189906 1528136748279525 1416215653399796 1079467056866502 1599070629302712 1901057752045831 1890117345381766 1269896137318885 1629517978441770 2042482275621563 2027071412328118 1930649783619454 1832965276635782 1598880312903636 2386811849925193 1384761326188086 2554181615217792 2966218733516908 2372145730110002 2874952467644015 4437799826895203 1857721944138485 2461970283194139 2589211172495455 2759858020964902 3091370993008365 3868878276475940 3018857599423181 5071920745178030 2734105322870882 5171906027576194 1558101259124334 6977487354732696 3619040433265440 4949534969709617 4281830973731957 4786361553471605 3748800500504881 2724801365989665 2825499130346900 6316548924376692 3274587938674342 7317685073297706 7730518163349827 2040825852575075 6587358935047548 5081905180091396 2540952590045698 11343605954954180 8816789381788665 13115443758271540 14100029696115652 11504275159049897 11777766484468266 4219388528587095 4534253126900886 20575151265733100 5234371069753672 23325513148092240 12079527764191030 26905048542549838 6965850144195831 15509813463453624 8620496275465025 8620496275465025 9930972392403501 31971993697646517 11435542077822104 47409520194103138 14118662665280005 15142952738857194 31382739274686857 34828360266294590 40034853525153890 64374288112058673 23000006655487337 24650106150830490 56610040681992006 60652363979685928 32488293351466654 34800954869440830 39919565526999991 42748078035954696 49005643635237875 56156602112874289 60105349839666544 64325374609114550 68834885946073850 84300815636225119 90175434980549623 96450110192202760 110307860425292772 117949491546113972 126108517833796355 154043597379576030 164637479165761044 188008647052292980 214618299743286299 261578907351144125 318555973788329084 441622981929358437
3 4 5 6 7 8 9 10 11 12 13 14 15 16 17 18 19 20 21 22 24 25 26 27 28 29 30 31 32 34 36 37 38 41 42 43 47 51
1 10 34 68 58 79 75 37 59 34 37 21 11 21 19 17 8 7 12 7 4 3 4 3 3 1 3 2 1 3 3 1 2 1 1 2 1 2
1 13 45 151 155 392 478 462 806 863 1128 1279 628 2156 1946 3056 1537 2179 4269 4373 3567 3732 5425 6756 6043 1255 8310 3916 6020 14926 32176 6842 20286 17977 21637 47652 63261 272027
