35 47 59 71
23171 45046 22564 9218
703499 338902 83144 12967
19509523668462279312 4518348903944477640 688727121896941141 14036301639881
35 47
603 173
1601 232
40169727 584633
3 4 5 6 7 8 9 10 11 12 13 14 15 16 17 18 19 20 21 22 23 24 25 26 27 28 29 30 31 32 33 34 35 36 37 38 39 40 41 42 43 44 45 46 47 48 49 50 51 52 53 54 55 56 57 58 59 60 61 62 63 64 65 66 67 68 69 70 71 72 73 74 75 76 77 78 79 80 81 82 83 84 85 86 87 88 89 90 91 92 93 94 95 96 97 98 99 100 101 102 103 104 105 106 107 108 109 110 111 112 113 114 115 116 117 118 119 120 121 122 123 124 125 126 127 128 129 130 131 132 133 134 135 136 137 138 139 140 141 142 143 144 145 146 147 148 149 150 151 152 153 154 155 156 157 158 159 160 161 162 163 164 165 166 167 168 169 170 171 172 173 174 175 176 177 178 179 180 181 182 183 184 185 186 187 188 189 190 191 192 193 194 195 196 197 198 199 200 201 202 203 204 205 206 207 208 209 210 211 212 213 214 215 216 217 218 219 220 221 222 223 224 225 226 227 228 229 230 231 232 233 234 235 236 237 238 239 240 241 242 243 244 245 246 247 248 249 250 251 252 253 254 255 256 257 258 259 260 261 262 263 264 265 266 267 268 269 270 271 272 273 274 275 276 277 278 279 280 281 282 283 284 285 286 287 288 289 290 291 292 293 294 295 296 297 298 299 300 301 302 303 304 305 306 307 308 309 310 311 312 313 314 315 316 317 318 319 320 321 322 323 324 325 326 327 328 329 330 331 332 333 334 335 336 337 338 339 341 343 344 345 347 348 349 350 352 353 355 356 358 359 362 364 365 368 371 374 377 378 380 383
242 1267 3583 7836 12328 17940 22169 25427 26978 27818 27684 27193 26225 25184 25036 24006 22861 22230 21656 20956 20488 20034 19387 18650 17817 17538 17080 17043 16042 15839 15592 14942 14277 14129 13655 13317 12774 12447 12359 11798 11403 11077 10913 10563 10303 10339 9921 9602 9132 8912 8798 8546 8235 8119 7874 7715 7356 7191 7038 6885 6553 6438 6372 6128 5811 5702 5606 5513 5171 5274 5031 4865 4681 4646 4469 4527 4135 4067 4042 4013 3721 3880 3641 3447 3389 3330 3168 3341 3212 2885 2966 2861 2722 2720 2643 2537 2486 2498 2346 2368 2169 2165 2196 2076 1937 2080 1944 1855 1829 1805 1766 1752 1704 1628 1606 1655 1418 1530 1485 1361 1376 1356 1255 1312 1154 1183 1177 1141 1158 1132 1035 1037 1022 981 949 960 874 863 857 862 769 770 770 837 720 748 708 712 628 662 634 668 676 621 600 613 559 546 571 485 526 520 529 484 453 487 526 474 439 444 418 423 387 378 385 399 345 353 379 355 278 299 293 299 257 283 260 247 233 271 227 252 238 223 232 240 190 215 206 190 171 235 169 196 156 194 170 179 154 159 180 146 129 138 134 123 128 129 136 136 117 124 127 112 90 108 126 97 74 94 99 76 96 70 85 82 69 141 152 58 77 65 88 60 41 47 54 50 45 45 39 42 29 42 35 41 22 32 42 27 24 33 34 21 33 27 29 29 14 25 27 21 23 27 22 23 13 22 18 20 12 13 13 12 9 11 16 13 14 6 8 8 6 8 3 6 11 13 7 5 4 6 11 5 5 6 5 10 6 11 5 2 11 4 5 4 5 7 6 6 11 1 4 1 4 2 5 3 5 2 4 1 3 2 2 1 2 15 1 2 1 1 1 1 2 1 1 1 1 1 1 1 1 2 1 1 1 1 1 1 1
242 1378 5057 14864 32992 70401 129514 228108 367328 574955 862967 1255772 1760566 2445822 3415059 4498919 5915550 7794632 10127949 13037507 16824497 21181885 27134905 33187298 40429364 50905226 63647092 78116138 92809760 114646370 140256517 165345248 196774769 239546890 285439093 337352746 395934802 467477040 556791460 635079378 750672552 862146087 1024033706 1187632636 1414036263 1652812301 1886221814 2189525639 2440364970 2860356167 3328344547 3703448192 4218447452 4902736493 5582913407 6405365902 7091546618 8312633404 9163925537 10523047273 11570747144 13441721946 15107077299 17224647388 18563071367 21142775007 23633321271 26668872221 29193402821 33923575914 37442829483 41724316484 45984373088 53506464619 58172044338 65892590378 68039505308 78514717711 86987238788 99144873070 103523776299 123623382986 131096464021 143674502988 157428473521 178706445537 188669126806 218682713643 241120894923 246446788730 289158363339 306978487877 335697147329 380469919837 400413788972 454761523280 482603047448 561524006558 574633822111 649787484377 656040831937 772710719383 858171952063 927338462966 966272153215 1131183672249 1158417443181 1267592785224 1390152977788 1557463622135 1720549681367 1911588593165 2013574726347 2207723976548 2415883356859 2748566672147 2599851240184 3163565467463 3316346779242 3495495527011 3864595818895 4298305164226 4440177268926 5201934861276 4792077971513 5793082036171 6345137155215 6818694927423 7687285986856 8375116983813 8096136367024 9389895994567 9956088917020 10450619048966 11256441140236 12823842647892 12476441131356 14162709757483 16131336847081 16799909355370 17136232530672 18928573403189 19668728661200 25278113102618 23468511599079 27208696351893 28608854547466 32108052633763 29988230622235 35151735841353 36690495925470 45154281443623 45826670768720 48541462195650 50438466569795 55841625026719 58878560179683 61238308338122 69545916550730 62611066011612 75077479998710 86314665596707 93260537408697 91346800424013 93051624610939 116523809069727 127385385096147 135011758100686 133288199291006 151624818135104 152225322665479 174367846313202 172873523408471 188141827507513 196602871609058 245183586632244 220912586934344 269593672797518 318841781549530 303581113565080 243128953057571 296305768737020 311660759464457 346807410564724 308203108102418 410048868911873 383117200610975 430831066589385 441072782063180 563115883611913 490812773206410 614696239530098 596514928577486 658226487866034 697291873487173 796615816420545 704206346895553 898610748831903 859259675192827 886966908942341 880071767262776 1306853063750904 1018053290602786 1372945236039400 1071446742630235 1594295665191494 1368658669448509 1535023811100827 1577418371201893 1772641983877460 2051155744990395 1973972164672500 1884055675446383 2077910064781657 2048666708265354 2226421558446194 2258193627381990 2760406435156162 2948361959004719 3171889191608594 3042699732774234 3969254207514616 3822311013735023 3655942116530778 3559247522858278 4476350354112045 5501306871347189 4431048334513873 3664659960984509 4904003607434706 5450527046037682 4603458843498777 6216743336429682 5650277360866326 6392047975643157 6948602198675457 6198230037797883 12782085919379783 15322638407019276 7088928522431768 10262711310685726 9358566161551991 12249766826054198 9122051044979552 7408208962492583 7972073392006306 10250487916968690 11827422868528008 9872234198248992 10603920718257142 10525918639380441 12190927958922276 8947599921421362 13357517627919960 12091346113055325 15816181412088096 10083989611054999 14714435562996251 19740917058225125 14636386317682749 12820723826667078 17339764026837767 21262554842661268 17470105321072170 26401812732330625 22473471858590130 27021938681253469 26344480927095405 15070799154377601 30410360484488716 31290301957154542 30194019986203404 36145729579352853 39482532870142686 34162489014919061 41022469533273480 20470627265981251 41359328547994181 36338456439048334 44103640021802785 27460498838120621 33304077466191392 31448383890327775 33634519748687285 25434221110336078 37618220415612999 57406088113212500 52782489306884563 53048470982923325 28361854231718973 39548819748852810 46355886057722454 29956894365395680 43818076669014041 17702520456141635 50105752036698412 92315497374723801 107570041768825983 60937887240949584 42512233486803140 44367654699842279 83955635886192317 143391766534521042 54843077853290725 71114280291154707 89456525637919211 68680423785955423 201758437608228826 110388004359890234 204272587208497012 141828057398084498 40034853525153890 230276379311778017 111916212041167793 118300232268122991 100366126086057796 160384058508827633 208240950631206826 216607496652148128 204180406180696628 402598110822307106 39919565526999991 202426340143954660 45772358543578028 186322719265971959 104924088457657282 329550496909154438 172418554065415122 369072148576895276 133160260555188400 284976347615848378 78801255302666615 252902446908675357 180350869961099246 276800980153302006 103151466321735325 213459326747028097 1891627767506945325 144117936527873832 308087194759152060 164637479165761044 188008647052292980 200882556287683159 214618299743286299 458544573742434300 261578907351144125 279363328483702152 318555973788329084 340122810048577428 387632532919029223 413766180933342362 502957566506000020 572612058898037559 1221796807503768202 741433159884081684 899175348396088349 1089657644424399782 1319510599727473500 1406207446561484054 1596675274490756791 1930656072350465812
3 4 5 6 7 8 9 10 11 12 13 14 15 16 17 18 19 20 21 22 23 24 25 26 27 28 29 30 31 32 33 34 35 36 37 38 39 40 41 42 43 44 45 46 48 49 50 51 52 53 54 55 56 57 58 59 60 62 67 70 75 76
4 24 29 79 71 119 98 132 94 100 99 85 43 81 74 56 42 44 32 51 23 48 30 32 20 33 20 25 15 41 24 21 12 9 11 8 4 9 5 9 8 8 2 10 6 6 5 2 7 3 2 4 1 2 1 4 1 1 1 1 1 1
4 28 50 215 226 663 734 1695 1468 2853 3991 4835 3321 9858 10589 12472 10796 17004 14255 30710 19170 46851 36126 45252 39969 89379 54705 94924 63791 220089 175524 235168 132814 90420 196233 202683 90985 306610 161793 492166 289767 465719 163842 812017 949790 782133 767724 358389 1945883 988646 816904 1578379 281589 1126356 386155 2325827 1053646 1228308 3010998 2323520 5392783 10785566
