7 19 31 43 55
173 1223 1627 198 2
6245 8586 2840 214 2
66639 1391273 563159 7966 116
7 19 31 43 55
173 1223 1627 198 2
6245 8586 2840 214 2
66639 1391273 563159 7966 116
3 4 5 6 7 8 9 10 11 12 13 14 15 16 17 18 19 20 21 22 23 24 25 26 27 28 29 30 31 32 33 34 35 36 37 38 39 40 41 42 43
55 411 907 1585 2003 2501 2258 2122 1441 1105 671 537 393 338 248 231 192 145 134 121 91 69 60 53 53 38 27 23 16 9 9 7 11 2 2 10 3 2 1 2 1
55 492 1438 3443 6300 11895 16750 24152 26300 30332 27936 30969 30228 36152 35301 46322 45110 47091 55708 68366 69209 58356 76650 82023 91233 94685 74416 92501 77272 50345 63639 66806 112707 18492 20286 195468 48264 71908 26015 57200 37338
3 4 5 6 7 8 9 10 11 12 13 14 15 16 17 18 19 20 21 22 23 24 25 26 27 28 29 30 31 32 33 34 35 36 37 38 39 40 41 42 43
55 411 907 1585 2003 2501 2258 2122 1441 1105 671 537 393 338 248 231 192 145 134 121 91 69 60 53 53 38 27 23 16 9 9 7 11 2 2 10 3 2 1 2 1
55 492 1438 3443 6300 11895 16750 24152 26300 30332 27936 30969 30228 36152 35301 46322 45110 47091 55708 68366 69209 58356 76650 82023 91233 94685 74416 92501 77272 50345 63639 66806 112707 18492 20286 195468 48264 71908 26015 57200 37338
