25 37 49 61 73
6915 27286 38959 20934 5897
1699307 625063 243368 64478 7229
134560892338101585 2864342523247516049 6247233885151269686 194688133807228927 258338632714
25 37 49 61
1009 532 83 1
7763 1216 99 1
174624727 18936563 129676 42
3 4 5 6 7 8 9 10 11 12 13 14 15 16 17 18 19 20 21 22 23 24 25 26 27 28 29 30 31 32 33 34 35 36 37 38 39 40 41 42 43 44 45 46 47 48 49 50 51 52 53 54 55 56 57 58 59 60 61 62 63 64 65 66 67 68 69 70 71 72 73 74 75 76 77 78 79 80 81 82 83 84 85 86 87 88 89 90 91 92 93 94 95 96 97 98 99 100 101 102 103 104 105 106 107 108 109 110 111 112 113 114 115 116 117 118 119 120 121 122 123 124 125 126 127 128 129 130 131 132 133 134 135 136 137 138 139 140 141 142 143 144 145 146 147 148 149 150 151 152 153 154 155 156 157 158 159 160 161 162 163 164 165 166 167 168 169 170 171 172 173 174 175 176 177 178 179 180 181 182 183 184 185 186 187 188 189 190 191 192 193 194 195 196 197 198 199 200 201 202 203 204 205 206 207 208 209 210 211 212 213 214 215 216 217 218 219 220 221 222 223 224 225 226 227 228 229 230 231 232 233 234 235 236 237 238 239 240 241 242 243 244 245 246 247 248 249 250 251 252 253 254 255 256 257 258 259 260 261 262 263 264 265 266 267 268 269 270 271 272 273 274 275 276 277 278 279 280 281 282 283 284 285 286 287 288 289 290 291 292 293 294 295 296 297 298 299 300 301 302 303 304 305 306 307 308 310 311 312 313 314 315 316 317 319 320 321 322 323 324 325 326 327 329 331 332 333 335 337 338 340 343 347 356 361 364 367 370 371
280 1522 4324 10930 20016 33308 47342 60872 66710 76585 74694 74145 71344 72290 65391 66110 63034 61141 56193 56426 52113 52479 49576 47388 45730 46463 40985 41677 40116 38809 36689 37206 33759 34567 32392 30604 30028 30437 27396 27988 26977 25694 24631 24230 22028 22814 21942 20456 20523 20324 18433 18619 18159 16909 17022 16554 15093 15587 14801 13564 13831 13709 12557 12902 12682 11715 11780 11131 10287 10490 10373 9228 9919 9248 8606 8795 8461 8045 8320 7880 7385 7527 7414 6587 6662 6504 6159 6455 6375 5720 5929 5476 5002 5286 5030 4735 5094 4771 4403 4584 4251 4006 4180 3951 3720 3879 3717 3408 3320 3334 3007 3307 3308 2972 3165 2793 2461 2712 2685 2382 2729 2417 2376 2439 2150 2011 2097 2071 1939 2085 2045 1776 1810 1700 1539 1796 1791 1602 1666 1513 1288 1464 1421 1312 1471 1358 1274 1359 1317 1283 1143 1129 1093 1109 1093 958 922 926 827 943 983 868 932 835 709 766 766 729 772 734 711 672 625 567 605 550 580 570 585 523 503 467 449 445 481 463 471 435 371 412 353 313 356 371 349 326 305 269 287 267 272 275 299 235 225 212 183 212 199 198 213 152 163 144 173 155 126 170 141 146 128 117 110 111 88 126 93 94 111 94 90 94 86 84 86 74 67 74 63 62 57 73 55 67 42 61 50 48 54 59 46 38 31 41 38 44 38 34 33 28 25 27 24 36 26 27 27 28 22 20 20 23 23 19 13 24 12 13 10 8 11 10 7 12 6 13 5 13 14 8 8 6 5 7 3 5 8 7 5 10 10 2 5 6 4 8 5 7 3 2 4 5 3 6 4 5 2 7 3 3 1 2 1 2 2 1 1 3 2 1 2 3 1 1 1 1 1 1 1
280 1679 5933 19261 47709 111807 227054 435727 723924 1276973 1890482 2861864 4064193 5990745 7870917 11214620 14728579 19840725 24743975 32940213 40874832 53627565 65337305 82523671 101947478 131483695 148999888 190773826 226401983 277691302 325209748 410466878 464321879 587484949 659306998 790284518 920554374 1129887478 1239781608 1531940021 1761517422 2069889565 2335241392 2763467605 3012300460 3747161023 4144916865 4724874108 5510824351 6544409092 6864784447 8274670571 9349152891 10372473794 12033811520 13814930685 14898281079 18102799375 19375654889 21017351777 24828205743 28401029257 30027093595 36278915833 40122891373 43558376020 50341738041 53810136899 59090435978 68859137260 76045459982 79325561242 95898175026 101709575168 109588757534 126313360423 139319652961 149000146381 179047027704 189620084870 209825589454 243999175391 266049972718 273827166871 312033433104 339982850719 373350262260 429427723625 488085663750 499228934210 578266520184 594446375001 634704005511 737433541134 785152702103 868796127467 1010542148563 1064297415351 1152203104303 1313073987652 1372605676955 1488933607169 1675779182284 1765992684498 1904223232130 2218457125291 2352761201820 2423350648376 2663766036990 2939436751491 3026772005788 3606033941725 4006958642533 4031995960517 4940052137632 4655347630988 4978290684991 5714586034742 6455673145327 6192580788522 7803715391105 7578346039608 8566100207482 9653315401900 9582589541244 9950661377342 11798125590432 11844630545404 13079838122378 15208273764949 16558732776419 16253276555345 18561917742190 18728514134008 19255501278724 24047879645418 26010462215231 25623907274615 30872305762348 29603037058708 29449265583720 37577301233801 39221018013579 38557735123860 47032889569190 49062401350240 52362809898458 60919240016026 64583317316346 65230475754200 71622028058063 71833995998711 76645448405566 90694613482301 99161831555522 92692831678945 101189620567227 102707719084631 109578604573318 133864025146717 148705362842759 144093860852521 173632865850922 172305782664621 170738992350547 198539617956862 220085311830058 209530689894875 256400058651527 252933712109454 289855957716593 293708552960585 298745578962684 279375657515249 342968951697882 313357117155674 379747933345124 419144554579323 474491775073215 449409336934120 490827858162080 463478770749653 535979011181929 520827601246423 646937487205677 667898853555300 784899161660978 744063697253929 785010666276169 838864122288101 783985841448616 776378876743797 901030429077366 996942127618253 1179450344848090 1093712369554798 1308186294747421 1030015466107755 1343093513629870 1217298651265569 1508163474860449 1584204866031380 2003415586887731 1615766326827667 1671735787738132 1648795020268125 1753338552106974 2080724799052739 2183063064816877 2213117777895794 2563712360575382 2028054559673538 2716766582107386 2171806873855953 3325398031595567 2866192109380307 2454395101758581 3806325728548902 3425046223483576 3727972687383034 3420014336356024 3540184341069027 3437149217446218 3676787359316499 3120983629950391 5183383046342134 3714952306553885 5279631693813495 5714478990276562 4963599477518570 5324364971995674 6038608229162318 5640349956466875 6963699588078612 6934581530929122 6863064149909045 6731029895059845 8011064171188645 7129195712693544 7752033357726316 6779493789502225 10054397520112026 7910435782081735 11016519068042772 7651503633797255 11430915474047924 10481419485737591 11212706095704216 12615351315945798 16651089246446734 11930457309442530 12673405220708181 9313622662324391 13956075107013842 15508980995941061 20473849104206127 16735615903445890 15981371307991101 16522944127443695 14108630517830627 14919360100947391 17161560049112504 16819988375128956 26163000634111228 20947662138407647 20247686345702680 24665953708518780 25855421526757917 20755366038929046 21949094802871030 23368261483908551 26989984268366323 29623041785604638 25217125660699753 18490483915940304 37604869279251990 18841415845452351 24693064991011765 22678253115932735 17377552587189590 23688768051185353 28568166800968216 18934654995860064 39100266115782355 18746271097829071 47701652385368628 19198273347731758 46462213572586569 53067115484257414 40139620716187239 39548819748852810 32753126677019796 39338637465058260 47550538467810671 17702520456141635 31986460390411867 60775947229295507 57781660890825660 53458322162439000 98723972181404420 99253565658925314 28437138265850705 53286656162744195 77714162008934933 47409520194103138 101725743657148676 73666183547131592 123337289504802490 64959146143318652 37342976599200728 77377830124354618 102968472362436617 67458109348327565 142950338418953481 160384058508827633 169830122045976018 60652363979685928 234356038014189106 106876315515629737 117113536830748059 42748078035954696 91544717087156056 49005643635237875 108618646341702930 128650749218229100 68834885946073850 73653287861850339 252902446908675357 192900220384405520 103151466321735325 235898983092227944 432353809583621496 188008647052292980 340122810048577428 471314064268398780 572612058898037559 695143713458946040 843250788562528427 899175348396088349
3 4 5 6 7 8 9 10 11 12 13 14 15 16 17 18 19 20 21 22 23 24 25 26 27 28 29 30 31 32 33 34 35 36 37 38 39 40 41 42 43 44 45 46 47 48 49 50 51 52 53 54 55 56 57 58 59 60 61 62 63 64 65 68 71 74 83 84
10 55 61 244 194 629 336 735 404 730 396 683 276 566 260 378 182 366 137 302 141 246 98 206 85 162 89 139 49 104 51 80 55 95 33 76 29 60 28 45 23 43 13 21 6 22 13 13 8 14 7 9 4 12 5 9 3 8 5 8 1 10 1 2 1 1 1 1
10 67 96 649 576 3432 2138 9885 5948 21309 12562 41087 19960 79980 36221 98015 45965 169469 69531 251429 117340 331794 142681 466406 194964 621946 308643 741944 272354 977909 410933 1265525 634456 1779443 608790 1989041 796006 2508469 960322 2468380 844237 3017824 769428 2370814 583883 3784513 1719437 2973252 1125112 3913114 1483753 2869828 1536733 7578296 2492655 9525796 1504922 10466605 3975273 11980938 966467 42990242 831820 8683884 3087735 4087968 24264328 15796476
