17 29 41 53 65 77
1631 8015 42021 28867 18429 1034
368806 726875 672511 170017 42445 1054
1228392655 5537527134901780403 32382874368306664923 3122595338982162909 20006343051227995 18378366
17 29 41 53
557 488 399 27
24668 1697 745 30
151651549 58786639 4280135 22717
3 4 5 6 7 8 9 10 11 12 13 14 15 16 17 18 19 20 21 22 23 24 25 26 27 28 29 30 31 32 33 34 35 36 37 38 39 40 41 42 43 44 45 46 47 48 49 50 51 52 53 54 55 56 57 58 59 60 61 62 63 64 65 66 67 68 69 70 71 72 73 74 75 76 77 78 79 80 81 82 83 84 85 86 87 88 89 90 91 92 93 94 95 96 97 98 99 100 101 102 103 104 105 106 107 108 109 110 111 112 113 114 115 116 117 118 119 120 121 122 123 124 125 126 127 128 129 130 131 132 133 134 135 136 137 138 139 140 141 142 143 144 145 146 147 148 149 150 151 152 153 154 155 156 157 158 159 160 161 162 163 164 165 166 167 168 169 170 171 172 173 174 175 176 177 178 179 180 181 182 183 184 185 186 187 188 189 190 191 192 193 194 195 196 197 198 199 200 201 202 203 204 205 206 207 208 209 210 211 212 213 214 215 216 217 218 219 220 221 222 223 224 225 226 227 228 229 230 231 232 233 234 235 236 237 238 239 240 241 242 243 244 245 246 247 248 249 250 251 252 253 254 255 256 257 258 259 260 261 262 263 264 265 266 267 268 269 270 271 272 273 274 275 276 277 278 279 280 281 282 283 284 285 286 287 288 289 290 291 292 293 294 295 296 297 298 299 300 301 302 303 304 305 306 307 308 309 310 311 312 313 314 315 316 317 318 319 320 321 322 323 324 325 326 327 328 329 330 331 332 333 334 335 336 337 338 339 340 341 342 343 344 345 346 348 349 351 352 353 354 357 358 360 361 364 367 372 375 378 384
292 1461 3895 9255 17208 25995 36313 47433 50932 61552 64532 63340 71203 68869 63583 59381 55827 50484 47201 44535 41721 38315 37047 33376 32212 31108 28063 26959 27182 24229 23463 23117 22018 20235 20835 19436 19052 18469 17489 16796 17789 15845 15900 15677 15380 14323 14538 13581 13409 13064 12651 12220 12713 11159 11252 11237 10692 9956 10234 9621 10117 9140 9035 8540 8877 8030 8116 7913 8088 7329 7557 6852 6954 6544 6397 6414 6613 5900 5789 5733 5693 5042 5385 4858 5076 4722 4572 4410 4683 3943 4240 4071 4071 3703 3827 3606 3747 3448 3328 3242 3391 2942 3057 2916 2933 2714 2763 2612 2683 2398 2392 2302 2503 2074 2208 2214 2053 1979 2022 1822 2039 1810 1771 1708 1791 1653 1598 1636 1497 1403 1429 1360 1443 1311 1321 1242 1320 1109 1209 1192 1228 1082 1121 977 1012 1019 948 931 950 842 816 853 810 694 711 691 710 687 695 586 687 542 627 579 573 494 555 489 504 442 517 478 491 375 431 453 381 326 430 355 353 367 332 307 311 312 351 316 300 264 292 247 270 243 233 305 287 208 224 217 231 175 202 182 187 191 170 164 149 170 166 145 153 160 160 131 134 108 125 128 138 117 121 117 75 108 98 120 117 107 125 77 89 76 88 74 120 67 80 70 80 64 66 65 83 80 68 48 52 48 58 43 61 49 51 59 63 49 39 34 33 45 49 39 43 32 30 38 26 39 39 26 23 31 21 26 34 34 29 24 30 18 22 16 19 19 26 20 25 22 23 23 21 26 44 7 7 6 8 16 17 17 4 12 14 9 9 9 8 16 11 8 13 7 9 10 8 6 4 8 4 6 9 5 7 13 3 1 5 3 5 3 2 7 5 1 3 6 2 2 4 4 1 4 2 4 4 26 2 2 1 4 3 1 2 2 2 3 1 1
292 1615 5549 17201 43573 98525 191257 385809 608164 1113063 1671977 2638976 4284187 6094018 8258693 11450744 15123606 19439531 24763046 31409988 38791170 47349067 58472230 69723300 83585501 102436140 116213130 140147613 171728778 192319381 224353122 276088804 317114830 362762161 440124854 502128835 580923870 687187457 784685778 889889428 1129845160 1211537690 1453879424 1740955632 2026425322 2241749143 2697143126 3048637043 3531260794 4076707681 4728125762 5261716164 6453511337 6727779182 7810861955 9396301573 10319086050 11406867618 13678262559 14735350125 17678029218 19013077844 21712015545 24113309168 28793017098 30799863241 34818080223 39666885365 47129652460 48515588528 57862194065 60601255176 68706979513 76123669169 85264261201 95742275427 111959886351 118985676689 128671412340 148639296821 168906922451 169345625028 202462737592 216150533142 239987002625 266792889613 291349542522 312035302868 384259158737 363733209647 439635221039 473060398966 544656717822 555432486571 628221532565 675928167327 782887415178 840432330393 916494893434 964796779625 1142213831456 1127882778321 1280889779327 1389710999165 1551630321224 1635028559666 1921460486513 1994291816614 2214314358344 2237054711822 2469856014832 2678060336379 3305578742370 3089365338772 3470039227983 3940500899540 4190839830074 4423701995545 4957122065817 4838464032675 6070049267761 6113096261567 6700644443622 6931614643669 7993185010200 8407144610848 8941767330273 10027525546165 10560231147077 10540946473822 12197671516246 12956281037720 14850220767081 15432019070834 16489667891857 16898840636616 21165010626804 19225693989376 22752689314812 23970175475317 28619056541466 28244831116546 31436419511478 29603121054728 33768541518054 37700100996203 40150367388114 42785963309979 49285519932167 47622845707347 49265213585274 56920293643059 60576251312502 56562542583990 61109927725954 67319880421073 75735868009251 84491670361805 91920889467042 82539314336573 107110188666077 94748819854060 114643209065255 124204632267370 126324065342458 126830337952028 157267700539065 146568094012933 166397978323965 157374878884458 207756046587142 196204355937437 226646372752704 184586359808078 232041279685626 287860508167888 253773584001096 235382165386845 351399687113730 282753507683280 316026599503043 386439425945280 343709906426105 349526206613447 395316576973155 444634449291128 552062954338906 500012918052514 546414592262082 514336669963954 643223687966147 588900114301006 667973731026605 698350534392599 702037807041812 942776902299450 1029818284425135 857561138576187 1008220070207259 966036162387099 1173051571630488 956322780223215 1165169073333327 1230338575353926 1326911585177514 1446769249570434 1371960253949059 1487323767576136 1570272004161775 1825442107546790 1844871457464571 1765734141699295 2133690368238233 2432828668225920 2538986909316310 2278060245942034 2571050091218917 2299620134287727 2719192540614783 2824833275014572 3545286742826451 3440747082035269 3504201528437862 3569638876866510 2698558779787554 4089346803865544 4107388164766366 4999057595435986 5716910765600687 5416324492853112 7301982854058318 4524257632202793 5893558472933528 5544637310631297 7096702926734016 5636404566595138 12755718488089465 6451736107742645 8782813495493069 7620127545949566 9525370709259015 8077582943553786 9410777053439498 9908728504263563 12921486944937962 13272087552742649 12690125808763623 10069219477836094 13345664930912584 11816311743068545 14863151267952727 12374666013286480 17920914506047312 14686167486574620 17067139331184203 21806722879038966 25375910563746608 20085822275952337 18603339892280594 16139861200044770 18193071613075346 26644519302503849 35867691989347947 27715566822226832 32988396759902567 26746618377863219 25886316912412344 36221052689351824 25159901750214066 40389742393660836 41475874235937921 33291169207953025 34565390535192983 47662609935430109 35769613795421628 41541024681700635 59831988419989435 70391144740522456 66547158728462103 50330475014714797 70638461370536028 46633755795393929 57944393601060973 46888670181833586 55303905535857126 62823566038617865 96941151318009894 79928360044285739 118301176885367808 92643940651038090 104728835267541981 106990101355289962 109358835322075376 150059984552875213 255118527088501775 44512898399586470 46844246940903845 56240516087881401 83927265782913792 142416701449251530 158331866264663335 201093636227994632 41902966090050018 162194601024052380 187970728893597830 126264179695607606 124198629676853142 145283786947108806 126627790895719897 319125486556622285 205386371295604004 158793475637638979 366076358825488794 156374314734008021 216900656871444951 258860971887455752 215104886483389962 179935930290210823 184119203300681474 271469654401604112 144150721292377814 335469651990732693 376247164796728149 228861792717890140 336572935263345431 713730215642056378 168469806338622867 56156602112874289 424957473647113814 197485635164302950 358629635477698717 236403765907999845 157602510605333230 788080437447648591 482250550961013800 103151466321735325 522913725712234072 692413687035041432 252217035667592710 269638361246603040 557874234302350704 616174389518304120 164637479165761044 703774239241691012 401765112575366318 858473198973145196 979618149821529624 6801051591129747250 558726656967404304 596660126125516152 363117512048110005 1550530131676116892 1324868945788075311 471314064268398780 1145224117796075118 1390287426917892080 1917457395824676090 3484613504549888550 1406207446561484054 2056513475336633805
3 4 5 6 7 8 9 10 11 12 13 14 15 16 17 18 19 20 21 22 23 24 25 26 27 28 29 30 31 32 33 34 35 36 37 38 39 40 41 42 43 44 45 46 47 48 49 50 51 52 53 54 55 56 58 60 62 63 64 68 72 80 84
7 53 83 454 300 1364 777 2328 1051 2813 1347 2999 1271 2183 910 1691 579 1229 521 957 336 653 223 535 136 378 129 325 93 244 63 178 41 120 37 108 26 86 28 86 13 61 15 51 9 50 4 63 5 32 3 27 1 17 10 6 20 1 6 1 1 1 1
7 62 120 1006 827 6499 3931 25409 12242 70291 37408 184910 78071 298927 131970 480029 175884 677102 265283 866836 307407 926566 340371 1392252 320785 1333583 502946 1830093 533880 1924793 515114 2514787 424126 2088174 598467 3149708 611116 2859089 1080617 3955882 542961 4718185 739083 5256876 649517 6390483 232870 13857300 514138 11535360 969609 10211682 347050 9990093 13293368 4633860 32937172 1430440 17165280 1741630 6175470 9289091 31592952
