24 36 48 60 72
3122 26730 41462 21079 7600
324387 749417 275425 72815 10118
68411446903146 8764823640171050518 7671878906557738651 403873213319771412 2917418735225
24 36 48
422 644 147
3646 1776 203
49303762 30432405 237994
3 4 5 6 7 8 9 10 11 12 13 14 15 16 17 18 19 20 21 22 23 24 25 26 27 28 29 30 31 32 33 34 35 36 37 38 39 40 41 42 43 44 45 46 47 48 49 50 51 52 53 54 55 56 57 58 59 60 61 62 63 64 65 66 67 68 69 70 71 72 73 74 75 76 77 78 79 80 81 82 83 84 85 86 87 88 89 90 91 92 93 94 95 96 97 98 99 100 101 102 103 104 105 106 107 108 109 110 111 112 113 114 115 116 117 118 119 120 121 122 123 124 125 126 127 128 129 130 131 132 133 134 135 136 137 138 139 140 141 142 143 144 145 146 147 148 149 150 151 152 153 154 155 156 157 158 159 160 161 162 163 164 165 166 167 168 169 170 171 172 173 174 175 176 177 178 179 180 181 182 183 184 185 186 187 188 189 190 191 192 193 194 195 196 197 198 199 200 201 202 203 204 205 206 207 208 209 210 211 212 213 214 215 216 217 218 219 220 221 222 223 224 225 226 227 228 229 230 231 232 233 234 235 236 237 238 239 240 241 242 243 244 245 246 247 248 249 250 251 252 253 254 255 256 257 258 259 260 261 262 263 264 265 266 267 268 269 270 271 272 273 274 275 276 277 278 279 280 281 282 283 284 285 286 287 288 289 290 291 292 293 294 295 296 297 298 299 300 301 302 303 304 305 306 307 308 309 310 311 312 313 314 315 316 318 319 320 321 322 323 324 325 326 327 328 329 330 331 334 337 339 340 341 342 344 345 349 350 360 363 365 367 376 378 385
277 1323 4000 8398 14818 22279 29830 33592 37703 39179 39495 38670 38538 36378 35619 33602 32764 30836 30419 28526 27826 26738 25878 24639 24249 22357 22707 21188 20576 20209 19625 18344 18025 17213 16928 16506 15974 15186 15343 13961 13958 13491 12895 12587 12322 11762 11590 11184 10992 10394 10507 9915 9479 9493 8973 8485 8754 8117 7958 8100 7542 7423 7405 6867 6842 6821 6594 6238 6309 5894 5804 5941 5488 5056 5446 5067 4776 4806 4638 4481 4408 4146 4120 4048 3941 3751 3865 3523 3632 3376 3281 3137 3275 2986 2985 3005 2756 2717 2807 2594 2486 2489 2396 2332 2347 2160 2170 2115 2098 1920 2031 1941 1815 1814 1742 1694 1680 1584 1538 1620 1471 1358 1353 1271 1313 1251 1204 1183 1152 1026 1282 1122 1057 952 1028 951 951 779 861 816 875 828 874 779 826 702 753 713 696 653 666 584 600 533 592 536 601 496 562 469 501 454 503 414 467 421 428 383 419 321 393 369 376 347 315 312 343 276 313 261 290 271 294 310 251 243 242 230 259 225 227 236 195 192 204 177 194 184 179 191 149 150 192 167 144 140 252 142 132 114 150 130 129 113 115 117 104 86 104 100 105 90 100 73 87 71 80 107 92 65 74 81 63 67 55 55 70 56 63 43 47 35 39 38 39 35 44 41 50 32 39 39 48 24 39 37 35 47 27 29 26 45 24 34 20 26 18 32 24 26 22 23 22 16 15 18 27 24 11 14 8 13 16 16 8 14 9 15 7 7 11 7 11 11 4 8 8 8 10 4 8 4 11 3 6 6 5 5 5 4 4 6 4 5 5 4 2 4 3 2 1 2 5 3 3 2 1 2 4 3 2 1 1 1 2 1 2 2 1 1 1 1 3 1 1
277 1435 5611 15567 38228 84683 165753 284364 484574 767423 1178900 1727540 2527462 3484969 4846438 6435771 8636511 11068571 14689988 18383808 23677847 29594693 37275782 45537866 58517163 67906506 87355824 102797439 124786908 152845111 184309006 214856915 258920148 302681818 363944638 427647288 510789175 579297033 711462373 805935682 948526440 1095029380 1274135571 1448091791 1694693814 1927099970 2263224024 2604262943 3018283125 3395830344 4041358439 4516259953 4857933596 5878519987 6619641176 7246255216 8712481144 9387603174 10688477128 12641806129 13672013130 15749559332 17616621075 19590781995 22690252951 26171732860 28742884492 31285482966 36715106595 39820206169 45198928573 52844974416 55024838597 59753029765 73037851435 77198709906 81337082867 95782764309 102295201754 117351485323 129615562509 138952798824 153645495385 176041847400 191552459962 214330108533 245800269966 254111172113 289977421963 318771497878 341092329922 368078186336 437210300033 447965167837 493648824554 586864306224 577436953558 663279600616 758793038800 792048471457 820507309068 956843553777 1031184057981 1124722682020 1300402988816 1305646192063 1443304462101 1601129504128 1768548495471 1826872395782 2160369005143 2304883692519 2408970870237 2710056091803 2872827316683 3164160347793 3453388196127 3631778430069 3723155190871 4645907507862 4494126565211 4744767538382 5289495993204 5326729309995 6043828870751 6557886197129 6760122735014 7375649343198 7965285392589 7772965766871 10406321934110 10113548849309 10608094382637 11102728826556 13057923545584 13384737225939 15023142779814 13182406146838 15945105048505 16928334046199 20047607999481 20475930274954 24359004642427 24004339042591 28808583727193 25978737376083 30148342465104 31733857935085 36441221847002 35236041252513 40401610472206 39648653011757 46098221536740 42984984321548 52484337395960 49932566360454 63875591309941 57798236575039 72602369052235 66256531506775 79457497769199 76918390763916 92401180734152 82258780839748 106306247431703 102608443867302 119564893201426 117010595571602 131062796296078 108087355587626 150139513002617 150351038870631 174134014851412 169660390465904 178585681280324 191811761569062 244024950595500 199066319347085 267562775974195 217230135745940 261709369796173 269959757758803 328972213007058 352201973945323 345934040205585 366634144976662 374483868408675 389710302934989 515554745712640 440877280275394 522507337594587 620089111372298 519712850318247 570727971384307 649833276183942 634433923155430 706235532477108 708974135455858 766581946714301 940592789620117 796022980329142 824150679647272 1132373586638511 1108614521858147 1027306356559669 1148088892600068 2003994993852988 1300554905713212 1346291490704267 1217414026823249 1606350343043694 1604900852884826 1832900711312245 1776449670447046 1931862822825211 1971594526250337 1944903649574292 1858369378790781 2381768060991277 2439732219032762 2631732821155161 2588967796943153 3185488044283818 2385856987960239 3128708204747186 2815609729099867 3483550863596396 4720699592385838 4216814220917975 3594177719439808 4383809319229922 5046535877613215 4560470556776961 4980906125306722 4530363697670532 4630502394293848 6716625490983398 4863192982616258 7498978928216982 4911234490181157 5945548097204715 4552210185179039 6811963600915398 6079584212738749 6960077881407540 6696749364585284 8859984603976132 8412432003847164 12462245070044114 8118518433427361 10987328837922211 11982756436726185 14775660504473012 7949597033026592 21904412279285338 14778250825502965 15199497966447562 22103485752764497 12312264579640609 16220087540874817 14803020993192322 27120925760148371 19172825212817509 23591735743995650 15865403498265293 21229797025570900 15667014744728325 30408603102521625 27194248134877332 28791359518025915 24267732733866684 29207829828216785 29379918743582171 26401264492377466 23558356530646753 32027416993805625 40465583033765001 48283457816503159 25952841054607077 32550065415922262 18688052301514507 39558570733928550 40206927914952255 48867048140167623 22481155299526340 45411195348259977 32108747104402190 62465547694676322 29766429339405162 28068387864621300 51577256137986513 41483848001250370 60276121744072948 70767175262176267 22908741957947330 60457916930632476 53810097085099676 91583481743175309 78650433930133032 48771738200180225 81379986446736687 39046000113934105 124982539430004716 34306626233466312 94819040388206276 88563525762090972 68680423785955423 72641893473554403 94148217824060571 67307933337953916 70914028699042249 134738233486132291 104409141637212563 110374301423033347 151432039870454612 135857463582690984 58631202330838967 127791062044242926 134578496441814968 69601909738881660 39919565526999991 85496156071909392 219788951195020144 186322719265971959 150473331499304391 108618646341702930 60105349839666544 128650749218229100 315205021210666460 289350330576608280 220615720850585544 117949491546113972 126108517833796355 134819180623301520 308087194759152060 164637479165761044 429236599486572598 458544573742434300 441622981929358437 536679070310691121 610898403751884101 695143713458946040 3714173382357375255 1406207446561484054 2190401332423765131
3 4 5 6 7 8 9 10 11 12 13 14 15 16 17 18 19 20 21 22 23 24 25 26 27 28 29 30 31 32 33 34 35 36 37 38 39 40 41 42 43 44 45 46 47 48 49 50 51 52 53 54 55 56 57 58 59 60 61 62 63 64 65 67 69 70 73 80
11 32 61 182 122 376 166 525 194 543 181 484 166 346 127 267 127 200 78 231 58 166 51 138 48 100 41 56 29 55 32 49 26 51 21 36 25 27 16 20 10 31 6 18 9 16 3 6 5 10 2 6 5 6 5 4 2 1 4 2 1 1 1 1 3 1 1 1
11 42 91 424 384 1902 1135 6420 2927 15005 6292 30455 12605 44519 18923 61101 38368 87907 34880 168379 46453 194564 61062 299052 109731 318118 134256 267985 152804 451441 251794 574205 306300 814082 313836 867218 572050 755737 569364 937442 452314 2427962 386106 1725676 1163909 1894096 338428 1032262 1086865 1943752 468071 2727004 1746888 3578993 1896848 2897356 1674862 526823 4776855 1943528 966467 966467 1121505 1741630 6970560 2323520 4087968 18578182
