14 26 38 50 62 74
6510 9811 29629 32053 17674 4313
489894 2266316 718261 190084 51063 5065
156240814 187805515193356635848 15451163628763138958 5534745424375805322 128195737447673474 56586558732
14 26 38 50
1097 1164 492 62
65562 7850 1108 80
20427531 118030054 15657723 127607
3 4 5 6 7 8 9 10 11 12 13 14 15 16 17 18 19 20 21 22 23 24 25 26 27 28 29 30 31 32 33 34 35 36 37 38 39 40 41 42 43 44 45 46 47 48 49 50 51 52 53 54 55 56 57 58 59 60 61 62 63 64 65 66 67 68 69 70 71 72 73 74 75 76 77 78 79 80 81 82 83 84 85 86 87 88 89 90 91 92 93 94 95 96 97 98 99 100 101 102 103 104 105 106 107 108 109 110 111 112 113 114 115 116 117 118 119 120 121 122 123 124 125 126 127 128 129 130 131 132 133 134 135 136 137 138 139 140 141 142 143 144 145 146 147 148 149 150 151 152 153 154 155 156 157 158 159 160 161 162 163 164 165 166 167 168 169 170 171 172 173 174 175 176 177 178 179 180 181 182 183 184 185 186 187 188 189 190 191 192 193 194 195 196 197 198 199 200 201 202 203 204 205 206 207 208 209 210 211 212 213 214 215 216 217 218 219 220 221 222 223 224 225 226 227 228 229 230 231 232 233 234 235 236 237 238 239 240 241 242 243 244 245 246 247 248 249 250 251 252 253 254 255 256 257 258 259 260 261 262 263 264 265 266 267 268 269 270 271 272 273 274 275 276 277 278 279 280 281 282 283 284 285 286 287 288 289 290 291 292 293 294 295 296 297 298 299 300 301 302 303 304 305 306 307 308 309 310 311 312 313 314 315 316 317 318 319 320 321 322 323 324 325 326 327 329 330 331 332 333 334 335 336 337 338 339 340 342 343 345 348 349 350 351 352 353 356 358 361 362 363 365 366 368 369 370 371 372 374 377 378 379 382 383 385 386 388 390 393 395 398 401
406 2011 6434 14905 31125 51646 78038 98311 122070 126821 137856 129091 133821 115581 115312 102265 99576 83608 85392 72883 74071 63774 65953 57271 61576 52680 54916 49716 52183 44606 48849 42432 44857 39989 42277 36672 41391 33752 36960 33584 35447 30150 33953 29191 30897 27698 28822 25575 28447 23700 25085 23271 24783 20798 23522 20223 21435 19375 19926 17542 19991 16257 17036 16540 16917 14285 16460 14039 14832 13713 14131 12600 13927 11816 12277 11614 11744 10227 11524 9960 10294 9611 9667 8562 9629 8176 8246 8290 8451 7040 8157 7066 7072 6924 6737 6164 6823 5827 5765 5787 5672 5106 5539 5045 4951 4871 4832 4291 4576 4156 3880 4076 3963 3515 4089 3668 3430 3394 3396 3128 3447 2981 2961 3091 2884 2617 2851 2651 2451 2612 2407 2169 2370 2135 2090 2082 2041 1784 1979 1841 1756 1817 1701 1543 1678 1500 1423 1466 1395 1326 1407 1244 1168 1273 1156 1037 1084 1004 917 978 924 831 947 780 761 879 787 674 829 762 633 695 605 617 683 600 543 554 547 489 530 441 472 440 416 401 438 400 352 415 370 288 351 332 354 314 302 294 309 228 254 258 242 229 196 185 195 190 188 164 186 174 151 176 173 174 164 136 132 149 159 135 172 126 127 134 117 121 125 102 115 112 91 75 104 90 87 83 89 92 89 60 81 93 62 57 66 59 54 54 50 56 58 56 41 54 44 39 41 44 45 34 23 32 47 30 40 48 35 36 49 21 25 41 24 35 16 19 30 14 25 21 15 16 27 27 17 20 16 14 19 17 12 16 20 12 17 3 13 14 18 10 9 12 5 8 5 6 10 9 12 10 6 9 6 22 10 4 10 2 10 6 3 4 3 10 6 6 3 1 1 8 1 1 14 1 1 7 1 7 1 2 6 6 1 10 1 7 1 6 6 1 6 2 6 3 3 1 7 6 6 1 1 6 3 6 1 6 6 3 6 3
406 2221 9242 27383 78210 177844 394848 731426 1374532 2186404 3653091 5217392 8003269 10513807 15033892 18936587 25890160 30148312 40668402 47223895 61584409 67789675 92167025 99247404 135084694 148462058 196036912 215296656 296111884 306369486 419610225 447482191 595954367 635135078 872562017 891092475 1236350456 1218009773 1680200750 1709649875 2355129856 2317477147 3173233860 3246687232 4239824974 4219527642 5655419366 5583231858 7648491021 7363850155 9673571978 9921181444 13356173772 12395210839 17091378618 16724493063 21514684890 21110496300 27759361831 26626320004 36761736593 33455462744 43178291343 44290243067 56775603608 52458433890 72968040926 69043492964 89193124059 87534232338 112711328858 108160476238 140916743903 133354721144 167585314251 170680524630 212084088057 197602213768 263262144913 250290480821 305319684206 305560414748 383338280318 363359008226 484380845269 444446786975 533531796663 567435128228 709280354975 624844311356 870399386834 824470176475 944944406809 984047945096 1150959141500 1134778606069 1435372040313 1369546299617 1576081913567 1696433253115 1958642554034 1875960647363 2337207991448 2385234062438 2590313780929 2809959504082 3244410372593 3158350719350 3820381494027 3857734231398 3929316677930 4663812616421 5100652369297 4821182101163 6364934754530 6594937637186 6807684079079 7425449399524 8436120499233 8413370028773 10508444032597 10096307991682 10998255539065 13370553399199 13747662464030 13619737011586 16080329714531 17727160232892 17057032631134 19858913764757 21175785448483 21285619511964 26099081563747 25984302327946 26789064119513 30835328831536 33448650898823 31724741568456 38319014356715 42731603982280 42152919460694 49849885635270 50506917352521 51661510834687 59306358843829 61209921645344 59395154766784 74742966613969 75866756242182 76313590264780 89577845212271 91393558623844 89417616955964 111661957288559 107816402175252 113456439581603 121740021498950 128493666373410 119779616105815 148913643558599 152553151701138 157109671315384 180549191065654 179167260379028 177378442682604 225815059470526 230293980496441 212528165084261 287846114935974 299084134085329 262129508939496 324054719615173 306916718314494 323267396262732 391784316995541 400519243322819 389432723751814 423230774328484 454005645474885 440040618639320 544990486495518 478747118948360 555154411446168 568373748762938 640576853105028 594896608684950 736699841066935 796369941774357 682309927328960 864652635314489 879773469524680 736570365852431 1013714211585718 1032702678661202 1151378783709486 1087495898418545 1243498023430795 1169346242973715 1477016252412392 1146768521932924 1346058690459918 1518129591864816 1490750097066897 1581188112355953 1384566203924694 1546710121399163 1628103660303327 1794628154736130 1924099496265579 1783745614166367 2169305727524347 2207858765048563 1950210648804407 2622586720221193 2938176280207563 2891232513178792 3128663835521537 2782168974878049 2824326127165297 3421905567952761 4102197081701263 3710000826689665 5355311322689018 4503129522841032 4578951715774128 5241368992673823 4940307487908174 5526459012176559 6393747650112671 5711075713234789 6363812380906525 6745369641510512 6289780527191066 5330117666251642 8450447283736421 8227384244559772 7843558838494956 8612268259772612 9312295398189362 10137027655547759 10604433372321703 8986502506810888 12411646742811484 14485803665825651 11215258804005087 9285172823858012 13816540261981271 13086143353787998 12211884200476592 14395800938910230 12113953422347199 15280089986321929 18538018901682994 19853699177964734 15664453122766852 20583472025329411 19252385042570229 17334709557823348 22947976128677862 22119747189772994 23860155910526686 19531681169980221 14953940020528861 24661165869812868 36528293327345826 24607952509429279 36051641264816891 50870606526561962 38248671939834804 35479977468060479 53711089797402461 27763783056290217 39330131900803634 62630118024349168 35380863364763394 59475630976202050 26952807709418521 34801481683411395 58757439420726656 28766913287188270 59114578946561334 49162407774386835 37333109657596167 49455997069466984 90326175225870485 102320130270575475 65577218791357700 73167993378805201 64251963107441452 67914542213710866 90267075016762422 84702461312871544 69657864843735528 101784780058501366 129123864694797140 98423863093462532 122510246492824500 21924980301216999 114396209403388584 117735708403900425 195344198011557743 121645857088766624 101488800444471024 144770992785321027 60512414154739964 123585180068122889 79929752140568525 117046461616548796 167669313924401603 194877438429955956 253856987195686682 216153878999416652 144443995162366453 220748602846066694 141300238923610328 570553559042044156 324546542432514620 169830122045976018 320558710791419160 69601909738881660 367797155952866276 226291594410740376 128244234107864088 259512748723351508 140550360722393931 561566021128742890 360632099037999264 385952247654687300 206504657838221550 73653287861850339 78801255302666615 674406525089800952 90175434980549623 96450110192202760 1444120528504294550 110307860425292772 117949491546113972 943734264363110640 144117936527873832 1152462354160327308 200882556287683159 429236599486572598 1375633721227302900 1469427224732294436 261578907351144125 2793633284837021520 340122810048577428 2713427730433204561 471314064268398780 3017745399036000120 3220074421864146726 610898403751884101 3910133279983241754 1482866319768163368 4744428717896467914 2529752365687585281 2697526045188265047 958728697912338045 7627603510970798474 7917063598364841000 8437244679368904324 1498478743590581081 1812356499739472950 11583936434102794872 6571203997271295393 13996927191263354016 2645418340688763701 17993786686418713164 21706276583205626538 12294103606879784373 29627238580729149930 17837370344123623791
3 4 5 6 7 8 9 10 11 12 13 14 15 16 17 18 19 20 21 22 23 24 25 26 27 28 29 30 31 32 33 34 35 36 37 38 39 40 41 42 43 44 45 46 47 48 49 50 51 52 53 54 55 56 57 58 59 60 61 62 63 64 65 66 67 68 71 72 73 74 75 83
19 170 324 984 1132 2503 2845 5732 4625 7642 6774 8554 5268 6043 4047 4419 2161 2702 1624 1882 819 1101 580 641 280 376 210 220 104 155 71 76 48 46 30 56 30 44 25 33 24 23 13 23 6 10 10 6 15 4 3 11 4 8 5 1 5 5 5 3 2 2 1 2 3 1 1 5 1 1 1 1
19 220 477 2316 3328 12058 16597 58006 58367 177054 180165 445673 341190 758187 594601 1210220 695677 1647337 995715 2113203 984675 2453856 1155492 2383026 898721 2159899 1040230 1928807 755810 1557129 854465 1019568 692925 735924 398102 1341036 696604 1632991 880960 2015065 1116740 1558230 832994 2420947 729762 1296115 1150756 965188 2876225 1175549 713846 3928774 1790862 3267913 2252712 563178 3527730 3500818 4563908 5268230 2145660 1932934 1932934 4832335 4783416 1741630 3087735 18557285 3087735 4087968 5392783 24264328
