11 23 35 47 59
443 9124 42078 37056 11297
12007 502032 451072 131904 17138
1394161 24850735132951 15072579129618141186 1468932377863545357 30101137753693
11 23 35 47
101 596 176 2
604 2317 287 2
38914 20090016 553482 5
3 4 5 6 7 8 9 10 11 12 13 14 15 16 17 18 19 20 21 22 23 24 25 26 27 28 29 30 31 32 33 34 35 36 37 38 39 40 41 42 43 44 45 46 47 48 49 50 51 52 53 54 55 56 57 58 59 60 61 62 63 64 65 66 67 68 69 70 71 72 73 74 75 76 77 78 79 80 81 82 83 84 85 86 87 88 89 90 91 92 93 94 95 96 97 98 99 100 101 102 103 104 105 106 107 108 109 110 111 112 113 114 115 116 117 118 119 120 121 122 123 124 125 126 127 128 129 130 131 132 133 134 135 136 137 138 139 140 141 142 143 144 145 146 147 148 149 150 151 152 153 154 155 156 157 158 159 160 161 162 163 164 165 166 167 168 169 170 171 172 173 174 175 176 177 178 179 180 181 182 183 184 185 186 187 188 189 190 191 192 193 194 195 196 197 198 199 200 201 202 203 204 205 206 207 208 209 210 211 212 213 214 215 216 217 218 219 220 221 222 223 224 225 226 227 228 229 230 231 232 233 234 235 236 237 238 239 240 241 242 243 244 245 246 247 248 249 250 251 252 253 254 255 256 257 258 259 260 261 262 263 264 265 266 267 268 269 270 271 272 273 274 275 276 277 278 279 280 281 282 283 284 285 286 287 288 289 290 291 292 293 294 295 296 297 298 299 300 301 302 303 304 305 306 307 308 309 310 311 312 313 314 315 316 317 318 319 320 321 322 323 325 326 327 328 329 330 331 332 333 334 335 336 337 338 340 344 346 347 350 352 353 355 356 358 360 362 368 374 376 377 380
386 1768 4244 8593 14282 19817 25694 29507 31202 32239 32374 30596 30177 29199 27021 26179 25773 23239 23219 22253 20960 20546 20040 18482 18655 18041 16920 16473 16243 14940 15111 14411 13854 13384 13420 12247 12286 11923 11357 11088 11198 10156 10211 9791 9277 9239 9133 8237 8476 8252 7841 7432 7588 6923 7263 6892 6575 6366 6490 5767 5927 5678 5451 5189 5265 4743 5019 4722 4506 4501 4590 4044 4103 3919 3853 3719 3782 3573 3623 3391 3265 3089 3200 2964 2849 2937 2851 2574 2658 2441 2417 2364 2238 2149 2266 2014 1960 1997 1930 1823 1831 1751 1670 1667 1573 1561 1552 1508 1418 1422 1338 1278 1278 1205 1178 1249 1128 1098 1106 981 955 978 906 900 924 881 838 819 778 756 781 766 694 724 629 644 604 541 534 610 543 507 506 478 511 496 459 436 476 379 385 449 398 334 388 343 343 403 341 334 321 292 279 292 281 251 295 257 266 261 233 229 236 234 231 219 208 231 194 213 187 173 148 180 193 167 155 181 164 153 143 140 157 140 131 142 138 121 133 117 100 92 92 73 92 94 82 68 77 90 68 68 85 71 78 63 80 71 51 74 57 90 60 42 54 45 44 53 36 50 44 48 59 37 51 35 50 37 33 38 28 36 28 23 31 42 15 32 26 23 25 27 25 47 18 24 18 21 19 21 19 25 19 17 24 13 14 18 23 18 12 11 19 11 13 14 11 16 7 7 3 5 11 12 14 9 7 6 8 9 6 3 11 12 3 7 6 6 6 6 1 3 4 6 3 2 1 6 8 3 5 7 8 3 1 6 3 7 3 3 4 5 6 1 2 4 5 1 4 4 1 2 1 2 3 1 3 1 1 1 1 1 1 1 1 1 1 1 1 2 1 1
386 1935 5945 16249 38650 77691 145161 260531 413910 647593 983355 1401303 1985649 2819073 3664660 4891371 6599392 8127042 10594877 13858731 17037603 21384710 26911333 32780976 40997005 51413353 60714640 73081861 91107848 105469875 128159548 156611921 183162396 214672885 261164008 298207688 356774127 425829629 489386139 576350601 701413314 759016971 898971018 1069512221 1210879527 1394507761 1646211912 1784059878 2129838790 2475924083 2814520313 3017373120 3700442501 3979411609 4712619951 5532705815 6059067711 6697343975 8080667586 8405010745 9947180539 11215148940 12388211347 13493972155 15697147500 16707244945 19643269941 21768693180 24472186574 27671617209 32458892186 32981410100 37220256068 41284592172 47413900146 51560912845 61507754920 65656638817 75956321088 81221203653 89009327990 93140439986 111019619589 116527138094 127440384746 149885554632 171218231308 164748944921 201637291091 202524687040 228926870971 249240576324 280761714797 297815549484 348230201080 349139983174 370794215477 433923490132 480839515393 493215057437 580235057947 619215242233 647803390230 723046912641 787200519981 828961813885 955745717176 1035150098356 1101079895972 1201086531300 1298926534503 1336170905882 1436351155695 1601374379765 1699223432735 2022693734675 2112466429594 2217187402414 2432141668168 2479144196633 2524820428218 2911606083024 3061928130662 3338560339916 3886097959802 4142473838604 4299237874708 4591428237431 4893908870177 5181838893081 6023556871782 6812690305680 6410561132128 7664625593032 7364970238120 8001179021857 8383035019987 8478677890082 9248213159656 11752353547360 11950315880063 11373268515646 12798664515333 13782027005714 15329065791240 16488139392203 17745697938111 17712707548366 20614218245883 19318220866114 20567976678559 27132753902455 26521597352477 23643137544585 32487611230144 31385449404936 33005701410924 42981631636742 40812971693182 39719156195091 44110894532323 43389317949590 44221310645013 51469751957962 57346845597076 56927119409476 70066628678348 69116725442695 73746429382738 81822795673815 83916803986414 83957598952840 98991503429139 108525436228492 109977944055697 112334457361318 119886019892470 137245858689685 131131457047055 171649898343275 147583470338293 159363559742146 156881656877725 196409871309693 215097454786581 229197007685367 221822158276815 271792180921062 277492641632669 266500214920587 286594999288498 324952291849701 361011212391422 381972537767624 392102594081016 456835678934697 499247467578826 455482843909678 519175184800694 498377188652050 456467926572257 490389378469379 511635193885243 476430720061668 586904192535585 671743757638361 617357681561843 575049906582535 741881902076795 1006619077558266 750797376897127 812276296426505 1145734082164303 962954759256288 1213178208588170 1096464191893708 1415998331156284 1479000107938821 979471510875496 1606779843772460 1338323650098368 2214625031315094 1557800697381973 1343742037329018 1803584698539289 1530254369222678 1683254058500339 2165782942801768 1572856602742409 2526999684663154 2333534306375960 2622167341888332 3667461243938251 2524125984513122 3439629976199057 2828188099818822 4533203613013390 3353777618212555 3362832446768363 3988625477962047 2775205490698872 4782310287709488 4005783687077353 3618140285979625 5318276695064511 7176772834434307 2957813936960614 6454943479132436 5712450432781838 5972878517218522 5823405433004352 7803558518325918 7662703518690669 14072792288684952 6946153913748762 8537588988024219 7416467445667452 8507477596031603 8057226465785407 9935718122143104 9805579569762267 14058882236579476 12403253058210697 11363263498058215 15841045617031813 10168751755322248 11187106051069536 15896632370065131 22827337138672464 17210145592725716 13970289092603626 12926533935203360 22028536314064352 14820930310208070 18872214033213185 25661020355118530 17095890948437455 30255882179326074 15744822640609540 13862971799524228 6277438016832666 11311797225722970 29419030412300454 33991986638103259 39702620842339630 30068073621791298 23783088083907411 20895197720089198 30586903315660269 44652475611872007 30165448896737247 13940544310273856 65872825827108208 65921425814619528 17702520456141635 43619077909619324 46844246940903845 43849960602433998 47630807003225784 49952233981224195 8620496275465025 29792917177210503 41902966090050018 66278619931112829 34306626233466312 25431435914287169 13162217895057704 100879218804114413 140673909837604622 49893753204806621 90842825165095682 137430110412085453 167342760474495290 67458109348327565 24650106150830490 153197741353190448 84915061022988009 208240950631206826 97464880054399962 102090203090348314 146624172199685061 210911877670818775 268585590246221504 45772358543578028 104924088457657282 220931850567451508 292629253744748210 64325374609114550 275339543784295400 284976347615848378 78801255302666615 163102070938891734 90175434980549623 192900220384405520 296051686706140845 117949491546113972 462130792138728090 175943559810422753 188008647052292980 229272286871217150 261578907351144125 279363328483702152 318555973788329084 340122810048577428 387632532919029223 441622981929358437 502957566506000020 741433159884081684 1089657644424399782 2476115588238250170 1319510599727473500 1596675274490756791
3 4 5 6 7 8 9 10 11 12 13 14 15 16 17 18 19 20 21 22 23 24 25 26 27 28 29 30 31 32 33 34 35 36 37 38 39 40 41 42 43 44 46 47 48 49 50 51 52 53 54 56 60 63 81
8 41 55 149 108 244 181 317 222 334 176 200 164 161 79 120 61 83 41 63 29 43 39 34 24 38 20 22 16 17 6 9 9 17 6 8 6 11 2 7 3 10 1 2 2 1 3 1 7 3 2 2 1 1 1
8 49 86 350 355 1423 1255 4156 3600 10182 6447 12843 14027 21529 11857 27411 17014 33410 22286 49996 25848 51458 49171 64382 50970 96473 64470 118578 62393 93208 36061 82849 92152 246216 104919 144534 126539 337682 63382 356972 189597 512884 74676 218362 181523 75175 406258 105558 1245760 525024 646045 761475 386155 715220 12132164
