27 39 51 63 75
6294 34690 35060 20465 3484
934193 711470 202160 54006 3861
7561450913601787375 40262717926216741675 7065681810884766845 87020094143641167 4906482934
27 39 51
765 445 45
5292 949 59
172493343 16357292 45715
3 4 5 6 7 8 9 10 11 12 13 14 15 16 17 18 19 20 21 22 23 24 25 26 27 28 29 30 31 32 33 34 35 36 37 38 39 40 41 42 43 44 45 46 47 48 49 50 51 52 53 54 55 56 57 58 59 60 61 62 63 64 65 66 67 68 69 70 71 72 73 74 75 76 77 78 79 80 81 82 83 84 85 86 87 88 89 90 91 92 93 94 95 96 97 98 99 100 101 102 103 104 105 106 107 108 109 110 111 112 113 114 115 116 117 118 119 120 121 122 123 124 125 126 127 128 129 130 131 132 133 134 135 136 137 138 139 140 141 142 143 144 145 146 147 148 149 150 151 152 153 154 155 156 157 158 159 160 161 162 163 164 165 166 167 168 169 170 171 172 173 174 175 176 177 178 179 180 181 182 183 184 185 186 187 188 189 190 191 192 193 194 195 196 197 198 199 200 201 202 203 204 205 206 207 208 209 210 211 212 213 214 215 216 217 218 219 220 221 222 223 224 225 226 227 228 229 230 231 232 233 234 235 236 237 238 239 240 241 242 243 244 245 246 247 248 249 250 251 252 253 254 255 256 257 258 259 260 261 262 263 264 265 266 267 268 269 270 271 272 273 274 275 276 277 278 279 280 281 282 283 284 285 286 287 288 289 290 291 292 293 294 295 296 297 298 299 300 301 302 303 304 305 306 307 308 309 310 311 312 313 314 315 316 317 318 319 320 321 322 323 324 325 326 327 328 329 330 331 332 333 334 335 336 337 338 339 340 341 342 343 344 345 346 347 348 350 351 352 353 355 356 357 358 359 360 362 364 365 366 367 368 381 382 391
296 1520 3967 8541 15673 25615 34528 42763 48542 51931 53624 51091 50986 48895 47320 45204 44042 41779 41059 38367 37377 36033 35756 33199 32746 31170 30031 28994 28037 27300 26564 25599 24239 23827 23246 21767 21306 21092 19814 19524 18915 18136 17857 17313 16129 16402 15664 14865 14494 14180 13335 13469 12816 12692 12163 11960 10995 11472 10960 10433 10143 10204 9463 9482 9157 8819 8567 8567 7777 8055 7671 7468 7164 7285 6408 6929 6383 6387 6223 6155 5555 5811 5366 5293 4994 5239 4706 4979 4739 4493 4324 4405 3928 4315 3980 3893 3679 3742 3448 3644 3266 3344 3258 3319 2868 3127 2839 2781 2727 2890 2537 2791 2522 2453 2399 2444 2139 2316 2224 2216 2109 2073 1842 2034 1743 1840 1646 1804 1502 1690 1478 1528 1434 1499 1351 1399 1245 1314 1232 1169 1112 1225 1043 1128 1005 1033 895 1033 845 927 842 856 768 823 721 774 734 757 668 739 655 672 617 658 640 647 539 568 568 515 449 469 464 487 466 447 428 445 382 335 361 316 351 331 355 278 296 257 335 294 293 265 330 237 240 235 227 243 244 210 261 221 208 180 221 198 188 200 166 200 165 134 182 173 188 164 210 115 125 140 140 127 114 129 131 135 114 118 90 100 114 93 90 91 85 89 90 96 92 86 73 72 71 72 67 93 64 58 71 63 51 61 61 61 54 64 56 81 54 35 102 65 34 68 56 27 33 33 33 56 38 35 48 28 23 38 25 28 24 32 25 28 27 10 21 26 14 27 27 18 17 23 10 19 20 14 24 22 10 12 18 13 18 21 17 19 12 21 15 27 6 14 37 4 12 9 12 14 12 9 7 7 7 10 8 13 7 7 6 4 8 3 4 10 4 7 3 1 3 5 2 6 3 2 1 1 1 2 2 3 2 2 1 1 2 4 2 1 4 3 1 19 1 1 1
296 1642 5453 15859 39104 91344 180422 334028 572803 932398 1448121 2106898 3116139 4294651 6018655 8082157 10930009 14264272 18845755 23229530 30831498 37946448 49485306 59124995 76017333 90743287 113125530 134432023 166750148 201957438 247528797 287225495 347003350 412061815 493360494 563405014 680450374 789095871 942390233 1079516174 1279714221 1480234111 1725329149 1954461230 2295967255 2660014265 3062686792 3409690788 4030376108 4481681793 5153830086 5982296057 6777517984 7782244678 8917693980 9752511632 11078152121 12973880209 14501970920 16054034052 18763576744 21142877597 23719520925 26450727830 29925168176 33060891675 37890080197 41632639585 45381085407 51224164155 57564376469 62708782533 72866769985 79758298197 85491593222 98923259024 108260713960 118704867893 139874392644 145653265892 161628962995 184384014296 194525535756 212800412788 242292004410 263281709980 288283089278 326533229763 379087812986 393254154149 434866458218 471118953287 496476823187 595698242530 626043691706 686310097777 761135730990 811994318803 906520889802 1015810744332 1069786631477 1204666125789 1344239765562 1462463390016 1507252538177 1752754755903 1849082334126 1983313077286 2234889816789 2542163720378 2618942543049 3143987505219 3211763084438 3409492289579 3827883997742 4220158228167 4359693316725 4905183035979 5625736041044 5951396230716 6449483171569 7112790657028 6916576144263 8526197457116 8304774548522 9492489795773 9868805978905 11176045667738 10450529888265 13096729375923 12353754470667 14787940664204 15195392713653 18319965375799 17964433954244 19098677054434 20244246996211 23565239147296 24919424788115 25581049589579 25569466496230 32010587456630 30141136616907 36608527887517 34231411032503 40305351098953 37332905184745 48580453505236 43191470988020 53471997758587 52380540522023 59919196905303 56585265299589 70236483211260 67051933637104 80100085441976 76232351620672 95085370523171 89180334085947 108835391602614 101353833186026 125143154035790 116258274863753 141455623887658 138207904320886 162938444720436 154600636155798 169383085295640 184191052387428 198390016507004 170961818617565 205620225413953 217041253666223 244044588924300 254807071707295 283570225939019 276366264066084 312450890342763 306072712401540 287208726322135 321086935778772 341602455549368 384082635285726 393976262605778 480073690879170 401773428196193 490278362805388 426089501339734 630498243831341 569349392342699 652673642447815 622831323138951 830145770206235 684226086678792 724937733932366 765655779862655 864965930460275 937411167344214 1098702755631623 976221793771762 1449745669348692 1171339494019163 1321421417722853 1149159008740300 1514727168080706 1540668686370360 1703225271637877 1821050387914457 1664706271876201 2174261267466458 1914084291895328 1758069940313692 2425382763356431 2421919911995293 3003577806433326 2898603445688334 4474996461811844 2428971633682763 2719529139046841 3276204928260797 3683303549261156 3503944367402882 3304358414780552 4173494151795510 4728291123143617 5077651241146246 4744502791077462 5416470831943715 4192280700498929 5521878813755130 6619417792004018 5803929323548094 6445469857413381 6657094346149036 6398584829696745 7628669733784755 8119352970980999 9910962791231114 9879866756771113 10255055628200625 9001192827717997 11403838625159470 11000493388211976 10614580484688118 11741939001141458 17759629666909255 12695988733336275 11646084197781434 16341523642206190 15641388277821353 13869060199541163 19512099070614186 18480923184953925 19276225871187808 19942722018308440 24924440878635767 22942407990041296 33232796326269342 24296872759773197 16693035173755442 56491774998707257 37378390821370677 20880747808452915 46503640811823686 39825162376520224 24154643050564355 27051441582593890 30650847505740213 31037183862781764 64806022251546553 42536649442585492 48742679076973812 61153922363565342 37113295201161282 35654875404293687 64731371342787400 41547892310542251 54905592234167329 52924160232603372 66214320509915748 62485856670359678 79228470078251806 69958823994563099 25985287680962491 63942910341024137 89937558403642186 51986882743410608 117046937352055962 111232517535975893 95982930078332166 78153045702764247 106652316425718764 60638454757354536 122722264337516054 125789695173637860 116990064984732650 184501931660914922 162269413053763125 78099750623700576 115964964732334470 157699279603404758 148727216443257531 193046628496538547 238352341342440783 231211869380664163 311195449859877820 160815949051359351 302637656412343239 231531626270747786 482697745512236547 106999697131789908 340124604781736295 747848136589226695 92000026621949348 284250577342563809 232445164253889426 328324967847373974 410418416315872769 376886852047857708 426973136605014854 255973938622622045 266211159937740367 287922496215864052 439577902390040288 379112008715263612 857290745954179237 378317983253937431 397044962516912278 364852123807447270 454787133600761150 569952695231696756 220959863585551017 326204141877783468 872381253083873710 373251090345504766 1081055280502828055 316610793068763422 117949491546113972 362007500926024299 639253251958486940 269638361246603040 1192646135629799448 472724673924913104 351887119620845506 188008647052292980 200882556287683159 229272286871217150 489809074910764812 523157814702288250 838089985451106456 637111947576658168 680245620097154856 363117512048110005 387632532919029223 827532361866684724 1766491927717433748 1005915133012000040 572612058898037559 2443593615007536404 1955066639991620877 695143713458946040 14087230037797551996 1701169427975813525 1812356499739472950 3192707518433532826
3 4 5 6 7 8 9 10 11 12 13 14 15 16 17 18 19 20 21 22 23 24 25 26 27 28 29 30 31 32 33 34 35 36 37 38 39 40 41 42 43 44 45 46 47 48 49 50 51 52 53 54 55 56 58 59 60 61 62 63 64 65 66 68 70 71 74 78
5 49 38 199 136 396 228 494 271 509 248 443 199 334 141 327 136 270 99 225 84 145 67 145 63 137 49 116 37 78 34 74 25 75 32 54 17 26 14 27 6 34 16 31 12 23 6 12 8 18 6 17 3 2 6 3 10 1 7 4 7 1 6 5 5 2 2 1
5 62 58 534 428 2222 1520 6478 4280 15510 8576 29805 15207 43921 21553 91320 37782 122969 43611 170965 75954 187694 87221 322626 156595 440465 177571 588949 187458 702444 253630 870039 349579 1369857 454799 1537197 399867 867727 453689 1491726 244013 2459742 1105315 3182570 1053726 4206233 581485 3196312 1655051 5245217 1620003 12677500 1111450 1225356 4642099 2349942 14518947 715220 6375778 5006540 11579391 2243010 22597030 10870997 17776509 8447113 16438908 14179000
