13 25 37 49 61
1206 17386 48751 31617 1031
15663 454150 284301 68791 1031
2179630 15408287925206158 12824693568643591677 49459969399969910 9370391
13 25 37 49
181 590 90 1
1057 1365 119 1
62662 65707793 496440 3
3 4 5 6 7 8 9 10 11 12 13 14 15 16 17 18 19 20 21 22 23 24 25 26 27 28 29 30 31 32 33 34 35 36 37 38 39 40 41 42 43 44 45 46 47 48 49 50 51 52 53 54 55 56 57 58 59 60 61 62 63 64 65 66 67 68 69 70 71 72 73 74 75 76 77 78 79 80 81 82 83 84 85 86 87 88 89 90 91 92 93 94 95 96 97 98 99 100 101 102 103 104 105 106 107 108 109 110 111 112 113 114 115 116 117 118 119 120 121 122 123 124 125 126 127 128 129 130 131 132 133 134 135 136 137 138 139 140 141 142 143 144 145 146 147 148 149 150 151 152 153 154 155 156 157 158 159 160 161 162 163 164 165 166 167 168 169 170 171 172 173 174 175 176 177 178 179 180 181 182 183 184 185 186 187 188 189 190 191 192 193 194 195 196 197 198 199 200 201 202 203 204 205 206 207 208 209 210 211 212 213 214 215 216 217 218 219 220 221 222 223 224 225 226 227 228 229 230 231 232 233 234 235 236 237 238 239 240 241 242 243 244 245 246 247 248 249 250 251 252 253 254 255 256 257 258 259 260 261 262 263 264 265 266 267 268 269 270 271 272 273 274 275 276 277 278 279 280 281 282 283 284 285 286 287 288 289 290 291 292 293 294 295 296 297 298 299 300 301 302 303 304 305 306 307 308 309 310 311 312 313 314 315 316 317 318 319 320 321 322 323 324 325 326 327 328 329 330 331 337 338 339 340 341 342 343 346 347 350 352 353 354 355 356 359 362 364 370 371 376 377
399 1712 4018 7691 12029 15767 19154 21871 22594 22852 22664 21886 21168 20039 19558 18490 17752 17130 16101 15672 14931 14668 13954 13581 13036 12706 12245 11907 11582 11204 10782 10490 10009 9837 9636 9122 8969 8849 8387 8259 7772 7649 7451 7411 6996 6709 6529 6442 6255 6099 5702 5700 5608 5332 5137 5053 4803 4766 4656 4510 4423 4343 4168 4085 3902 3690 3636 3610 3388 3376 3248 3212 3051 3097 2825 2814 2721 2683 2628 2540 2442 2399 2378 2294 2228 2234 2027 2072 2062 1897 1855 1845 1709 1692 1638 1594 1568 1654 1452 1547 1415 1413 1333 1364 1195 1238 1271 1202 1191 1123 1074 1112 1070 1030 987 1036 928 906 880 830 845 785 769 781 777 660 691 735 666 658 652 636 645 635 554 537 549 541 531 513 476 467 473 429 454 431 415 425 400 404 391 411 378 356 342 361 356 340 320 278 290 256 279 251 270 281 231 229 243 224 234 213 212 199 197 204 183 203 182 165 201 183 168 172 160 151 145 153 149 138 156 135 126 137 118 121 111 116 112 119 108 113 108 103 95 101 101 83 95 80 71 74 65 80 67 77 70 79 61 58 57 67 61 53 48 48 45 51 48 54 46 51 41 36 38 28 34 32 38 25 29 24 32 36 28 27 33 31 24 18 23 23 19 19 18 16 18 24 15 15 16 16 21 18 12 16 17 15 21 20 12 16 8 9 7 9 12 11 5 8 8 9 5 4 5 4 7 5 5 5 2 5 7 6 7 4 5 6 9 3 4 3 9 4 1 2 4 4 4 4 2 5 2 3 1 1 6 3 2 1 1 3 1 1 3 1 1 1 1 2 1 1 1 2 1 1 1 1 1 1 1 2 1 1 1 1 1 2 1 1 1
399 1856 5665 14964 33577 65772 118400 207584 328230 500864 743413 1063780 1481736 2029434 2786634 3559097 4771897 6099709 7662862 9896658 12339684 15558154 19266693 24077511 28948741 36136973 44017027 52334796 65745880 78563470 92709132 111874253 132622599 159113518 189767229 218426444 258904775 309536441 368519149 421771945 483780749 566860360 654833236 792000485 898101260 1001928296 1188304370 1359487043 1540415123 1835242517 1991799073 2327029037 2694934381 3031918849 3414015031 3882492077 4371458814 4950298777 5712686996 6450732564 7260304622 8367953444 9286943775 10437956693 11855140456 12669617363 14545453148 16393963080 18165586765 20298879292 22946135921 25277638135 27677439303 32933152110 33684525857 37689417467 43316408094 47605286194 53305530020 58250672772 63574141965 70910429108 78232280107 89964925019 95923310977 111879213160 118634511107 131052984863 146495729795 157968747427 165967646438 194907883697 198039953973 224161420361 251857089421 263703352098 287112391636 348374888863 352517697432 405861821519 422046836353 479391930203 501919494222 577524885141 557954818761 667735848309 750752044636 810685426666 894202043470 971790862353 1029403743865 1126284407137 1254831057574 1382966545658 1448923555996 1745581997771 1709838781924 1829658344987 2026289567642 2104058374141 2286193064792 2444877021049 2619989615649 3009776681692 3354071340879 3122961495795 3565062297898 4110845826986 4222853756154 4751875124869 5123115754908 5574034359081 6134961656849 7051332339620 6747301700008 7260166634864 7816598917489 8476050199172 8894302068279 10044861037604 10164323225070 11471167128696 12309445712125 12574921215499 14409858425006 14791201551246 16259789135545 17909327422985 18178027245729 21463074160551 21933075474588 25005074837767 24601039432793 26375867950108 28907136215265 31658928234299 34681019293362 38549438257570 40539939791508 35159957572057 41399909276772 39420497723719 47841188622122 46383165780101 61316699691158 66272161803539 56157534033759 61222709579276 68021564533617 78945391521191 82885091676060 82139585800455 87139270664085 96962523026473 104545309027418 109781939960146 110874622062654 135441305270035 137747050206040 150327545236385 175957528976113 167395428310545 164434533845882 194533802946150 192537847414238 205007024951103 211160646657779 256967249582239 268079755539720 270326762340147 305416979475748 282532958119308 310557203722635 374098265374724 354839984261242 406774646468740 379660496203419 447524739143073 459354441508498 585432215150872 482480324481042 611606026939417 635309141726257 631362684818856 659982239131291 759524695992381 758669798817402 675198429716590 884477609190951 839812371118499 748120940188713 868688087907116 827972457898855 1003211166602998 986909930521942 1331336478102196 1243520633881045 1584948297223921 1325752901400222 1400918198691208 1391723928138818 1778165752160808 1721109883085249 1725213115141119 1797793029297767 1887021553869350 1793986683538068 2102295304077087 2221362160501009 2843967794209452 2420941932694230 3363369407735395 3098754980929901 2354414399542509 3063630591623109 1995569718856464 3059547137922317 3165768949648123 3647894437260706 2961315632433753 3423708775434507 3109694979958576 4379515778390878 5262670783503919 4520498870843172 4577319856016450 5940056903816337 6485294386853972 5078445964333386 4130856030838969 5269524077667860 6455792985745588 5357654681604143 6345917938613074 6179773546591071 5974731272135407 7127537727302802 10090529916977977 6690269585234190 7016605346785610 9206416118610612 8555640050720039 13054887505562595 11856020948928265 8903612622324938 12805635665092020 13299099236268857 13732620933926867 18162207915589260 19700704890926210 13674125471015885 20294950046784170 10629015428772565 13689691806269464 10899205463958660 16658434652330185 21758980805860434 23189426472628794 8945677835820660 17646123928258220 17256369575245246 23122892952411525 12704762950228490 13088604137232164 14282535748883735 12419343395376546 22833303504556307 21404891368257758 22735058992681425 20216543541642456 8438777057174190 24022405352789222 40787969518184612 32572091285112831 45817483915894660 25052876018349206 34350074703862412 56240516087881401 91406830861424376 32711241430294145 36379745085635831 28437138265850705 93736904572503537 44185746620741886 12269218019229465 26324435790115408 56474650661120020 60571810955428776 62765478549373714 67307933337953916 37342976599200728 114720806723555346 42916192074705782 65916198730193119 23000006655487337 26415807633566326 164162483923686987 88957384320681931 62814475341309618 34800954869440830 37274405776748077 117113536830748059 42748078035954696 45772358543578028 143783645814053778 52462044228828641 52462044228828641 60105349839666544 64325374609114550 192900220384405520 103151466321735325 110307860425292772 117949491546113972 252217035667592710 134819180623301520 144117936527873832 175943559810422753 188008647052292980 229272286871217150 261578907351144125 279363328483702152 596660126125516152 318555973788329084 340122810048577428 413766180933342362 502957566506000020 572612058898037559 1686501577125056854 899175348396088349 1238057794119125085 1319510599727473500
3 4 5 6 7 8 9 10 11 12 13 14 15 16 17 18 19 20 21 22 23 24 25 26 27 28 29 30 31 32 33 34 35 36 37 38 39 40 41 42 44 45 46 47 48 49 50 51 52 53 54 55 56 57 58 59 62 63 70 73 92
3 27 29 132 102 235 153 251 179 219 120 196 100 118 77 82 53 57 28 40 26 34 19 27 19 22 14 15 12 10 14 16 4 11 8 12 5 9 5 5 3 6 9 3 6 1 3 2 3 2 2 1 1 3 2 2 1 1 1 1 1
3 35 45 344 304 1303 1089 3283 3110 6402 4083 13055 8161 16413 12124 20887 14407 23739 14599 28270 18935 40777 24050 63112 42026 61124 49416 75490 55468 66030 96831 154366 22615 153038 91767 339798 98446 302210 157956 158456 137046 332311 559141 195514 676707 75175 494942 406258 1073314 716778 612678 239943 408452 2086128 1158465 1046017 1228308 1430440 3483260 3554345 44108109
