14 25 26 37 38 49 50
336 273 1855 178 702 29 100
5867 718 4825 227 926 31 105
134413 216595 1827190 46410 176283 1798 5001
14 25 26 37 38 49 50
336 273 1855 178 702 29 100
5867 718 4825 227 926 31 105
134413 216595 1827190 46410 176283 1798 5001
3 4 5 6 7 8 9 10 11 12 13 14 15 16 17 18 19 20 21 22 23 24 25 26 27 28 29 30 31 32 33 34 35 36 37 38 39 40 41 42 43 44 45 48
59 265 581 959 1340 1639 1388 1515 1318 895 459 421 420 277 165 170 146 125 99 90 52 38 45 34 24 22 25 19 20 13 20 13 10 1 5 4 6 2 2 4 2 2 4 1
59 299 917 2042 4100 7527 9784 15925 20603 23089 17409 23750 34230 31911 24152 36494 41704 49112 42814 59441 39281 32292 55854 47300 36720 56766 70326 68772 93514 56365 190627 114469 79083 8349 65938 85478 132937 39614 47652 166430 74676 112014 212696 75175
3 4 5 6 7 8 9 10 11 12 13 14 15 16 17 18 19 20 21 22 23 24 25 26 27 28 29 30 31 32 33 34 35 36 37 38 39 40 41 42 43 44 45 48
59 265 581 959 1340 1639 1388 1515 1318 895 459 421 420 277 165 170 146 125 99 90 52 38 45 34 24 22 25 19 20 13 20 13 10 1 5 4 6 2 2 4 2 2 4 1
59 299 917 2042 4100 7527 9784 15925 20603 23089 17409 23750 34230 31911 24152 36494 41704 49112 42814 59441 39281 32292 55854 47300 36720 56766 70326 68772 93514 56365 190627 114469 79083 8349 65938 85478 132937 39614 47652 166430 74676 112014 212696 75175
