4 5 16 17 28 29 40 41 52 53
26 47 800 820 18407 17221 30486 28521 2272 1380
130 283 2574 2537 123680 113742 92250 82797 2464 1408
4248 12196 1105353 2156497 83084344168159716 334855611064649493 1723771157049307340 1371921209732058114 3408686972 320720643
4 5 16 17 28 29 40 41
1 3 32 38 197 171 6 4
1 3 61 79 291 273 7 5
10 26 43647 268016 2423717 2551065 6598 2471
3 4 5 6 7 8 9 10 11 12 13 14 15 16 17 18 19 20 21 22 23 24 25 26 27 28 29 30 31 32 33 34 35 36 37 38 39 40 41 42 43 44 45 46 47 48 49 50 51 52 53 54 55 56 57 58 59 60 61 62 63 64 65 66 67 68 69 70 71 72 73 74 75 76 77 78 79 80 81 82 83 84 85 86 87 88 89 90 91 92 93 94 95 96 97 98 99 100 101 102 103 104 105 106 107 108 109 110 111 112 113 114 115 116 117 118 119 120 121 122 123 124 125 126 127 128 129 130 131 132 133 134 135 136 137 138 139 140 141 142 143 144 145 146 147 148 149 150 151 152 153 154 155 156 157 158 159 160 161 162 163 164 165 166 167 168 169 170 171 172 173 174 175 176 177 178 179 180 181 182 183 184 185 186 187 188 189 190 191 192 193 194 195 196 197 198 199 200 201 202 203 204 205 206 207 208 209 210 211 212 213 214 215 216 217 218 219 220 221 222 223 224 225 226 227 228 229 230 231 232 233 234 235 236 237 238 239 240 241 242 243 244 245 246 247 248 249 250 251 252 253 254 255 256 257 258 259 260 261 262 263 264 265 266 267 268 269 270 271 272 273 274 275 276 277 278 279 280 281 282 283 284 285 286 287 288 289 290 291 292 293 294 295 296 297 298 300 301 302 303 304 305 306 307 309 310 311 313 314 315 316 317 319 320 321 322 323 324 326 327 328 329 330 331 332 333 334 335 336 339 340 341 342 343 344 345 346
313 1084 2578 4382 6424 7778 9041 9373 9703 9504 9547 9065 9082 8539 8337 8131 7806 7507 7599 7182 6886 6709 6635 6350 6382 6102 5927 5712 5764 5393 5490 5212 5170 4929 4812 4704 4607 4427 4405 4358 4020 3957 3974 3883 3832 3665 3701 3512 3496 3328 3233 3223 3200 2946 2932 2859 2800 2763 2766 2575 2544 2435 2403 2340 2278 2261 2125 2040 2086 1982 2096 1985 1943 1880 1762 1762 1757 1614 1616 1544 1472 1477 1519 1488 1387 1361 1310 1345 1269 1227 1193 1163 1117 1121 1076 1108 1073 1038 1025 999 954 926 914 863 833 822 838 738 821 768 776 755 743 693 699 639 618 554 581 561 548 555 553 528 511 523 514 496 449 435 469 419 413 379 419 417 397 394 380 383 372 347 346 325 303 289 271 243 289 247 266 284 263 258 250 243 219 226 197 178 190 198 193 170 169 189 183 180 161 170 161 135 152 139 133 133 126 131 135 132 116 116 134 107 100 94 105 105 94 79 93 92 80 81 84 90 88 65 68 72 62 63 75 67 55 52 68 60 63 65 50 54 50 53 55 42 44 43 41 40 36 36 31 27 40 33 37 22 21 27 34 24 20 20 25 26 28 29 27 26 18 18 19 14 14 11 18 18 15 23 20 16 19 11 12 16 11 10 11 11 13 11 15 15 11 12 8 4 11 7 7 8 10 7 9 10 8 11 10 7 6 5 4 3 2 4 1 3 5 5 3 4 1 4 3 2 2 2 2 2 3 5 2 3 1 2 2 3 1 1 1 1 1 1 2 2 2 2 3 1 1 2 2 2 1 1 1 2 1 1 1 1 1 1 1 1 1
313 1159 3664 8898 19348 35156 61611 98623 154873 227250 336698 465938 664074 882884 1195473 1595263 2076219 2680615 3575169 4505590 5611673 7074008 8977201 10953197 13923778 16985487 20845882 25150662 31615418 37099488 46375589 55218855 67527274 77905898 92289047 109228632 128608792 150081321 183060107 217168278 242473577 286715084 343867501 404772536 481393944 535058512 637591902 694213675 826878792 932277751 1072320347 1276625839 1496195881 1611539307 1862799379 2101799579 2444806079 2806731680 3277073499 3517078962 3922452861 4359637248 5005895318 5628459071 6617054464 7525897320 8075496653 8892113609 10740803261 11518929030 14033423867 15348011424 17010971472 18610771514 19904732918 22667037206 25716275071 27241920213 31684530380 33537629282 38409920743 41253588770 48312201384 54526100158 56983047349 64453389902 67803687851 82186459333 85035464212 93652981529 100771191428 116141795847 122159879230 143748649168 156164537583 172583303301 195128184448 207096302813 231206243964 252428751103 278050162846 295355223691 326808285103 362070454540 382649424391 424768675536 482332762614 455761041231 576698039040 601615188839 690306750182 748506916908 815742055058 860784774444 962528468882 972548891301 1055588534539 1019014317439 1228999900072 1283671741985 1401082238122 1587700240052 1780054337812 1920127513902 2084449152141 2343221120208 2505485979404 2771361013600 2750905638771 2982986898041 3544333229620 3374549106084 3802530881316 3766067388675 4783301181081 5106768717531 5628457158801 6053308453968 6509052294064 7307443520133 7620848229126 7991830925536 8641861430535 8908933952365 9276642166341 9430847040151 10248626124885 9231616754386 12968141421429 11986863630576 14328874142842 16476956423400 16461348730700 18857280874642 19630857790506 20589198925537 19317237512133 22506169648163 21870631844795 20903080347786 25407651493012 29182505217771 31954152317236 32205996790772 32872168462650 41337645702162 44407173174053 46471422965090 46306027668473 52570288356482 53584369898977 49831678475060 60220165563145 62231025502095 64251504149046 74671360566915 76526614290310 86800825534120 96671235306860 105779931142585 101810263152956 106125813359775 132883707356317 113063366842726 125321276961311 119513711789518 140934945430715 157078316987508 157677662821321 142182923014896 188522550249295 203631885561111 185033598410690 195998196431177 227310045545953 268231523248638 284458521550836 234688768281664 269458706790268 294760542581885 299352512774179 309354160608891 410420725802937 386341496189591 333559715968692 351776115028802 511966894594226 511551963252650 568055001404349 637152283072119 543307616522491 622573829222561 600718148259064 722988368478822 814074889207478 633706362162471 702416254727190 785925751009372 812200337110258 845016846103913 859574565042660 959698029681740 864859242829128 829925809711860 1246865010454854 1151003844587514 1425747709247172 835238125535263 865578531892297 1175799691164419 1804848056578845 1362009340293406 1194131185466477 1241106817268804 1746593299464833 1988488523261028 2296591104002237 2586602733697582 2671163785729622 2856075046268525 2162190292466778 2244041080893788 2426120454743988 2137857496603106 2280828876398808 1932005456339677 3307230511943116 3157757200346612 3003496290532994 4875035178094366 4623628392585573 3822182147462042 5165300274127360 3047536740432501 3652549505454235 5296856863268805 4227622986716772 3744417998061545 4498007481978922 5212035011030229 6578425243530134 6561564536334287 8807186678769098 10029259181914091 7656491824317600 9595525045363188 6561138259085143 3237324719857962 10466231032099044 6613617804727580 7125293069558343 8725743975478892 11748064268914695 8809652801825977 13724704594305560 14885112145478575 12749411325239380 18760140445029469 18428498353778580 13564472223108070 12864796951880214 11311797225722970 9985076915474805 8006698957140768 5465746367095070 12640551468595988 3397584011986773 10957292508213159 19356119482028741 20510009908740129 13287894782388867 19150367296317138 4872038056472084 22103349145605487 17702520456141635 12973348254158176 14959130157021168 16060496769886080 17240992550930050 18506165873447204 29792917177210503 53286656162744195 22871084155644208 36807654057688395 14118662665280005 30285905477714388 32479573071659326 56014464898801092 20017426762576945 21458096037352891 23000006655487337 24650106150830490 28305020340996003 30326181989842964 64976586702933308 69601909738881660 74548811553496154 79839131053999982 137317075630734084 49005643635237875 52462044228828641 112313204225748578 120210699679333088 128650749218229100 68834885946073850 73653287861850339 78801255302666615 168601631272450238 90175434980549623 110307860425292772 117949491546113972 126108517833796355 134819180623301520 144117936527873832 154043597379576030 164637479165761044 175943559810422753
3 4 5 6 7 8 9 10 11 12 13 14 15 16 17 18 19 20 21 22 23 24 25 26 27 28 29 30 31 32 33 34 35 36 37 38 39 40 41 43 44 45 46 48 50 51 57 58 63
2 8 13 37 43 54 40 48 35 41 34 18 28 30 27 25 23 21 17 15 7 18 10 6 9 12 8 5 10 9 11 5 5 5 3 3 5 2 6 3 4 4 1 4 2 1 1 1 1
2 9 21 98 141 289 286 614 593 1220 1172 1178 1981 3623 4241 5395 5592 7619 6680 8846 4985 17026 12331 8912 21774 34332 29970 24486 45516 41232 75340 49084 65132 72355 40812 47073 105317 66696 212043 109230 202801 226414 53174 375875 316674 124754 659862 772310 1430440
