0 1 2 3 5 7 8 10 11 12 14 15 16 17 18 19 20 21 22 23 24 25 26
1 1 1 2 2 3 1 3 1 4 2 2 5 2 1 4 1 2 1 2 1 1 1
1 1 1 2 2 4 1 4 1 4 3 2 7 4 1 7 1 2 1 2 1 1 1
25 1 1 2 6 5 1 22 2 14 9 8 28 19 1 137 22 78 5 23 5 2 1
0 1 2 3 5 7 8 10 11 12 14 15 16 17 18 19 20 21 22 23 24 25 26
1 1 1 2 2 3 1 3 1 4 2 2 5 2 1 4 1 2 1 2 1 1 1
1 1 1 2 2 4 1 4 1 4 3 2 7 4 1 7 1 2 1 2 1 1 1
25 1 1 2 6 5 1 22 2 14 9 8 28 19 1 137 22 78 5 23 5 2 1
2 3 4 5 6 7 8 9 10 13 14 15
6 16 4 6 9 3 2 3 2 1 1 1
6 16 9 13 40 15 41 37 44 42 77 77
2 3 4 5 6 7 8 9 10 13 14 15
6 16 4 6 9 3 2 3 2 1 1 1
6 16 9 13 40 15 41 37 44 42 77 77
