11 23 35 47 59
502 11841 46677 37725 3245
6456 387687 320252 93012 3439
563045 13901448049640 10663472877831576531 202116089006751489 2488225643
11 23 35 47
82 605 164 3
377 1765 228 3
16419 68635600 1204366 14
3 4 5 6 7 8 9 10 11 12 13 14 15 16 17 18 19 20 21 22 23 24 25 26 27 28 29 30 31 32 33 34 35 36 37 38 39 40 41 42 43 44 45 46 47 48 49 50 51 52 53 54 55 56 57 58 59 60 61 62 63 64 65 66 67 68 69 70 71 72 73 74 75 76 77 78 79 80 81 82 83 84 85 86 87 88 89 90 91 92 93 94 95 96 97 98 99 100 101 102 103 104 105 106 107 108 109 110 111 112 113 114 115 116 117 118 119 120 121 122 123 124 125 126 127 128 129 130 131 132 133 134 135 136 137 138 139 140 141 142 143 144 145 146 147 148 149 150 151 152 153 154 155 156 157 158 159 160 161 162 163 164 165 166 167 168 169 170 171 172 173 174 175 176 177 178 179 180 181 182 183 184 185 186 187 188 189 190 191 192 193 194 195 196 197 198 199 200 201 202 203 204 205 206 207 208 209 210 211 212 213 214 215 216 217 218 219 220 221 222 223 224 225 226 227 228 229 230 231 232 233 234 235 236 237 238 239 240 241 242 243 244 245 246 247 248 249 250 251 252 253 254 255 256 257 258 259 260 261 262 263 264 265 266 267 268 269 270 271 272 273 274 275 276 277 278 279 280 281 282 283 284 285 286 287 288 289 290 291 292 293 294 295 296 297 298 299 300 301 302 303 304 305 306 307 308 309 310 311 312 313 314 315 316 317 318 319 320 321 323 324 325 326 327 328 329 330 332 333 334 340 344 345 347 349 350 351 352 354 358 360 361 377 381
381 1706 3865 7393 11306 15331 19311 21729 23181 23732 23682 22221 22071 20952 20181 19210 18662 17472 17101 16157 15900 15067 14861 13785 13674 12989 12619 12149 12217 11106 11336 10535 10274 9771 9567 9042 9056 8448 8462 8071 7979 7411 7322 6989 6865 6506 6594 6084 6056 5704 5536 5498 5247 5032 5122 4766 4680 4468 4428 4147 4128 3947 3828 3738 3604 3349 3420 3216 3060 3132 3023 2751 2844 2723 2613 2529 2480 2290 2326 2194 2154 2071 2072 1968 2016 1794 1868 1817 1790 1671 1733 1577 1588 1468 1462 1351 1384 1311 1272 1283 1122 1115 1101 1106 1016 997 1017 1036 975 905 858 881 852 830 808 780 756 742 722 679 685 631 632 616 621 539 571 526 570 539 512 503 507 474 490 459 440 418 445 406 391 398 362 356 316 324 369 324 334 303 307 307 296 298 303 272 293 281 275 252 228 214 228 226 223 217 210 212 213 190 180 180 175 159 183 189 183 152 163 158 157 152 135 147 120 128 165 140 110 116 85 119 114 119 107 117 102 106 95 85 97 83 95 81 86 78 79 91 77 83 85 66 60 65 69 67 61 51 62 51 45 47 57 44 63 55 58 53 48 50 44 52 45 41 53 44 40 33 30 38 29 26 24 27 19 31 32 31 29 22 25 24 27 23 14 25 22 24 21 12 20 18 16 23 13 18 22 18 10 15 11 20 21 8 10 13 14 7 8 15 5 14 7 13 7 3 9 3 5 5 7 14 7 8 5 2 6 5 5 4 3 3 4 4 3 4 6 6 4 1 2 3 2 1 3 2 3 1 4 3 2 2 6 1 2 3 2 1 1 2 1 1 1 1 1 1 1 1 2 2 1 2 1 1
381 1848 5480 14413 32083 63322 119173 203340 328805 512061 764780 1069191 1540346 2114134 2860258 3757556 5001475 6313444 8326499 10355239 13298055 16507081 20842778 25108355 31691415 38338860 47211013 56707983 71996210 81662669 103112105 119152645 141149310 165084570 199674914 231144986 282357604 315653252 387351605 439231957 525639827 579976596 684774462 781631336 913127516 1024935128 1247574361 1340422968 1597314420 1770498221 2008340905 2364220326 2617255632 3003202347 3568364885 3881637839 4442461190 4868866066 5715329918 6058839624 7045482792 7972717278 8959873472 10021637874 11576617231 11861338402 14250897394 15301442425 16495882966 19376460323 22431415257 22729064835 26601202511 28841187869 32895167534 35321324973 40944664154 40120124862 49710629584 52220248482 58983036960 63841871671 73351683116 78294310932 92460855577 90630729105 110473971105 116430328382 135157686252 141971487511 170411320942 173139480425 193546066791 194901633198 230757753516 232210940859 270913345294 277936124075 311683597396 351220148720 346264309852 363061761730 403516615919 455280688594 491408585237 537096171036 610803094117 663558740961 733060230324 738500650111 806668504169 918752774438 982030737055 1035129287116 1169953676784 1353404738296 1360142785499 1450458506592 1596208863471 1676821839507 1975452475831 1968882847026 2157686834079 2293481212849 2715592520761 2489590951828 3083607436576 2888189472981 3433032155091 3811816676481 4094202978711 4120389800157 4765810839989 4825443049258 5913261465812 5885807181612 6124620546882 6208850506136 7639526411015 7623854694102 8628669279174 9073416367978 8570701081851 9657191593128 9744910015035 10351309529780 13537157832007 12961367964660 14386911344772 15723840747077 16634765785649 17911130910065 19153476861064 22230238011968 23807680939386 23427346056206 27489483886844 28808125657465 28797206968025 33223244033356 32251336556592 32568194821075 39018172856502 39548645632154 44620991984744 45531687226877 50448946477540 57253344415385 59474988087194 59373017726939 59436923255262 66620742707274 76668721844139 74399637649320 96798790891608 102563400418685 108844059434260 100823161573970 111402849304715 118082956030755 128804390204590 146026177859003 135304840674609 165114551556377 145020476789714 167618130433860 234287416339055 207690365100136 188592820645420 238447843504991 164250325430437 249253663834540 270976305085871 312638721990990 308399390165400 369128626428989 347104480553059 380604400692668 355630993488595 364944861059042 422037688549285 439719010061879 541608735652995 461303626335249 567114972492340 534566679944535 618354492529537 760344691940905 729466183764119 846471365960950 877889082278568 751414804052447 717170751205891 904034436882319 1052054756431783 1023172100645618 1019451413478136 959693939874883 1219484037098653 1173148215690498 1112340269153763 1205124827444205 1695375644706673 1313373853813053 2112674096395565 1993958273699057 2151503666966340 2322305463265600 2217250561452176 2372862433506499 2423130866990317 2908270821566808 2743987963836683 2510571445077047 4010297861537233 3577705753338180 3307460655955534 3194341879761959 3006429250394280 4090563914376343 3893083868298257 3189601313190394 3144164120410543 3924971554253101 2984987706345775 5159514572635634 6721293786791853 6304318212197674 6836572647465764 5376225638239585 6422816140074883 6826522140982361 7800848915998667 7488884520193502 4886229398218405 9794954192802341 9245215280021362 9720622735782249 9642827066315107 5645177870295545 10685891368074594 10881234155768809 10387281158801142 14562780063731184 8712615761110826 14262263944711705 18370356447826240 18346363610495222 9691767679681776 17205219709046997 12150191159254452 23107680470650814 25608713181488100 11172348865741226 13631027143333678 19022663076641690 25997229501380784 16282639178588020 14769655817129727 31499119649333272 10978931558412580 33447565550751079 19446254107878441 34951589605612444 19748282115978805 9480413601446991 32551163250841074 14100029696115652 22735058992681425 21096942642935475 30795178093364829 70716076340082874 36640597488275704 43818076669014041 35405040912283270 12526438009174603 46365070923787102 42822530733804492 39049875311850288 40741489815237185 26494075487653652 29115027721530604 41176607249904680 44963957466015151 36807654057688395 49969871952746099 120372850595963938 102927798951268791 61668644752401245 17414180133147295 37342976599200728 76031891661378037 42916192074705782 23000006655487337 70650119461805164 52831615267132652 81136635608128655 30326181989842964 155955132672462200 111823217330244231 74548811553496154 85496156071909392 268585590246221504 49005643635237875 104924088457657282 161080690570531571 120210699679333088 64325374609114550 73653287861850339 157602510605333230 117949491546113972 154043597379576030 164637479165761044 188008647052292980 214618299743286299 229272286871217150 244904537455382406 261578907351144125 596660126125516152 775265065838058446 441622981929358437 942628128536797560 1319510599727473500 1701169427975813525
3 4 5 6 7 8 9 10 11 12 13 14 15 16 17 18 19 20 21 22 23 24 25 26 27 28 29 30 31 32 33 34 35 36 37 38 39 40 41 42 43 44 45 46 47 48 49 50 51 52 53 54 55 56 57 59 61 62 64 69 70 72 77 78 80
4 27 39 95 87 166 107 207 171 190 122 177 86 117 70 82 57 53 39 56 35 48 21 36 26 29 10 22 14 23 10 15 8 21 7 5 10 7 2 7 2 3 2 8 7 8 1 4 5 5 2 2 1 1 2 1 1 2 1 1 2 1 1 1 1
4 36 61 238 270 936 708 2731 2883 5651 4260 12007 6795 15416 10403 19909 16848 24928 19414 45801 31548 53623 28333 64096 57416 95495 31321 105062 74206 188799 87181 246090 85936 274598 102269 107604 278757 187323 43992 406092 141328 370847 74676 1081112 922118 823486 89134 678140 1191590 1385586 927894 1382410 408452 281589 989793 1126356 1053646 4929804 1121505 3483260 4647040 3554345 10785566 7089500 18578182
