24 36 48 60
1040 844 109 1
3589 1160 109 1
1066936 158556 3450 30
24 36 48 60
1040 844 109 1
3589 1160 109 1
1066936 158556 3450 30
3 4 5 6 7 8 9 10 11 12 13 14 15 16 17 18 19 20 21 22 23 24 25 26 27 28 29 30 31 32 33 34 35 36 37 38 39 42
26 117 319 391 522 572 504 360 353 308 231 173 141 127 110 64 63 86 61 52 48 42 39 29 15 19 12 12 13 18 2 6 9 6 1 3 4 1
26 131 477 824 1693 2796 3999 4150 6477 8869 9466 9615 11278 12642 16194 12812 16119 31011 27924 29329 39342 39867 53213 46347 29789 45065 34138 41826 61986 103066 10169 49994 107917 127964 10143 59789 131340 31185
3 4 5 6 7 8 9 10 11 12 13 14 15 16 17 18 19 20 21 22 23 24 25 26 27 28 29 30 31 32 33 34 35 36 37 38 39 42
26 117 319 391 522 572 504 360 353 308 231 173 141 127 110 64 63 86 61 52 48 42 39 29 15 19 12 12 13 18 2 6 9 6 1 3 4 1
26 131 477 824 1693 2796 3999 4150 6477 8869 9466 9615 11278 12642 16194 12812 16119 31011 27924 29329 39342 39867 53213 46347 29789 45065 34138 41826 61986 103066 10169 49994 107917 127964 10143 59789 131340 31185
