1 2 3 4 5 6 7 8 9 10 11 12 13 14 15 16 17 18 19 20 21 22 23 24 25 26 27 28 29 30 31 32 33 34 35 36 37 38 39 40 41 42 43 44 45 46 47 48 49 50 51 52 53
2 7 18 2 29 64 79 98 111 122 148 155 159 215 157 22 272 542 628 845 1094 1481 2037 2702 3285 3733 2991 677 6651 5487 4831 4910 4887 4653 4414 4071 3905 3411 2297 2051 16906 3564 1544 1290 1097 887 617 411 228 111 37 21 37
4 43 88 2 77 169 205 231 277 253 284 321 314 489 362 41 508 1457 1939 2816 4166 6409 9347 12429 14882 16097 12397 2408 24617 18650 15213 14063 13342 11899 10505 9326 8453 7220 4690 4873 38270 6956 2546 2028 1610 1180 768 484 251 111 37 21 37
24 1895 1189 60 696 2095 2735 2779 3048 2816 4390 5297 5847 16699 15350 29522 1858277 1417781 19345327 22544638 227214938 1946813711 62527363912 3650668275369 56219605178291 3237070038678225 4192584147197875 2094559127330 162433975405546 4745266163289574 3124667193362092 3210273029625735 1894597568737440 1441381797459893 3482222450473798 2458061820554649 1009923010158007 4082641644939087 7941218457697160 46433251691498453 332826999900567935 8409220463508951 759697440316936 232031969931398 47381314407134 6292618048840 602414769678 46105634620 3294164005 152733711 2591293 12874 3367
7 8 9 10 12 13 14 15 16 17 18 19 20 21 22 23 24 25 26 27 28 29 30 31 32 33 34 35 36 37 38 39
1 1 2 2 4 2 5 4 1 10 17 20 19 14 18 14 11 10 13 4 2 17 5 2 5 6 8 8 7 4 3 2
2 1 4 2 7 2 7 6 1 16 26 24 24 19 21 17 14 15 18 6 2 20 5 2 5 6 9 8 7 4 3 2
5 1 13 2 22 4 19 50 10 216159 7116 56209 2780 17579 7533 2724 1372 3291 2471 438 38 35756 309808 53309 41265 62414 40122 9750 12553 8044 1522 53
3 4 5 6 7 8 9 10 11 12 13 14 15 16 17 18 19 20 21 22 23 24 25 26 27 28 29 30 31 32 33 34 35 36 37 38 39 40 41 42 43 44 45 46 47 48 49 50 51 52 53 54 55 56 57 58 59 60 61 62 63 64 65 66 67 68 69 70 71 72 73 74 75 76 77 78 79 80 81 82 83 84 85 86 87 88 89 90 91 92 93 94 95 96 97 98 99 100 101 102 103 104 105 106 107 108 109 110 111 112 113 114 115 116 117 118 119 120 121 122 123 124 125 126 127 128 129 130 131 132 133 134 135 136 137 138 139 140 141 142 143 144 145 146 147 148 149 150 151 152 153 154 155 156 157 158 159 160 161 162 163 164 165 166 167 168 169 170 171 172 173 174 175 176 177 178 179 180 181 182 183 184 185 186 187 188 189 190 191 192 193 194 195 196 197 198 199 200 201 202 203 204 205 206 207 208 209 210 211 212 213 214 215 216 217 218 219 220 221 222 223 224 225 226 227 228 229 230 231 232 233 234 235 236 237 238 239 240 241 242 243 244 245 246 247 248 249 250 251 252 253 254 255 256 257 258 259 260 261 262 263 264 265 266 267 268 269 270 271 272 273 274 277 278 279 280 281 282 283 284 285 286 287 288 289 290 291 292 293 311 312 313 314 315 316 317 318 319 320 321 322
92 787 2151 4034 5596 6867 7100 8345 7601 7776 6731 7121 6722 6383 5649 6361 5647 5596 4929 5413 5144 4809 4379 4809 4377 4370 3982 4081 4084 3643 3402 3684 3411 3401 3175 3168 3227 2883 2740 2876 2689 2667 2570 2475 2582 2261 2130 2290 2131 2129 2036 1981 2105 1795 1766 1878 1738 1697 1692 1555 1672 1466 1343 1438 1315 1304 1372 1196 1330 1146 1117 1188 1095 1068 1073 938 1096 884 880 945 843 829 926 819 912 755 774 753 736 688 758 626 747 588 584 591 560 518 582 467 595 446 467 484 425 414 476 382 454 358 373 380 355 373 415 344 408 310 342 333 292 270 361 261 321 217 244 236 221 223 269 203 246 182 188 182 152 164 206 150 208 164 151 170 143 138 159 115 160 120 124 122 100 116 141 90 143 127 98 92 91 94 113 78 106 90 75 62 68 65 82 55 83 70 64 57 43 51 62 38 65 50 49 45 41 49 54 37 67 48 44 45 36 34 42 24 47 31 35 30 31 26 39 10 33 18 22 16 14 18 19 10 27 14 19 12 16 14 20 12 18 13 20 12 11 14 14 10 13 12 13 9 6 9 8 4 10 7 7 9 5 5 10 7 11 7 9 8 7 9 11 4 8 6 9 5 4 3 3 2 5 2 3 1 1 1 3 1 1 1 3 1 1 1 1 1 3 2 2 3 2 3 3 2 1 2 1 1 1 1 1 1 1 1 1 1 1 1 1 1 1
92 808 2721 7258 15192 27187 45283 77139 110002 164181 219646 318841 447699 573112 749608 1061096 1349700 1689886 2086994 2835356 3661064 4249413 5327331 6945694 8523187 10079732 12130718 14914077 19557720 20447647 25402407 31231828 37770846 43565764 51999990 60243975 78139218 81292017 100059692 115121697 137164682 156806772 188013513 207575710 269551245 264312506 319772428 377892879 444504053 494555897 577386868 629158147 839545881 780892921 951586482 1118426568 1297187071 1379136305 1665952279 1711236708 2269931405 2195754438 2473399324 2775655752 3166671070 3490860936 4352589549 4134466851 5598057312 5431755228 6265798231 7193698949 8160464453 8725302116 9784001136 9788175954 13857668458 12058045894 14638888622 16069373081 18332899379 19330173448 24682852084 24692332606 32789446717 29862256479 36202222660 36264776715 43601380778 44189507630 55119656694 51071937861 71293286462 59653064092 71853329266 75872356728 88695225919 83823801452 108496865007 94795989238 145590740123 116268837314 140353540379 153791656845 166340063420 169752763827 220106808000 197901284831 269523638022 229163049090 294322076932 291736174105 348669906251 381517251209 472194982466 443710560895 593287987477 483808308497 621562220489 643744997469 687704607205 660986078867 965990627969 822970681118 1111566163327 808087850789 1086403782962 1046439827502 1162233770116 1205243366908 1654869188016 1430761881505 1892476956672 1499006368085 1803887336391 1793572319057 1707344371655 1967512029712 2792303935514 2328732938640 3691962479631 3123800153234 3171442947990 3792200076675 3577933303008 3642040651293 4793924345504 3919718802578 5907762400412 4840681530991 5423477111545 5850627237764 5276943650720 6837666293290 9613026501978 6942541895514 11652304553745 11268558241420 10024534183590 9371862960833 11074640901897 11515162133928 15722865310010 11931308712724 17995515926531 16412587890197 15639987143599 13781733853725 15979945115501 16589846159301 24022872935237 17802984614054 29098510908086 26267507637260 27771953678112 25867473918437 20807898152450 25993244830045 36622864068910 24724811058060 46793044666050 36980446078352 42771755561276 40250033870105 40605021499299 53080896750232 64324401168783 49861630699821 96543036677977 73813936943333 72381375503294 81039014513852 74145666813712 71464038033727 96580345187819 60761852411970 129316598589685 92028031957315 118524456879120 105789882668791 117132345169443 110732309788318 176257321674730 46792900807848 171734244860748 99253940626344 135999514428860 103816867933520 111806343313140 139230368511525 166444075590072 102026128328905 296072270089714 171904750006176 244532461775724 178288133977454 253458134138770 244766102596174 364249124162647 254178407349302 391863370834144 301381429092622 509926810098060 357066903296550 337339612188055 454277452898285 458241307123601 355406556639032 498004449492527 502534189768017 588779806546747 438724289129991 319556504696742 510261214741052 486826547271196 258360893349154 707589255604546 534479541495991 584927727481097 814481915311175 497333981537073 538069871443970 1154756404054601 887398734076071 1495539719096882 1049326007569618 1447600642342338 1395405281519848 1339827736288766 1859090665829813 2435789290747155 941672114262602 2054155359600532 1679878977506073 2686037721416667 1619384502417355 1409207662238924 1155196920181496 1215380437720070 885478834858031 2333924936555546 1030456997669455 1604145188725827 576672674947168 621837416509615 670448123060170 2168282861071116 779050629562167 839611730366814 904760108316360 2924503109833875 1050197489931117 1312051800816215 1520980492851175 1520980492851175 1762278433057269 5555406640240437 4081651705150150 4391572623365032 6920224602357938 4903171735383409 8006698957140768 8610732771406645 6099067661078552 3397584011986773 7050014848057826 3925922161489422 4219388528587095 4534253126900886 16239786535829663 17414180133147295 18671488299600364 20017426762576945 21458096037352891 23000006655487337 24650106150830490 26415807633566326 28305020340996003 30326181989842964 32488293351466654 34800954869440830
4 5 6 7 8 9 10 11 12 13 14 15 16 17 18 19 20 21 22 23 24 25 26 28 29 30 31 33 34 37 41 42 43 45 47 49 53
1 11 25 22 33 24 31 7 18 18 11 3 6 13 13 1 9 8 3 1 3 6 7 3 5 1 1 4 1 5 3 1 2 2 1 1 1
1 19 46 54 142 176 425 73 453 585 522 228 560 1658 2701 101 2910 3058 1650 693 2730 5990 12018 7530 13752 3916 4872 21377 11208 71140 78045 52030 69289 106348 106348 105558 204226
