6 18 30 42 54 66
951 2554 27810 45010 19393 4277
75186 152846 646636 255918 52528 4989
12429151 532365704 10645919440972749464 8406075796989919857 354100579054785148 40166264485
6 18 30 42
158 539 899 91
8252 6764 1979 128
840266 74928852 69157993 217680
3 4 5 6 7 8 9 10 11 12 13 14 15 16 17 18 19 20 21 22 23 24 25 26 27 28 29 30 31 32 33 34 35 36 37 38 39 40 41 42 43 44 45 46 47 48 49 50 51 52 53 54 55 56 57 58 59 60 61 62 63 64 65 66 67 68 69 70 71 72 73 74 75 76 77 78 79 80 81 82 83 84 85 86 87 88 89 90 91 92 93 94 95 96 97 98 99 100 101 102 103 104 105 106 107 108 109 110 111 112 113 114 115 116 117 118 119 120 121 122 123 124 125 126 127 128 129 130 131 132 133 134 135 136 137 138 139 140 141 142 143 144 145 146 147 148 149 150 151 152 153 154 155 156 157 158 159 160 161 162 163 164 165 166 167 168 169 170 171 172 173 174 175 176 177 178 179 180 181 182 183 184 185 186 187 188 189 190 191 192 193 194 195 196 197 198 199 200 201 202 203 204 205 206 207 208 209 210 211 212 213 214 215 216 217 218 219 220 221 222 223 224 225 226 227 228 229 230 231 232 233 234 235 236 237 238 239 240 241 242 243 244 245 246 247 248 249 250 251 252 253 254 255 256 257 258 259 260 261 262 263 264 265 266 267 268 269 270 271 272 273 274 275 276 277 278 279 280 281 282 283 284 285 286 287 288 289 290 291 292 293 294 295 296 297 298 299 300 301 302 303 304 305 306 307 308 309 310 311 312 313 314 315 316 317 319 320 321 322 323 324 325 326 327 329 331 333 335 337 338 339 340 341 343 345 349 356 357 358 361 363 366 367 369 370 371 373 381 387
228 1259 4112 8130 15689 21222 31534 34414 41306 41426 45765 40682 43256 36366 37086 30748 31674 24645 26311 20875 22758 18186 20327 16117 18248 14575 17058 13322 15591 12168 14535 11476 13555 10496 13042 9892 11700 9252 11258 8550 10764 7989 9947 7601 9488 7229 9254 6835 8362 6385 8104 6150 7600 5646 7172 5783 6922 5322 6830 5087 6184 4878 5928 4519 5603 4343 5300 4243 5146 3881 4863 3615 4287 3533 4438 3352 4141 3101 3975 3004 3550 2928 3669 2640 3354 2619 3198 2470 3059 2172 2880 2223 2641 2024 2574 2018 2364 1919 2372 1866 2258 1737 2139 1697 2104 1649 2080 1473 1850 1430 1761 1365 1634 1209 1543 1245 1495 1137 1494 1052 1346 1055 1342 1007 1314 899 1168 939 1116 793 1088 854 1068 807 929 810 896 663 854 707 855 650 824 588 681 591 729 585 705 522 731 535 594 480 572 439 501 414 540 402 480 382 432 372 476 347 440 346 402 325 392 306 347 235 334 287 344 237 346 222 321 212 287 208 281 183 248 218 216 179 232 167 200 171 208 166 194 137 182 135 184 127 168 137 165 101 152 102 128 110 128 92 133 89 91 94 93 85 102 68 92 71 83 50 74 58 63 63 70 56 63 35 57 42 56 33 66 32 50 30 42 25 41 29 41 37 42 32 42 32 34 31 33 30 33 16 27 32 26 21 37 21 22 14 17 18 24 12 30 16 19 13 13 18 10 21 14 15 21 8 11 11 13 10 13 4 9 6 7 8 14 6 7 4 9 4 7 10 4 4 9 7 9 4 3 3 5 3 2 1 4 3 3 2 3 3 2 1 2 5 2 2 1 1 2 1 1 2 2 1 4 2 2 2 2 2 1 2 1 1 2 1 1 2 1 2 1 1 1
228 1397 5625 15056 39827 82486 178154 295513 541121 843552 1365905 1856910 2927360 3676537 5358633 6449557 9049044 9783171 13788441 14244125 20206243 20656409 29400796 29687463 42554084 42511310 63538529 60542192 89478722 86960803 128778058 121966076 181104617 168006142 257302007 236964372 341149391 325073463 493642918 428895652 674676928 586743023 902075985 781064756 1244145049 1068402121 1702692151 1440766301 2136888178 1869179930 2895847679 2486323060 3668833794 3197412278 4856757916 4390166444 6308703984 5536817074 8436928621 7199879430 10480052842 9405026161 13578412897 11274471730 16796819885 14968313705 21776893702 19262507066 27834492100 22831281940 34748355800 28342565987 40471647686 36881661442 54532735389 45664215601 66705636058 57467838262 81284753962 68196095287 96866396384 89099828911 126794958808 103378262243 150214822294 129663118811 188389884967 154998487861 224303225594 179619230019 275437999289 235016457749 315895768419 268182210070 398200684845 341849550878 457429300654 421733330494 578674424474 485273678481 705379320357 616914834445 849838548535 727733610108 1071876983911 884926510994 1287103069705 999240365517 1450084547262 1240537283263 1764790751492 1442376981641 1959566850068 1645334007008 2348712890846 2102325620615 2815221398752 2332273744885 3580555868850 2622624565449 3809732643220 3356830194815 4912497454835 3766769147990 5594135656448 4187858106009 6114002136541 5350958232683 7352580664619 5682027566283 8739170848659 7628132589240 10442174353922 8661408003950 11533337925027 10581583377171 13479719021688 10682538454421 15498218883131 13467678760220 19195661669375 15759135741970 21725252349171 17292697449909 21647829965685 21274444335566 29172567933259 24281074934693 32080927039210 27640565149230 42311356285892 35474671957930 42364301875857 36276279664607 47293138946071 40523921130805 50810401005453 46906346665611 65470165681752 54776847902655 70830671547142 63777881385206 79992463327209 68592080424221 102129408900236 79540363956406 111232395764736 93551214434171 128293683640289 105347311618880 152799639698170 119653370003663 152746498558625 109424632651494 176483787271457 168503383719376 215278799916586 168547071102542 259905450790450 175214307554555 286975037368367 200141272773923 327148291407596 251150318487427 371576464888738 268419328183112 386024097776259 353571196889526 402650029178853 328116884282041 526483668249831 394914411814777 530595458164871 469094888301015 619098986056869 545819514371486 731916405796340 469987016129838 748701712140245 592091055536590 913857441243477 704433943287282 967201532328370 798913733172112 1156395181446395 692203711234958 1184358727934094 839115891058542 1176424925510034 1057809285986299 1369043566004042 1071807734109840 1704757375550186 1133685323016927 1331851511745707 1411913873201383 1623152407798457 1620414179078119 2097035446766842 1385369228069930 2165749254037047 1840803433568814 2679751385574013 1462444043706357 2472931072306884 2196611470141692 2718418578318899 2573286669075697 3328990641132797 2744941428246061 3469264511271608 2145292732878082 3572019042624541 2951714676642370 4301551703353370 2378346798096743 5776213867928373 3098928568519268 5090465004058833 3161667360843456 4954173592676334 3146308124038869 5391600452997103 4438604992783019 6843698043294279 6392679398921061 7699187884340358 6875353795329629 9515608368091356 7907043579863611 8180213230045463 8517119602743483 10432226171066841 9450850826821850 12550762835616732 6236901478006580 11723656818812319 14028411805848999 11955456204647523 10468280438565866 20477185272944078 13429559254361789 14257363477247608 9558104060918278 12947213276931330 13580709449412594 20063846987983945 10140472459106727 28532110503116019 17290071621711419 21558741267275831 13750642065175001 19813290468537199 24661602559934616 17091774977537560 34152584072800210 23810698344846717 26446672436834932 39219488572933948 16810481669704802 26429269174988284 28269718257301088 36018689958400794 28360693975094052 37506678212538325 17854786836796772 30103363818205405 20912598399335702 26660981154170847 31994310026110722 61590356186729658 41821632930821568 35915931461712528 27337720215359159 53524332558569815 30706007765138474 48760951009370817 80220356126357412 32120993539772160 33891737211338115 82645159769253841 68838917291144608 94463263412648875 44963957466015151 36807654057688395 36807654057688395 70593313326400025 44404568142994393 32479573071659326 16239786535829663 74685953198401456 58706341824754254 64374288112058673 46000013310974674 72300218957148317 83025848315558332 84915061022988009 32488293351466654 67289248220907484 181425127069125891 77193971303748068 85496156071909392 42748078035954696 49005643635237875 112313204225748578 64325374609114550 73653287861850339 168601631272450238 192900220384405520 103151466321735325 441231441701171088 235898983092227944 252217035667592710 288235873055747664 329274958331522088 429236599486572598 340122810048577428 726235024096220010 387632532919029223 471314064268398780 1073358140621382242 651688879997206959 695143713458946040 1581476239298822638 843250788562528427 1798350696792176698 1022141228367345362 1701169427975813525 2484305294265418180
3 4 5 6 7 8 9 10 11 12 13 14 15 16 17 18 19 20 21 22 23 24 25 26 27 28 29 30 31 32 33 34 35 36 37 38 39 40 41 42 43 44 45 46 47 48 49 50 51 52 53 54 55 56 57 58 59 60 61 62 63 64 65 66 67 68 69 70 77 81
1 124 120 514 285 1111 653 1731 792 2272 1074 1903 875 1345 629 860 366 464 215 293 123 175 98 169 60 113 70 93 46 60 32 54 18 51 29 43 22 28 15 22 11 28 10 11 4 4 1 15 4 15 2 8 4 4 3 3 1 6 3 4 4 4 2 9 3 4 2 2 2 2
1 145 175 1282 859 5697 3962 19415 11690 60898 30671 114478 61459 202913 96090 276949 127188 245786 131432 252342 121461 252352 140404 375496 147321 369016 233519 500794 286330 475968 270476 640914 208912 743606 529970 1198635 473201 1057594 437443 870328 426179 2133495 704305 1206126 447393 850784 63261 2659166 692406 3974025 298279 2966947 1261073 2760164 1158465 1512511 902552 5045438 1592253 5317496 3692700 8582640 1953325 16886212 4341942 12988516 4336078 6970560 14179000 24264328
