31 43 55 67 79
16215 42591 26057 15082 52
1290038 525526 127819 29934 52
17254320659533173322 11242719043506498940 1639020555617999509 2670673712278142 218
31 43 55
820 256 13
3384 416 14
88261159 1149959 559
3 4 5 6 7 8 9 10 11 12 13 14 15 16 17 18 19 20 21 22 23 24 25 26 27 28 29 30 31 32 33 34 35 36 37 38 39 40 41 42 43 44 45 46 47 48 49 50 51 52 53 54 55 56 57 58 59 60 61 62 63 64 65 66 67 68 69 70 71 72 73 74 75 76 77 78 79 80 81 82 83 84 85 86 87 88 89 90 91 92 93 94 95 96 97 98 99 100 101 102 103 104 105 106 107 108 109 110 111 112 113 114 115 116 117 118 119 120 121 122 123 124 125 126 127 128 129 130 131 132 133 134 135 136 137 138 139 140 141 142 143 144 145 146 147 148 149 150 151 152 153 154 155 156 157 158 159 160 161 162 163 164 165 166 167 168 169 170 171 172 173 174 175 176 177 178 179 180 181 182 183 184 185 186 187 188 189 190 191 192 193 194 195 196 197 198 199 200 201 202 203 204 205 206 207 208 209 210 211 212 213 214 215 216 217 218 219 220 221 222 223 224 225 226 227 228 229 230 231 232 233 234 235 236 237 238 239 240 241 242 243 244 245 246 247 248 249 250 251 252 253 254 255 256 257 258 259 260 261 262 263 264 265 266 267 268 269 270 271 272 273 274 275 276 277 278 279 280 281 282 283 284 285 286 287 288 289 290 291 292 293 294 295 296 297 298 299 300 301 302 303 304 305 306 307 308 309 310 311 312 313 314 315 316 317 318 319 320 321 322 323 324 325 326 327 328 329 330 331 332 333 334 335 336 337 338 339 340 341 342 343 345 346 347 349 352 354 355 359 361 362 364 370 371 379 388
216 1413 4092 9580 17427 27186 35134 42127 46804 48114 47555 47513 46507 44753 43803 41623 40041 39943 38561 36914 36393 35171 34147 33516 31472 30782 30834 29304 28324 27967 26478 25595 25561 24489 23592 23405 22708 21915 21577 20274 19670 19726 18987 18305 18110 17392 16891 16560 15934 15689 15417 14545 14569 14247 13638 13188 12968 13002 12295 12334 11628 11438 11300 10621 10291 10345 9948 9612 9859 9100 8758 8801 8482 8321 8125 7639 7659 7671 6948 6922 6824 6696 6429 6535 6162 5977 5990 5517 5507 5565 5167 4949 5093 4684 4586 4763 4512 4447 4520 4113 3978 4028 3699 3689 3656 3406 3447 3429 3263 3179 3177 3019 2904 3028 2656 2627 2712 2601 2451 2545 2355 2403 2405 2150 2191 2191 1895 1971 1988 1895 1827 1912 1732 1678 1679 1593 1570 1590 1426 1420 1447 1299 1228 1390 1264 1223 1232 1170 1080 1179 980 1096 1062 1053 957 1030 926 1016 899 882 875 861 836 824 799 756 683 762 618 695 632 682 640 631 530 575 543 547 524 537 508 447 434 454 417 411 396 407 384 397 368 401 309 347 318 331 326 298 282 312 259 264 258 254 305 278 212 252 250 238 250 205 221 212 192 208 202 173 186 174 161 170 149 205 160 150 143 154 140 122 126 151 123 122 98 116 103 110 88 117 109 85 88 89 88 75 81 88 84 67 75 72 98 53 68 67 66 65 66 55 92 56 55 78 65 51 97 45 59 47 31 55 48 36 30 39 33 30 31 39 43 24 24 27 35 27 24 38 26 30 27 16 30 29 12 23 18 13 19 13 10 15 8 5 16 12 8 13 12 5 12 14 6 15 11 7 8 10 1 12 8 6 10 6 8 44 3 2 4 4 2 5 3 1 7 7 2 5 2 2 5 1 1 2 1 1 2 2 2 2 2 2 1 1 1 1
216 1559 5654 17413 43824 97867 182440 336646 566292 890323 1323507 2005635 2857011 3998947 5535941 7385624 9654029 13367628 16878694 21999105 28667844 35919368 45175295 57953696 68943411 86503549 109712317 133403486 160430459 197991136 231434430 278393164 348097979 403491670 471355830 588488177 687979031 803899690 956586846 1097999204 1273334028 1544725808 1737724107 2061590278 2442732250 2775469028 3145165996 3724333970 4239810760 4933482740 5709507188 6407361435 7480777136 8576395742 9618802080 10922588991 12837655831 14628811590 15878080564 19098581936 20642341388 23376230642 27426816086 29353944072 33186609146 38610388120 41842497515 48217239763 57446216890 59552540085 65115682312 76430511743 85122586718 94779343269 106161282372 115254322936 131632317239 152437758654 153690714765 173650339590 204141229672 224129874068 234716925699 281634200740 300356959844 326385480757 372970804456 389995547763 441518991463 519360469961 517966413583 581979436039 686712794105 679009386991 749165330167 898490287071 960743744765 1044332855078 1221283749719 1238972416833 1315078635644 1528974506807 1513355250660 1727177587330 1989420465686 2016187476362 2208739874950 2586807642334 2762788463787 2920108870180 3273349900716 3380794849221 3771141118560 4532658556857 4173101223503 4817360185037 5530322457817 5569120167265 5965201696779 7061758956581 7021123612299 8101299889364 9479272564688 8999240178163 10169222233433 11559468962202 10510271287361 12174378202070 14358409005758 14467516941196 15381523402012 18956278525002 18327787252537 19303063041364 21312170344435 22259654764734 24558324649519 29660207243912 26258226989461 30614400700204 34941716464250 32695714665448 35904261206102 45109015023344 43359434451579 46651787992224 51306319001454 53155564910177 54716842029925 68498678433289 56819076981200 74011993967828 82458516187909 82940818249942 83268174139515 104488515280632 98973872904823 119988100473876 117135082593398 123899901873645 134185360363782 159887016676220 152228647134136 177388086291217 177239689771505 179141958080460 181412510680148 250713814553185 200983955654430 246055726291982 240005353027097 285544258461078 304570899698478 332674599617181 283276029378788 355630839406185 370631469848516 410180606412999 429883320339380 490050045214725 485976052410091 469778919619102 498679603372190 525740751171263 570849979668578 609111262748824 646799109815310 746157182232865 676811091210379 767962698348692 841350605573565 912337384653681 832372300525295 1020516890680791 945326601170791 1144084792407660 1211044649013105 1150089657148342 1177756892283544 1512542369710706 1293005382033069 1434225640306464 1574310044879046 1682227520026327 2162266880935677 2084478315229709 1640492775219123 2316332653662167 2381719851490054 2423809166370491 2604453692695794 2741039272341936 2834624029205517 2978059022323228 2912456429530899 3424606989508449 3889542396101440 3637558424855170 3841803512212099 4319288383127648 3886659832264313 4634408447949416 4395756116564054 7115862028684959 5482980488285781 5868341403671830 5867126316592142 6890873499376134 6622873832074501 6070389875677412 7265624873122197 9716481152395212 8229739725082241 8505338070873284 7595387409642310 10208566101171297 9172539238901450 11533334013478704 8701096923237916 12914972123274165 13527571840451664 12695895394383536 11975937273074089 13911491451358347 15426369172815078 12654437866347009 16516574519313727 19824945435049669 18511800320275926 16485638654102642 19341664091466238 19368044652107909 30029962661199122 16263306341625200 25020335133972665 25880826529705942 26060231689526105 26788848708573331 34555658252092548 28181245111336615 52053250478515603 34359515326719474 37487963639498280 48985823266524285 49770852934885318 43598643222900626 77631112820545881 45807470408573765 62702046960285216 47895877240048773 36660282496633749 70275754123784048 66326627938945436 57837214865811408 47758982078535841 62093396620728685 63943506046770272 55737362855336630 67409837029197715 90852902896582808 103911044741283594 56206570847291786 65205042122788698 79589961260599386 109829569504707989 93548795277299076 86101013134009583 145082888583707399 108429202471048813 169247944602897947 124022183245459182 82360887137130565 168744342695986680 175638616919657122 72738432941108909 189285566654639358 125739485816485897 125968095364235731 146517202943160744 130294282414744124 87470136077167404 144897249151973121 91557828052067523 85258649860390712 204408326619864100 162178833877467762 123242184906630841 245138715677646030 187199601851148673 98613112812295610 216514010596485954 268130528509288001 122985899125013562 418497199036646051 262900670182419625 223616656840210246 218883311898249316 299219496600735718 30326181989842964 559238971528855646 323102397454196458 378034377267984598 416166730323728140 262537029230974840 382345293806923459 2301417144881278672 161080690570531571 116261951952540833 304746773967780726 266320521110376800 137669771892147700 594374270335618988 247402886575116853 168601631272450238 650052070498806772 708657551993082145 213459326747028097 897746145643984576 235898983092227944 269638361246603040 711290926734796848 164637479165761044 175943559810422753 376017294104585960 214618299743286299 261578907351144125 596660126125516152 637111947576658168 827532361866684724 942628128536797560 1005915133012000040 1145224117796075118 843250788562528427 899175348396088349 1498478743590581081 2645418340688763701
4 5 6 7 8 9 10 11 12 13 14 15 16 17 18 19 20 21 22 23 24 25 26 27 28 29 30 31 32 33 34 35 36 37 38 39 40 41 42 43 44 45 46 47 48 49 50 51 52 53 54 55 56 57 58 60 62 63 64 66 67 68 69 71 74 76 80
23 54 145 124 290 136 316 153 265 144 244 147 196 89 159 91 140 65 131 61 87 28 95 45 58 37 44 31 63 23 43 22 37 18 18 19 15 14 28 7 16 11 7 8 9 4 11 1 4 2 5 4 3 3 2 3 1 2 2 1 2 1 2 1 2 1 1
25 87 365 371 1576 1016 4081 2334 8227 5299 14911 11106 24465 12220 40998 23264 60464 31582 99467 50079 96843 38121 213818 91986 186957 113190 196850 169781 418381 190435 463803 217782 591673 255862 508954 532969 505326 455847 1255354 353119 1112653 903818 846096 768110 1204994 584127 2009486 150350 966286 626458 1933686 1552443 1126356 1522950 893109 3229908 1053646 2396907 6688227 3865868 3438433 3483260 3247129 2323520 12263904 5392783 18578182
