18 30 42 54
1159 1895 467 55
9360 3286 563 55
989045 1034904 70173 392
18 30 42 54
1159 1895 467 55
9360 3286 563 55
989045 1034904 70173 392
3 4 5 6 7 8 9 10 11 12 13 14 15 16 17 18 19 20 21 22 23 24 25 26 27 28 29 30 31 32 33 34 35 36 37 38 40 41 42 43 49 50
62 295 615 1117 1448 1603 1610 1307 1123 775 640 489 416 298 295 216 195 130 102 77 76 54 71 61 33 27 33 21 13 11 13 10 9 1 7 2 1 3 1 2 1 1
62 344 961 2361 4549 7782 11714 14505 19920 19855 25777 26951 31590 35360 49188 42525 51205 44555 53912 46615 55130 54223 94705 98506 63986 65354 92592 85142 57906 59248 111354 77102 118642 10143 71747 36930 17977 97923 31185 74676 105558 124754
3 4 5 6 7 8 9 10 11 12 13 14 15 16 17 18 19 20 21 22 23 24 25 26 27 28 29 30 31 32 33 34 35 36 37 38 40 41 42 43 49 50
62 295 615 1117 1448 1603 1610 1307 1123 775 640 489 416 298 295 216 195 130 102 77 76 54 71 61 33 27 33 21 13 11 13 10 9 1 7 2 1 3 1 2 1 1
62 344 961 2361 4549 7782 11714 14505 19920 19855 25777 26951 31590 35360 49188 42525 51205 44555 53912 46615 55130 54223 94705 98506 63986 65354 92592 85142 57906 59248 111354 77102 118642 10143 71747 36930 17977 97923 31185 74676 105558 124754
