1 2 13 14 25 26 37 38 49 50
8 15 431 429 10783 11083 31374 28006 11098 6740
105 74 1133 1160 72126 71271 113517 96159 14881 8429
2181 1110 86409 86935 25871881867553 110029931856503 3427814834064492568 3026911633694099842 32404929877132 3698336687329
2 13 14 25 26 37 38
1 9 11 150 117 20 15
4 22 18 226 181 23 17
20 728 236 226132 114210 12743 8071
3 4 5 6 7 8 9 10 11 12 13 14 15 16 17 18 19 20 21 22 23 24 25 26 27 28 29 30 31 32 33 34 35 36 37 38 39 40 41 42 43 44 45 46 47 48 49 50 51 52 53 54 55 56 57 58 59 60 61 62 63 64 65 66 67 68 69 70 71 72 73 74 75 76 77 78 79 80 81 82 83 84 85 86 87 88 89 90 91 92 93 94 95 96 97 98 99 100 101 102 103 104 105 106 107 108 109 110 111 112 113 114 115 116 117 118 119 120 121 122 123 124 125 126 127 128 129 130 131 132 133 134 135 136 137 138 139 140 141 142 143 144 145 146 147 148 149 150 151 152 153 154 155 156 157 158 159 160 161 162 163 164 165 166 167 168 169 170 171 172 173 174 175 176 177 178 179 180 181 182 183 184 185 186 187 188 189 190 191 192 193 194 195 196 197 198 199 200 201 202 203 204 205 206 207 208 209 210 211 212 213 214 215 216 217 218 219 220 221 222 223 224 225 226 227 228 229 230 231 232 233 234 235 236 237 238 239 240 241 242 243 244 245 246 247 248 249 250 251 252 253 254 255 256 257 258 259 260 261 262 263 264 265 266 267 268 269 270 271 272 273 274 275 276 277 278 279 280 281 282 283 284 285 286 287 288 289 290 292 293 294 295 296 297 298 299 300 301 302 303 304 305 306 307 308 309 310 311 312 313 314 315 316 325 326 327 328 329 330 331 340 341 342 343 344 345 346 347 355 356 357 358 359 360 361 362 363
327 1268 2883 4590 6239 7251 8410 8952 9320 9093 9058 8669 8577 8133 8059 7808 7443 7242 7070 6734 6570 6207 6127 5895 5745 5563 5464 5449 5201 4963 4978 4811 4759 4494 4443 4278 4212 3964 3925 3781 3646 3469 3516 3396 3341 3155 3205 3107 3038 3025 2980 2805 2669 2639 2554 2456 2338 2333 2229 2231 2132 2065 2065 2049 1975 1942 1955 1812 1742 1674 1660 1587 1532 1506 1507 1466 1435 1377 1306 1296 1293 1251 1262 1207 1166 1153 1050 1095 1046 980 1018 993 924 899 883 840 815 807 856 777 767 718 665 667 702 682 631 604 627 530 562 510 543 501 558 487 507 477 451 465 445 432 470 416 417 433 381 366 355 357 329 345 337 329 299 295 265 282 293 273 256 256 233 237 214 219 222 213 205 210 193 193 177 186 160 189 167 163 158 167 147 153 141 145 131 134 138 134 132 114 118 107 122 126 112 108 104 99 100 92 99 80 88 78 77 68 65 64 60 63 74 60 59 62 65 52 63 58 54 46 45 52 43 40 33 37 53 48 43 51 59 45 44 44 44 38 32 34 30 27 25 27 21 28 25 23 24 26 19 23 15 20 17 16 16 15 17 19 15 17 21 22 19 13 19 16 11 13 12 12 8 12 7 10 10 9 11 12 14 12 14 11 12 10 10 6 7 5 8 4 8 5 5 2 6 7 5 2 7 7 7 5 4 5 4 3 2 2 1 2 4 6 4 4 6 6 4 3 3 3 4 1 1 2 2 3 3 3 4 2 3 2 1 1 1 1 1 1 1 1 1 1 1 1 1 1 1 1 1 1 1 1 1 1 1 1 1
327 1377 4098 9319 18623 33206 58234 93710 147355 215971 317146 443564 627082 837592 1150915 1534206 1963630 2572861 3295883 4139738 5228732 6435883 8193738 10015266 12306489 15059587 18752277 23362316 27760205 32792506 40592141 48181232 59749365 68273860 84057838 96733734 114829578 131575189 159715397 184066760 215673920 244201563 295246452 337430677 399996071 441545871 540210453 612319678 711274308 842141736 966499055 1079238029 1202114878 1384679448 1532218633 1764107083 1924119050 2248549977 2417073589 2911403808 3249855142 3696029412 4218130594 4875307732 5371990233 6229415866 7120457387 7739271255 8639467555 9238829398 10646761170 11500008408 12991332097 14404962813 16574779465 18728585087 20903498886 23034446080 24525608782 28144607063 31762941634 34119249888 39540810156 43642739068 47915958886 55189963191 54613661313 66344243925 69720865730 74504677662 86191907469 96655213793 102440638710 110040704379 123806578195 133783882709 139673844177 162516336611 187886343217 196151609344 219083034441 231083502527 239506853563 265132546653 312584524489 336368227714 350043814597 365790151732 421884832033 421163896172 483429529249 497355916847 605246745470 614506590047 757660201359 742569192091 876113756566 934136463802 1006006840859 1113249752966 1143241217052 1281420942411 1530479773503 1510723026890 1636019611456 1880475118442 1851260193935 1947289241302 2187979530031 2410968115427 2516132740179 2801772951957 3065432077483 3444867000457 3413011873214 3795805862633 3629709721440 4239273697764 4911311746113 5140747720943 5274057956401 5766365380634 5599054695697 6447705733569 6531975574162 7423703494227 8174822383408 8829902774004 9374548686558 10303464057212 10765672204807 11826236158228 12328390261779 13855096770944 12531594917995 17009530113622 17168773214080 18138279608330 19093567504105 22110743668750 21458259629430 23411704412556 23976095892388 26773668373280 26099683822085 29853190246428 32665977401964 34453040413502 38729660482809 36515243982671 40701379428616 39405556397321 52041150943711 57000071404798 58179308467545 59931484597161 62992598285389 68241326825450 71013117687080 71676444114860 86012498685045 72309814743173 92876058235087 82635610592799 93755063932101 84854066996032 101556321755573 96627650422173 101370581996693 115643282967064 152733975831821 140385048636586 152647474170657 166490723633115 202324410691407 164567696458219 221036102214411 227698410706605 230043856183636 215891266781067 226067668357695 273904814928671 230747031021448 248100724547271 217933152898706 236126189570398 391440345037725 385596738535550 394876348517995 513351865634224 652192434185403 532593853124189 560405236803067 615147403394105 693609006369018 653223750196294 592783610105955 682445411129754 677492436417008 626232764334193 594939148654695 733082159920371 531175089107427 865259294141007 775714282953597 829617196086353 856716185508658 1070977432715944 784381327422314 1129541591083776 792370124683557 1267258382494947 1086172984956818 1102222159063206 1189247179455980 1161322741843314 1439623555011362 1747467507859109 1564242227464461 1721051745166633 2616747366748383 2847257309153594 2725760998557661 1841858302340667 3074608616200507 2899937710568732 2208118854751173 2893719163316618 2423993907950450 2801149816132621 1939888912929681 3233792285625178 1747926864740197 3026042483768968 2910611132615160 3142514392169574 4385942251331086 5157783274625415 6418148241625405 5972676214872264 7081917733109536 6645064680300997 7701767908694913 6530472649716412 7083265114358540 4231940060881828 6007246333010156 4076936450224776 7817099085099510 3759188956521970 9074961809447593 5575151505685541 7048838561348817 2530426150660548 9385758134427975 11626689304420775 9242196433593046 3399572402394440 14501084476061097 15605298075683145 16791488197922923 13507583537405486 11989829171396542 15629556727277862 13870422528119695 9037997455008107 6557721879135770 7304861672142106 3925922161489422 8753641655487981 19150367296317138 30319227378677268 21326105901211621 23742284338237150 37579314027523809 40357572813824757 28890830445412830 22989378541964208 24680993045351105 26494075487653652 38368110658254206 10657331232548839 11435542077822104 23704760097051569 25431435914287169 41399543225617714 44404568142994393 47622525810516520 68482326935271548 36085668432747659 58706341824754254 42916192074705782 23000006655487337 42748078035954696 45772358543578028 49005643635237875 52462044228828641 56156602112874289 60105349839666544 64325374609114550 117949491546113972 126108517833796355 134819180623301520 144117936527873832 154043597379576030 164637479165761044 175943559810422753 188008647052292980 318555973788329084 340122810048577428 363117512048110005 387632532919029223 413766180933342362 441622981929358437 471314064268398780 502957566506000020 536679070310691121
4 5 6 7 8 9 10 11 12 13 14 15 16 17 18 19 20 21 22 23 24 25 26 27 28 29 30 31 32 33 34 35 36 37 39 40 46
5 15 38 18 47 36 32 32 31 20 26 15 17 16 23 16 12 13 12 7 5 4 6 5 2 5 5 8 3 7 2 1 1 3 1 1 1
7 23 97 61 289 261 426 482 835 669 1427 955 1778 2133 4376 3862 3902 5965 7420 4818 5072 3417 10233 8025 5592 11978 17798 29213 20190 36789 22308 9130 13684 41745 17977 24620 44583
