8 9 10 11 20 21 22 23 32 33 34 35 44 45 46 47
207 394 804 63 760 3070 7497 749 3724 13239 32199 2951 1934 6754 23397 2246
1702 2870 4860 239 3946 19554 59581 5406 17003 55545 142448 13412 3434 11327 39787 3841
56150 107053 182015 10244 26824102 966245145 16777436973 2382265745 243656629285283496 622505756941438764 2737477976123293796 77155461090494439 256313848228660 374732959086943 6020877344481547 472907059688654
8 9 10 11 20 21 22 23 34 35 46
12 21 40 3 15 65 170 16 70 4 1
17 50 84 3 28 140 319 36 83 5 1
203 489 1806 5 12014 282840 294460 59879 238494 3920 385
3 4 5 6 7 8 9 10 11 12 13 14 15 16 17 18 19 20 21 22 23 24 25 26 27 28 29 30 31 32 33 34 35 36 37 38 39 40 41 42 43 44 45 46 47 48 49 50 51 52 53 54 55 56 57 58 59 60 61 62 63 64 65 66 67 68 69 70 71 72 73 74 75 76 77 78 79 80 81 82 83 84 85 86 87 88 89 90 91 92 93 94 95 96 97 98 99 100 101 102 103 104 105 106 107 108 109 110 111 112 113 114 115 116 117 118 119 120 121 122 123 124 125 126 127 128 129 130 131 132 133 134 135 136 137 138 139 140 141 142 143 144 145 146 147 148 149 150 151 152 153 154 155 156 157 158 159 160 161 162 163 164 165 166 167 168 169 170 171 172 173 174 175 176 177 178 179 180 181 182 183 184 185 186 187 188 189 190 191 192 193 194 195 196 197 198 199 200 201 202 203 204 205 206 207 208 209 210 211 212 213 214 215 216 217 218 219 220 221 222 223 224 225 226 227 228 229 230 231 232 233 234 235 236 237 238 239 240 241 242 243 244 245 246 247 248 249 250 251 252 253 254 255 256 257 258 259 260 261 262 263 264 265 266 267 268 269 270 271 272 273 274 275 276 277 278 279 280 281 282 283 284 285 286 287 288 289 290 291 292 293 294 295 296 297 299 301 303 304 305 306 307 308 311 312 314 315 316 317 318 319 320 321 323 324 326 327 328 329 330 333 334 335 336 337 338 340 352 376
260 1058 2995 4712 7553 8457 11359 10037 11974 10437 11421 9259 10302 8159 9300 7298 8198 6733 8076 6133 6977 5779 6691 5302 6287 4964 5879 4736 5412 4383 5258 4131 4690 3923 4513 3599 4371 3409 4006 3224 3808 3043 3714 2904 3319 2752 3156 2569 3018 2386 2821 2371 2648 2156 2697 2011 2372 1926 2281 1822 2245 1733 2109 1647 2003 1552 1921 1421 1742 1398 1688 1274 1690 1275 1531 1178 1518 1163 1505 1011 1343 1048 1266 999 1286 895 1177 905 1107 859 1095 790 995 741 952 760 961 712 854 669 822 623 771 574 759 537 700 508 708 522 654 473 668 482 613 412 549 401 505 381 526 408 494 386 477 360 468 304 397 321 397 296 392 304 351 288 322 256 348 233 289 210 275 237 320 176 218 191 245 184 238 152 236 159 197 164 216 159 194 138 171 145 178 125 156 122 142 122 131 98 133 89 113 96 162 85 122 96 104 93 97 83 96 78 103 81 88 66 97 64 82 61 87 54 68 59 62 56 69 51 64 51 58 42 49 44 55 40 31 35 36 25 43 38 37 25 37 17 34 28 23 29 34 26 28 29 29 30 29 12 27 31 26 22 20 19 31 21 18 15 21 13 13 17 12 7 14 9 24 8 13 6 14 7 14 5 10 8 11 6 10 8 5 5 15 3 11 3 7 2 4 3 6 5 5 4 7 4 7 2 1 3 7 3 5 2 1 1 5 4 2 3 3 2 2 4 2 3 1 2 1 3 1 1 1 2 4 1 1 1 3 1 1 2 1 3 3 1 1 2 1 1 1 1 1 1 1 1 1
260 1124 4025 9004 21147 35797 71444 97994 178096 233631 380188 450535 715577 797661 1266426 1350551 2080505 2250021 3606661 3547871 5405228 5672543 8475398 8648048 12903573 12980583 19463230 18936746 27694816 27719862 40729953 40359905 57094594 57693683 80628085 77644687 113135266 107691942 153213871 145170258 208968189 198557148 292127852 267409845 375134077 363986878 502103925 475237649 651466295 624201536 861584087 831783587 1125916889 1057524781 1535347044 1370743997 1830642260 1731774323 2410463171 2305555345 3199032037 2897809800 3927647749 3612323419 5173374060 4652485503 6530985647 5653895793 7779301112 7151417588 10108926266 9000423859 13186145603 11750851559 15594227334 14063791301 20283261228 18090999779 25880115362 20052823350 29837548974 25876522738 35683927847 32746138323 47926754646 38904716886 55157056980 49124064171 66348306900 60494978968 88586512295 71892033261 102238660159 85429098165 124328445514 113871367660 156068576564 129877637672 170747340913 153448111838 211824544542 183812751911 257524423745 215838785065 318988176427 249399958755 372678509853 298006157359 464495104889 379413422837 516132190985 420613227531 686533155444 535186340628 782909307800 589133792788 896757781306 717079737403 975695563060 853287505238 1273245691425 1086769708827 1474887898430 1266578725320 1718207991170 1508730439243 2137734591262 1587701085257 2230506192084 2023735751900 2730042862354 2180584031240 3424424154301 2884950317377 3504707220753 3333040582275 3886119555256 3486572868191 5377330271302 3786210130793 5516103968806 4294414546973 6212014153972 6150168796968 8645132472055 5430039963660 6982551112500 6953910478957 9767863287398 8129696361869 12157445252331 8459637684417 13941600410025 11093676289571 14828108136242 13705558745726 18832169914656 16035937063457 21513757355089 16523507784231 22068214248898 20052112754619 27996591294566 22320329113154 31564838304117 23682214220068 32530743119354 30178584161713 35135069866971 31321561599374 43188656710717 30501325132153 41219883273450 39245412085537 76994900862742 48050647085805 67532098605447 62008786833700 67286028129530 70981460478715 75459600150762 71536957519550 85217802733657 87117087116598 111867905528716 98751705445819 117085579666689 96705974207649 159683396523076 112648142754392 142042490022845 122199711659997 209584201395979 140227486624661 188890139074054 173433584187067 189525975009644 200804874748508 267582557468449 204404942042297 277438069828994 239601476044082 284237008967318 251058645653570 304762819081707 314188861926573 369441747335746 304967477118170 252301252132734 308608755462764 418435760035173 301414022731363 536497262694985 502697971142115 492567370913289 376160376349842 649368048686323 327152159865590 657707256843608 566772291797124 584853288493741 671248403922964 963149145705090 720121296177711 814526856267740 952810240922737 1010239735325176 1139562469860170 1280848352910080 536680452093694 1289727131417002 1814755811084224 1487127649839031 1455751710089394 1593692668812394 1544292369115733 2434625090695329 2011354746275206 1687526172406247 1456616961903128 2172582481423446 1560279194591007 1545116850334820 2168126945405993 1754206038402957 1329033246290895 2547639889366388 1838905041777606 4805880854148310 1677274552287094 3043633012526021 1368945953903852 3551347419892028 2695433025684816 4210838387895906 1860186914449437 3781187511979684 3948795749199715 5539543260991542 3019950773475451 4776438426047605 4924000107131881 3133328605046924 2844612892221169 10150733420332276 2063657199810712 8628772304137448 2397712989491148 5877282112567698 1949668739889250 4125426839737976 3231633483800840 7048838561348817 6372904102137311 6473601866494546 5348904967622095 12184009040425942 7953842893713863 16263362909118366 3658842536648853 2040825852575075 6753791768702743 17250467796195925 7622857770137094 14282535748883735 5877859587859110 3160137867148997 3652430836071053 18535645505773634 20216543541642456 8753641655487981 13940544310273856 14978447182697840 11245985383901210 11662756574046120 26905048542549838 16060496769886080 34481985101860100 9253082936723602 21314662465097678 21314662465097678 35140302174873673 13162217895057704 15142952738857194 17414180133147295 40034853525153890 84391714874635618 23000006655487337 24650106150830490 26415807633566326 81136635608128655 30326181989842964 32488293351466654 74548811553496154 39919565526999991 137317075630734084 147016930905713625 49005643635237875 56156602112874289 116261951952540833 73653287861850339 78801255302666615 84300815636225119 90175434980549623 96450110192202760 103151466321735325 117949491546113972 261578907351144125 1238057794119125085
3 4 5 6 7 8 9 10 11 12 13 14 15 16 17 18 19 20 21 22 23 24 25 26 27 28 29 30 31 32 33 34 35 36 37 38 39 42 46 47 48 49
3 10 37 60 43 62 68 56 46 50 44 43 27 27 23 22 5 11 13 16 11 12 4 7 6 10 4 12 3 4 2 5 3 3 3 3 2 1 1 1 1 2
3 12 57 138 134 311 453 655 719 1349 1503 2244 1957 3308 2774 4856 1000 3787 4627 7743 6518 8593 3828 10278 9976 17241 8704 51191 8884 25892 8590 35264 18050 44449 30802 70326 41318 35954 106348 75175 75175 164309
