22 34 46 58 70
2798 19947 44014 22774 10457
537279 761396 372466 88837 15903
1490824468012 14129553816604920553 4383347227263482049 886344336824199397 51455897903145
22 34 46
536 653 183
5594 1823 281
56202689 43401800 829328
3 4 5 6 7 8 9 10 11 12 13 14 15 16 17 18 19 20 21 22 23 24 25 26 27 28 29 30 31 32 33 34 35 36 37 38 39 40 41 42 43 44 45 46 47 48 49 50 51 52 53 54 55 56 57 58 59 60 61 62 63 64 65 66 67 68 69 70 71 72 73 74 75 76 77 78 79 80 81 82 83 84 85 86 87 88 89 90 91 92 93 94 95 96 97 98 99 100 101 102 103 104 105 106 107 108 109 110 111 112 113 114 115 116 117 118 119 120 121 122 123 124 125 126 127 128 129 130 131 132 133 134 135 136 137 138 139 140 141 142 143 144 145 146 147 148 149 150 151 152 153 154 155 156 157 158 159 160 161 162 163 164 165 166 167 168 169 170 171 172 173 174 175 176 177 178 179 180 181 182 183 184 185 186 187 188 189 190 191 192 193 194 195 196 197 198 199 200 201 202 203 204 205 206 207 208 209 210 211 212 213 214 215 216 217 218 219 220 221 222 223 224 225 226 227 228 229 230 231 232 233 234 235 236 237 238 239 240 241 242 243 244 245 246 247 248 249 250 251 252 253 254 255 256 257 258 259 260 261 262 263 264 265 266 267 268 269 270 271 272 273 274 275 276 277 278 279 280 281 282 283 284 285 286 287 288 289 290 291 292 293 294 295 296 297 298 299 300 301 302 303 304 305 306 307 308 309 310 311 312 313 314 315 316 317 318 319 320 321 322 323 324 325 326 327 328 329 330 331 333 334 336 339 340 343 345 346 349 353 359 360 363 371 373 377 378 379 383
264 1412 4087 9149 15129 22775 34352 39416 48780 50537 54405 52548 52598 47477 48731 45467 43129 41303 41400 36399 36920 34312 33251 31464 31565 28566 29517 27409 25789 24969 25504 22477 23036 21933 21437 20509 20051 18210 19144 17772 16838 16733 16997 15117 15266 14366 14043 13395 13463 12262 12984 11651 11473 10949 11210 10067 10310 9756 9877 9091 9204 8298 8707 7987 7894 7477 7734 6891 7205 6617 6727 6419 6205 6056 6203 5620 5610 5040 5361 4862 4979 4770 4696 4442 4436 4018 4139 4056 3846 3689 3938 3431 3427 3156 3269 3139 3156 2936 2999 2674 2775 2534 2602 2366 2401 2357 2319 2128 2222 1961 1990 2084 1890 1924 1925 1679 1770 1647 1617 1587 1738 1649 1697 1456 1444 1357 1349 1337 1276 1267 1278 1129 1249 1145 1091 1161 1109 1052 1176 1020 1063 903 868 924 914 841 865 771 809 679 710 709 710 686 673 602 685 533 559 601 630 553 580 525 543 522 470 456 477 466 520 422 431 409 387 399 384 409 359 350 367 338 301 340 359 308 341 305 329 274 221 293 238 302 248 266 332 234 203 218 218 203 193 215 188 163 155 188 163 176 157 137 144 124 126 144 191 148 136 140 105 94 103 125 133 109 113 121 110 85 82 118 100 72 83 89 80 71 65 85 95 73 76 67 49 46 57 64 48 62 59 50 57 36 41 64 53 44 37 39 43 30 21 117 111 37 45 29 37 21 27 34 32 37 23 26 23 18 21 19 25 23 20 11 15 9 8 23 12 18 9 10 15 5 10 14 5 3 11 6 3 11 4 11 6 3 9 2 7 4 11 5 6 6 3 4 4 1 6 3 3 8 6 4 3 2 6 4 7 4 2 4 3 1 1 1 1 2 2 2 1 1 1 1 1 1 1 1
264 1606 5793 16884 38863 86478 182645 318829 581998 900448 1475852 2142230 3178535 4181402 6270996 8119008 10897965 14316652 19378256 22718648 31088185 37090927 47083918 57995009 74081111 84768794 112787374 131339647 155041519 189532894 240331655 258567945 340050243 391470294 457722392 561612324 653418405 712337872 928012743 1020632801 1165006378 1434067962 1692945386 1792988274 2237451186 2477259966 2805988064 3341563827 3880380813 4062676743 5227100606 5484115991 6214616945 7289340094 8477330644 8780265563 10983865419 11740942527 13377754867 15295339395 17326787686 18096927100 22387293242 23756443506 26169727601 29567973495 34146016746 35522187548 42783169589 45200909106 52003086808 57199411373 62639953057 68235203464 80701506365 85561168447 95207395849 98623592540 120162891249 120858126818 146680144845 156441540372 172169599850 191884463136 213302965794 222707028137 262788693742 281626930878 306690488740 338937588283 405589190094 402191886246 445321485487 460881326074 544649478097 591050304868 664423268704 696010157957 771572298227 804231193301 907315439720 939445540944 1074685883831 1076744985163 1245267130630 1387047004807 1457758378880 1562733911717 1754205248343 1745019760730 2010806788369 2321605511290 2283270913151 2671676584671 2862426904304 2952087884130 3398181090070 3609656132737 3873074597779 4261170481368 5086699064052 5130597389768 5942266510789 5827308055555 6170793166224 6838288659315 7443435848488 8265982157832 8540974175951 9672654648181 10609787597154 10705260571279 12555448531964 12912301447162 13922302045189 16632652889733 16522107561136 17734259737591 20470569727681 20619664383281 24050963898782 22426322334941 23813793922655 29209853150943 30368469953505 30962173090708 34937722838694 35155319436049 38647636876440 38208576822704 43942324267422 48407194121825 52967844088282 54993178645888 58983367815307 58433439268730 70058812999924 62864048352816 70067432431925 82275317452986 98693058345070 91550338917723 106560064732287 107006306325744 114152097011124 122872646362266 124170963295669 124556259604462 145709464448164 159283447745477 183076690728270 176726286764547 195514569970387 198324110580694 209425155625002 232671870623234 249788739176779 275686067722410 268228406202080 288396917025750 328741470534746 327285286130308 321840158014847 407270676937055 452325147760222 441983386222677 508768120258991 505059886393696 572008559012414 543177739843663 500673677702868 674953799005168 634835965492545 828114166636172 740028711202059 888518662403488 1067019139364113 921094591482149 898707568045540 1003890469538655 1060907876557845 1110671443256316 1174968293074274 1398978326251153 1229206618207755 1231758591692866 1258689419947724 1681234902050125 1510709705290112 1937367563306635 1713265021365973 1726904746029360 1969031746066797 1918910972026396 1972572361938752 2551193161661283 3431514777267149 3017823046006010 2837506336399528 3398342680373596 2570784927919068 2881664586130042 3222500138318671 4187094456757152 5147054548520315 4074257264081103 4740125959116470 5688509149951768 5271791905496260 4432388485746472 5171862894177751 7471179779397216 6795153534568184 5327398191021843 6008846630052798 7578792044505619 7766198223126905 6837479806686171 7454274367913185 9720282933318718 11892116814923881 9685098000315639 10999539864883289 10756583700878882 7950476549878798 8335511564723914 11746234025011307 13793023021712566 10815326857825260 14794791546352263 14965238455613089 13889963611094555 18250129630589244 12300528072993664 15109505793779221 24869323694875804 21556396683963416 21481646636673814 20013038401833910 19392697377510134 25797808836910820 16952610645013434 13764606026377558 76651689419374880 78967859836314972 30957350297858506 44362559739931534 26837811752365745 37698103882056528 22863706678544828 34284879328616682 47056300967166003 50047514822378079 55387382955990432 32857457527488199 48879714011529790 44579435703991084 39105783247290622 50286990553505417 43029354657528265 62619183655777520 61562323348944726 58617683187741150 28718160864510026 53782676804722613 29228695717425796 25551025225266420 100149755955626510 53841653250065031 76099802987145991 38604225953911437 46716591318551059 96501050591859256 26949098593162226 58313782870230600 94582505217642353 34350074703862412 21924980301216999 98335712633502504 57392234475645250 27759248810170806 124357414911486220 41176607249904680 151537269791503541 73615308115376790 50862871828574338 123242184906630841 43380278069417204 169862981518346541 68482326935271548 197842522296885590 134738233486132291 127307906949341400 174748589535092020 73950318452491470 102131827568793632 162273271216257310 28305020340996003 190605537385552544 102090203090348314 109349766422936984 346050290991740349 248002930688864061 183089434174312112 232095077809549987 104924088457657282 336939612677245734 232523903905081666 441837572724905838 280157945700071889 147306575723700678 360701739922198492 330923581275878316 117949491546113972 144117936527873832 164637479165761044 175943559810422753 429236599486572598 558726656967404304 827532361866684724 441622981929358437 536679070310691121 899175348396088349 1022141228367345362 1319510599727473500 1406207446561484054 1498478743590581081 1930656072350465812
3 4 5 6 7 8 9 10 11 12 13 14 15 16 17 18 19 20 21 22 23 24 25 26 27 28 29 30 31 32 33 34 35 36 37 38 39 40 41 42 43 44 45 46 47 48 49 50 51 52 53 54 55 56 57 58 59 60 61 62 64 65 67 69 70 71 73 74
5 39 51 177 166 511 334 704 386 749 349 559 294 517 261 312 194 284 153 184 117 200 109 111 68 91 56 68 40 89 41 46 30 55 18 40 15 35 26 18 14 26 10 17 10 15 10 12 7 23 2 6 6 10 2 2 1 5 1 3 6 1 2 1 1 1 1 1
5 46 79 475 518 2674 2012 8096 5717 20169 11691 34326 21062 65278 39100 78752 54656 136811 78997 152452 91563 256023 153271 250277 123845 298857 183232 355383 201328 709552 301342 498520 382279 941068 305022 1013986 440829 1491855 1088909 869692 702595 1730496 520855 1552906 947437 2459166 1599320 1915863 1303931 6767323 641596 3156126 1916924 3348201 1223040 1046017 526823 4594162 1053646 2822512 9939772 1932934 4752628 4025116 13933040 3087735 4087968 8175936
