20 32 44 56 68
2912 16395 43382 24009 13293
2302803 740949 451942 109595 24132
210656377444 17485098050566872574 11802830693965630161 1532264447081762219 765390376434641
20 32 44 56
778 678 235 7
21311 2202 405 7
797746934 31103282 1183440 67
3 4 5 6 7 8 9 10 11 12 13 14 15 16 17 18 19 20 21 22 23 24 25 26 27 28 29 30 31 32 33 34 35 36 37 38 39 40 41 42 43 44 45 46 47 48 49 50 51 52 53 54 55 56 57 58 59 60 61 62 63 64 65 66 67 68 69 70 71 72 73 74 75 76 77 78 79 80 81 82 83 84 85 86 87 88 89 90 91 92 93 94 95 96 97 98 99 100 101 102 103 104 105 106 107 108 109 110 111 112 113 114 115 116 117 118 119 120 121 122 123 124 125 126 127 128 129 130 131 132 133 134 135 136 137 138 139 140 141 142 143 144 145 146 147 148 149 150 151 152 153 154 155 156 157 158 159 160 161 162 163 164 165 166 167 168 169 170 171 172 173 174 175 176 177 178 179 180 181 182 183 184 185 186 187 188 189 190 191 192 193 194 195 196 197 198 199 200 201 202 203 204 205 206 207 208 209 210 211 212 213 214 215 216 217 218 219 220 221 222 223 224 225 226 227 228 229 230 231 232 233 234 235 236 237 238 239 240 241 242 243 244 245 246 247 248 249 250 251 252 253 254 255 256 257 258 259 260 261 262 263 264 265 266 267 268 269 270 271 272 273 274 275 276 277 278 279 280 281 282 283 284 285 286 287 288 289 290 291 292 293 294 295 296 297 298 299 300 301 302 303 304 305 306 307 308 309 310 311 312 313 314 315 316 317 318 319 320 321 322 323 324 325 326 327 328 329 330 331 332 333 334 335 336 337 338 339 340 341 343 345 347 349 350 352 353 356 361 363 365 367 368 369 371 377 379 389 395
241 1538 4052 9230 17311 26755 50438 67739 80848 142940 158575 163313 156020 152348 143767 135926 125634 120241 113479 107608 98370 94248 88542 84115 76241 74171 69503 65508 60350 57725 54411 51900 47092 44945 43398 40524 37163 35891 33587 31764 29025 27784 26425 25298 23101 22053 21047 19889 18117 17509 16657 15421 14908 13589 13260 12426 11441 10656 10619 9987 9520 9130 8791 8262 7779 7240 7444 6908 6771 6201 6318 5769 5653 5532 5428 5067 5227 4743 4798 4709 4579 4294 4524 4261 4115 4021 3902 3646 3794 3535 3455 3359 3313 3126 3154 2984 2924 2864 2747 2677 2628 2390 2453 2486 2295 2212 2187 2025 2125 2184 2014 1947 2027 1756 1756 1740 1677 1628 1601 1495 1473 1412 1385 1369 1445 1274 1266 1274 1242 1112 1082 1123 1123 1115 1106 1064 1021 1000 925 938 984 781 887 900 858 771 776 799 776 715 753 700 687 638 652 650 600 680 634 581 544 505 541 541 514 485 479 475 441 470 423 388 422 383 367 385 347 337 348 366 341 323 377 304 307 304 246 324 305 253 265 333 251 269 229 217 214 211 200 200 181 166 175 185 189 202 156 151 183 150 115 139 162 138 132 124 109 124 131 109 110 98 94 107 101 90 94 92 92 82 89 72 95 81 72 73 79 64 82 76 55 63 69 48 46 49 53 99 54 50 54 41 42 41 42 21 43 32 27 34 39 16 28 23 23 22 26 25 32 19 33 19 32 12 26 22 25 18 23 18 31 18 21 24 26 11 22 19 13 13 11 12 12 8 8 6 13 6 21 7 5 9 9 3 9 10 4 10 50 6 6 4 7 5 4 10 4 1 3 1 4 3 4 5 3 3 3 3 4 2 4 5 1 2 2 2 3 3 2 5 3 3 2 3 1 3 1 1 1 2 1 2 1 1 2 1 1 1
241 1710 5680 17722 45013 100637 236890 465514 840814 2030802 3120131 5203477 7587865 11349857 15784222 22091162 29229310 39411527 50662552 67141777 83876773 106858159 132059441 166784949 197104725 245947523 292967912 357486033 422047172 509772979 595166433 723272283 814936372 970772570 1122850969 1327018952 1492204905 1783284593 1994698598 2352632490 2562208751 2980620439 3289225116 3886348843 4224203090 4908780174 5464616127 6332412491 6706352909 7694652178 8354366329 9577632375 10526246091 11731189339 12932308323 14513847878 15239758976 16889657514 18309995032 20021401427 21812776030 23926708280 26850928474 28569891125 31150226250 32261668864 37899199738 39372572519 44728830606 46350428426 52866730342 55341647204 61133709121 65925087634 73844287146 76767022082 90157940557 96604154310 108671679515 117755535978 134225766724 142727699548 172702513515 183647420955 201371954841 214019587689 246481879190 259650454836 316818485973 330345059036 355438694781 392271183241 429357607792 462256287314 520751812220 565884875501 615712311078 671654538528 749662942716 792772466558 860647402258 904662202792 1008761074678 1125634290879 1190651698772 1292645349502 1430515478293 1504215081715 1695600082152 2014647624964 2044783942560 2195712423260 2504683058607 2489911835517 2723852353955 2986763138447 3268211293367 3479075191847 3765738330481 4000676543216 4353179017435 4476131633799 4838005036033 5555676765476 6258589500809 6272676462183 7131478158716 7641292657187 8130261827400 8315118785831 9109887715289 10260158658966 11543065788615 12255624752419 13825192509557 14580767766759 15003135727729 16998863905946 16993727119079 19518882462824 22286844858941 19052130544109 23598766859037 27034278052298 28412911152950 28669636148503 30775088903425 34089283906760 38998509241539 37950063980028 43370985358921 45722628577792 46780466117297 49383238925833 56918092106505 60622305069970 62374837853957 73308085167145 81081567740924 81900185884743 82154641914464 85596476166553 96827071265747 105219713081595 111651923299094 111542444663426 131291415004305 127915736101824 145293230043923 154923205862540 154400392679867 165311933269217 192654811473440 194600122207095 204657993191725 232126954581248 220906092892557 234459739596550 275243919382215 318685337959510 329611571707742 315800570991648 433602463146746 370874161061289 398610595692736 440003004087647 377129205424484 514224828164061 556168470019529 522532336548548 568537418721105 739999406551209 634599448521555 754969566146763 708997617491309 692346209038826 774801997361538 833621399042902 814064898110781 980448026137633 899137988636122 897252743482381 969196118810360 1219523025278288 1259114742375540 1492182376714010 1321744243863005 1340033899822302 1680297205664003 1658579873103725 1237448438011584 1859989067820924 2159348738499781 2112061428399983 2037005020030520 2203398721888164 2212424448151830 2407915802945165 2697692474488444 2658812178966913 2666317322722917 2919183777256685 2734531072225669 3181225609666776 3579243710910371 3162523210941365 3690551816708281 4204014267595622 4156747336056587 4462941680508263 4758713209083838 4434060769350297 6269717862176270 5896744586573085 5198163932789239 5993243587438029 7618009418187419 6112054772834932 8186464796728089 9022679917875735 6320302163012920 7842732738648472 9607081871438174 6734825472636128 7236673082474723 8575045602055088 9806659157224769 17961878621149461 11364608314903938 11602367850516442 13016232311046558 12555330926278815 13039014770135983 12859809321479114 15867926093100769 8705301820781718 18983738029545544 13836506897685667 14054090084640794 16892307911706036 21864243651626799 9586097048389494 16639015949441010 15148226550457037 18797377579551688 15272987013625760 20943546433564923 22185327082434262 34643393338004061 20848889560706032 35793460831317836 21652277910682252 41115793348700390 17632388813784264 37671811555610547 36114021439682775 44730414419155410 31509551770268849 48783982254702561 37621597207058497 71957978478193648 49506745816244979 55810110344642417 67818426980292381 87401381448821113 38457598319978501 77775354113514804 73150592699558697 55115887370486431 60943096992025041 47400664071831654 70040506480940478 69055939235724302 48301493103289192 46679175864132457 43172167664635751 101198051587386604 43849960602433998 170094233163675111 66012730751110275 53620737636565881 95920276645635515 104394235805052376 33528415388193047 106254582466028380 142105397218150027 54561761120675418 159402449612388811 824938611936395406 97438719214977978 106999697131789908 97395256886931563 143003325887590507 153290493497739129 119950331763466144 279979675072814570 113220081363984012 30326181989842964 95302768692776272 32488293351466654 144150721292377814 151742782857244222 202426340143954660 225837512210266808 143783645814053778 150473331499304391 168469806338622867 172418554065415122 248861448897562188 197485635164302950 289794749531624867 452215662052734586 78801255302666615 180350869961099246 270526304941648869 206302932643470650 323767187172320869 353848474638341916 252217035667592710 720589682639369160 493912437497283132 564025941156878940 429236599486572598 687816860613651450 261578907351144125 838089985451106456 340122810048577428 471314064268398780 536679070310691121 1221796807503768202 695143713458946040 1482866319768163368 790738119649411319 899175348396088349 2639021199454947000 1498478743590581081 2816759503217942792 4098034535626594791
3 4 5 6 7 8 9 10 11 12 13 14 15 16 17 18 19 20 21 22 23 24 25 26 27 28 29 30 31 32 33 34 35 36 37 38 39 40 41 42 43 44 45 46 47 48 49 50 51 52 53 54 55 56 57 58 59 60 61 62 63 64 65 66 67 68 70 71 72 74 76 80 82 88 92 100 104
6 78 92 397 465 1111 871 1654 1204 2047 1163 1786 1148 1491 937 1212 734 953 521 654 438 580 386 531 325 384 196 286 198 250 175 203 153 157 68 119 102 119 64 79 71 61 33 43 49 41 25 40 30 36 14 18 16 6 4 11 8 11 4 9 12 10 5 3 1 9 1 2 4 1 2 1 1 2 1 2 1
6 102 151 985 1313 5472 5107 18064 16339 52649 34367 114644 77895 190152 140807 326337 208201 504110 263491 592707 406480 837510 526417 1411251 753243 1554128 774181 1840761 1065755 2193396 1391283 2578776 1940057 3433529 1346216 3859435 2962473 5062099 2491975 3152530 3593673 4079557 2907931 4648915 6011582 7277036 3632201 6805714 7110531 11863480 4876173 8511985 7289496 2195334 1105984 7897359 7852607 7820221 2671418 14751044 15591246 13261244 8603114 4832335 3865868 23451340 3483260 10006418 21614145 4087968 10785566 9289091 12132164 53087320 44108109 236228608 190569292
