13 25 37 49
286 2176 918 118
4006 5883 1226 127
85189 1814529 276107 8275
13 25 37 49
286 2176 918 118
4006 5883 1226 127
85189 1814529 276107 8275
3 4 5 6 7 8 9 10 11 12 13 14 15 16 17 18 19 20 21 22 23 24 25 26 27 28 29 30 31 32 33 34 35 36 37 38 39 40 41 42 43 44 45
59 268 553 964 1121 1351 1254 1423 857 723 487 508 260 228 159 181 134 106 110 94 83 49 35 44 26 20 18 23 17 16 10 18 11 6 5 4 5 3 3 1 2 1 2
59 318 856 2108 3658 6527 9349 16065 16119 20047 19828 30192 21435 28125 26377 38890 35379 36078 46602 50923 70500 59261 36852 74676 44630 41508 57594 93932 72298 76927 67879 195864 119549 62605 57643 106170 124176 53931 93545 26015 68523 37338 133749
3 4 5 6 7 8 9 10 11 12 13 14 15 16 17 18 19 20 21 22 23 24 25 26 27 28 29 30 31 32 33 34 35 36 37 38 39 40 41 42 43 44 45
59 268 553 964 1121 1351 1254 1423 857 723 487 508 260 228 159 181 134 106 110 94 83 49 35 44 26 20 18 23 17 16 10 18 11 6 5 4 5 3 3 1 2 1 2
59 318 856 2108 3658 6527 9349 16065 16119 20047 19828 30192 21435 28125 26377 38890 35379 36078 46602 50923 70500 59261 36852 74676 44630 41508 57594 93932 72298 76927 67879 195864 119549 62605 57643 106170 124176 53931 93545 26015 68523 37338 133749
