14 26 37 38 49 50
545 1260 63 691 6 73
6894 3532 79 874 6 74
147217 737157 2546 85240 65 554
14 26 37 38 49 50
545 1260 63 691 6 73
6894 3532 79 874 6 74
147217 737157 2546 85240 65 554
3 4 5 6 7 8 9 10 11 12 13 14 15 16 17 18 19 20 21 22 23 24 25 26 27 28 29 30 31 32 33 34 35 36 37 39 40 41 42
37 205 457 892 1149 1617 1316 1562 1263 823 454 402 323 254 95 133 97 86 57 36 35 34 18 16 13 18 21 9 7 10 7 2 3 2 2 1 1 1 1
37 223 677 1859 3352 7077 8834 15790 19540 20596 17540 22426 25803 29953 14973 27414 30582 36327 25401 21996 25710 32204 19449 22747 22942 47563 62120 29322 27620 47904 78787 23864 23654 27368 32596 49240 21637 21637 26015
3 4 5 6 7 8 9 10 11 12 13 14 15 16 17 18 19 20 21 22 23 24 25 26 27 28 29 30 31 32 33 34 35 36 37 39 40 41 42
37 205 457 892 1149 1617 1316 1562 1263 823 454 402 323 254 95 133 97 86 57 36 35 34 18 16 13 18 21 9 7 10 7 2 3 2 2 1 1 1 1
37 223 677 1859 3352 7077 8834 15790 19540 20596 17540 22426 25803 29953 14973 27414 30582 36327 25401 21996 25710 32204 19449 22747 22942 47563 62120 29322 27620 47904 78787 23864 23654 27368 32596 49240 21637 21637 26015
