10 11 22 23 34 35 46 47
267 201 3874 4107 26994 22626 24659 17246
848 544 22753 26810 120999 95772 42789 28091
19749 15748 342478764 2397967379 1572530397070558523 1197094506739369008 8090356643852339 1920017484084616
10 11 22 23 34 35 46
7 2 96 83 88 56 1
7 2 158 147 106 70 1
31 9 303825 495490 433877 43728 42
3 4 5 6 7 8 9 10 11 12 13 14 15 16 17 18 19 20 21 22 23 24 25 26 27 28 29 30 31 32 33 34 35 36 37 38 39 40 41 42 43 44 45 46 47 48 49 50 51 52 53 54 55 56 57 58 59 60 61 62 63 64 65 66 67 68 69 70 71 72 73 74 75 76 77 78 79 80 81 82 83 84 85 86 87 88 89 90 91 92 93 94 95 96 97 98 99 100 101 102 103 104 105 106 107 108 109 110 111 112 113 114 115 116 117 118 119 120 121 122 123 124 125 126 127 128 129 130 131 132 133 134 135 136 137 138 139 140 141 142 143 144 145 146 147 148 149 150 151 152 153 154 155 156 157 158 159 160 161 162 163 164 165 166 167 168 169 170 171 172 173 174 175 176 177 178 179 180 181 182 183 184 185 186 187 188 189 190 191 192 193 194 195 196 197 198 199 200 201 202 203 204 205 206 207 208 209 210 211 212 213 214 215 216 217 218 219 220 221 222 223 224 225 226 227 228 229 230 231 232 233 234 235 236 237 238 239 240 241 242 243 244 245 246 247 248 249 250 251 252 253 254 255 256 257 258 259 260 261 262 263 264 265 266 267 268 269 270 271 272 273 274 275 276 277 278 279 280 281 282 283 284 285 286 287 288 289 290 291 292 293 295 296 297 298 299 300 304 305 306 307 308 309 312 313 314 315 316 317 321 322 323 324 338 339 340 341 354 355 356 357
272 1130 2355 3941 5755 6906 7736 8070 8430 8269 8261 7831 7754 7489 7150 6904 6579 6298 6016 5906 5797 5506 5410 5128 5033 4915 4769 4679 4686 4445 4375 4135 4071 3857 3775 3558 3613 3461 3289 3185 3233 3046 2991 2978 3018 2795 2776 2656 2638 2487 2422 2289 2354 2212 2134 2051 2032 1990 1894 1844 1931 1838 1793 1740 1786 1676 1594 1581 1555 1439 1506 1433 1375 1347 1323 1283 1260 1275 1201 1194 1138 1089 1101 1081 1054 1043 1062 1002 995 908 930 881 859 806 820 805 736 733 745 762 707 726 718 682 712 695 643 621 666 596 565 556 561 496 510 469 506 488 495 437 474 458 464 441 425 416 375 359 361 348 326 329 345 357 331 337 309 281 298 289 274 262 258 236 241 221 241 199 222 224 213 208 194 198 199 209 194 201 174 186 147 151 143 152 149 139 150 154 142 127 125 116 121 132 113 108 121 99 93 95 105 81 87 97 90 93 75 75 82 73 85 75 81 76 68 64 56 48 46 47 53 45 48 46 59 48 49 47 46 37 44 41 34 31 34 30 28 34 30 37 35 38 31 26 31 19 22 27 30 21 18 18 20 19 22 20 25 26 25 19 17 16 10 11 9 20 12 15 10 13 10 12 14 16 17 16 8 3 8 5 5 9 10 8 7 4 3 3 5 7 7 7 3 1 1 4 1 3 3 6 4 5 2 3 2 2 4 2 4 1 2 3 4 1 3 3 4 2 3 3 2 3 2 3 3 1 1 1 1 3 1 1 1 1 1 1 1 1 1 1 1
272 1204 3435 8123 17282 31248 52818 85404 133950 198251 291122 405826 569633 779602 1033469 1380817 1762455 2263779 2834656 3658206 4643309 5721473 7248337 8851398 10840353 13583758 16628996 20464328 25367173 30177280 36280573 42491146 52234320 60541930 71815918 82086095 98855992 112415847 131588121 154329999 187753110 213934044 249293184 299687145 354042080 401016450 472602913 546949236 628909281 721808613 817823354 912556330 1068225526 1173566720 1301374252 1455305820 1669842697 1938007059 2118498859 2457006566 2973622720 3294595661 3799828864 4316852801 5011253461 5517237277 6289731853 7022496185 7875439841 8254392288 9890250250 10498907282 11359632397 12826594965 14511965812 16086040964 18012061980 20981079263 22732119749 25758506446 28692040936 30381452643 36437906530 40600494213 45670810745 50748440825 58705025998 60954726766 65776977966 68087130728 79944649918 85760444840 92863042503 97689769184 114187626404 126070241012 128662594784 150370971415 164991560851 194124450050 205326147239 240006073625 257623251707 283004404589 325773691466 352427145368 361198802197 399933062061 469923411419 468467383485 491973577000 562203507250 615671387005 629160661566 721976318670 729312855532 885717511837 957796681562 1083407088210 1049569080356 1241446829825 1338960818555 1492591062156 1570562358794 1678900003539 1830597074885 1824506129490 1874752917815 2124702330773 2293200880059 2418133009203 2801565904315 3110859525548 3698580056887 3789772556552 4305765658901 4388621874901 4167109398173 5079142365594 5346204198146 5540876154678 5803060502316 6113995374679 6308290895203 7037555685852 7580745478684 9018144124724 8127194240291 10456998137748 10796145955081 12195731298503 12612351255415 13107428415559 14466427513103 15789426557767 17958330713694 18529029119930 20129687176780 19976540172184 22796683515214 18719365874900 22792887805440 24456505834787 28453055894535 29364218673463 31608953262984 35888606933346 42554051702238 41247876973915 43991165686377 45316811254863 43092921715476 49696574591276 61422005028904 54672664634607 60171812485393 71565427533713 63663330685510 62428048513695 76483098614985 88000932628750 71936284566407 88466798057197 103300583207722 109096097128751 124153771377373 111002785422578 121711817814747 136115807722230 134735376672483 177681022749656 171018795773263 201749836075966 205475047606854 202514790825108 200419322791023 195674709239728 168967854543782 179355570788771 203117049760463 233457418526278 224342571226269 259065270936123 288110869539555 391041915618180 318925518800310 388875320088653 409320027634455 441072640964188 376485035478595 514018946862395 479353627007104 387984445329385 434840537429619 491200075673153 451942934633225 503724167277092 637705726136786 651312024695641 890796754887788 969245789513011 1064218930377203 899705129520549 752877014176014 1061740568437692 597690625640212 938962601505957 1130501217215309 1407474604073107 989025788099973 942121719225559 981389189168533 1171240672495638 1329920873311425 1603783569876286 1777018860792459 2148969241031704 2469585403335217 2582769043983153 2083349462133723 2058680921681565 2137519509359898 1482439623440937 1624350864989036 1497938569748666 3348014081849456 2089535371814051 2804487730502168 2072798755070044 3047765318542459 2585784598011968 3841731038258763 4438969197023138 5412360308033165 6025972196492300 5903438932412286 2976734589092162 1438181772023499 3251417636504853 2524389098702137 2336508454828398 4999169419591815 6419565238794104 5283590687173294 5120531451728585 2838730984131286 2947333490633283 2518835191100442 4981696558541136 6483321048828488 7049929949571851 7675546485547775 3480851357721545 1218374349844333 1412749565173450 7388440608900425 1637293969337171 5161850835451709 5421120969706122 13708733972091561 8473224328515182 13507583537405486 5081905180091396 10547651547186466 5877859587859110 6320275734297994 13352889903109316 7050014848057826 15430197320539319 3925922161489422 12973030184075076 24722523295642008 26560476970965293 6039763882095515 18566201891270118 19939198398354007 28890830445412830 19861944784807002 31245634857501179 33528415388193047 23704760097051569 38593653809344873 27280880560337709 49893753204806621 53499848565894954 20017426762576945 21458096037352891 23000006655487337 24650106150830490 97464880054399962 34800954869440830 37274405776748077 39919565526999991 103151466321735325 110307860425292772 117949491546113972 126108517833796355 298330063062758076 318555973788329084 340122810048577428 363117512048110005
3 4 5 6 7 8 9 10 11 12 13 14 15 16 17 18 19 20 21 22 23 24 25 26 27 28 29 30 31 32 33 35 36 37 38 39 41 43 45 46 47 48 49 54
1 8 13 32 32 35 43 32 35 28 24 17 15 16 16 17 11 8 9 8 13 6 9 10 7 8 4 2 3 2 3 4 2 2 2 3 1 1 1 1 2 1 3 1
1 10 23 85 118 193 326 421 610 757 896 911 1085 1607 2015 3625 2747 2435 3556 4158 9472 6644 10089 14018 12945 18081 12726 7308 8686 11154 16080 46070 19557 30382 36930 61550 26015 52030 37338 53174 181523 75175 300250 204226
