30 42 54 66 78
14795 42950 26027 15894 328
943320 560247 134099 32859 328
1606320368463203018 18307024962921972411 2723901405216384082 5884927921423901 69586
30 42 54
891 335 14
4174 654 16
71783403 8693716 592
3 4 5 6 7 8 9 10 11 12 13 14 15 16 17 18 19 20 21 22 23 24 25 26 27 28 29 30 31 32 33 34 35 36 37 38 39 40 41 42 43 44 45 46 47 48 49 50 51 52 53 54 55 56 57 58 59 60 61 62 63 64 65 66 67 68 69 70 71 72 73 74 75 76 77 78 79 80 81 82 83 84 85 86 87 88 89 90 91 92 93 94 95 96 97 98 99 100 101 102 103 104 105 106 107 108 109 110 111 112 113 114 115 116 117 118 119 120 121 122 123 124 125 126 127 128 129 130 131 132 133 134 135 136 137 138 139 140 141 142 143 144 145 146 147 148 149 150 151 152 153 154 155 156 157 158 159 160 161 162 163 164 165 166 167 168 169 170 171 172 173 174 175 176 177 178 179 180 181 182 183 184 185 186 187 188 189 190 191 192 193 194 195 196 197 198 199 200 201 202 203 204 205 206 207 208 209 210 211 212 213 214 215 216 217 218 219 220 221 222 223 224 225 226 227 228 229 230 231 232 233 234 235 236 237 238 239 240 241 242 243 244 245 246 247 248 249 250 251 252 253 254 255 256 257 258 259 260 261 262 263 264 265 266 267 268 269 270 271 272 273 274 275 276 277 278 279 280 281 282 283 284 285 286 287 288 289 290 291 292 293 294 295 296 297 298 299 300 301 302 303 304 305 306 307 308 309 310 311 312 313 314 315 316 317 318 319 320 321 322 323 324 325 326 327 328 329 330 331 332 333 334 335 337 338 339 340 343 345 346 347 348 350 351 352 354 355 371 372 373 386 387
259 1398 3968 8820 16245 23639 31844 37655 42494 42428 45675 43336 42883 41043 40589 37463 37907 35161 35090 33324 32430 30459 30630 28593 28222 26737 26312 24595 25178 23295 23082 22014 21715 20462 20361 19150 18549 18144 17511 16405 16539 15863 15193 15024 14483 13564 13806 13168 12857 12463 11850 11705 11773 11257 10589 10516 9890 9557 9583 9294 8691 9000 8375 8236 8033 7857 7485 7743 7355 6905 6835 6793 6342 6433 6001 6102 5785 5924 5629 5748 5225 5023 5039 5064 4554 4695 4345 4366 4271 4221 3820 3997 3742 3754 3701 3530 3401 3334 3241 3218 3163 3093 3044 3043 2774 2600 2632 2618 2556 2467 2417 2376 2341 2189 2190 2152 1994 1999 2191 1871 1880 1864 1753 1778 1732 1696 1574 1736 1586 1464 1441 1527 1321 1392 1305 1269 1221 1138 1187 1159 1193 1008 1134 1112 1045 1013 1048 943 928 882 877 897 936 774 771 797 717 671 715 737 678 693 658 723 646 575 615 619 591 552 574 566 525 534 540 530 509 407 456 462 413 379 380 399 364 365 354 347 356 298 307 325 282 276 282 284 243 255 229 245 227 206 211 238 162 187 196 181 191 178 151 180 141 130 163 177 142 129 185 139 122 118 153 124 111 94 90 100 81 84 101 64 62 69 74 64 68 38 72 69 67 53 69 54 56 52 60 45 49 46 49 44 28 38 46 42 38 35 39 37 44 20 31 39 31 28 30 22 23 19 27 22 35 16 29 24 19 19 53 26 20 16 14 12 8 12 11 15 7 11 16 10 11 10 7 9 7 11 7 13 8 10 7 7 11 10 7 9 4 3 6 11 3 4 6 4 3 5 4 5 5 3 4 4 1 2 2 3 3 4 2 3 3 5 35 1 1 2 2 1 2 3 1 2 2 2 1 1 1 1 1 1
259 1529 5573 16776 42837 90833 177401 314865 540961 820368 1344379 1905357 2778832 3851327 5547825 7018631 9967371 12438637 17010034 21381960 28246421 34169344 45375563 53721746 68938484 81370375 106377130 118967688 158435848 179514152 227044347 259009745 331620671 372933024 462099586 517965186 626829525 715175199 870884922 954235059 1185312581 1327402780 1550682657 1769819097 2142501425 2304839842 2809591568 3154249636 3667384290 4092773837 4769602822 5350913026 6398664404 7134691740 7989337641 9046950839 10067245064 11328924835 13049025640 14714270078 16134960932 18967232288 21003434649 23384890921 26688775972 29730017533 32124013339 38891378521 41846303898 46547832070 52798295410 59951341154 61039130613 73758855997 78378776397 91585157785 96860846026 117316771262 124592344658 146708916587 153789632128 166982235187 185766850659 219794601777 221806353424 260459635279 269277730616 307872985440 339853462061 387147817623 380861864290 455959786400 470718388004 543862986500 617903425761 660642877091 696646112434 776125011509 869671679525 958466777802 1073425815822 1156301097788 1266099793750 1429471030179 1445191202482 1538475099652 1734035060231 1933615085022 2100502766210 2312316232697 2519500300831 2661326236763 2993566048291 3110098961113 3472013525559 3783034752495 3854598997237 4361822600288 5338037716725 5029388509000 5681486651677 6362679026497 6368868669804 7110720398430 8229460971047 8548889559230 8717243442566 10822824951832 10404614666111 11249912396984 12023663562555 14265065011339 13883440284537 16023121194048 16154033128142 17536515911116 18223421700706 18813297522546 21868029675249 23531314174414 25983106692099 25499452758621 30666943275710 33269560584475 35150968117412 37660012376701 45412010367581 41125031634544 46354813507855 50101703204169 54301105446921 58615065116969 67406616655965 63503860228215 69801666226272 75886450675992 77096977793301 78081935692931 94462039163882 106355181389111 105455152041535 116128206256172 123356676957389 148060263314801 147549863721251 147144594559642 169067223523357 175351933473571 195971977394776 193372074110948 223780303408852 235219293548268 251031085779213 263369272700248 319480950054136 325249781290872 318885878516800 296868220852445 363940593442795 404808384176940 405066987883782 395250792642567 422900602553011 499448214569536 498938595807265 583399773686882 613296853538613 608692742319156 692152182375370 624801850904891 724223251425630 818453323058436 723204099745406 820858101898374 953890146311980 1019363451712035 898507329598949 1067281341340771 993734514232816 1287980741991403 1164387724018240 1253741006897427 1281850115048175 1732836831911978 1218030463423283 1617643856903378 1722515615080754 1737917613797485 1884630259939082 2166538526176852 1796995662280404 2497393095498088 1970791254094055 1948464731031212 2626896869775001 3382883381774553 2659879068633410 2668190580865180 4452886728440977 3189936597136357 3145074798889786 3510520803009967 4337509538488644 4451719163064162 3737773658584800 3580844436834645 3713631293449218 4572268445145109 3884762025529485 4599344862308310 5573800030146929 3911038933274606 3969103178289862 4862437084142603 5778229378712932 5261623272858993 5944132386123215 3640685932995333 7848565998826805 7782161809891313 7545530617910505 6924273477419533 9590541685794155 7993996210042960 9183039812241319 8960061938778587 11931744074713333 9207719112581308 11064895453777898 10463739959843269 12677804628924515 11927553014581530 7238112203569063 12530752869974475 15499743967176855 16070996779384179 14901209112878812 16194454921805444 16812329493888465 18244542271868702 25579389357801222 11596930140238273 19221503030154819 26117835892548781 24331283635318512 23322066614427447 26890526245461691 21518855804615685 21650951592955608 21738872017986235 32201267358321987 27489928342308008 46064236930186973 27085268049490972 41493228566931251 38808690152390480 32413926804626930 31733507736006739 97596742170821370 57906755350631957 43963463538076562 36142650363399180 36326954403605600 36916780415152631 25626141703837915 41411679576745478 42981361431639169 67102564468591487 26387489828752478 53091252669046197 72989063379235779 47031455916864850 55766416700882452 64366939325831796 41861575984523695 74711717810064045 48760951009370817 85645061467608984 54559688775303912 108524964237913415 74024663493788816 107884917405078713 74601318627841873 77714162008934933 131626694445894671 153481615361551253 95961304346293132 133213704428983179 63862312346346183 51068146802124253 110771621631149115 214807940536440071 62933618837282727 88916205385680456 142950338418953481 126781933719624122 84915061022988009 173872445343669940 129953173405866616 174004774347204150 186372028883740385 117113536830748059 208083365161864070 219788951195020144 49005643635237875 150473331499304391 112313204225748578 180316049518999632 188756099057895644 261811009773417500 147306575723700678 236403765907999845 252902446908675357 482250550961013800 3610301321260736375 110307860425292772 117949491546113972 288235873055747664 329274958331522088 175943559810422753 376017294104585960 602647668863049477 229272286871217150 489809074910764812 523157814702288250 596660126125516152 318555973788329084 899175348396088349 958728697912338045 1022141228367345362 2332821198543892336 2484305294265418180
3 4 5 6 7 8 9 10 11 12 13 14 15 16 17 18 19 20 21 22 23 24 25 26 27 28 29 30 31 32 33 34 35 36 37 38 39 40 41 42 43 44 45 46 47 48 49 50 51 52 53 54 55 56 57 58 60 61 62 63 66 67 69 70 79 80
1 38 51 167 121 329 178 376 238 330 204 291 154 253 121 250 128 177 87 133 53 146 63 119 54 89 45 81 38 64 27 63 40 31 20 37 17 27 12 33 13 22 7 14 9 22 4 20 5 6 5 4 4 1 1 3 4 1 3 2 2 1 1 2 1 1
1 48 83 430 400 1827 1149 5115 3585 9725 6472 19799 12165 32498 16631 56177 34229 80507 37079 114903 43687 200047 84655 294236 112777 340465 141638 394861 229053 539336 204553 782802 464487 481380 383596 880766 439307 975349 456291 1682472 626422 2212598 524207 2259138 885347 3611616 452180 4521021 1057237 1263764 1475271 959728 1584537 563178 959772 997675 2407474 614154 2600686 3094080 3438433 2600312 2012558 11613560 9289091 9289091
