23 35 47 59 71
4410 24437 41190 20869 9089
982173 813225 334424 78085 13225
12393302013601 6139551898110570788 7763572366911747278 813564477427934123 24658479970910
23 35 47
875 866 145
10505 2203 214
350750079 38271542 815788
3 4 5 6 7 8 9 10 11 12 13 14 15 16 17 18 19 20 21 22 23 24 25 26 27 28 29 30 31 32 33 34 35 36 37 38 39 40 41 42 43 44 45 46 47 48 49 50 51 52 53 54 55 56 57 58 59 60 61 62 63 64 65 66 67 68 69 70 71 72 73 74 75 76 77 78 79 80 81 82 83 84 85 86 87 88 89 90 91 92 93 94 95 96 97 98 99 100 101 102 103 104 105 106 107 108 109 110 111 112 113 114 115 116 117 118 119 120 121 122 123 124 125 126 127 128 129 130 131 132 133 134 135 136 137 138 139 140 141 142 143 144 145 146 147 148 149 150 151 152 153 154 155 156 157 158 159 160 161 162 163 164 165 166 167 168 169 170 171 172 173 174 175 176 177 178 179 180 181 182 183 184 185 186 187 188 189 190 191 192 193 194 195 196 197 198 199 200 201 202 203 204 205 206 207 208 209 210 211 212 213 214 215 216 217 218 219 220 221 222 223 224 225 226 227 228 229 230 231 232 233 234 235 236 237 238 239 240 241 242 243 244 245 246 247 248 249 250 251 252 253 254 255 256 257 258 259 260 261 262 263 264 265 266 267 268 269 270 271 272 273 274 275 276 277 278 279 280 281 282 283 284 285 286 287 288 289 290 291 292 293 294 295 296 297 298 299 300 301 302 303 304 305 306 307 308 309 310 311 312 313 314 315 316 317 318 319 320 321 322 323 324 325 326 327 328 329 330 331 332 333 334 337 338 339 341 342 343 349 351 353 354 355 356 357 369 373 377 381
324 1761 4450 10318 18250 29310 42210 54248 62687 68005 70308 69424 69934 65304 63398 59574 58398 54254 53249 48918 47967 45611 44099 41469 40663 37977 36596 34589 33550 31441 30611 29301 27862 27080 26183 24523 24661 22984 22427 21748 20734 19963 19778 18641 17647 17456 16799 16454 15688 15109 14656 14105 13465 13068 12675 12546 11491 11762 11273 10644 10426 10207 9850 10045 9077 9075 9073 8696 8192 7992 7819 7895 7297 7193 6894 6813 6296 6080 6099 6025 5482 5645 5329 5184 4977 4893 4671 4788 4422 4520 4302 4207 4037 3819 3620 3761 3506 3559 3358 3223 3032 3025 2829 2953 2687 2870 2641 2485 2352 2401 2262 2210 2048 2107 2148 2035 1928 1892 1919 1859 1654 1758 1709 1650 1554 1470 1527 1467 1327 1359 1399 1277 1272 1269 1185 1180 1080 1101 1182 1069 1022 941 995 953 854 891 879 807 821 730 797 800 705 733 763 679 665 646 651 687 577 629 649 612 539 512 528 509 511 492 532 481 468 425 433 440 390 394 446 373 341 431 372 351 310 313 328 304 291 282 250 258 219 250 235 233 214 211 206 208 174 185 203 161 171 174 160 151 136 153 135 147 131 121 132 129 112 121 116 107 108 99 88 94 95 94 111 74 76 54 69 79 80 73 87 78 74 53 66 72 60 57 80 50 50 42 49 48 60 44 123 37 40 42 38 37 37 18 33 28 34 34 30 16 28 30 38 23 29 36 25 27 23 21 24 18 25 18 16 16 14 14 20 16 17 16 12 10 7 13 16 7 6 10 7 13 4 10 4 7 5 2 7 5 8 4 6 3 4 7 8 7 9 2 7 4 5 8 4 7 6 5 5 6 4 5 5 1 2 2 2 3 2 1 2 1 1 1 1 1 1 1 1 1 1 1 1 1 1
324 1962 6162 19279 46878 108202 217133 425749 725791 1191588 1873207 2830354 4181338 5774055 8098745 10797655 14975001 18951786 25445013 31303589 41648283 50888358 65443078 78225225 101639820 118831804 147678836 174858071 217408027 248855920 303322399 356505353 431759787 496430500 596427729 672667585 838367830 923362021 1106346060 1273987875 1516548819 1681942868 2011387967 2269419404 2611209434 2995615210 3431777650 3954041421 4623015150 5043875738 5848004484 6642750797 7530724375 8323404067 9575276991 10897580723 12040058293 14183005922 15542225872 17446599887 19637648415 22254020714 24945871468 29193505541 30989523946 35241060230 40737911435 46042313291 50511408692 55475159379 62338113706 71793573807 77902909974 87659536174 96173289445 111894207901 116770208976 128019022986 142202040778 164204688231 172337475932 195438339481 210780783824 238572359703 255588734195 284493871660 311505801554 354407854610 372547682352 428905673404 460224098688 529492978479 561147979085 601417163349 626339579799 750847437650 777798348945 890044718676 933609910574 1033200883894 1054175992947 1197786992265 1223008802855 1482660756699 1462775369060 1741805390702 1749159971414 1945914328571 1917432031437 2324547161189 2365260060125 2585781385891 2681908436543 3107295795586 3390307074465 3735593804850 3814546988163 4334956210655 4771869197334 5088269150428 5015762031154 6107427743238 6287443940848 6726225452616 7298375422656 7694434732975 8529445744640 9371190978170 9156278162626 10634591288702 12012618829713 11920768220521 13082170137682 14857767660023 15207878711110 16594801260100 17091086057240 19625178381540 22393322889128 24215232763134 24067237034036 24318240406528 28983158999831 29399208745204 29508150633767 33769435633329 35677675676580 37087664837414 42390503733293 41642240486757 49545166576041 54417913321452 54173294260859 60430688068553 70892476462294 65354579810334 73272427450970 77826447683135 86226265728888 98017524605461 94783670384965 104457582659461 120720297835798 124193518651455 124196435243614 126910480410796 153747747828675 148379056094756 168396973002571 169471988613730 205173443800074 207866306941188 226650134625755 211668434359721 248502089068678 268703358663154 258001175448305 280633101900811 353338164361605 312390729144040 314096538000960 422376413031870 475978531488391 403992996373881 417122100264342 458643975788763 517545541733005 509649816309729 540769525052230 560379694334735 554560762289256 597485219955671 568881836561977 695499336990488 755127890762927 789461509648109 837933856058235 828808837210688 953144950171104 990470301571953 928868456302329 1064919985239856 1281053588822768 1064717379759939 1261010933908467 1406708056518057 1389163044349877 1311321501577812 1353452234502021 1786820024312380 1533803432224356 2049031467388287 1807271599002326 1934553209615531 2318051406542863 2232038934035971 2076833732103793 2551377570423817 2541591099389404 2663403074453789 2998324457741962 2795298469596965 2661323248637418 3230897363432559 3354375132042023 3580388487738279 4737347346840564 3285545776142903 3999727725083370 2858379634202714 4101061068040269 4977352173121075 5479274787946643 5464758153360225 7217194818461677 6383347342623923 6664172672939252 4900117004228797 6794007743856819 8083598868760968 7224670559701090 7373915651084221 11128603768881357 7335025431271672 8342378870786353 8284325590190222 9898206182652025 9051512696055799 14078579966462052 10662777739201987 30183801491552159 10050725035645998 14844053356399230 13912139856666871 13895020024857593 14728326279618935 15541404781814540 9092027373687819 15628514195323374 13613068843057313 17914506784187526 19851892941118576 20103240524985340 11958331373355732 20374435428448587 23394377762562369 33871427868020996 23397147436462122 26964834689701887 35861015968400317 32820441561767060 35995260851848421 32449470199368033 32667407933410585 34162489014919061 32422674887914075 52010624100378110 33513128143532212 36535812859764908 34466581676412198 31264325755427739 35465446654230646 60813469499423666 47285698517631110 55140256976115655 57166914523978197 39125123201595178 37900518459269567 32927811028641744 60062697890732022 84158498898292581 37287379803920682 30319227378677268 53120953941930586 51857247797990175 104463626975558047 32977078196778523 78679211323413153 31570310233339704 66012730751110275 52355564314048727 19184055329127103 71695883267260521 67056830776386094 107921934348843102 75401307867033268 80886196910790826 44404568142994393 63862312346346183 150855653211737495 163014162030591000 156101598711685817 208818283274425126 46000013310974674 165950345074440818 103897529051529468 139635888997550338 291134850005347874 129953173405866616 236668699532163282 255973938622622045 196952667884748041 213740390179773480 314357948789799532 192789289449291653 297490262405018016 269699336912234501 60105349839666544 128650749218229100 128650749218229100 142488173807924189 236403765907999845 192900220384405520 192900220384405520 220615720850585544 117949491546113972 134819180623301520 144117936527873832 214618299743286299 244904537455382406 279363328483702152 298330063062758076 318555973788329084 340122810048577428 363117512048110005 790738119649411319 1022141228367345362 1319510599727473500 1701169427975813525
3 4 5 6 7 8 9 10 11 12 13 14 15 16 17 18 19 20 21 22 23 24 25 26 27 28 29 30 31 32 33 34 35 36 37 38 39 40 41 42 43 44 45 46 47 48 49 50 51 52 53 54 55 56 57 58 59 60 61 62 63 64 65 66 67 68 69 70 71 74 75 76 77 78 79 81 82 83
23 103 139 382 334 754 551 1009 627 854 539 817 414 618 363 505 298 446 233 401 203 328 186 283 141 268 166 191 115 188 106 151 81 123 69 94 57 84 54 59 34 57 42 55 29 51 23 24 20 25 33 34 14 13 10 9 9 15 8 13 3 5 9 2 3 2 5 3 2 2 1 2 3 1 1 1 1 1
23 132 221 981 1100 4007 3745 12875 9346 23663 18031 50878 30964 82163 49095 121493 78446 192823 105596 330376 158469 426808 237187 620846 281601 898815 546933 1079034 635243 1734419 785034 2171100 1004682 2574241 1277168 2305792 1432210 2947036 1967865 2899875 1734249 3918734 3199925 5999568 3288172 8876846 3789472 5256482 4295571 5632561 8412603 15827531 6315240 6054026 4958981 5969705 5486725 11461707 9048529 16753413 2993014 8659682 16683447 10332048 6083572 6966520 14474896 9290040 6970560 9394410 8175936 18961502 32356698 12371378 16236528 18578182 12132164 15796476
