8 20 21 23 32 33 35 44 45 47
51 390 237 442 274 158 437 2 4 69
462 887 580 2001 324 178 604 2 4 76
5261 138786 53033 651151 58440 26665 83599 4 7 1699
8 20 21 23 32 33 35 44 45 47
51 390 237 442 274 158 437 2 4 69
462 887 580 2001 324 178 604 2 4 76
5261 138786 53033 651151 58440 26665 83599 4 7 1699
3 4 5 6 7 8 9 10 11 12 13 14 15 16 17 18 19 20 21 22 23 24 25 26 27 28 29 30 31 32 33 34 35 36 37 38 39 40 44 49
28 119 298 512 548 623 546 475 341 303 223 176 152 118 121 100 77 49 53 44 35 31 27 31 20 15 7 11 7 5 6 5 1 3 2 1 2 1 1 1
28 129 446 1089 1702 2982 4278 5874 6033 8253 8437 10129 11644 12678 17207 20971 20091 20588 19135 25931 26175 33774 32763 56327 54677 42441 21830 39642 36148 37403 37889 44528 8349 25334 20286 14883 35954 29766 44583 178268
3 4 5 6 7 8 9 10 11 12 13 14 15 16 17 18 19 20 21 22 23 24 25 26 27 28 29 30 31 32 33 34 35 36 37 38 39 40 44 49
28 119 298 512 548 623 546 475 341 303 223 176 152 118 121 100 77 49 53 44 35 31 27 31 20 15 7 11 7 5 6 5 1 3 2 1 2 1 1 1
28 129 446 1089 1702 2982 4278 5874 6033 8253 8437 10129 11644 12678 17207 20971 20091 20588 19135 25931 26175 33774 32763 56327 54677 42441 21830 39642 36148 37403 37889 44528 8349 25334 20286 14883 35954 29766 44583 178268
