25 36 37 48 49 60 61 72 73
3986 2947 24408 7531 33258 3175 17781 1007 5902
1377976 49173 759365 45714 234237 9445 61463 1259 7697
4907249429199839 40419938844578934457 3922424013058852539 881781255227283518 2971987888193899679 45372183043656588 263169188333678743 160035564270 978508368776
25 36 37 48 49
521 29 481 22 75
5142 63 1128 28 98
112001006 124649 59687521 7295 178201
3 4 5 6 7 8 9 10 11 12 13 14 15 16 17 18 19 20 21 22 23 24 25 26 27 28 29 30 31 32 33 34 35 36 37 38 39 40 41 42 43 44 45 46 47 48 49 50 51 52 53 54 55 56 57 58 59 60 61 62 63 64 65 66 67 68 69 70 71 72 73 74 75 76 77 78 79 80 81 82 83 84 85 86 87 88 89 90 91 92 93 94 95 96 97 98 99 100 101 102 103 104 105 106 107 108 109 110 111 112 113 114 115 116 117 118 119 120 121 122 123 124 125 126 127 128 129 130 131 132 133 134 135 136 137 138 139 140 141 142 143 144 145 146 147 148 149 150 151 152 153 154 155 156 157 158 159 160 161 162 163 164 165 166 167 168 169 170 171 172 173 174 175 176 177 178 179 180 181 182 183 184 185 186 187 188 189 190 191 192 193 194 195 196 197 198 199 200 201 202 203 204 205 206 207 208 209 210 211 212 213 214 215 216 217 218 219 220 221 222 223 224 225 226 227 228 229 230 231 232 233 234 235 236 237 238 239 240 241 242 243 244 245 246 247 248 249 250 251 252 253 254 255 256 257 258 259 260 261 262 263 264 265 266 267 268 269 270 271 272 273 274 275 276 277 278 279 280 281 282 283 284 285 286 287 288 289 290 291 292 293 294 295 296 297 298 299 300 301 302 303 304 305 306 307 308 309 310 311 312 313 314 315 316 317 318 319 320 322 323 324 325 326 328 329 330 331 333 334 335 337 338 341 342 343 344 345 346 347 349 350 352 355 356 357 358 362 363 365 366 367 370 376 380 383 385 386 388 391 394
214 1288 4165 9443 17977 32597 42945 61710 63390 73651 72388 72498 70338 69478 63388 65235 61208 58348 55340 55380 50201 51520 47802 47016 45162 44325 40172 41821 38618 38012 35857 36837 33001 33702 31131 30750 29629 29554 26371 27909 25724 25243 23664 23871 21699 22623 20569 20788 19865 19485 17459 18240 16707 16824 15691 16467 14759 15162 13873 13699 13106 13277 11783 12910 11596 11489 10857 10736 9761 10359 9357 9681 9149 9043 8096 8641 7716 7913 7384 7731 7028 7019 6608 6508 6301 6247 5847 6267 5702 5637 5371 5290 4913 5071 4744 4746 4673 4380 4175 4096 3905 3899 3842 3897 3769 3749 3523 3402 3182 3193 3055 3190 2936 2878 2698 2639 2547 2568 2447 2544 2351 2232 2145 2136 1998 2002 1880 2007 1948 1709 1666 1706 1574 1606 1558 1697 1494 1508 1376 1398 1310 1247 1167 1306 1150 1149 1141 999 987 941 922 1040 903 854 864 869 784 803 774 756 703 722 616 648 633 545 490 556 545 502 547 458 446 393 381 439 411 378 396 355 328 317 330 428 453 329 303 316 298 245 229 283 259 264 260 236 234 211 211 230 232 185 205 197 185 176 184 167 157 151 149 145 175 143 125 136 152 123 126 92 120 84 92 106 101 89 107 78 90 61 82 75 86 83 76 85 84 66 61 54 64 53 66 38 41 57 49 58 72 56 45 41 33 42 28 38 39 41 21 39 32 25 26 27 25 28 26 26 22 23 15 24 20 18 15 13 15 23 19 12 13 12 8 7 10 12 9 7 5 11 11 8 10 3 4 7 3 7 3 5 7 9 8 10 4 4 7 10 7 5 5 4 4 6 2 1 3 3 6 3 4 5 4 3 2 1 4 2 4 1 1 1 2 3 4 1 1 4 2 2 2 1 3 4 1 2 1 2 1 1 3 2 3 1 2 1 1 2 2 1
214 1417 5864 17550 43307 110187 204383 436852 680671 1223028 1761162 2775962 3924765 5632317 7439861 10877056 13958656 18580161 23810411 31605192 38731220 51355374 61445772 79266662 98956862 120009051 143258217 188258337 214891356 266859108 316941022 392775563 454464180 562484941 631736391 786809002 920740069 1079345190 1209224309 1521015989 1674094867 2003897456 2297513033 2706937670 3029668617 3696079251 3936057136 4785979988 5563886106 6175668217 6713831874 8442134487 8727898668 10465874884 11576286326 13656578507 14477559544 17827237112 18301016193 21906249616 24194047620 27573299683 28492211754 37022137598 36829843189 43972472592 47849590929 53754715250 54261917418 69615919189 67191445458 83013649310 90136775851 102785651050 100520128253 134636408419 122059048146 155342905600 161496581732 195007628247 191301897623 239920966898 231785450926 283308497443 297689050886 333498975522 341456190152 444558700358 416232725425 500274511937 545566901143 599590354496 611188620476 772510591755 720864667869 864836754703 978094938775 1012473401774 1064613239902 1283252190278 1219272588506 1443830966183 1608901429415 1737656229772 1873004118323 2310046357314 2202954576647 2623570519302 2628979555435 2885404317191 2999730761723 3820416279537 3544908331782 4230469269369 4320869071885 4672514810260 4897477795504 5891070208389 5680243558660 6967517627516 7296777865863 7861968951207 7981921512747 9645603110384 8752418088402 10842392423755 10576736685076 12710864758597 13127856664937 13764440897935 13755472258017 17352447025348 16508522676412 18900599858226 19520060711815 23995084827795 21962493395278 28181739556765 27070963216303 31296583629731 31137019200517 34753089451490 32229406550225 44007287615918 38183683479974 46940796691306 48554662985888 52015302219847 48875479250182 56359605717377 58687513198064 70938743300669 66504314876468 77926005149111 79477685698893 95895029941402 86573296443383 101410074004973 101439199956208 117284356905149 109381673127727 139451421138269 120918342421454 140844498897464 148341839985470 146578935041271 133903065249428 185365912107003 188877165312262 183652685701904 209753486368873 220027360050871 200704152372773 220662751860884 230042778392941 275428637432552 271117449103013 288195080082212 300606168384975 301979041569765 306626471727204 327104001642857 379514774509858 512065396570761 545939145678177 500637715980218 477870761025766 515040598656318 574687913429073 513172079228187 496623134623452 760741566189071 687032956369979 799047027935558 824913206951419 838361258302052 852663891087507 854125089100584 947784333852683 1076588948947468 1264849477084754 1212807696997205 1231494841651663 1389039724157750 1393876747359969 1324388967725954 1629651194517174 1783733990013157 1512091311107957 1812904707625070 1861670342863613 1765420676612972 2483113534332019 2150829196800991 2070845493695422 2471576228527084 2997004102123919 2510471705411578 3188029767313779 2365953447835242 2949251100786406 2359708834830229 3008058358501345 3444857760220482 3722956615548578 3326929803446886 5036128750907817 3748161893579747 4818951686111299 3220468285188030 5204075396533055 5110149410607958 5778221331859751 6349897800591060 6449066249157487 6688995745792851 7960825908921178 6823875104280495 6851328210490580 6481634152089912 8901160159778548 7078807509218267 9550908106864222 5623470834492031 6769329372314438 10815190117401760 11454363288367059 11354230329911898 20623226632389158 13521902970134437 11829197501540144 12093453549282474 9533119081491923 14242362351790157 11159940039299751 13855979525501357 17558113721326829 18932184338416986 11717135298163141 20004468367482973 19132831260155512 15175815366233528 17588542206924143 20904219406336059 19089041818855018 22929478837943360 22171863327941673 23457708537266769 22057461063400095 21753649669022392 17508677547524347 31082135448119543 25272359461661668 26180634077893060 25245118135350496 21963926297986805 25166047318637314 46271210456005694 36204170768514019 27941247107084028 28614356776546850 29710251887459073 21796172642163360 20711461907369258 33248999473975009 37036822112910196 29391025383692077 27690365744062744 18809136831192003 44945941978969680 52836714531241677 46693670987293652 55766416700882452 16868978075851815 23742284338237150 49658841791714839 20897550432587493 51329525680944582 22989378541964208 65422482860588290 80747399785478110 105851249038039016 83805932180100036 113577209932947775 49076872076917860 50862871828574338 95961304346293132 149380947241417562 126627790895719897 84722113471101211 90842825165095682 80069707050307780 82951045599859672 134916218696655130 47650112806317827 26415807633566326 107552443241694981 90978545969528892 269156992883629936 111823217330244231 151742782857244222 208083365161864070 180065153666688780 153929732092895157 112313204225748578 60105349839666544 257301498436458200 147306575723700678 315205021210666460 84300815636225119 96450110192202760 103151466321735325 252217035667592710 404457541869904560 576471746111495328 154043597379576030 164637479165761044 703774239241691012 376017294104585960 429236599486572598 458544573742434300 261578907351144125 955667921364987252 1360491240194309712 363117512048110005 775265065838058446 502957566506000020 1073358140621382242 610898403751884101 651688879997206959 2085431140376838120 1686501577125056854 3714173382357375255 1596675274490756791 3861312144700931624 2190401332423765131 2332821198543892336 5290836681377527402 6385415036867065652 3850538434667429186
3 4 5 6 7 8 9 10 11 12 13 14 15 16 17 18 19 20 21 22 23 24 25 26 27 28 29 30 31 32 33 34 35 36 37 38 39 40 41 42 43 44 45 46 47 48 49 50 51 52 53 54 55 56 57 58 59 60 61 62 63 64 65 66 67 70 72 74 76 77 80 82
4 33 46 181 166 355 269 569 306 519 266 425 247 377 196 272 164 260 136 212 94 166 83 153 63 111 56 86 47 63 39 61 38 49 21 44 25 27 11 36 22 16 8 22 5 6 9 14 10 8 2 9 5 5 3 3 5 6 1 3 1 1 2 2 2 3 2 1 4 1 1 1
4 43 73 438 524 1890 1664 7329 4566 15291 9119 26643 17947 49955 28521 72038 44150 130165 67379 156905 81117 223543 102585 316878 124863 365568 195787 502116 243786 406158 273989 886508 400706 941133 388179 1361387 584023 1189677 401082 2892357 1028012 1695913 587369 2802490 531740 745268 1278408 3657883 1533654 1476463 589092 3792274 1915397 2274349 1279264 1552971 2663387 3461120 715220 4214584 1430440 966467 3209477 3054439 4105811 12773300 8447113 7108690 26963915 10785566 18578182 24264328
