2 3 4 14 15 16 26 27 28 38 39 40 50 51 52
11 44 7 221 708 215 4936 18706 5295 11290 40156 10630 2153 4883 713
57 193 37 592 1923 828 31752 113416 31520 37304 126845 31735 2587 5594 754
2760 3639 1093 45130 237206 264181 352405312887178 3565027262717042 2036903598941545 652038840242163587 3180842713739424075 684010537452242847 263438242692 149671509071 1234252072
3 14 15 16 26 27 28 38 39 40
5 3 17 7 62 200 56 5 14 1
5 9 34 16 87 288 77 5 15 1
50 1635 3473 7242 12193732 7383766 108852 12331 76746 2
3 4 5 6 7 8 9 10 11 12 13 14 15 16 17 18 19 20 21 22 23 24 25 26 27 28 29 30 31 32 33 34 35 36 37 38 39 40 41 42 43 44 45 46 47 48 49 50 51 52 53 54 55 56 57 58 59 60 61 62 63 64 65 66 67 68 69 70 71 72 73 74 75 76 77 78 79 80 81 82 83 84 85 86 87 88 89 90 91 92 93 94 95 96 97 98 99 100 101 102 103 104 105 106 107 108 109 110 111 112 113 114 115 116 117 118 119 120 121 122 123 124 125 126 127 128 129 130 131 132 133 134 135 136 137 138 139 140 141 142 143 144 145 146 147 148 149 150 151 152 153 154 155 156 157 158 159 160 161 162 163 164 165 166 167 168 169 170 171 172 173 174 175 176 177 178 179 180 181 182 183 184 185 186 187 188 189 190 191 192 193 194 195 196 197 198 199 200 201 202 203 204 205 206 207 208 209 210 211 212 213 214 215 216 217 218 219 220 221 222 223 224 225 226 227 228 229 230 231 232 233 234 235 236 237 238 239 240 241 242 243 244 245 246 247 248 249 250 251 252 253 254 255 256 257 258 259 260 261 262 263 264 265 266 267 268 269 270 271 272 273 274 275 276 277 278 279 280 281 282 283 284 285 286 287 288 289 290 291 292 293 294 295 296 297 298 299 300 301 302 303 304 305 306 307 308 309 310 311 315 316 317 319 320 321 322 323 324 326 327 328 329 330 331 332 333 334 336 337 338 339 344 345 346 347 348 349 350 351 353 354
361 1282 2718 4268 6005 7287 8411 8872 9192 8868 8984 8513 8523 8057 7880 7677 7416 6916 6876 6640 6428 6265 6161 5925 5783 5530 5445 5337 5222 5202 5137 4914 4823 4544 4407 4223 4193 4044 4049 3785 3859 3678 3599 3414 3461 3303 3394 3206 3085 3028 2834 2771 2772 2650 2654 2528 2590 2455 2359 2304 2287 2186 2181 2150 2145 2036 2018 1798 1853 1742 1812 1706 1676 1625 1566 1529 1513 1423 1462 1404 1435 1370 1264 1269 1182 1135 1132 1133 1137 1040 1047 1040 994 978 945 957 926 890 849 852 845 749 761 713 764 708 684 677 697 637 620 639 647 579 605 603 545 539 508 496 456 502 445 430 445 417 426 411 388 403 350 363 351 351 362 311 313 295 307 308 287 289 278 271 256 254 261 244 241 240 231 221 209 187 201 215 201 176 186 182 160 150 155 157 148 127 146 151 151 133 136 123 144 119 117 100 110 86 83 86 88 86 88 96 95 97 88 80 74 78 78 64 67 70 56 60 58 60 61 65 62 61 58 57 56 56 53 50 46 36 40 42 32 26 37 35 34 35 35 36 30 32 32 37 29 28 27 32 27 30 24 29 24 22 25 25 19 19 23 24 22 17 14 13 16 14 17 13 15 13 13 13 14 11 13 14 13 11 8 5 3 7 8 7 6 9 10 8 7 8 8 8 9 8 6 4 3 3 4 4 5 5 7 6 5 7 7 7 8 7 7 6 3 2 2 2 2 3 1 3 3 1 2 3 2 2 1 1 1 1 1 1 1 1 1 1 1 1 1 1 1 1 2 2 2 2 2 1 1 1 1 1 1 1 1 1 1 1 1 1 1
361 1378 3893 8783 18110 33451 57776 93928 146100 212462 318821 437267 627341 829731 1126232 1499854 1952758 2460263 3209344 4106054 5185181 6558152 8273852 10100097 12626698 15314599 18947290 23171771 28395529 34827160 42714904 51359566 61362104 71502820 84023027 97800232 117632288 138293939 165254434 185551798 222662394 261182208 298587420 345933746 411979682 464815678 575055771 638347002 721356359 840315226 918745902 1071360006 1238783204 1425035237 1622007520 1864523556 2173302892 2416534529 2732041560 3046605610 3541709796 3932412513 4458249954 5279472535 5942095712 6536063914 7450756686 7807218715 9204520554 9628548505 12016771574 12857350619 14316818090 15946967383 17390128551 19705789314 22326137345 23495572779 27345334380 30204096710 35554025642 37590878923 39785912257 45976283239 47788207013 52157854288 57824457879 66131149933 76035014665 77637264706 88696718677 99537385075 107198916145 118511386293 131325356581 146498894000 162909916064 176303552882 191983424693 218745720094 244788861012 243044334590 271987551435 275774095034 339548394879 357532195125 387514742142 424844668012 488443417500 497934264353 530606050953 625301579923 687685484758 713421309633 815328410372 913291347999 922526124809 1024044696302 1057383284631 1151888872131 1122063356605 1425954567386 1423322051605 1531898582479 1757415738332 1833112867091 2072573695554 2158104804131 2257799531185 2679720224846 2581014353532 2929282134751 3179889507281 3583325426492 4028445092657 3807524232653 4372038220313 4172168089633 5156776840972 5492971483514 5837813101157 6437157199236 6997384270506 7226224165767 7474995084482 8261839440070 9469471561788 10190088970278 10981983753415 11840425529411 12490596961081 12906086960433 13610922702588 13558193906325 15271242753050 18090339598521 18813840550872 18109616426978 21353633686209 22232285289648 21515648460190 21466918143184 25556733036299 27254599987422 30171819678707 27409505276518 34304478174126 38359420724900 42511282962017 40307834823674 47994166200777 43332299157492 57557651076074 52651669832632 56832120061358 51664351277853 63997709257105 50970018972160 55790616551730 63869865590285 72760900256646 78825060272161 89635379598945 103038681124167 113618882095645 129638155223364 126739970445145 129422848437202 121138689069207 145618748599687 160640650288131 140671816601711 153224254655851 172854299795550 147899258767607 172577993718915 190441591963227 211499344853301 234589954575344 267397071064840 292032097955516 314979821176239 312074039638849 357130641856729 376564633346818 395470563551939 430154362742911 444220400509690 433445815129033 369974755260960 416027726462553 468565886881429 372282969252435 338637969704734 508456829590839 550490572823916 554517320214958 622749350783096 664069128049015 731473145655137 694997849123634 846577923625134 858721342822737 1126313240148879 916431821315204 991271891106729 1009177511598177 1350819178922458 1223681824157691 1537238109781598 1297782810891594 1708774454793222 1527942009469588 1612483373804258 1826826309501818 2110100794137686 1664002203041458 1854121936265586 2349139268070269 2647148065667285 2569680653319414 2144899497567889 1852727111284882 1642303724294070 2425696568895253 2176460534966451 2992138507223010 2360472376414740 3114857964979138 2756891935649683 3226695357473843 3326281769644568 4091256175677328 3112019510423100 4480071089148485 4886710259297004 4647163158831758 4255038113855202 3313836452012851 2230503420164737 1487225804282538 3587112927769211 4938308402293158 4703710882702238 4401472622117860 6861419722492306 8119239518209477 7132577867668797 6782042220884058 8282989498103770 8924235569474609 9613859437395031 11573792577103241 11246401501514643 9486455898785210 5867460116049250 4562941478553525 5286835299171807 7317685073297706 7874779912333318 10359089721982816 11311797225722970 17071734351487938 15821477320779699 14282535748883735 21457340850384653 23070749649394083 24802475380244531 30586903315660269 28948786965914319 31110042691678620 28556658479690108 15703113209261016 10857363761704277 11662756574046120 12526438009174603 13452524271274919 21924980301216999 7479565078510584 25271240935873090 27126662148912229 9930972392403501 20588303624952340 33528415388193047 24538436038458930 26324435790115408 14118662665280005 15142952738857194 16239786535829663 21458096037352891 23000006655487337 24650106150830490 28305020340996003 30326181989842964 32488293351466654 34800954869440830 37274405776748077 39919565526999991 45772358543578028 49005643635237875 52462044228828641 56156602112874289 120210699679333088 128650749218229100 137669771892147700 147306575723700678 157602510605333230 90175434980549623 96450110192202760 103151466321735325 110307860425292772 154043597379576030 164637479165761044 175943559810422753 188008647052292980 200882556287683159 214618299743286299 229272286871217150 244904537455382406 279363328483702152 298330063062758076
4 5 6 7 8 9 10 11 12 13 14 15 16 17 18 19 20 21 22 23 24 25 26 27 28 29 30 31 32 33 34 35 37 38 39 41 44 45 46 77 81
7 11 28 22 45 30 42 36 34 22 31 23 23 17 20 19 10 10 8 11 14 14 7 7 5 7 5 6 4 3 2 3 2 1 1 2 1 1 1 1 1
7 18 65 66 261 222 498 563 989 778 1882 1726 2860 2437 4025 4661 3448 2901 6084 6915 12988 14467 11499 13743 13771 19677 22292 24884 23200 20892 14734 29258 34726 12310 10143 44649 74676 53174 74676 7089500 12132164
