11 23 35 47
600 11531 49409 38432
2261 113303 226005 64372
178613 213408128002 7250532270475344196 5292161253996873
11 23 35
23 273 147
37 494 166
662 7767817 964254
3 4 5 6 7 8 9 10 11 12 13 14 15 16 17 18 19 20 21 22 23 24 25 26 27 28 29 30 31 32 33 34 35 36 37 38 39 40 41 42 43 44 45 46 47 48 49 50 51 52 53 54 55 56 57 58 59 60 61 62 63 64 65 66 67 68 69 70 71 72 73 74 75 76 77 78 79 80 81 82 83 84 85 86 87 88 89 90 91 92 93 94 95 96 97 98 99 100 101 102 103 104 105 106 107 108 109 110 111 112 113 114 115 116 117 118 119 120 121 122 123 124 125 126 127 128 129 130 131 132 133 134 135 136 137 138 139 140 141 142 143 144 145 146 147 148 149 150 151 152 153 154 155 156 157 158 159 160 161 162 163 164 165 166 167 168 169 170 171 172 173 174 175 176 177 178 179 180 181 182 183 184 185 186 187 188 189 190 191 192 193 194 195 196 197 198 199 200 201 202 203 204 205 206 207 208 209 210 211 212 213 214 215 216 217 218 219 220 221 222 223 224 225 226 227 228 229 230 231 232 233 234 235 236 237 238 239 240 241 242 243 244 245 246 247 248 249 250 251 252 253 254 255 256 257 258 259 260 261 262 263 264 265 266 267 268 269 270 271 272 273 274 275 276 277 278 279 280 281 282 283 284 285 286 287 288 289 290 291 292 293 294 295 297 299 300 301 302 303 304 305 306 307 308 309 310 311 312 313 314 315 316 317 318 321 322 324 325 326 327 330 334 335 336 337 339 349 350 361 362 363 373 374 375
259 1151 2478 4278 6515 8376 9587 10220 10591 10468 10248 9648 9659 9308 9086 8394 8449 7849 7807 7477 7244 7072 6713 6578 6346 6191 5993 5728 5692 5445 5271 5071 4974 4875 4603 4495 4511 4391 4204 3973 3982 3710 3579 3480 3455 3511 3337 3248 3178 3105 3001 2862 2827 2681 2590 2478 2503 2481 2379 2283 2299 2152 2178 1996 2013 1896 1809 1701 1766 1745 1722 1718 1602 1593 1448 1438 1414 1318 1351 1241 1240 1230 1231 1204 1158 1145 1107 1054 1094 993 930 906 926 915 845 878 835 809 813 793 769 728 696 693 674 647 626 632 590 608 589 564 575 548 537 479 490 496 494 435 460 459 441 450 409 426 429 403 384 390 372 342 341 294 311 320 312 268 296 276 287 243 270 249 226 230 226 216 225 214 204 206 223 231 189 200 212 178 167 161 170 164 153 137 148 157 139 135 136 137 130 131 124 131 110 130 93 111 91 100 90 86 100 81 97 77 84 73 88 70 77 74 66 72 65 65 70 62 55 58 55 53 45 48 55 31 48 38 56 46 54 38 45 40 39 31 31 34 23 37 25 32 28 27 26 35 29 17 23 29 33 20 18 23 21 20 14 25 14 21 15 11 16 16 15 10 16 15 11 16 11 10 9 11 7 16 11 9 6 6 11 12 13 9 5 8 5 3 4 4 1 4 6 10 8 6 5 3 3 3 4 4 2 4 3 6 3 4 2 2 2 3 2 2 2 1 3 3 2 4 4 3 1 1 1 1 1 1 4 2 3 3 4 3 1 1 1 2 3 1 1 1 1 1 1 1 1 1 1 1 1 1 1 1
259 1236 3560 8645 19111 36930 63526 104206 164485 242205 352851 489395 697248 954328 1298627 1646820 2248750 2790276 3708794 4716397 5904914 7403972 9023035 11389254 13868883 17097614 21134110 25158908 30988659 37780266 44378886 53461129 63484319 75423564 86215035 103928331 124872253 149081154 171307659 197486993 236019155 267083613 306257306 363035751 410454812 511692296 565722476 658392062 745230148 871495260 977941865 1145230415 1281411029 1450223016 1630855080 1841528971 2084049486 2498436019 2761156792 3073355835 3502469771 3848082544 4535815227 4830685755 5766596894 6193110128 6774603937 7354639676 8823893062 9992284492 11148747763 13237613428 13950214302 15568390892 16067957118 18145969069 19942002591 21402154525 25749819995 26647074794 31062307809 34251143230 40280626471 45054002831 48631939559 54128956163 59461194897 62364056083 76404512941 76208518118 81803984872 88399839803 100929270592 117973179909 121137376649 139108868711 152843193153 164228989665 187701487494 203544496545 219560297871 232617534899 256085489543 282135499733 305166484253 320769990629 356822252761 406789241546 407468880498 489099098197 537177000307 565983379988 646079587713 695748173480 770411995637 731070658778 850639617654 941835673597 1042880371316 1055640334078 1200337600006 1322489007002 1436996205137 1683922469017 1708667217807 2026920139449 2172099175501 2342656861401 2387466938440 2640501715944 2808902830748 2754385825332 2965884907523 2907738134955 3478332917861 3823710332153 4317113167336 4021571458003 5001263293664 5146163288223 6140166463604 5574530675792 6702991066547 6574475570817 6618473761098 7546744193329 8176328306952 8583905515581 9694367764251 10837449568129 11409910951522 12787419319969 15071684824572 17271512163469 15736983020577 17849139925548 20485694209609 18376936483750 19363264592515 20136671049138 24035704823250 25753041785601 26364020319752 24998892104200 29638148158224 35393629869070 34083959061233 37216732326031 39352880147465 44088634394223 44015171535238 52147791688518 51228110819787 60744694682256 55035687805252 74962567632165 55487049371165 78263534716965 65172978296815 82586808783045 79007721142834 84311066378493 101154647729745 84125091424649 125529798580985 105448725890747 122467527292647 115828963772570 161232858149326 136107657575386 171869122785965 167112476665130 170805597079013 196747678404116 187496273293217 191965109629906 220934621698340 229057699612237 204340667727872 242477256927186 252040927433002 285517131854377 250202481193097 293986082092573 341496089782705 216693115696045 356374261163772 325867288366820 546355917611682 460250354803803 603652741006683 419746192205482 558222706821080 518474649515699 681592007523406 508337410574451 571164963256280 651972268922114 502753941394862 883789339969991 637997268545896 859829915892123 779060443157558 806543823867738 843305129349744 1310030533399099 1231478994413867 867589658899053 1129683429742940 1454355548829989 1993509517698682 1253598897467375 1385890098528195 1608865056842317 1508791672008027 1710352976796788 1083102627436767 2118482678795449 1262334392553359 2300803253353375 1757666026536042 1379665831451314 2258249901821288 2691124544576446 2506826896250212 1986312536103890 2897056464348890 2805486588101032 2059121587607572 3731929668541704 2962834765426153 3360304770465701 2995827473863134 3898901768200545 2600060694762535 6288623263442072 4439732856575290 3802366217630695 2767536332526347 3316239710298171 5948232644612012 6990467990141975 7497948816283710 6353020812990512 3064022340985628 6142360892881581 3726384120195450 2518835191100442 3553892055315894 3759188956521970 974834369944625 4050063719751484 7930859191366718 13240929366608519 13235256399290091 11100600992673130 10763176926444221 6549175877348684 5421120969706122 5689692310774752 8628184787622623 9282443747695649 5081905180091396 13088604137232164 8610732771406645 21457340850384653 9955305891122543 17752460532186705 7851844322978844 7851844322978844 8438777057174190 13940544310273856 14978447182697840 17285749265996725 19939198398354007 7479565078510584 30468943620474792 32711241430294145 26494075487653652 46943304139297909 50381220802162843 32750204542919782 12269218019229465 13162217895057704 14118662665280005 15142952738857194 16239786535829663 17414180133147295 73428645031948387 38688915062177309 60052280287730835 65916198730193119 95300225612635654 75716019935227306 32488293351466654 34800954869440830 39919565526999991 82667643562954687 134292795123110752 45772358543578028 60105349839666544 78801255302666615 84300815636225119 90175434980549623 96450110192202760 110307860425292772 214618299743286299 229272286871217150 471314064268398780 502957566506000020 536679070310691121 1022141228367345362 1089657644424399782 1161537834849962850
3 4 5 6 7 8 9 10 11 12 13 14 15 16 17 18 19 20 21 22 23 24 25 26 27 28 29 30 31 32 33 34 35 36 37 39 40 41 44 45 47 49 50 51 52 53 54 55 58 59 60 61 73
1 7 18 38 44 65 44 56 33 51 36 32 24 22 27 20 18 21 17 7 7 7 8 21 10 6 7 4 7 4 3 2 4 1 3 2 1 1 1 1 2 1 1 1 1 3 1 1 1 1 1 1 1
1 8 30 94 135 344 340 701 634 1453 1441 1977 1797 2362 3910 4299 3974 7492 8186 4326 4667 5654 8774 32122 20258 14520 19110 13513 28078 22052 15719 16812 41853 22416 40216 22453 17977 29766 37338 74676 138436 75175 150350 211116 147273 612678 173525 204226 386155 772310 526823 715220 4087968
