12 24 25 36 37 48 49
462 732 481 441 358 59 50
5442 2075 1655 603 475 59 51
75716 317390 277207 158359 115259 1630 2982
12 24 25 36 37 48 49
462 732 481 441 358 59 50
5442 2075 1655 603 475 59 51
75716 317390 277207 158359 115259 1630 2982
3 4 5 6 7 8 9 10 11 12 13 14 15 16 17 18 19 20 21 22 23 24 25 26 27 28 29 30 31 32 33 35 36 37 38 39 40 43 45 46
53 271 542 858 1237 1365 1355 1291 1094 607 390 297 248 145 121 75 69 65 49 27 35 39 32 22 18 14 10 2 8 2 3 2 4 1 2 3 1 1 1 1
53 327 850 1943 4117 6623 9986 14193 19972 15846 16269 16751 21472 15092 19754 14923 18128 22258 22005 14476 25712 41913 40185 37254 34448 31359 27262 6352 33780 15758 16812 16698 52415 16698 39503 60574 17977 62370 53174 63261
3 4 5 6 7 8 9 10 11 12 13 14 15 16 17 18 19 20 21 22 23 24 25 26 27 28 29 30 31 32 33 35 36 37 38 39 40 43 45 46
53 271 542 858 1237 1365 1355 1291 1094 607 390 297 248 145 121 75 69 65 49 27 35 39 32 22 18 14 10 2 8 2 3 2 4 1 2 3 1 1 1 1
53 327 850 1943 4117 6623 9986 14193 19972 15846 16269 16751 21472 15092 19754 14923 18128 22258 22005 14476 25712 41913 40185 37254 34448 31359 27262 6352 33780 15758 16812 16698 52415 16698 39503 60574 17977 62370 53174 63261
