6 18 30 42 54
148 2535 39446 56099 1743
1312 13103 266745 154957 1743
64587 70326340 1408524267136206493 1405248277635053245 56551158
6 18 30 42
9 199 309 7
23 479 453 7
311 575060 2915314 1567
3 4 5 6 7 8 9 10 11 12 13 14 15 16 17 18 19 20 21 22 23 24 25 26 27 28 29 30 31 32 33 34 35 36 37 38 39 40 41 42 43 44 45 46 47 48 49 50 51 52 53 54 55 56 57 58 59 60 61 62 63 64 65 66 67 68 69 70 71 72 73 74 75 76 77 78 79 80 81 82 83 84 85 86 87 88 89 90 91 92 93 94 95 96 97 98 99 100 101 102 103 104 105 106 107 108 109 110 111 112 113 114 115 116 117 118 119 120 121 122 123 124 125 126 127 128 129 130 131 132 133 134 135 136 137 138 139 140 141 142 143 144 145 146 147 148 149 150 151 152 153 154 155 156 157 158 159 160 161 162 163 164 165 166 167 168 169 170 171 172 173 174 175 176 177 178 179 180 181 182 183 184 185 186 187 188 189 190 191 192 193 194 195 196 197 198 199 200 201 202 203 204 205 206 207 208 209 210 211 212 213 214 215 216 217 218 219 220 221 222 223 224 225 226 227 228 229 230 231 232 233 234 235 236 237 238 239 240 241 242 243 244 245 246 247 248 249 250 251 252 253 254 255 256 257 258 259 260 261 262 263 264 265 266 267 268 269 270 271 272 273 274 275 276 277 278 279 280 281 282 283 284 285 286 287 288 289 290 291 292 293 294 295 296 297 298 299 300 301 302 303 304 305 307 308 309 310 311 312 313 314 316 317 318 319 320 321 322 323 324 325 327 328 329 330 331 332 343 344 355
341 1191 2648 4590 6580 8071 9289 9962 10301 10113 10080 9751 9609 8974 8901 8325 8242 7971 7660 7303 7203 6927 6819 6463 6470 6324 6078 5884 5817 5441 5501 5313 5191 5034 4889 4838 4769 4511 4469 4283 4338 4145 4024 3993 3920 3704 3751 3461 3528 3329 3376 3193 3239 3032 3098 2984 2921 2711 2684 2559 2540 2550 2544 2355 2415 2340 2336 2135 2210 2039 1948 1962 2019 1885 1856 1853 1827 1732 1717 1611 1626 1527 1572 1489 1584 1424 1366 1398 1385 1272 1276 1215 1211 1169 1174 1064 1128 1103 1115 981 1034 961 959 872 965 912 883 852 859 770 798 719 729 716 675 721 694 663 639 633 632 609 548 538 552 522 524 490 513 496 488 459 457 470 435 384 418 414 392 386 371 346 349 335 319 336 328 309 340 321 292 242 300 273 262 259 235 226 219 239 249 219 233 222 195 181 185 182 178 166 193 155 167 158 154 147 149 146 132 123 132 148 133 115 144 110 125 117 118 91 95 92 115 94 80 94 83 78 72 83 67 68 71 89 73 69 80 58 64 50 51 56 52 39 54 54 40 46 44 40 40 48 35 40 34 29 33 35 36 31 25 25 32 21 27 21 25 22 21 31 28 22 21 23 21 19 12 28 17 19 18 22 14 20 16 16 11 4 12 15 12 19 16 15 15 12 9 5 4 7 5 9 12 5 9 9 8 4 3 5 6 7 6 3 4 4 2 5 3 4 1 6 6 5 1 6 6 2 4 4 1 1 2 1 1 1 5 2 4 1 3 2 3 2 1 5 1 2 2 1 2 1 1 1 2 1 2 1 1 1
341 1294 3764 9421 19669 36638 62916 104506 163254 242398 354753 504997 714103 938850 1299282 1662878 2206117 2902303 3670288 4632237 5892542 7317326 9242022 11285251 14148136 17708926 21193384 25732375 31797303 37373119 46960098 55654067 66865915 79361843 93627517 111486983 134081038 154151128 186255845 212391033 261318199 300199737 358760306 413910923 485016886 541791917 649930587 719381064 841462102 945079920 1121378618 1275037991 1528832303 1689862911 1956138287 2255876302 2521412650 2745521973 3219086340 3496153739 4025345710 4751073358 5502548773 5770498985 6990432777 7801692879 8896086789 9421472280 11316514257 11676326352 12920844610 15337830491 17245940445 18479366626 21089614184 24069899212 27755888092 30467479212 33511230915 35329939975 40272514982 43753040928 51238881873 55563164989 66979131300 68930846864 72167682845 86637055735 95669410174 100603246640 113550194130 118855624552 137077288893 149182920482 166335328307 174612947896 203304975459 226242389052 251879938233 254473882284 304178152662 306301211798 348721976929 361827336734 427947936852 476119198830 517272390100 539340808963 598042502415 617966840657 717663649793 718719680849 843412816913 903638887064 937134379043 1093884067685 1222036798898 1315090143327 1365965548247 1470613015760 1676854947357 1796692390509 1796405912933 2003029903042 2287347581209 2325031305330 2522574401746 2711212556130 3063196956518 3275279153859 3691808966967 3680143082682 4181998171335 4718403964845 4868677154027 4781398405260 5635708604995 6156724198225 6474607461680 6889459331777 7578936504270 7807030336977 8461174647693 8958660544169 9368053387377 11145071666526 11701761604140 12337734258235 15064023231091 15546040991230 16192536177870 13778068517659 18592504972954 18832229528764 19783854241775 21956819721893 22407457477479 22764345103982 25197067179324 28904905512378 33434977515871 33245695257334 38219861299641 42070567813119 36748371949458 38812065108215 42783378573036 46677736138253 50077022098774 50782363282804 65719412933946 58832817189865 70776577537993 72342779115503 78918747865010 79568995834724 87798437435933 96384070380815 93694653492185 98709424335255 108263415652296 142033109931206 135090964854223 127940609142278 170304423876917 135338531787499 169810600182929 173138456146575 188462732096255 162901034287696 186894765887496 209606809516007 274218979493378 252602375839207 218610178093123 293071607161275 271191084280477 279325138494162 278073641075241 341105159821285 279502362873910 313417252052867 387681975023748 539970449334989 453138887824654 489353845747421 570858430468757 442140631573585 533237709749694 492046952143210 498724170851124 623173602936921 607093086782919 568455768595435 769039631361309 877528822970508 625078060890974 860706284497553 924833271065343 864047752047015 983047423045591 1181763777412812 941299225008603 1144959508412478 1140350812886909 1010827217665441 1275125789928971 1434182770477160 1687945885013507 1534263047239467 1373206454297430 1392757808111234 1897045682977049 1452705121455887 2121870903093846 1586019408471836 2044529066814374 2034921574869578 1830926800096284 3229101007021315 3507312740052936 2399957180164880 2633448003845320 2950332353453247 2881278895803774 3480269767434456 1955490809517000 5816790376755908 3354691443413400 4097723961884017 4524427279536546 6008679987040638 4069871572313166 6119673750687561 5867552332011426 5418239629245198 3783120541659771 1520946487052278 4803573531311130 6918170606952973 6191271861705801 10956403468228743 9389828321497858 9588080731654264 9765057606599220 9085717538273271 7348142579130496 3955814248615482 3488743677366348 6338246641893239 5859583936384204 10907179969348615 16360154130574846 6372904102137311 13624006829948325 14776881217800850 12300322516911938 8436438774126051 5421120969706122 9771344015924902 13019757410987655 16036235516398392 15066982095566201 8006698957140768 11755719175718220 12640551468595988 6557721879135770 18007307356270985 11777766484468266 16877554114348380 4534253126900886 33428696536162192 30681560391958856 27337720215359159 6039763882095515 44512898399586470 40836748830941500 14959130157021168 32120993539772160 32711241430294145 9253082936723602 9253082936723602 30519276017355841 12269218019229465 13162217895057704 14118662665280005 73666183547131592 32479573071659326 69656720532589180 18671488299600364 77377830124354618 46000013310974674 72300218957148317 52831615267132652 28305020340996003 147588586651520898 32488293351466654 69601909738881660 74548811553496154 39919565526999991 85496156071909392 49005643635237875 52462044228828641 56156602112874289 120210699679333088 64325374609114550 137669771892147700 144117936527873832 154043597379576030 318555973788329084
3 4 5 6 7 8 9 10 11 12 13 14 15 16 17 18 19 20 21 22 23 24 25 26 27 28 29 30 31 32 33 34 35 36 37 38 39 40 41 43 44 45 46 47 50 51 55 56 57
1 12 16 50 39 72 63 68 67 70 59 50 54 39 28 23 24 21 20 23 25 17 15 11 10 10 11 6 10 6 2 1 1 6 3 3 5 4 2 2 1 3 3 1 1 1 1 1 1
1 14 23 137 114 404 492 887 1089 2005 2245 3118 4193 4848 3765 4488 6542 7044 9771 14514 20761 20483 21787 20562 19398 25443 29931 23160 44203 32620 14872 11154 13684 90894 41568 65992 133884 145702 71908 78045 74676 202526 257884 106348 105558 147273 479886 563178 563178
