31 32 43 44 55 56 67 68
7436 8207 16712 27114 8984 16707 5493 9341
618301 364961 188973 314556 43557 79945 10311 17441
646365052681012611 1310315288438708774 3569622436514920339 4431538169562529331 528615308042383053 1183892950947680294 675052912654487 938851721506727
31 32 43 44 55 56
361 464 107 170 3 3
1291 1325 164 274 3 3
64264123 12735689 299504 1803220 37 18
3 4 5 6 7 8 9 10 11 12 13 14 15 16 17 18 19 20 21 22 23 24 25 26 27 28 29 30 31 32 33 34 35 36 37 38 39 40 41 42 43 44 45 46 47 48 49 50 51 52 53 54 55 56 57 58 59 60 61 62 63 64 65 66 67 68 69 70 71 72 73 74 75 76 77 78 79 80 81 82 83 84 85 86 87 88 89 90 91 92 93 94 95 96 97 98 99 100 101 102 103 104 105 106 107 108 109 110 111 112 113 114 115 116 117 118 119 120 121 122 123 124 125 126 127 128 129 130 131 132 133 134 135 136 137 138 139 140 141 142 143 144 145 146 147 148 149 150 151 152 153 154 155 156 157 158 159 160 161 162 163 164 165 166 167 168 169 170 171 172 173 174 175 176 177 178 179 180 181 182 183 184 185 186 187 188 189 190 191 192 193 194 195 196 197 198 199 200 201 202 203 204 205 206 207 208 209 210 211 212 213 214 215 216 217 218 219 220 221 222 223 224 225 226 227 228 229 230 231 232 233 234 235 236 237 238 239 240 241 242 243 244 245 246 247 248 249 250 251 252 253 254 255 256 257 258 259 260 261 262 263 264 265 266 267 268 269 270 271 272 273 274 275 276 277 278 279 280 281 282 283 284 285 286 287 288 289 290 291 292 293 294 295 296 297 298 299 300 301 302 303 304 305 306 307 308 309 310 311 312 313 314 315 316 317 318 319 320 321 322 323 324 325 326 327 328 330 331 332 333 336 337 338 340 341 342 344 345 346 352 355 361 369 384
236 1356 3913 8861 16149 23764 30989 36007 39761 40108 41067 38331 38536 37388 36130 34880 34548 32836 31957 30407 30464 28634 28735 26986 26917 25800 25063 23662 24094 22741 22190 21817 21620 20363 20085 18772 19186 18278 18079 17162 17154 16237 16090 15620 15253 14672 14582 13651 13767 13265 12695 12206 12325 11764 11610 11156 10969 10431 10276 9778 9634 9329 9207 8859 8722 8431 8153 8058 7979 7470 7461 7077 7180 6842 6573 6198 6425 6002 6047 5776 5715 5474 5290 5040 5094 4820 4953 4655 4448 4227 4291 4093 4217 3853 4029 3600 3731 3443 3401 3214 3356 3122 3054 2921 2932 2830 2705 2552 2692 2470 2428 2345 2389 2221 2212 2153 2138 1977 1980 1799 1884 1798 1811 1721 1636 1633 1500 1567 1490 1390 1392 1303 1359 1334 1218 1196 1213 1207 1107 1123 1089 1002 1048 981 1024 954 950 852 943 854 850 817 837 856 777 753 736 684 731 676 677 583 642 598 581 494 581 492 540 491 516 437 469 389 419 465 372 352 382 374 360 312 350 354 335 284 309 281 281 271 254 257 240 258 215 258 220 202 198 190 197 176 222 164 154 168 170 152 122 155 133 105 108 106 122 109 117 94 99 101 91 84 84 77 87 69 81 64 85 72 80 56 62 63 69 67 52 38 67 45 52 52 49 48 34 34 48 41 72 39 50 28 37 35 41 30 35 34 83 23 26 28 37 25 16 27 14 22 10 20 22 7 12 22 13 17 16 9 15 17 15 8 8 11 18 19 14 15 18 18 10 14 7 8 12 11 5 6 3 12 5 6 6 6 6 2 8 2 5 4 7 5 2 3 1 3 3 3 47 3 2 2 3 2 5 1 1 2 1 1 3 1 2 2 1 1 2 1 2 1 1 1 1 1
236 1477 5456 16622 41890 90163 173476 308994 519805 786644 1236397 1716981 2516270 3519052 4849291 6427157 8902850 11306106 14989452 18936940 25008864 30227443 40002198 48077578 62321582 74532366 93738084 110077363 141338657 166166582 202874914 245044256 304818569 344688198 428599336 488591023 602183053 691375518 841392264 941603870 1165563866 1299434275 1573463694 1847399406 2155817755 2415714864 2880844469 3220344802 3854415566 4370428516 5021909195 5698134833 6696269204 7356283721 8708020904 9701519554 11250095433 12135415265 14303773170 16233668021 17860451784 20353528121 23412422823 26247056545 30395609299 33330000564 36674206814 42847568228 47603916330 51564351168 59045299914 64730474051 75185383535 80999323829 91301444323 98230974441 113405558551 121903707896 142954869252 158741529677 176504831884 183856247228 206377245300 229444878116 259416845139 278833179492 330196456494 337781113945 371524558091 403267881898 454490378931 495391542291 583742216092 589238715789 706461640039 715642446684 816968501331 850049066186 930129144692 1016500738077 1164645839005 1219293527074 1324748476378 1431349774747 1615333130093 1669641403046 1888516981769 1970710928566 2318985885834 2352671168148 2551679960329 2716006182540 3165909495057 3353660499252 3704994071106 3933044754591 4354173701932 4462113368725 5101389942401 5071380300473 5854996433047 6038491332422 6785276788840 7173924989056 7665101077612 8752325211260 8603576127233 10078702750698 10753434418638 10451601829038 11881740852176 12693509804923 14335459503041 15406627241963 15700622515593 16150233410963 18948248518083 21038445061019 21295697554776 24618529719175 25149403246725 25370271507796 29009806741369 31950470471595 36266957223496 37319845624309 40069026222267 39296087634619 49010739440580 49369132100791 52047462643865 54804410342510 61321733428147 64641574141190 72038662620339 76892768370068 78935814132592 77140799785006 95448900264029 95203447487250 111907009295040 105331810687639 125002291661114 121199665132544 132392183958104 121476427720149 158809947153367 146809234622379 182263174381668 176732812266129 214751971937417 184301274433516 224782905429540 211373417933478 250576802756173 290083116733769 268917428795466 254333079968075 323484675976310 348346875015030 352679670552343 335752280565523 417854371478750 444709706734298 488837944772704 440082301289110 508792691484982 485963030008125 540533773560243 552307687555935 609788733444675 666410711401995 653172768667841 784532478386363 696359936664749 954146924544396 870465186349405 851973714814336 833149386666919 932709279062796 1030356974117095 1002384309484856 1190413503156205 1112980464363547 1090522114236214 1286916313070658 1284716647751943 1393873232258417 1084461127828558 1658959754782702 1442628300319213 1306423650529482 1333014970574635 1562485713911601 1948281922627582 1925261884060078 2112771999536394 1881744722621747 2052331145178323 2386261126514610 2222563659966330 2415492866656015 2500510423384592 2448951694671372 3016777060881704 2481614640410768 3533352642306675 2975056590941247 4215246646196177 3531747258196669 4294297020107935 3208033786272856 4331256805106410 4917602465346188 5444574180081098 5780728583137221 4640818215403715 4055357196296595 6462755889397506 4709319962280348 6115276132027559 7131670183405685 6714177814091645 7618708036036258 6018380081451318 5677647881824077 9003627321060460 8599116253029618 15347775026811476 8268206767960696 13133747834950948 7571423701701415 12117283905957401 10136670012812713 13728875632835590 10588487888252466 14532406994889732 14928039001326922 36729419610673017 11541015719947891 13801873623097362 16490287950729167 24950460693449262 16920202187337100 11783530032072670 21419050030586988 12033325750068500 19856718043613465 8531001336712131 20260019574779964 24235596915238866 10664056927326148 15153969444526989 30097164665143240 17560162232396970 27174467684649215 35147360104912647 15235583578914931 28877184488402096 39105328220597960 37354707182781114 17910628535318272 19791420386241623 33813253193395272 57887266176543373 61005828073622942 58069712332870826 59305409827527325 68205176978044275 80572707799472151 42823614482498532 79446797664313448 45297674561375108 48663826116570780 75599532136227325 81645302182126706 33391722669628926 42822530733804492 22989378541964208 101084963743492360 46265414683618010 74024663493788816 63217628555147696 67056830776386094 71114280291154707 26324435790115408 109123522241350836 30285905477714388 80102098882175846 83547719873783579 126928493597843341 113374868260578765 42916192074705782 65916198730193119 24650106150830490 79247422900698978 109441655949124658 86936222671834970 1524787676157309048 134578496441814968 106876315515629737 77193971303748068 125415721598909383 91544717087156056 241794933084529528 49005643635237875 56156602112874289 124430724448781094 68834885946073850 73653287861850339 270526304941648869 180350869961099246 206302932643470650 228257351971406744 126108517833796355 134819180623301520 308087194759152060 164637479165761044 351887119620845506 261578907351144125 318555973788329084 471314064268398780 790738119649411319 2056513475336633805
3 4 5 6 7 8 9 10 11 12 13 14 15 16 17 18 19 20 21 22 23 24 25 26 27 28 29 30 31 32 33 34 35 36 37 38 39 40 41 42 43 44 45 46 47 48 49 50 52 54 55 56 57 58 59 60 62 64 66 68 70 71 72 74 80
9 32 32 101 102 223 131 247 170 229 117 183 140 155 64 108 80 84 49 74 64 91 54 53 47 53 26 30 30 34 16 25 22 19 10 11 15 17 5 12 14 16 3 8 6 8 3 5 1 1 1 5 1 4 1 2 2 1 3 4 1 1 2 2 1
9 40 47 272 310 1345 920 3782 2796 6839 4078 11730 10323 20257 9559 26519 23696 36860 22983 58339 52376 109573 71505 105711 107965 157078 94311 177678 135271 244720 121869 268549 217017 298843 138925 256019 323898 553006 179593 592606 738096 1071230 164619 747172 606534 841080 415308 918074 147273 204226 408452 1366299 563178 2316930 772310 1053646 1885466 1932934 5200624 12191410 4647040 4647040 6175470 16351872 9289091
