16 28 40 52 64 76
1958 9857 34855 31431 19173 2719
366564 1112092 683098 185278 49600 2917
363641699 352339001136639424 15557674438743536440 3138058794926560858 47926906354006823 1368471678
16 28 40 52
564 959 405 44
55702 5247 870 58
62330186 110933198 9252882 40890
3 4 5 6 7 8 9 10 11 12 13 14 15 16 17 18 19 20 21 22 23 24 25 26 27 28 29 30 31 32 33 34 35 36 37 38 39 40 41 42 43 44 45 46 47 48 49 50 51 52 53 54 55 56 57 58 59 60 61 62 63 64 65 66 67 68 69 70 71 72 73 74 75 76 77 78 79 80 81 82 83 84 85 86 87 88 89 90 91 92 93 94 95 96 97 98 99 100 101 102 103 104 105 106 107 108 109 110 111 112 113 114 115 116 117 118 119 120 121 122 123 124 125 126 127 128 129 130 131 132 133 134 135 136 137 138 139 140 141 142 143 144 145 146 147 148 149 150 151 152 153 154 155 156 157 158 159 160 161 162 163 164 165 166 167 168 169 170 171 172 173 174 175 176 177 178 179 180 181 182 183 184 185 186 187 188 189 190 191 192 193 194 195 196 197 198 199 200 201 202 203 204 205 206 207 208 209 210 211 212 213 214 215 216 217 218 219 220 221 222 223 224 225 226 227 228 229 230 231 232 233 234 235 236 237 238 239 240 241 242 243 244 245 246 247 248 249 250 251 252 253 254 255 256 257 258 259 260 261 262 263 264 265 266 267 268 269 270 271 272 273 274 275 276 277 278 279 280 281 282 283 284 285 286 287 288 289 290 291 292 293 294 295 296 297 298 299 300 301 302 303 304 305 306 307 308 309 310 311 312 313 314 315 316 317 318 319 320 321 322 323 324 325 326 327 328 329 330 331 332 333 335 336 337 338 339 340 341 342 344 345 346 347 348 351 353 354 356 357 359 360 362 363 365 366 373 375
285 1810 4370 10893 19677 33529 45876 62320 70968 79814 81132 83970 82084 81372 77083 72946 67611 62382 57472 54439 49403 46184 44335 41081 38826 37011 34462 33403 32149 29980 29233 27983 26956 25215 24999 23848 23172 22561 21481 20760 20517 19302 18808 18690 17965 17067 17052 16192 16008 15329 14468 14335 14222 13438 13038 12808 12524 11950 11707 11424 10929 10667 10451 10095 10118 9342 8972 9405 8888 8363 8285 8078 8108 7642 7167 7446 7247 6822 6616 6412 6244 5966 5943 5759 5722 5495 5316 5309 5276 4909 4704 4844 4659 4431 4404 4287 4049 4116 3760 3843 3878 3618 3497 3413 3361 3318 3270 3263 3076 2945 2883 2833 2866 2581 2603 2572 2533 2414 2474 2255 2255 2243 2052 2107 2076 1940 1917 1875 1793 1708 1679 1730 1601 1550 1487 1497 1456 1408 1337 1431 1270 1236 1216 1197 1187 1198 1084 1109 1109 1069 950 1003 988 964 885 972 834 839 777 812 786 734 671 722 633 615 600 558 602 564 532 550 501 497 428 434 450 434 407 366 394 388 334 343 319 347 308 324 301 294 269 272 244 276 246 214 245 228 223 213 196 227 216 206 162 177 196 186 174 176 152 164 159 155 111 135 109 148 104 117 111 117 82 100 81 120 77 94 99 87 86 83 68 102 65 76 67 81 74 63 58 80 58 78 62 73 73 46 51 50 54 44 53 101 40 42 41 49 36 37 49 30 33 38 22 37 26 29 24 32 24 24 22 21 30 14 17 13 18 16 14 26 16 18 19 14 14 18 10 16 14 6 9 15 12 7 14 12 8 12 7 4 13 9 10 14 9 9 29 13 3 2 4 10 10 4 6 6 6 6 1 6 4 4 7 4 5 3 2 8 5 2 1 1 1 2 1 3 3 1 1 1 1 1 2 1 1 1 3 1 1 1 1 2 1 1 1
285 1953 6009 20269 49529 122611 234981 483751 817380 1438960 2163641 3499707 4966434 7531726 10156606 14257792 18483342 24315685 29927812 39032712 45980326 57327710 69861873 82638281 99203581 119819183 139441247 166542923 201172634 230210059 278458324 327362486 391859792 445628908 550434409 622845997 747539680 878317221 1020494396 1174601048 1415690534 1594431203 1879072932 2156659816 2562249403 2869535075 3438278382 3778879617 4514144855 5137079501 5729152015 6448480660 7660294373 8474706741 9676727595 10946394987 12674522213 14009566224 16256891033 17747937139 19804351828 22901441646 25511319966 28213459568 33156455731 35612422886 40169317742 46678195085 50655408841 56166781654 64123517667 70999928415 82594353370 88794108706 96169809403 109058771287 123488167380 135698343757 147201373441 162031449919 181724855354 202391731340 226022849093 241023418134 273579260807 301334705895 336312561218 375792870178 410384486177 452214381179 479292868979 546917801566 592621774702 656622843152 733506092891 783030016376 856972969618 991582427973 1010753396635 1117280034982 1253089138040 1371265512072 1447559077001 1582299359915 1761956844704 1970187887901 2161242215651 2347081207809 2546003039792 2817716813123 2978942451621 3253398966899 3661779040552 3790266952711 4193063399186 4602409118394 4995294743770 5497825475988 6171022335874 6204749513339 6953383447554 8002764841655 7956250248665 8787055138250 9664558083742 10448799488156 11532592088476 12129052190287 12929057707203 14072522338490 15207492006887 17008109043483 17355788062130 19433526205644 20596103800846 22275089451787 23943627160105 26118421975313 26180685589033 31553528338359 30598022243922 35903258033332 36799988424713 38697857176827 43601257878061 48716432432223 48255985962601 53791181810497 57066844723063 63133372981114 63304192331311 71275105353637 78049602235084 84439074267121 86397814388255 100888949372478 98854657055766 110946133506456 107438911256102 123785782361767 128421076922493 137575058979708 138998172906947 154871177659332 153357916755021 163259195649765 174434882973732 169362670711119 202709632523165 213415807873205 208299548786978 240285496056801 242888604450866 272753526648315 250222378467997 273246945508796 297743383820360 328631807708050 331708259465860 311027110700985 396629869819211 391158688272043 381455141849777 412598129910014 444019896907670 495038896702039 507370421830896 557609184538339 592367582348555 596055688981732 619871433504672 674854860585357 676122450212511 748773120581530 828588633964151 729730875250278 929728429965405 918784860549627 1033367039151593 955041179017907 1007192094984112 1238815474548608 1310374350524243 1347725278684108 1183868959328861 1347109785418970 1608085885622800 1813550697449639 2106724012919972 1827941349143582 1789219015562576 2111875582172859 2204203768244205 2263220526667311 1744474121004270 2316220847474696 2071305850556821 3051607888265253 2244886020614623 2655331505179180 2642507189171981 3423047530856795 2504237480592483 3341554361389644 2719674672134741 4972807298619148 2885314794220951 4062139984983352 4950669060742411 4281140742718502 5053961325610127 5393231355590339 4101323253104972 7413450344758875 5177331059058076 6553512363453885 6251026087672225 8524460399665309 8140593072333265 7011900487402991 7510918988162193 9773115858220159 8251688741690365 12729681181905087 11198761769435747 13923303288700591 14439504417030563 9799566401901297 11220515008706980 13323172163507197 13944286266698033 12650022604841432 16168657581466689 35372698913826478 14696664377801221 16409851043632859 15013469890969270 20480026128091366 15416576369253163 18407365261858955 25194846422741984 16877441332553500 18276165298533008 24059683735467575 15656940685793917 27618913575284903 21706689682160718 30642304655874509 22295118189473784 33161513294487394 29567639011717626 32584511657969612 26466354483913049 34408597358689280 41795321860002956 23376675863160255 33261274084986942 24710406965479969 37813561117408539 40146297908737774 33294452897878864 65175698541689719 41408859583696996 54537902249558380 64710592715031485 58396785583501904 54672128320884053 73133192020312193 41544195823873428 65162485520612136 69399404047276266 33090911606590994 54317084647756100 85693045227043417 79555440067598290 49211931546731266 92250965830457461 101117906558944905 61488570547382040 107934716347391430 78217053140443802 46943304139297909 150417303566343191 108907944861308185 127458314738857866 198986487935156157 121329295366186239 142210916726377239 443532964614748502 269231733351815664 54757156732348023 40034853525153890 84391714874635618 243748609501554031 259600471191733319 128547635202359958 164162483923686987 181957091939057784 188443426023928854 201867744662722452 37274405776748077 231581913911244204 159678262107999964 177040873159065448 343039505446665125 209848176915314564 266004779028188853 232523903905081666 124430724448781094 528131530883794300 363448037393475206 168601631272450238 90175434980549623 96450110192202760 103151466321735325 220615720850585544 117949491546113972 362007500926024299 404457541869904560 154043597379576030 164637479165761044 175943559810422753 188008647052292980 200882556287683159 489809074910764812 279363328483702152 298330063062758076 340122810048577428 1089352536144330015 413766180933342362 441622981929358437 502957566506000020 536679070310691121 1221796807503768202 651688879997206959 1022141228367345362 1161537834849962850
3 4 5 6 7 8 9 10 11 12 13 14 15 16 17 18 19 20 21 22 23 24 25 26 27 28 29 30 31 32 33 34 35 36 37 38 39 40 41 42 43 44 45 46 47 48 49 50 51 52 53 54 55 56 57 58 59 60 61 62 63 64 65 67 69 70 75 76
5 101 104 494 490 1608 1460 4948 3424 5940 3520 6130 2916 4615 2605 4261 1953 2828 1611 2396 1079 1549 961 1383 655 911 578 777 321 444 331 388 156 215 147 151 50 57 36 26 16 34 21 17 9 21 16 8 11 16 9 11 4 6 17 2 5 4 4 1 1 5 8 2 1 2 1 1
5 121 159 1189 1265 7273 7420 42797 32764 123581 80154 301400 163654 551628 314284 998784 484174 1394741 702304 2022272 892751 2446779 1295330 3200913 1476903 3916090 2152439 4828561 2228374 5659479 3285396 6431857 2740013 6911011 3643296 6409501 2292840 2904727 1756456 1366919 761000 2455479 1402924 1831102 901731 3021752 1776127 2028331 2497017 4494077 2300188 3484033 1864027 4227388 4658838 1102241 2731305 3821852 3212420 614154 715220 11078100 9628431 4341942 3010998 17958156 8175936 5392783
