22 34 46 58 70
3188 20308 43417 22345 10733
5007742 896254 370953 88586 16653
158674350574055 5897129337047162380 11652132236524722458 1202453402285454152 70328174892378
22 34 46
688 644 201
11067 1922 318
420784167 81837581 577883
3 4 5 6 7 8 9 10 11 12 13 14 15 16 17 18 19 20 21 22 23 24 25 26 27 28 29 30 31 32 33 34 35 36 37 38 39 40 41 42 43 44 45 46 47 48 49 50 51 52 53 54 55 56 57 58 59 60 61 62 63 64 65 66 67 68 69 70 71 72 73 74 75 76 77 78 79 80 81 82 83 84 85 86 87 88 89 90 91 92 93 94 95 96 97 98 99 100 101 102 103 104 105 106 107 108 109 110 111 112 113 114 115 116 117 118 119 120 121 122 123 124 125 126 127 128 129 130 131 132 133 134 135 136 137 138 139 140 141 142 143 144 145 146 147 148 149 150 151 152 153 154 155 156 157 158 159 160 161 162 163 164 165 166 167 168 169 170 171 172 173 174 175 176 177 178 179 180 181 182 183 184 185 186 187 188 189 190 191 192 193 194 195 196 197 198 199 200 201 202 203 204 205 206 207 208 209 210 211 212 213 214 215 216 217 218 219 220 221 222 223 224 225 226 227 228 229 230 231 232 233 234 235 236 237 238 239 240 241 242 243 244 245 246 247 248 249 250 251 252 253 254 255 256 257 258 259 260 261 262 263 264 265 266 267 268 269 270 271 272 273 274 275 276 277 278 279 280 281 282 283 284 285 286 287 288 289 290 291 292 293 294 295 296 297 298 299 300 301 302 303 304 305 306 307 308 309 310 311 312 313 314 315 316 317 318 319 320 321 322 323 324 325 326 327 328 329 330 331 332 333 334 335 336 338 342 345 348 351 355 358 359 360 363 376 378 381 384
210 1460 4194 9649 19778 32951 46773 159786 175744 190738 193590 196783 187009 180293 175802 170598 165821 158770 151832 148028 142038 134605 131304 128305 125121 118789 113737 112024 107010 102767 99027 97624 95485 90183 86613 84774 81250 77787 75664 73315 73022 69383 65714 64912 62231 59151 57882 56842 55241 52554 50030 48569 47320 44978 43275 42726 41950 39590 37722 36939 35173 34056 32471 31594 31668 29944 27975 27439 26380 24903 24246 23497 23387 22292 20840 20120 19647 18521 17593 17341 17061 16267 15319 14407 13925 13339 12505 12078 12343 11446 10666 10340 9898 9200 8855 8376 8423 8113 7325 6940 6744 6351 5890 5580 5647 5234 4988 4672 4419 4225 3827 3619 3614 3449 3255 2990 2917 2694 2609 2281 2248 2230 2036 1865 1886 1646 1520 1464 1391 1407 1441 1225 1160 1149 1039 958 1068 1001 1014 990 969 862 896 792 837 924 767 740 825 686 741 627 695 587 610 561 623 569 553 469 526 494 510 474 496 488 494 390 450 392 422 414 394 353 355 330 338 323 353 307 327 314 282 248 307 252 295 253 254 254 237 213 223 211 243 202 178 214 212 170 200 189 268 170 159 161 148 118 129 129 141 108 121 110 111 93 116 92 94 95 100 87 90 59 93 79 90 60 81 65 80 62 58 64 68 49 54 55 64 39 39 52 60 45 52 39 33 34 47 35 30 27 31 28 36 28 33 30 25 26 24 38 29 19 22 19 27 27 28 87 23 15 15 26 18 18 14 16 15 14 8 14 10 16 7 15 11 10 4 12 7 14 7 10 9 2 10 4 6 7 9 5 6 8 5 7 7 6 1 12 6 5 6 1 4 4 4 9 5 4 5 5 8 3 4 6 4 6 8 2 1 2 1 3 1 1 1 3 1 1 1 1 1 1 1 1 2 1
210 1612 5932 18209 47155 113746 227535 840329 1227156 2312613 3501720 5628090 7711401 11759406 15836067 22357522 30156803 41127732 52267980 68813359 86457525 111318100 138932563 177144735 222712229 278134711 335127342 415153774 493238730 615192587 724487629 893840273 1085823079 1307766682 1537317388 1807202238 2102545613 2512694410 2914966724 3431711216 4186142388 4901697666 5605904379 6553929241 7386581777 8791722347 10067471867 11732260821 13701121053 15877369932 17910832667 20365132953 22957340516 26065676262 29667835961 33889631785 39578709426 45313921873 50314531880 56396843621 61634063179 71816634136 77741189811 90103642783 104760195506 117919226665 128663357240 143898548650 153864734914 175053885912 194325139718 213230641096 252837384170 281723539363 303584909606 335942084349 364002806315 404822388022 442235326160 499986114836 560019939332 640053692147 694067196983 731869296322 778655529100 860358721694 919676833254 1028371119928 1194044687017 1292320613523 1412943683424 1523082801826 1584931825675 1724094205867 1862790825557 2022266570979 2341970699537 2592130400107 2686680265579 2880003442802 2983753248727 3193649385518 3370548390103 3582389894156 4105486468002 4446359655651 4799502340722 5062580703474 5127360365711 5585384935140 5547759014228 6073315355039 6732777280799 7261641066472 7900298206581 8109967732460 8173218471595 8544958233419 8831434271757 8959449471083 9915639083926 10708245902940 11076055989047 11039468407046 11853255118237 11697808113011 11172285242820 11995355174922 12202185346861 13357334626835 14635642353541 13512134126234 13233647256183 13645243985438 13575885487419 13287583842442 16299268080021 17887602289327 18264408510345 20384250273986 22909750672798 21068987218268 24485787255932 24409002999386 28410295556009 33348309303140 32398028667835 34983612149440 39533245085029 39874442742367 44694942033174 41474002791373 52551538328860 49217828902458 51499741483905 58921854949304 66389304992979 69395431245917 74724199129875 64332961117127 82005248188126 84310624682602 94966384830166 96699338194256 113648075170702 117136213722656 127565805259663 113391404872069 146698621337954 133703899289168 165770092196857 174488449642664 181551160491209 177644739223640 202395251557357 194305128633553 225315430626088 240025276462373 275751488437165 264823202262170 293477574009130 327298174206478 312262636472001 289964569340094 405071895366100 386624973605723 451011345025509 434446316981637 531786876903099 531053305078387 507649867589945 528437999348349 564574749309481 577463232643582 751001471996597 700958247149411 616932409803495 895579781985959 891973526040393 779887806042105 1080192033314891 1101264736531608 1444658336322275 1175359975663603 1164452878255490 1276123979663828 1196354367294799 1108465155667321 1219024853889126 1388613784154366 1574478308101640 1411066292745507 1637832048615831 1630167827768770 1761584498113330 1779910104687455 2133000397049058 1872453814412308 2120536103855243 2335971023561607 2599912665073941 2380435748264044 2751754027046875 1941151419738816 3444833681637819 3083283164206544 3642862479275865 2757284247349984 3546001380778127 3194511366687815 4449672912595588 3742491402279543 3883719097956722 4742397916423644 5107745288055416 4215568859508900 4957936387282544 5355029197165506 7453045627506041 4470306275627139 4609522715930448 6814754979702197 9028562662941018 7373793506756388 8265874167313402 6243969400307723 5829381175677962 6471474683857986 10815024353944646 8777655148650803 8796780571660050 8353611324295204 8872006307888415 8279747387026245 12115150202047136 9839487020031985 13436277815715597 12062069493092289 11583000743868469 13482439978145868 11604982868971944 22597860624285963 18339014297807139 12747999238019583 16424610221955197 15449923823021086 22875791197583857 25067828047330046 28778942183479506 85568996477391120 24407881257123214 20208231138755684 19330380076658505 34421680568821590 25057763233406732 33250856492733425 28706415155241688 36412762691046260 32151772427076438 32962898505974383 17411330034352687 38326964300533942 28704096633468506 47093777924129273 19748282115978805 46074819567918303 35948747262827847 38902505076360183 22188076341844687 50045729608849794 31110042691678620 74574759607841364 35915931461712528 65144182570225662 51857247797990175 18119291646286545 85285115686261630 28377115511098077 45978757083928416 72272235464487360 79482226462960956 74024663493788816 62491269715002358 99028824474032611 80882470486162089 101725743657148676 109123522241350836 113973591395817229 30285905477714388 232054585890885810 110771621631149115 134738233486132291 145884664437142399 42916192074705782 96950325107978807 102131827568793632 109441655949124658 293156011654194835 155955132672462200 134578496441814968 213752631031259474 194307508134496127 330670574251818748 137317075630734084 192789289449291653 311315864779381080 224626408451497156 412839953424081298 562048272404238926 137669771892147700 73653287861850339 152454543164516954 78801255302666615 264651685597324365 103151466321735325 134819180623301520 164637479165761044 602647668863049477 244904537455382406 318555973788329084 387632532919029223 413766180933342362 441622981929358437 536679070310691121 1238057794119125085 1406207446561484054 3402338855951627050 2056513475336633805
3 4 5 6 7 8 9 10 11 12 13 14 15 16 17 18 19 20 21 22 23 24 25 26 27 28 29 30 31 32 33 34 35 36 37 38 39 40 41 42 43 44 45 46 47 48 49 50 51 52 53 54 55 56 58 59 60 61 62 64 65 66 67 68 70 71 72 74 75 76 79 81 82 83 84 88 90
6 84 87 307 210 697 479 1125 639 1134 624 1078 526 885 464 727 361 568 221 394 188 296 141 304 118 220 99 158 85 154 65 109 66 105 43 73 23 66 25 57 31 36 8 35 13 23 5 32 6 19 6 15 1 10 6 4 2 1 6 5 1 2 1 4 4 1 2 2 1 2 1 2 2 1 2 2 2
6 95 141 745 627 3578 2998 13491 9028 32416 20380 69857 37891 124748 71994 194976 103845 290778 116886 354133 158896 386512 186384 660371 259650 781425 355247 820794 433542 1256452 531163 1494479 730007 1965639 783700 1892464 636257 2331917 966555 3642956 1801073 3400036 486109 4737241 947747 5015130 593971 10299402 1288590 8523428 1649812 5466455 281589 4982238 4405104 1769732 2107292 1158465 5833421 10554095 1932934 2600312 1741630 8708150 13941120 3087735 6175470 16351872 4087968 10785566 14179000 29198045 24264328 15796476 63185904 53087320 137051848
