7 8 19 20 31 32 43 44 55 56
179 51 2472 1076 28715 13064 37694 16454 243 20
1089 305 14729 8246 179739 79178 93258 39608 243 20
56006 20285 70172014 112604889 1588766514090051713 2053453469304318162 427614952264351113 148333549169571970 7325 59
7 8 19 20 31 32 43 44
10 5 162 65 187 81 5 1
26 8 382 132 254 114 6 1
526 116 5352298 768816 1777971 298911 27122 3
3 4 5 6 7 8 9 10 11 12 13 14 15 16 17 18 19 20 21 22 23 24 25 26 27 28 29 30 31 32 33 34 35 36 37 38 39 40 41 42 43 44 45 46 47 48 49 50 51 52 53 54 55 56 57 58 59 60 61 62 63 64 65 66 67 68 69 70 71 72 73 74 75 76 77 78 79 80 81 82 83 84 85 86 87 88 89 90 91 92 93 94 95 96 97 98 99 100 101 102 103 104 105 106 107 108 109 110 111 112 113 114 115 116 117 118 119 120 121 122 123 124 125 126 127 128 129 130 131 132 133 134 135 136 137 138 139 140 141 142 143 144 145 146 147 148 149 150 151 152 153 154 155 156 157 158 159 160 161 162 163 164 165 166 167 168 169 170 171 172 173 174 175 176 177 178 179 180 181 182 183 184 185 186 187 188 189 190 191 192 193 194 195 196 197 198 199 200 201 202 203 204 205 206 207 208 209 210 211 212 213 214 215 216 217 218 219 220 221 222 223 224 225 226 227 228 229 230 231 232 233 234 235 236 237 238 239 240 241 242 243 244 245 246 247 248 249 250 251 252 253 254 255 256 257 258 259 260 261 262 263 264 265 266 267 268 269 270 271 272 273 274 275 276 277 278 279 280 281 282 283 284 285 286 287 288 289 290 291 292 294 295 296 297 298 299 300 301 302 303 304 305 306 307 308 309 310 311 312 313 314 316 317 318 321 324 326 328 332 335 343 346 353 364 374
290 1153 2515 4374 6211 7663 9037 9443 10157 9974 10169 9674 9329 8879 8671 8245 8088 7599 7534 6986 6837 6590 6518 6230 6106 5844 5709 5477 5445 5166 5063 4854 4733 4684 4771 4415 4389 4129 4267 4004 3985 3740 3764 3592 3561 3396 3382 3306 3310 3178 3172 2916 2995 2754 2897 2758 2711 2655 2575 2426 2512 2367 2251 2286 2270 2141 2193 2047 2018 1938 1920 1884 1873 1762 1832 1740 1715 1610 1643 1536 1522 1448 1459 1410 1397 1352 1367 1250 1256 1198 1203 1140 1108 1084 1134 1064 1053 972 979 1011 960 879 851 854 911 848 833 782 788 744 767 717 713 701 709 665 650 633 597 601 599 584 544 536 524 497 505 483 475 482 482 443 458 396 403 434 385 392 391 376 378 344 337 341 330 321 310 266 321 299 304 300 297 249 287 227 266 232 210 242 218 193 205 187 206 176 172 161 166 170 174 164 160 156 155 146 140 126 133 133 141 124 116 111 109 112 107 97 116 117 99 90 97 92 88 77 81 76 76 69 77 79 52 78 69 74 63 58 53 54 53 48 48 36 59 44 49 50 46 40 39 45 43 34 31 40 34 32 44 32 29 30 39 34 21 15 28 22 30 24 17 28 22 24 21 11 17 17 15 21 19 15 18 7 17 13 8 11 9 13 12 8 11 10 9 6 9 6 4 6 8 10 8 9 11 6 2 8 4 2 4 6 4 4 10 3 6 5 4 3 5 2 7 6 4 4 3 3 2 3 1 5 5 2 6 2 4 1 1 1 1 1 1 4 3 1 1 2 1 1 1 1 2 1 1
290 1249 3668 8909 18583 34750 61926 99025 162304 236772 360048 498035 689979 940907 1267828 1657206 2200167 2787824 3645839 4432259 5672812 7038602 8897392 10871608 13661048 16544447 20538299 24710570 30260777 35696163 42484670 50527193 59836488 73150460 92611552 105257482 127018824 145481019 179040082 198153571 240623522 267928574 322346440 360324551 430887809 497502824 582079582 683698248 787330295 908124417 1066357764 1143442404 1390034415 1488280085 1806683289 2045206458 2442595281 2684452450 3102977671 3375276582 3985235792 4366469509 4849341487 5701552023 6445185572 6931330526 8228098215 8774463366 10040638171 11112302300 12673849888 14116139247 16631932913 18015443485 21358323571 23237117298 24982506687 27890784529 31965822761 34373892972 37810576759 43078700098 46697600073 51826514556 59811762857 65706637783 74381131004 75737052879 87123643788 92561403622 107317053629 115875028379 123618500956 132882930272 163817070188 173833391291 187962710406 205732530312 222188218502 261698175968 280248835936 289848722856 312270149764 344813763793 420354352246 434215814115 491616157497 508209104768 572235983216 580912424426 696435286256 731260359123 794139965036 874205998315 973355950685 997203486260 1133522947766 1197152926011 1279396897853 1379979868860 1550658696723 1723002671737 1726617253316 1939498429778 2139165122644 2211878005989 2447775462589 2623632125046 2938743452544 3376235350924 3566179282783 3644693345195 4344276212822 3770326955844 4661534733680 5478848161433 5108878714272 5751777721787 6119617591222 6733833565459 7566569828039 7786753787846 8112142031420 9480067900504 9877725214394 11544962483179 11749249505931 10863197764646 13869576301999 13579281242757 16194637290304 17398456119212 20254100634022 17838459019341 23454717387668 19815708105548 25914852205052 24403121606704 24189444632990 30411160230868 31038579546163 30582735388883 35021898748409 34158793419308 43572726428574 40973799055462 41039763253506 42596784972414 46460219085021 55480676233043 59735307835363 58345387737014 63593827103014 68290137260030 76429780757989 75259123248147 80457080659973 78195580582365 95329830379060 106949167194765 114272349337668 106902090968567 113210848725640 115283797337797 128301287520911 137443936366117 138632283921315 157292940527879 190326546044324 205143037744441 180599827265752 180873833199733 213401523224370 235494164248910 261029326908303 223789300790537 262669481294398 249800423513081 291892081738776 300954507442670 365793703212817 410116348463197 262595280329079 434290410103470 444494168451499 537678220362933 478912539383530 458822208069385 463056126397929 538331165743496 584211411145198 623715506229669 620973475295888 435803034945469 959908099216079 714855322121792 889815873135427 950179296955175 927138668656647 823574641178899 849407721154634 1089763201161825 1212396860654363 1033649395226658 980595333547942 1443827554824660 1296654089538818 1239214029896002 1945497999989825 1565650480184726 1455199448761698 1660124125095150 2488338839087308 2267597262327954 1353626258768204 1020896535834687 2477348955675181 1892786707953506 2795468779632582 2344259100978339 1728417596098509 3541882604679813 2790504987533292 3350926025033257 3067305470254663 1728384163685727 3029245846981727 3184112677672692 2961389328780404 5011435634842840 4825093603482554 3840680044265920 5128304480519604 1930723435254145 5669485507657526 4255331797580750 3157269588726528 4424205333721378 4714415903987981 7317700800178970 5804118479881468 4199774246973346 6259484200341730 7149102936702139 6277322766611029 4336565722142232 7404432255002291 5518186932672668 4328355407733162 6613617804727580 8326216799462444 12119459487294710 10791097456787543 11433756403458407 15050797021892481 10012544210532855 3274587938674342 13723274073297858 9214249176889290 4081651705150150 8783145246730064 14006882038371071 9806343470766818 10739572140688303 28152958277003430 9480413601446991 20385504071920638 18262154180355265 15703688645957688 12658165585761285 23346835493646826 10468742139507344 43040833424620175 35821812102428180 25946696508316352 27863400576783324 22438695235531752 31019626926907248 17240992550930050 27759248810170806 9930972392403501 51833938482453519 57177710389110520 24538436038458930 77187307618689746 28237325330560010 73666183547131592 16239786535829663 17414180133147295 18671488299600364 20017426762576945 23000006655487337 24650106150830490 102131827568793632 97464880054399962 39919565526999991 42748078035954696 104924088457657282 68834885946073850 84300815636225119 144117936527873832 175943559810422753 558726656967404304 572612058898037559 1089657644424399782
3 4 5 6 7 8 9 10 11 12 13 14 15 16 17 18 19 20 21 22 23 24 25 26 27 28 29 30 31 32 33 34 35 36 37 38 39 40 41 43 47 49 50 51 52 54 55 58 59 71
3 17 16 43 55 56 56 81 59 76 36 41 35 48 39 36 18 13 22 19 15 15 11 14 10 8 8 7 11 7 4 5 2 3 3 5 3 2 4 1 2 4 2 1 2 1 1 1 1 1
3 23 28 116 175 322 420 1084 1043 2224 1391 2372 2832 5526 5895 7905 4690 5925 10581 11453 9581 16371 10342 20113 18827 16348 28803 20755 54654 45405 34210 63260 18050 41590 64374 116032 79006 79006 119560 64911 181523 584526 361466 211116 272027 589092 408452 772310 772310 3087735
