0 1 2 3 4 5 6 7 8 9 10 11 12 13 14 15 16 17 18 19 20 21 22 23 24 25 26 27 28 29 30 31 32 33 34 35 36 37 38 39 40 41 42 43 44 45 46 47 48 49 50 51
1 1 10 27 19 19 30 33 40 53 49 59 63 51 85 108 159 65 60 87 120 278 331 496 692 987 1416 3208 5199 1373 1479 1491 1479 5447 6449 6958 7250 7549 7914 8961 4065 324 255 253 220 6752 6199 4853 3410 2050 1103 407
6 2 37 61 36 38 66 60 81 93 88 94 99 85 136 163 213 101 106 149 233 598 887 1642 2584 3787 4668 9347 13699 3820 3646 3398 3193 13754 16172 17073 17966 18412 18348 19564 8150 670 534 493 396 9690 8354 6115 4050 2325 1141 407
16 17 536 708 291 289 424 349 534 538 440 497 783 1128 1446 6442 6913 2173 14122 149856 185660 5805223 215043629 44015752942 807819190652 52947523643205 282193184892956 889848176424320 1129126678122962 218944841365610 347803661388222 192976203801664 118019771343347 289588233294243 414741958131931 877790134542127 5534561914320574 16436676194291267 15044268020328404 12901624232266064 2431917255769584 704748960697840 274227047365250 128098574398269 28712265346281 1703660202828749 382249869537054 69172747293109 8910842806240 815603452033 40268797574 610398506
5 11 15 16 18 19 20 21 23 24 27 28 33 34 35 36 38 39
1 1 1 2 2 1 1 2 1 2 3 2 3 10 12 5 1 1
1 1 1 3 2 1 1 3 1 2 3 3 3 10 12 5 1 1
2 22 11 237 136 42 11 7 385 1387 71 2538 1119 1418 336 49 2 135
3 4 5 6 7 8 9 10 11 12 13 14 15 16 17 18 19 20 21 22 23 24 25 26 27 28 29 30 31 32 33 34 35 36 37 38 39 40 41 42 43 44 45 46 47 48 49 50 51 52 53 54 55 56 57 58 59 60 61 62 63 64 65 66 67 68 69 70 71 72 73 74 75 76 77 78 79 80 81 82 83 84 85 86 87 88 89 90 91 92 93 94 95 96 97 98 99 100 101 102 103 104 105 106 107 108 109 110 111 112 113 114 115 116 117 118 119 120 121 122 123 124 125 126 127 128 129 130 131 132 133 134 135 136 137 138 139 140 141 142 143 144 145 146 147 148 149 150 151 152 153 154 155 156 157 158 159 160 161 162 163 164 165 166 167 168 169 170 171 172 173 174 175 176 177 178 179 180 181 182 183 184 185 186 187 188 189 190 191 192 193 194 195 196 197 198 199 200 201 202 203 204 205 206 207 208 209 210 211 212 213 214 215 216 217 218 219 220 221 222 223 224 225 226 227 228 229 230 231 232 233 234 235 236 237 238 239 240 241 242 243 244 245 246 247 248 249 250 251 252 253 254 255 256 257 258 259 260 261 262 263 264 265 266 267 268 269 270 271 272 273 274 275 276 277 278 279 280 281 282 283 284 285
271 1035 2142 3271 4167 4812 5134 4990 5066 4788 4600 4297 4363 4020 4091 3818 3839 3710 3709 3507 3480 3386 3319 3128 3236 2980 3056 2886 2845 2798 2797 2601 2641 2518 2463 2330 2384 2246 2264 2145 2102 2078 2037 1936 1974 1949 1928 1730 1848 1669 1733 1603 1613 1562 1585 1401 1470 1405 1414 1323 1369 1210 1231 1158 1169 1127 1174 1080 1065 1008 1057 940 1041 977 971 908 931 905 884 803 876 810 758 743 743 717 733 692 659 673 655 590 607 617 597 537 558 509 506 477 457 480 458 424 457 403 418 365 402 365 379 323 348 340 343 308 323 307 305 269 289 275 295 258 281 250 258 208 260 238 243 218 210 200 209 195 197 211 191 162 163 167 176 153 173 159 131 116 121 129 121 106 108 101 89 85 86 92 101 70 74 86 80 76 76 70 69 61 66 69 77 71 60 66 58 50 65 61 71 50 47 55 57 52 53 57 47 40 41 40 43 44 37 28 27 25 19 22 32 18 18 15 15 8 6 20 18 11 10 13 13 12 18 10 14 13 14 15 18 16 12 14 16 13 17 20 14 11 8 10 11 9 13 7 8 6 5 6 5 7 5 3 3 4 2 3 2 2 2 2 2 2 1 2 1 2 1 1 1 1 1 1 1 1 1 1 2 2 2 2 2 2 2 3 1 1 1 1 1 1 1 1 1
271 1089 2931 6506 12511 21546 35877 52267 81176 111275 160896 210807 304410 381875 541761 669376 920101 1148991 1529688 1872613 2433073 3019107 3827465 4575249 6007647 6894477 9054309 10559777 13014428 15559686 19550017 22396954 27651481 32004263 39146084 44671669 55450358 62858822 77436841 86431848 103060506 119848846 142297254 159622277 194568953 226879084 271222687 285807395 356234797 380182464 475345992 509929986 605295868 667706363 812620789 834801110 1034117801 1136997780 1371848678 1466902580 1769029250 1792032769 2121241410 2283564433 2681511814 2911024082 3584544195 3794106240 4264225564 4567991838 5695751529 5728440563 7187485331 7900225611 9129277563 9490506123 11238472502 12268887975 13707018938 14560520239 17889400982 18554876660 20312720628 22164830012 25523510983 27571090178 32034267860 33962309259 36669405184 41379751314 46978253400 48098808011 53964048168 61713727650 68292801397 68581297580 79999681373 82187718237 92520051610 97973422167 105192851020 123003667727 130846398623 143028737402 166023474259 163612711322 194514791021 189876231884 239681361223 234398105594 266416155784 261817832022 310364187059 337993314354 389198103737 405667424425 437762693183 477647552148 521092220178 527759759697 622972868060 656528053084 793604727600 749952327429 930603526693 894072504295 1057502724916 937697861164 1305861801669 1321188280917 1477436410409 1498189154616 1598074912100 1610268487707 1865170354381 1976828330983 2209577182636 2488201439599 2597076235253 2459240846180 2652849055482 2959785784800 3566408494934 3447890506659 4221605226944 4187502257468 3888354258846 3924649965598 4470942672188 5126287106878 5359652106423 5120090228122 5761277817039 6000964176944 5892696383778 6392194298486 7185620676248 7915917251068 9482253750605 7503760394203 8448697121891 10623944787586 11031529739650 11780733953363 12624949507038 12337448280897 13446307562845 13393344068032 15733324236255 17660390040000 22492476483914 22661178003280 20921424353721 24093252633394 23080198759611 23088239275325 31405390507740 33488504458660 42047139803985 32565329314500 32165033187482 40805354148826 45952911722877 46610840504326 53406936392996 60622533998530 56240496251345 52275233450513 58279921599247 62019843874796 74396006967002 82034375094299 75743414075062 64921409120938 68294645387769 69595882241281 55618942423631 68862054389521 103528229261292 65390362724083 70962449494362 65046319051236 75930240159792 47212539209738 32628763845926 114277594058725 111728073168815 74650546933460 74603675143488 103412602205439 114604163295775 116161010766732 187681675180250 113448968176666 170967196066360 173953495903595 203060667535988 235859503024380 308814856803751 300816309422528 244932811023072 306543866953548 382737956885418 340222105039971 477705938848400 621484928642291 460733147878008 398582433108015 319430648929312 427669863814978 507622112896795 454399030270032 716841642225606 416306974533539 511676336166362 422372513544870 385979463317560 495001412292867 445308462601139 670188347855559 513372607575369 334964015828809 362317770707556 515733404844294 278845951841333 446353797520836 313236825055892 352270612245580 380700406535698 411363436502297 427273839641250 480085005533240 269232701252579 559959659168691 313891991306665 652746255555345 365749566870782 394723676655357 425933084409356 459545750448675 495741934760846 534715062908609 576672674947168 621837416509615 670448123060170 722760953690372 1558101259124334 1679223460733628 1809520216632720 1949668739889250 2100394979862234 2262477007877212 2436748699688666 3936155402448645 1412749565173450 1520980492851175 1637293969337171 1762278433057269 1896564103591584 2040825852575075 2195786311682516 2362219145337711 2540952590045698
4 5 6 7 8 9 10 11 12 13 14 15 16 17 18 19 20 21 22 23 24 25 30
1 7 2 6 2 5 1 3 1 5 1 1 1 4 4 1 1 3 1 1 1 1 1
1 12 3 18 11 46 11 48 22 174 42 56 77 506 467 176 231 1067 385 490 627 1002 2436
