14 26 38 50 62 74
183 4176 30591 38515 21375 5157
156338 866103 685283 238102 62861 6121
280617562 225213980919383330 26400423738299351333 8229569348773630333 199237770194275361 76385134816
14 26 38 50
59 520 522 65
22660 4230 1186 86
49576062 316905495 9992827 846938
3 4 5 6 7 8 9 10 11 12 13 14 15 16 17 18 19 20 21 22 23 24 25 26 27 28 29 30 31 32 33 34 35 36 37 38 39 40 41 42 43 44 45 46 47 48 49 50 51 52 53 54 55 56 57 58 59 60 61 62 63 64 65 66 67 68 69 70 71 72 73 74 75 76 77 78 79 80 81 82 83 84 85 86 87 88 89 90 91 92 93 94 95 96 97 98 99 100 101 102 103 104 105 106 107 108 109 110 111 112 113 114 115 116 117 118 119 120 121 122 123 124 125 126 127 128 129 130 131 132 133 134 135 136 137 138 139 140 141 142 143 144 145 146 147 148 149 150 151 152 153 154 155 156 157 158 159 160 161 162 163 164 165 166 167 168 169 170 171 172 173 174 175 176 177 178 179 180 181 182 183 184 185 186 187 188 189 190 191 192 193 194 195 196 197 198 199 200 201 202 203 204 205 206 207 208 209 210 211 212 213 214 215 216 217 218 219 220 221 222 223 224 225 226 227 228 229 230 231 232 233 234 235 236 237 238 239 240 241 242 243 244 245 246 247 248 249 250 251 252 253 254 255 256 257 258 259 260 261 262 263 264 265 266 267 268 269 270 271 272 273 274 275 276 277 278 279 280 281 282 283 284 285 286 287 288 289 290 291 292 293 294 295 296 297 298 299 300 301 302 303 304 305 306 307 308 309 310 311 312 313 314 315 316 317 318 319 320 321 322 323 324 325 326 327 328 329 330 331 332 333 334 335 336 337 338 339 340 341 342 343 344 345 347 348 349 350 351 353 356 357 359 360 361 362 363 365 367 368 369 370 371 375 381 393
264 1542 4007 9598 16492 24437 40064 43270 50833 64005 61155 58521 66367 57500 55087 57751 52326 48343 49445 43663 41129 41185 37534 34675 36612 32167 30574 32001 28954 26641 28438 25052 24047 25370 22598 21857 23367 20451 19668 20728 18588 17700 18733 16871 15992 17087 15001 14333 15473 13911 12963 14165 12567 11985 12741 11500 10847 11912 10527 10183 10757 9606 9068 9836 8677 8558 8783 8193 7590 8073 7159 7169 7402 6731 6249 6767 6009 5792 6023 5562 5260 5625 4974 4912 4912 4676 4385 4812 4347 4255 4049 3967 3601 3923 3509 3421 3449 3414 3077 3260 2961 2871 2926 2953 2530 2783 2568 2520 2516 2416 2198 2301 2111 2191 2029 2086 1970 2091 1831 1794 1767 1732 1607 1678 1546 1496 1495 1469 1365 1547 1408 1356 1245 1175 1206 1247 1112 1112 1141 1007 1016 1030 973 973 939 925 787 847 802 740 843 706 729 802 681 729 643 638 652 661 605 628 631 541 549 535 539 528 529 471 489 469 470 445 410 437 413 483 422 381 407 343 380 420 340 340 344 321 303 321 292 294 268 274 285 250 266 214 258 228 235 237 249 224 215 202 196 195 188 201 198 137 220 172 173 168 155 138 160 150 155 131 143 138 135 157 143 151 115 103 116 106 120 117 104 87 81 101 67 95 81 61 58 79 65 70 58 69 65 64 53 58 54 52 56 57 34 51 51 35 39 45 42 51 49 32 27 39 33 44 23 26 24 26 18 34 29 11 31 24 23 15 21 23 10 19 17 13 12 11 39 14 12 24 21 7 12 16 6 16 10 8 6 10 2 9 6 7 9 7 11 8 9 7 10 11 3 13 4 4 7 4 4 6 5 3 5 5 2 1 6 4 1 2 1 2 2 1 2 1 1 1 2 1 1 1 1 1 2 2 1 1 2 2 1 2 2 2 1 3 2 1 2 2 1
264 1676 5550 17778 41065 91638 202047 335139 599907 1072773 1563805 2325217 3818283 4868826 6895477 10286907 13132998 17023341 23289315 28642282 36167888 46060723 56645506 67797735 88334626 100605408 123030405 155107977 181216483 205565209 266062562 287226897 350040186 427079182 488111435 569886696 721785487 790429102 947930830 1128873543 1265191949 1446702882 1809741506 1945572317 2273591530 2761288739 2982393990 3364831902 4232325761 4439822603 5072729780 6295313139 6688536263 7556150613 9230531737 9703043324 10972564948 13597058398 14353650189 16113860977 19551436545 20464936682 22491131578 27752221460 28636168181 32980497729 39341004328 41526159835 44823780861 55080264522 54961937718 64056843841 75435701141 78637441901 83930174209 104125195952 104816798776 119997432401 141054922097 144321222595 158702570221 189543717690 188287674749 214883130097 240177999733 264894937303 281262568755 345275335270 354241916372 404992215156 421687297889 457936367111 484354414810 611387800473 579054074214 655611987576 746517057334 792741398773 816831232669 996738941835 967968435287 1128958179040 1256566850850 1393065856170 1378682608319 1684709455240 1684786628459 1865590390391 2094803260478 2267636661943 2211322218138 2716058400322 2767137991220 3217971762966 3355456366116 3671657611875 3862725798716 4703552905215 4474791825637 4873522796365 5649341792884 6036827101487 5998877926875 7207696672515 7177793723817 7906980455268 8674115559839 9196871731778 9555054556712 12257562372550 11501096235096 12811397407719 12935384295267 13661017222243 15099284860214 17328223009272 17449094981961 19385399583520 21102960403778 21150977169600 23282142726891 27358719489592 26182969471843 29725119265133 32427095629716 33993198024248 32931720157608 39059070526522 41406036461410 40811884818904 51069998072055 45974677062760 51816436508021 66771531995538 57551069265959 73595720064568 66639535458037 74187683478852 84679222653119 93992167899391 94378420601078 108688709110490 113298198777476 107272217484483 124853965475095 129601795939519 148391123362305 155038841628474 163192471390980 153126058122312 182312049520313 198896952845843 211150587352098 223030147629898 219285185187043 259922472970660 274055301269524 337711437500981 326069945082205 328207979897525 375387027262463 335012214356786 412063813403272 503150467599066 439042793186113 503289419109159 503755001173673 529063924183129 563725146486056 701543114079925 634922377379023 718520927314316 705259939989600 731550037397995 808013234063831 888110188954289 1020350652133761 834474109708694 1091171233849482 1005804017293878 1196892484861786 1312260165763992 1409608821077812 1477891461998678 1530540674952074 1574305802307086 1703236723484763 1811537439004440 1895245375833833 2303287800096429 2078761427993550 1787556260448966 3388657437865785 2501900052046433 2743474077477010 2818779207067897 2879808477572141 2776605364318183 3384219986401530 3585054360935750 4160994797947414 3882621025511604 4399641252749174 4359783857639061 4885791265699825 6392802931124150 5777174689307602 7563615217213940 5169736562234681 5587252422124601 7088812091415585 6677815919523917 9468449199134030 9100598939436027 7784833318945009 7567216541736325 7949659567354329 10705298383437809 7542739695299005 10963442024462530 9824909082623904 8576092156863129 7861190286098761 12988078696532669 11347211058292433 13945757378203236 11922718428022423 15598174744226098 15548310850436084 18002360914521491 14468599153131435 19906681157148888 16577608202135335 18687953659477924 22482918457462479 24711573467419952 14802339409721870 26225606336155334 23155087627408245 19559342166746218 24231110681703524 27541498382449283 31021501025287136 35276719115245791 34162417899725551 26139589457672192 25876698237279888 37727135697537215 33509219784512256 49146082772827739 24423747832197895 31987284592098673 36214580929563866 36409666828849311 28813584047296966 60838629262304230 50489643607526935 21659774992543517 70065609121924104 59400462442620596 53590545805017973 43496734354519013 62027701779221199 75592766815302092 28152958277003430 62869020427130131 63775078062365496 48602964143398446 49943022797689010 52504319934850851 187919714543326884 74574759607841364 61725453797199300 150889805015099769 130790949455376780 55698605673810354 119156014373007299 122529171925847151 67316085706595256 151037197724716555 97355805675149583 76736221316508412 62491269715002358 118787065248583759 23704760097051569 113101961800549902 95004859576070831 129116544134674423 140673909837604622 117201686542760537 232670882563180180 154755660248709236 183038179412744397 156374314734008021 257950371696390166 301098378258173388 105663230534265304 408397254667025808 123466839320995546 134578496441814968 325575848361503705 157033102357748050 168163799634864079 308309387774552868 235328362901209834 157386132686485923 378317983253937431 288680506017955955 184536074288447638 68834885946073850 437101325255325545 315205021210666460 84300815636225119 174476250616774742 96450110192202760 206302932643470650 220615720850585544 117949491546113972 252217035667592710 134819180623301520 144117936527873832 154043597379576030 329274958331522088 188008647052292980 200882556287683159 214618299743286299 229272286871217150 244904537455382406 558726656967404304 680245620097154856 363117512048110005 413766180933342362 883245963858716874 942628128536797560 502957566506000020 1073358140621382242 1221796807503768202 1390287426917892080 741433159884081684 2372214358948233957 1686501577125056854 899175348396088349 2323075669699925700 3402338855951627050 3617712763867604423
3 4 5 6 7 8 9 10 11 12 13 14 15 16 17 18 19 20 21 22 23 24 25 26 27 28 29 30 31 32 33 34 35 36 37 38 39 40 41 42 43 44 45 46 47 48 49 50 51 52 53 54 55 56 57 58 59 60 61 62 63 64 67 68 70 72 73 74 76 79 80 86 88
6 56 62 302 297 759 633 1199 1081 3050 1899 2494 1520 2070 1217 1695 923 1421 710 1086 556 853 410 693 294 566 226 427 143 314 123 243 74 185 47 131 41 68 36 26 15 12 19 18 4 20 11 8 5 12 6 12 5 18 3 5 1 5 3 8 2 7 3 4 6 1 1 4 2 1 1 2 2
6 68 91 742 769 3518 3468 12546 14166 65617 39305 124972 78812 235732 134828 417572 212439 713152 288427 1115264 433200 1557545 543415 2069698 715887 3147070 891957 4288303 874409 5344117 1033723 6027740 1064933 7726509 1098909 9805468 1398490 5880628 1337516 2230675 776831 880745 1035204 1949154 360702 3069189 1600965 1371446 908597 3702778 1368661 5242804 1919456 9087696 866041 2623649 772310 3576365 2658748 10463167 2860880 18480344 6083572 13713962 42345016 4647040 7108690 20439840 12371378 14179000 18578182 41012510 60334714
