1 2 3 4 5 6 7 8 9 10 11 12 13 14 15 16 17 18 19 20 21 22 23 24 25 26 27 28 29 30 31 32 33 34 35 36 37 38 39 40 41 42 43 44 45 46 52 53
3 2 6 27 20 26 54 37 32 51 34 42 32 45 56 161 169 221 249 273 321 316 340 474 611 705 729 3010 3024 3637 4384 5054 5820 3902 511 423 351 282 245 12297 10198 10115 9730 9239 8319 4231 176 6
7 6 9 48 35 35 76 50 52 86 51 59 58 72 95 257 287 379 406 452 600 710 988 1470 2003 2330 2265 8799 8951 10805 12800 14836 16902 10827 1221 914 785 676 580 26338 20324 19006 16936 14791 12296 5920 176 6
26 115 88 410 398 269 525 317 359 765 368 674 889 878 6170 37292 94714 944530 917979 1918811 9077319 138840524 9027516798 153226789848 1498594703623 6178878777694 44770306245235 10473559310030 180068453121654 154939909923040 125472572840941 230539993726150 835054496420406 483410516192134 18630383066018 3264589742408 522366330381 64743484165 14276290248 250540495502135719 130261697946099467 69377032429580963 27409639820841094 10023186387116504 2786146275130872 413772944261771 2329263 19
17 18 19 20 21 22 28 29 30 31 32 33 34 40 41
3 6 4 8 3 1 3 3 1 3 2 4 3 1 1
4 8 6 10 4 2 3 3 1 3 2 4 3 1 1
412 133550 589 3625 3541 415 309 1272 3 9 46 182 409 2 11
3 4 5 6 7 8 9 10 11 12 13 14 15 16 17 18 19 20 21 22 23 24 25 26 27 28 29 30 31 32 33 34 35 36 37 38 39 40 41 42 43 44 45 46 47 48 49 50 51 52 53 54 55 56 57 58 59 60 61 62 63 64 65 66 67 68 69 70 71 72 73 74 75 76 77 78 79 80 81 82 83 84 85 86 87 88 89 90 91 92 93 94 95 96 97 98 99 100 101 102 103 104 105 106 107 108 109 110 111 112 113 114 115 116 117 118 119 120 121 122 123 124 125 126 127 128 129 130 131 132 133 134 135 136 137 138 139 140 141 142 143 144 145 146 147 148 149 150 151 152 153 154 155 156 157 158 159 160 161 162 163 164 165 166 167 168 169 170 171 172 173 174 175 176 177 178 179 180 181 182 183 184 185 186 187 188 189 190 191 192 193 194 195 196 197 198 199 200 201 202 203 204 205 206 207 208 209 210 211 212 213 214 215 216 217 218 219 220 221 222 223 224 225 226 227 228 229 230 231 232 233 234 235 236 237 238 239 240 241 242 243 244 245 246 247 248 249 250 251 252 253 254 255 256 257 258 259 260 261 262 263 264 265 266 267 268 269 270 271 272 273 274 275 276 277 278 279 280 281 282 283 284 285 286 287 288 289 290 291 292 293 294 295 296 297 298 299 300 301 302 303 304 305 306 307 308 309 310 311 312 313 314 315 316 317 318 319
289 884 2008 3064 4081 4600 4938 4880 4942 4736 4774 4521 4394 4099 4179 4022 4010 3869 3895 3518 3582 3383 3441 3204 3259 3011 3071 2911 2849 2779 2776 2572 2647 2555 2469 2388 2362 2302 2272 2157 2100 2060 2041 1958 1982 1914 1845 1705 1687 1583 1625 1560 1602 1547 1495 1414 1438 1382 1405 1307 1331 1222 1247 1150 1187 1132 1156 1064 1116 1002 1041 959 1002 890 973 880 912 831 836 789 818 761 755 710 731 695 691 634 650 605 611 558 559 545 556 537 529 500 503 473 480 469 479 453 443 407 413 393 402 386 397 357 371 361 367 338 345 318 323 295 294 263 266 249 267 219 246 224 238 208 219 207 213 190 201 182 192 174 185 168 162 155 159 158 171 157 155 140 133 135 135 128 119 120 123 119 119 104 112 108 103 98 94 93 84 88 92 82 81 74 83 80 77 68 70 57 57 57 55 56 55 50 47 50 52 51 55 50 42 46 43 37 37 33 40 37 39 31 34 28 31 31 33 28 31 27 30 26 30 25 27 24 27 26 24 16 18 17 18 17 16 16 16 13 16 15 16 17 10 10 10 10 9 9 9 9 9 9 9 7 7 7 7 8 8 8 8 8 7 9 7 7 7 7 7 4 4 4 3 4 4 4 4 4 4 4 4 4 4 3 3 1 3 3 3 2 3 2 2 1 1 1 1 1 1 1 1 1 1 1 1 1 1 1 1 1 1 1 1 1 1 1 1 1 1 1 1 1 1 1 1 1 1 1 1 1 1
289 935 2950 6352 12556 21361 35372 52819 81293 114838 170107 229169 314703 404484 571194 739359 989537 1256584 1680209 1970504 2621984 3186337 4152509 4909415 6277336 7291612 9356358 10940353 13305169 16316594 20133988 22813215 28778182 33997532 40051507 47420611 56414615 66108412 78915230 91332312 105768055 125511672 146979112 168281271 203376310 234389347 264111652 291666563 338645607 376493397 447414521 510786903 602220009 691674777 780873879 868392828 1023510289 1161840329 1350708337 1481491745 1746718894 1846203757 2180406612 2331544970 2788965026 3077964907 3575640820 3827101266 4655878569 4786683158 5686306077 6016011991 7257199211 7355742110 9171009057 9337132706 11138586540 11730284807 13319157438 14500110757 16973345300 18016380082 19944013194 21919645542 24728673830 26998809608 30480434333 31297316968 36708588218 39068263779 43310643741 45126853433 50043003411 54945545740 62374230250 69681062104 76453829708 81802273993 91722713857 99209565203 112306347020 123198100668 141845966196 150951175675 167787627038 171436049906 192853792389 208874216798 238005012341 252854128817 296132283161 292187991730 346827614609 382185096077 428870474895 433851081862 499438261880 498394901504 560899976658 586859010302 645139058768 628789134428 700793665899 740575266916 862341696803 812159378074 987848006809 1006841008371 1181697082124 1149200821335 1330152685277 1408653769380 1585391348542 1542856967407 1820308601046 1821016618068 2148804873519 2198050967732 2528502555970 2541299396555 2697372455922 2880321215716 3266052311885 3575878810721 4298743158660 4308236441882 4771572687260 4824357020602 5021420038183 5563204236927 6067785892834 6383738686972 6377427741456 7202167519055 8089670456979 8542921292296 9355991794521 8788488422204 10347575375595 11176987066142 11774849196701 12192323476984 13059623760050 14545608202557 14072538824753 16182502592099 18501614693065 18647982589836 20383649989823 20061974764431 24849195351365 25663643388911 27501143516811 25032563887007 29422332537319 25701012792085 28826254709030 31846357244040 33303184794830 37144599684180 40611490638175 38944033038553 40841510357797 48558437515515 54983822607836 58143774198244 69509065239662 66685069104251 62030881082972 74647324187939 75536485004465 67727097479802 76090167645636 71094138925923 99674493820755 96266584814960 116026670241422 95017554299620 118983764725087 102286069917797 127340609260224 134776366390378 163810316005925 145767131299206 179722671626352 166231015590447 200275735212180 184259834701810 236623028411685 217417560941967 253535412739683 247076178281842 300649394598991 313951950810493 310478888499550 227048399548117 279674735329997 285867979968600 325636730010313 337110852927304 344734013084515 356294793630210 388629964644204 344475175370979 457459952971190 461752975161506 538109607402132 621031227343384 391395986049660 427669863814978 463489178012540 502225270015952 487970950709583 528583271875433 577527922136637 619927271455695 671196205377236 726589090283403 793304349790515 662762253820791 717117788001687 775810278380351 839176425968150 1041556625956217 1126273240516889 1217695140129065 1316338849541608 1422759616444792 1339827736288766 1843180262690860 1564084976920599 1689546467768279 1824805158515993 1970605935422185 2127748838974996 1330454784052705 1436102964861026 1549920596836853 1246589845474069 1804570335755381 1946771554731213 2099887123486673 2264733087750113 2442184924476013 2633181785690125 2838730984131286 3059912842376873 3297885820662609 3553892055315894 2924503109833875 3150592469793351 1131238503938606 3655123049532999 3936155402448645 4238248695520350 3041960985702350 4911881908011513 3524556866114538 3793128207183168 2040825852575075 2195786311682516 2362219145337711 2540952590045698 2732873183547535 2938929793929555 3160137867148997 3397584011986773 3652430836071053 3925922161489422 4219388528587095 4534253126900886 4872038056472084 5234371069753672 5622992691950605 6039763882095515 6486674127079088 6965850144195831 7479565078510584 8030248384943040 8620496275465025 9253082936723602 9930972392403501 10657331232548839 11435542077822104 12269218019229465 13162217895057704 14118662665280005 15142952738857194 16239786535829663 17414180133147295 18671488299600364 20017426762576945 21458096037352891 23000006655487337 24650106150830490 26415807633566326 28305020340996003
4 5 6 7 8 9 10 11 12 13 15 16 17 18 19 21 22 23 25 26 27 29 37 51
1 3 4 7 3 4 1 4 1 5 2 2 2 2 1 1 1 4 1 1 1 2 1 1
1 4 8 23 14 34 11 72 11 190 84 238 236 289 270 385 297 1452 1002 1002 1255 4394 8349 124754
