10 22 34 46 58
418 6859 38581 41243 12891
22049 396823 503489 162206 22409
2788599 871529340325 16625318690582037586 1640962332739525335 284575933345151
10 22 34 46
109 657 204 6
1314 3086 339 7
104481 68575088 1212393 146
3 4 5 6 7 8 9 10 11 12 13 14 15 16 17 18 19 20 21 22 23 24 25 26 27 28 29 30 31 32 33 34 35 36 37 38 39 40 41 42 43 44 45 46 47 48 49 50 51 52 53 54 55 56 57 58 59 60 61 62 63 64 65 66 67 68 69 70 71 72 73 74 75 76 77 78 79 80 81 82 83 84 85 86 87 88 89 90 91 92 93 94 95 96 97 98 99 100 101 102 103 104 105 106 107 108 109 110 111 112 113 114 115 116 117 118 119 120 121 122 123 124 125 126 127 128 129 130 131 132 133 134 135 136 137 138 139 140 141 142 143 144 145 146 147 148 149 150 151 152 153 154 155 156 157 158 159 160 161 162 163 164 165 166 167 168 169 170 171 172 173 174 175 176 177 178 179 180 181 182 183 184 185 186 187 188 189 190 191 192 193 194 195 196 197 198 199 200 201 202 203 204 205 206 207 208 209 210 211 212 213 214 215 216 217 218 219 220 221 222 223 224 225 226 227 228 229 230 231 232 233 234 235 236 237 238 239 240 241 242 243 244 245 246 247 248 249 250 251 252 253 254 255 256 257 258 259 260 261 262 263 264 265 266 267 268 269 270 271 272 273 274 275 276 277 278 279 280 281 282 283 284 285 286 287 288 289 290 291 292 293 294 295 296 297 298 299 300 301 302 303 304 305 306 307 308 309 310 311 312 313 314 315 316 317 318 319 320 321 323 324 325 326 327 328 329 331 332 333 334 335 336 338 339 341 342 344 345 346 347 349 350 351 355 359 360 365 366 381 382 383 390
400 1700 4326 8536 13916 19774 25257 30466 33263 34811 35022 33748 32458 31659 28788 27303 26694 24899 23586 22930 21712 20790 20112 18859 18628 17884 16827 16160 16241 15077 14619 14161 13589 12891 12791 11822 11738 11476 10644 10384 10260 9671 9528 9284 8808 8619 8224 7771 7704 7553 7075 6810 6899 6509 6329 6117 5956 5719 5680 5197 5249 5167 4818 4782 4824 4382 4397 4407 4177 4022 3965 3603 3841 3661 3551 3338 3429 3131 3194 3069 2932 2844 2848 2551 2615 2593 2468 2416 2447 2261 2243 2196 2142 2013 2069 1858 1827 1851 1807 1722 1850 1582 1621 1523 1579 1457 1513 1372 1287 1294 1260 1270 1256 1210 1104 1112 1076 1032 1073 971 1007 967 975 923 868 836 841 851 836 790 814 762 772 723 666 680 716 669 642 658 652 574 627 554 585 518 509 495 505 463 474 435 438 420 422 404 410 426 395 337 375 320 339 343 331 303 318 255 262 270 259 257 273 257 252 214 221 202 233 197 221 217 187 158 203 164 180 173 163 155 165 141 168 146 129 131 139 108 137 107 107 107 109 98 110 89 84 95 99 76 87 69 75 67 80 71 98 62 55 63 66 49 71 54 49 63 59 39 58 62 50 55 44 40 64 36 37 60 49 43 38 31 36 26 34 32 24 29 36 27 35 20 18 18 25 29 20 23 16 23 24 17 21 22 21 21 20 11 9 17 16 15 13 15 15 11 7 14 11 7 11 10 8 9 9 11 4 8 7 9 7 4 6 10 4 7 5 2 5 3 3 4 2 4 4 5 3 6 5 2 4 6 3 4 2 1 3 1 2 5 2 4 3 1 3 4 1 3 1 2 3 2 2 1 1 2 1 2 2 1 1 1 1 1 1 1 1 2 1 1 1 1
400 1859 6224 16474 38125 78615 145785 271030 441931 692833 1069491 1564655 2143202 3123793 4054904 5235026 7097144 9064722 11228172 14791731 18330514 22341968 28925961 34577996 42190325 53347758 63715175 74508897 96237781 110606547 131798856 159106131 192751205 214348398 269553957 301845137 353732350 431613071 487380410 552669911 672386346 757924409 890734561 1058642715 1190905513 1330326912 1585241058 1721555919 2010398465 2366204832 2656524440 2875555015 3507275136 3871333523 4325813688 4946483608 5728960065 6019537941 7312890865 7720539811 8778548783 10338878765 11250916119 12304112683 14564790652 15671029149 17750822844 20943301590 22679769295 23968175182 28413086591 29645388381 34545201117 39721332562 43907479404 45595624659 54789824151 58043659792 65805197093 72398382528 78762252507 83029900217 97448947993 100169173453 112546318076 131756380841 144854714701 150368754250 179994122401 185574366775 197480382991 226615444941 256907847196 262784424318 310153791832 317008766318 334569355732 394277093517 436066288198 439274043855 538242372564 544240143055 599602673568 646517423171 733454545651 732871179347 894270548585 932436125532 919827505855 1046570200490 1142425482038 1227461426042 1395609109654 1539641425363 1465821321757 1756350051765 1891537472994 1945665578137 2318224684824 2351993507321 2614682842724 2771678880700 3276885395145 3289042646916 3371330700634 3925852472500 4139224298061 4838028511179 5316024128994 5203922313160 6176985807826 6294275573791 6571363211624 7455978021749 8038262164552 8276919561509 9835289249965 10404196288117 10273995381534 11798161635096 13136338240221 12845284582226 15919143352311 15114040759981 16218314137101 17706682067659 18885014184984 19623083145363 22515841922829 22380545833968 24492797022869 26498658101489 29863015687124 29785939983152 34744949855842 35639798005879 36649541642027 47877958605029 47989989646785 39785223628485 54434612803267 49514956750983 56750312248933 66785566058186 67672001439560 66925366609147 78069492980723 71975683260399 76278722886567 85530121744847 96683279458450 98696676046454 115044709921736 124239706343564 122802599490735 119139131698723 138071739136441 130378740584790 168179054237835 148427465896825 185988913184392 200291835088857 198491997071369 175054635694636 249597199324509 212021453482152 245985561620566 265637080756634 276967137975199 280225126197888 327009015326617 292835335030808 378335224823737 397542909897334 360174281725611 386005787708015 427597243310802 399805953888082 547880517483565 454792967696389 485586687561446 573754729989904 602056095836279 619101663350955 679241009426052 570597658318653 673526073095163 818480054842985 893848933728259 774002176744343 990884877407281 813901549009015 960703477006298 895844265547571 1209607634439888 1166924270196582 1698336561515990 1311776996210015 1144966984650836 1363970567419065 1653270415220013 1388425572461202 1941501038117524 1690271746623873 1686969593183928 2238995266839484 2441885063397064 1811773598434155 2587538008494437 2766861430322029 2665140562159937 3077393877754143 2732430317665334 3032390280426108 4802975245019365 3151586281112855 3082254467478193 5429563438116738 4690350525387073 4511720025329755 4520306483717782 3788281649446499 5104151319805990 3850789934770579 5062397046080221 5848600875023356 3812337909621457 5725561228743730 9122719421426320 6431973163137678 8940649909327009 5210967260429594 5109806583715726 5513619565032778 8599920120209199 11514187786987756 8303539306101367 10292828860953674 7606789867530324 11771497865652484 12323068946151520 10769868658996704 12649029762660459 13860234552668339 16289115997267856 15891122306055728 16419278599759118 10984355614406393 8731033747705668 16776201781092335 17185666965667015 19389800902805040 16372343794371322 19801188370689594 21496317634845615 21213842967563220 11003886428224484 25184331858658055 19662935311512806 13708733972091561 22759005296540707 28568166800968216 19612686941533636 23828176277920467 25626141703837915 33876684245761199 13115443758271540 27945212568147024 29492938013986793 40139620716187239 35329431220265715 19488152225888336 35915931461712528 65532804192422595 24159055528382060 55698605673810354 40836748830941500 14445415222706415 39049875311850288 33301489320816130 27759248810170806 39046000113934105 19861944784807002 45742168311288416 47409520194103138 63132089847803803 54561761120675418 88809136285988786 80102098882175846 33653966668976958 72171336865495318 137430110412085453 64374288112058673 131832397460386238 49300212301660980 26415807633566326 84915061022988009 28305020340996003 62814475341309618 251027036808007551 79839131053999982 165335287125909374 137317075630734084 49005643635237875 150473331499304391 220931850567451508 64325374609114550 206504657838221550 73653287861850339 152454543164516954 252902446908675357 180350869961099246 206302932643470650 110307860425292772 126108517833796355 269638361246603040 154043597379576030 329274958331522088 351887119620845506 188008647052292980 214618299743286299 229272286871217150 244904537455382406 318555973788329084 413766180933342362 441622981929358437 610898403751884101 1303377759994413918 1701169427975813525 1812356499739472950 1930656072350465812 2998964447736452194
3 4 5 6 7 8 9 10 11 12 13 14 15 16 17 18 19 20 21 22 23 24 25 26 27 28 29 30 31 32 33 34 35 36 37 38 39 40 41 42 43 44 45 46 47 48 49 50 51 52 53 54 55 60 61 62 64 65 73 74 78 79 80 81
6 71 71 188 148 359 237 432 256 421 263 395 212 302 168 184 130 102 66 88 45 55 44 63 20 43 32 56 25 34 12 21 13 22 21 25 7 22 11 5 8 13 5 3 2 5 2 4 4 3 3 4 3 1 1 2 1 1 1 1 1 1 1 1
6 89 107 443 450 2060 1659 5615 4170 12173 9453 27401 18172 42818 29258 54668 41795 48756 34128 56556 37340 74208 48510 129568 53188 137381 106660 263715 126616 255261 98144 255275 163227 397371 284334 667870 171487 727718 381000 272439 410051 1044676 287816 208425 212613 533570 255908 741276 769579 714925 1308411 1111450 1306778 614154 1053646 2145660 966467 1300156 3087735 4087968 7089500 14179000 9289091 12132164
