21 33 45 57 69
3887 17394 43722 23326 11664
3664709 798227 405625 97913 19035
9263164404212 6954831024531888805 6356721344753000038 1350898245406407334 187270584086313
21 33 45 57
934 739 209 1
19251 2409 329 1
899898841 64778554 2150819 2
3 4 5 6 7 8 9 10 11 12 13 14 15 16 17 18 19 20 21 22 23 24 25 26 27 28 29 30 31 32 33 34 35 36 37 38 39 40 41 42 43 44 45 46 47 48 49 50 51 52 53 54 55 56 57 58 59 60 61 62 63 64 65 66 67 68 69 70 71 72 73 74 75 76 77 78 79 80 81 82 83 84 85 86 87 88 89 90 91 92 93 94 95 96 97 98 99 100 101 102 103 104 105 106 107 108 109 110 111 112 113 114 115 116 117 118 119 120 121 122 123 124 125 126 127 128 129 130 131 132 133 134 135 136 137 138 139 140 141 142 143 144 145 146 147 148 149 150 151 152 153 154 155 156 157 158 159 160 161 162 163 164 165 166 167 168 169 170 171 172 173 174 175 176 177 178 179 180 181 182 183 184 185 186 187 188 189 190 191 192 193 194 195 196 197 198 199 200 201 202 203 204 205 206 207 208 209 210 211 212 213 214 215 216 217 218 219 220 221 222 223 224 225 226 227 228 229 230 231 232 233 234 235 236 237 238 239 240 241 242 243 244 245 246 247 248 249 250 251 252 253 254 255 256 257 258 259 260 261 262 263 264 265 266 267 268 269 270 271 272 273 274 275 276 277 278 279 280 281 282 283 284 285 286 287 288 289 290 291 292 293 294 295 296 297 298 299 300 301 302 303 304 305 306 307 308 309 310 311 312 313 314 315 316 317 318 319 320 321 322 323 324 325 326 327 328 329 330 331 332 333 334 335 336 337 338 339 345 346 350 351 353 354 361 363 374 379 380
313 1440 4323 10233 19026 34314 54557 72463 158333 177553 198523 188471 192551 177792 175215 160797 162401 144992 145771 132073 129476 119137 119781 106917 109133 99136 97480 89252 88290 79714 81282 73174 73614 67667 66955 59912 60249 55204 54958 49427 50756 45673 45761 41425 40546 37569 37768 33555 34345 31474 30929 28441 27938 25628 25650 23216 23181 21369 21212 19126 18763 17317 17462 15411 15840 14589 14367 13084 12681 11682 11831 10689 10512 9934 9729 9068 8640 8062 8142 7380 7268 6773 6760 6468 6013 5840 5748 5065 5260 4655 4606 4501 4200 3890 4042 3661 3457 3373 3401 3127 3018 2849 2999 2755 2536 2407 2415 2466 2210 2096 2247 2092 2093 1900 1895 1848 1809 1663 1735 1589 1598 1436 1498 1559 1424 1383 1385 1301 1285 1196 1291 1240 1143 1168 1183 1046 1078 1007 1007 1034 915 845 983 895 839 805 817 778 786 745 762 718 788 764 674 709 591 597 640 548 605 508 517 536 485 548 470 440 473 383 388 397 382 353 354 339 360 306 324 313 314 327 309 276 284 284 254 281 240 217 246 234 235 229 236 223 186 187 200 197 174 166 151 178 161 174 183 141 157 136 132 127 123 112 124 125 112 84 107 130 101 93 177 130 81 104 90 87 74 81 86 67 83 64 67 65 49 53 75 63 58 54 50 50 39 43 53 54 48 35 40 42 43 33 43 46 22 26 32 30 29 36 30 30 26 21 23 16 30 24 27 25 13 24 16 23 12 12 29 29 15 12 16 19 14 15 73 8 7 11 6 9 8 9 14 8 4 7 1 10 6 7 6 8 2 6 4 6 4 11 6 5 2 3 4 7 5 4 8 3 2 1 3 1 3 3 3 3 6 1 4 3 4 4 2 1 2 1 1 1 1 1 1 1 2 1 1 1
313 1628 6350 19388 49599 121008 265324 516865 1383892 2157491 3923539 5606182 8998332 12265700 18021140 23625725 34341706 41681953 60215879 72817638 97060990 116820222 159652762 179561108 246508775 280463852 365198367 417631772 538625842 584992604 778739730 856074775 1082427620 1220625555 1557320976 1639755755 2116072029 2277489002 2830569427 3033195651 3890776607 4004366926 5211317958 5451942166 6490241200 7085981166 8722977597 8875710943 11338889469 11953257531 14459839143 15499335595 18380025438 18924321857 23245542644 24014933065 28839356668 30237473261 36867077157 36978522649 43776130259 45093393343 53491019704 54283735270 66736837036 68294911863 82022918497 85568283636 95887882931 99056278306 116758583087 119188067213 141456897686 145520878479 171736180643 178036084484 194598362872 203975291541 233559278574 244600331188 274522737502 292586103722 339939649645 362757977961 387258962774 419518474848 454626429036 470294386134 551460522606 537826155936 625813445799 682584639688 713995727841 736455051413 826094537951 843268240684 902557183555 972026816939 1105286809919 1139188080931 1216543555511 1277882875585 1404750501978 1478846962367 1483666797619 1576157747518 1743744476786 1929537998802 1835700123891 2052364846184 2234856444953 2307679041778 2588573588870 2718670140239 2949215155166 3389013492141 3533630477992 3758238620872 4068963646538 4467840832596 4697362690622 4992994478407 5453696581006 6337856945086 6263051711772 7252905175919 7621022989277 8325596333350 8366243741755 9485965848989 10852295400938 12149447329346 11268749981038 13797520540977 14390949108879 15127769790226 15765609081094 17639631858826 18359832697058 21612323749429 20307097496383 21928520413196 26414354919351 27167426189498 26832816785128 30475074500358 32698691373993 35798052204002 38443727737979 42670112390557 45293612696704 49411765535443 55385087298850 62609011363761 57719488979720 69712434505382 61777978420092 76439518211398 78715103305090 81497483242720 89500051018313 86256331140510 100122839005548 112328392292683 106518936901746 128165583376286 123601289788588 128521280993893 146707246537214 133760168841095 148546395427393 172649744574603 171160171296251 180475624292626 185633496913271 198529831930938 227360705413004 214015803531144 236888675538010 282371621064685 275513006615805 328317526350107 330975741909040 316551557429835 352762200888784 397063093712952 365485919915430 481493516521279 412142907001355 410821586077442 501450266669887 533607588966713 586849002100371 604492086002957 701463132964740 717928121437237 622362350076763 790685580853628 800875796836551 930987416100098 847871937927702 897056763560118 885516164838942 1209250506703521 1056122522506766 1314864931705819 1519363407483029 1141785632887783 1446599054480673 1516053497478254 1497759796053542 1722343155878853 1588260150241555 1639494268430248 1944531398722601 2337970889542588 1951191084967932 1758833893829308 2241481269991968 2942262392702805 2583955496184265 2642217328595606 4713119581301702 4338673428779022 2967736557725191 3676969522256464 3697010700645552 4347472542591587 3507538531644672 4349124392314596 4975125261190651 3841247034934985 5196871007472232 5062156459585093 5334906115869816 5638125784860159 4358190917954633 5018513060001412 7311960193480484 7140026763299360 7141057903877494 7871055047315186 7778462050987544 8452178253031421 6421372603683112 8765668121819957 11187548228544371 11742197428314894 11019559511149336 8957953415532496 11011367099062166 13131258810925056 14248476232371022 11523203652179054 14926014578885760 16681007447261342 9072005028721469 11464527047944907 16121336691179576 14363112296433259 17527353402363193 22336156502593990 17383519072542414 21008489912577499 17668285054974427 19124933367368927 19658939863316378 13260946402288247 26361022714096248 31365491319718465 31920970311808927 31400621610128502 18367318432633115 34883526218614845 26081762367921948 44150061956692085 22614410635028717 22284697311144007 53317716037392100 61595526122628338 33294452897878864 35465446654230646 38892508215756882 57078854839604078 45374423819816720 48128917068970090 246361509861169997 38137964604107343 26660981154170847 45239408346067353 26260924966463943 46018101128151256 40787969518184612 58743946633881191 81222524828177930 62632190045873015 26905048542549838 57267945956510907 7479565078510584 89513228015417410 69596556864978777 93208718822915919 80174137979373346 106573312325488390 23704760097051569 88563525762090972 65811089475288520 87784846212411597 64959146143318652 184509619880714453 105742388965336839 168043394696403276 42916192074705782 88916205385680456 93650126117292501 200732252172115592 139635888997550338 169830122045976018 251257901365238472 102090203090348314 104402864608322490 37274405776748077 122587209089954678 45772358543578028 183089434174312112 157386132686485923 164775248454577219 232523903905081666 381732222885239294 68834885946073850 284976347615848378 231255798467183569 410504957514008587 354827120577873988 186625545172752383 103151466321735325 220615720850585544 164637479165761044 175943559810422753 229272286871217150 244904537455382406 279363328483702152 298330063062758076 471314064268398780 1073358140621382242 1089657644424399782 1498478743590581081 1596675274490756791
3 4 5 6 7 8 9 10 11 12 13 14 15 16 17 18 19 20 21 22 23 24 25 26 27 28 29 30 31 32 33 34 35 36 37 38 39 40 41 42 43 44 45 46 47 48 49 50 51 52 53 54 55 56 57 58 59 60 61 62 63 64 65 66 67 68 69 70 71 72 73 74 75 77 79 81 83 84 85 89 91 96
11 65 134 474 569 1088 854 1611 1056 1769 1145 1522 887 1447 834 942 588 788 521 686 393 543 317 417 256 326 240 233 172 248 121 138 125 149 102 118 85 104 90 57 76 50 75 58 61 44 40 25 37 19 32 26 25 22 23 12 13 9 15 9 10 11 11 6 3 3 5 5 4 2 7 2 5 5 2 2 2 1 2 2 2 2
11 77 199 1125 1652 5713 5442 19335 14729 49637 36933 93982 60622 197785 119102 257624 164218 384082 253406 629343 324655 844431 444007 1055324 559360 1298486 861665 1334489 847541 2258885 1038079 1883165 1412186 2784288 1793685 3021097 2236853 4193720 2697269 2881861 3652444 4191769 5091483 5855410 6112215 5952452 5889646 4670250 7544002 5142940 7674968 9357097 11596326 11625091 12517422 11078655 10298106 5474810 17488704 11287211 14677751 19255679 18267701 14460766 5200624 13412246 14514930 19747900 16260600 21675895 37986040 7642313 32530221 28660632 28358000 37156364 24264328 15796476 63185904 53087320 137051848 145067614
