19 31 43 55 67
2482 16474 41926 25166 13940
981522 912187 459738 122187 26344
22151786424 15076376203058509298 7514433881833181451 1517587662681693005 1520706423662118
19 31 43 55
713 865 262 8
20298 3388 454 9
258198407 64485099 2109587 412
3 4 5 6 7 8 9 10 11 12 13 14 15 16 17 18 19 20 21 22 23 24 25 26 27 28 29 30 31 32 33 34 35 36 37 38 39 40 41 42 43 44 45 46 47 48 49 50 51 52 53 54 55 56 57 58 59 60 61 62 63 64 65 66 67 68 69 70 71 72 73 74 75 76 77 78 79 80 81 82 83 84 85 86 87 88 89 90 91 92 93 94 95 96 97 98 99 100 101 102 103 104 105 106 107 108 109 110 111 112 113 114 115 116 117 118 119 120 121 122 123 124 125 126 127 128 129 130 131 132 133 134 135 136 137 138 139 140 141 142 143 144 145 146 147 148 149 150 151 152 153 154 155 156 157 158 159 160 161 162 163 164 165 166 167 168 169 170 171 172 173 174 175 176 177 178 179 180 181 182 183 184 185 186 187 188 189 190 191 192 193 194 195 196 197 198 199 200 201 202 203 204 205 206 207 208 209 210 211 212 213 214 215 216 217 218 219 220 221 222 223 224 225 226 227 228 229 230 231 232 233 234 235 236 237 238 239 240 241 242 243 244 245 246 247 248 249 250 251 252 253 254 255 256 257 258 259 260 261 262 263 264 265 266 267 268 269 270 271 272 273 274 275 276 277 278 279 280 281 282 283 284 285 286 287 288 289 290 291 292 293 294 295 296 297 298 299 300 301 302 303 304 305 306 307 308 309 310 311 312 313 314 315 316 317 318 319 320 321 322 323 324 325 326 327 328 329 330 331 332 333 334 335 336 337 338 339 340 341 342 344 345 346 348 349 351 352 355 357 366 367 369 370 376 379 385 394
232 1403 3739 9476 17037 26925 39646 54248 67658 86218 96481 104976 102295 99397 92262 88394 82188 77309 70806 67622 62057 58322 53858 51622 48013 44910 42308 40351 36552 34579 32214 31017 29358 27651 25787 25016 22728 21649 20387 19766 18724 18373 17016 16412 15395 15432 13853 14364 13300 12770 12148 12009 11317 11338 10342 10443 10097 9519 9162 9290 8457 8525 8094 8057 7449 7565 7249 7085 6905 6871 6307 6545 5988 6022 5926 5921 5542 5689 5092 5078 5099 4756 4730 4747 4318 4366 4228 4209 3822 3962 3861 3803 3502 3601 3279 3492 3153 3170 3040 2966 2841 2983 2696 2738 2530 2602 2646 2531 2341 2225 2191 2204 2171 2046 1978 2052 1927 1907 1841 1887 1657 1656 1691 1645 1541 1584 1504 1465 1377 1336 1279 1285 1185 1300 1172 1155 1080 1126 1017 1074 966 1012 944 992 867 864 881 863 842 839 803 791 752 695 780 748 621 652 645 663 605 604 536 573 559 527 532 538 481 475 475 441 412 441 405 439 389 353 366 330 298 319 355 338 298 277 266 310 254 279 249 273 240 220 246 234 212 248 226 232 204 161 216 273 148 206 168 192 148 174 157 165 146 133 127 154 139 118 143 132 104 117 111 121 107 88 90 119 95 97 103 81 87 89 72 77 77 71 73 81 65 54 79 55 50 56 49 67 58 44 47 50 35 44 51 47 41 45 55 87 36 29 36 53 26 24 35 24 21 26 16 21 30 10 27 19 19 26 22 15 11 17 16 19 16 12 19 19 17 14 19 8 7 16 5 14 9 8 8 8 6 10 11 5 7 3 6 6 4 7 7 13 2 5 7 3 4 2 3 9 1 1 2 4 4 4 5 2 3 1 2 2 2 1 1 1 1 1 3 1 1 2 3 1 1 1 1 2 1 1 1 1 3 1 1 1 1
232 1545 5235 17574 43247 101601 209837 419599 765662 1475033 2357770 3940035 5714222 8541267 11524591 16443774 21592838 28978717 36696681 48168698 58929231 75275855 90624405 114137343 137869575 167694786 200147160 245836941 277906757 330573723 384736205 457431488 531140023 623910332 717752905 829538227 928729822 1043745480 1185864826 1374594187 1566098576 1784331679 2011830162 2279367270 2521136702 2990353358 3137495772 3863294208 4182103862 4640396791 5157097946 6050962865 6611778913 7672924455 8249974072 9571461761 10735610364 11389551830 12929558376 14996402320 15641107662 18171840960 20080532686 22832681415 24199465722 27568605950 32135010011 34840529058 40206553586 45230595433 48087623997 56672718037 59809929906 67993682684 78798918238 90718719974 94624013206 111099225448 111455408676 125875371682 150695506864 153626639781 177158526303 202891073909 208259862533 238621324867 256163362059 289845858047 295481949579 358495850884 385293433317 437901317222 451646761628 515099705657 536575115991 634936680766 655989590890 752764359699 796392335123 854858426534 909501010477 1116308142975 1095462282044 1284084279936 1333026595300 1543846501815 1685176770663 1892756186608 1997557313875 2044245489558 2268164934094 2579964885101 2745028579781 2933022293691 3124146965076 3695053126321 3799252872642 4348054545723 4452466658674 5191138757660 4871007307929 5576673360655 6390733482162 6780392472976 7144564243480 8251004008777 8802058662108 9110287150584 9360330301590 10640058308642 10924110303765 12290493587776 12871749241863 15456021387183 14355771753220 16347000874483 16894769524191 19879084277294 19392389332765 23548366320121 22173200269041 26812570385170 26019256528013 30501616202392 29291082545539 33795708989248 37601266201648 39262401839820 40235095843196 46638302264481 47243410893461 52059769474426 57404730591933 58956078557719 68457194477049 73894613074480 66182433628505 76741396935030 80838241992928 89360314651462 90166904130813 105393471252287 99408608504981 117435626727103 124531559915422 131690119711804 141372274888552 153937972281249 155443468449932 171170725432807 178053148708799 188694805002119 186595918596535 220063775642753 215704130496547 255176890105917 255829028235376 258886112228006 276315236720250 262430405140160 285335393391818 323043575035437 385154113304701 382111903448303 389247028737182 407280888846499 400957721503863 510162380506239 471114934678463 564440046464460 530309723808288 643534673733112 618308154713786 621101273044091 742672703853271 722289606706257 806117549068518 962404839178285 938972455995492 1042118301070546 991892435047050 876760544166583 1310630500105072 1602990226517574 1026027368754471 1595946549668252 1401281226304930 1659894045177110 1353327884600139 1769196761778266 1656380151163810 1909671767318330 2131857521104651 2093643794150093 1993848074261044 2478884745091545 2556355759721086 2426864822931019 3172365861356592 3084728227230772 2690701027658860 3291101002433981 3262415419905401 4178362187816817 3760342443168743 3352966631630538 4031714356776195 4836375229939161 4618331290302170 5251824249074701 5935955793635822 5100898532027021 6027386975734552 6900469741538991 5648008488001221 6162725481495518 7051647424195047 7337388066295991 7726760687448143 9293782745436216 8029889591246065 7087589189963672 11842414718618898 8478064094539666 8611374726152424 10594174808841972 10396166680278595 12408116861618803 13904981406609802 11009341786837165 12792240435696113 13045866255057001 11864917570981899 15179216773276927 18371749560552038 19354298611448533 16912118963350840 18990132557986136 28012138782349677 41698249522891450 18402498164129816 17946871458370718 23843261481454807 32409656316357406 20311804735628876 20708883146242042 31382365474845259 22501246030223513 19473477494350107 27616154130553933 17788974594037407 27350557890377018 41418337216869392 16989729867113400 40643111194798960 28300190283391940 41030985318578439 54332695838971451 43978482396782712 33127112411856226 26418570464864334 46036858708059673 41075993916386606 61584998239189963 52599304386069957 42251057481110980 62670765140664813 68513575925643532 67968974655294084 61236563359122714 92976335247428916 41821632930821568 40112399659042216 96214364584381451 29365277030187755 98900912393284768 78448328630598479 71713361179217322 62039253853814496 73492295829620859 55518497620341612 106529138493718915 111419772836874525 55621288698563990 84217174251791533 37700653933516634 84711975991680030 112949301322240040 77908431288230908 150855653211737495 123156569098484134 269476466972264582 42916192074705782 110374301423033347 187300252234585002 125016232236888286 113220081363984012 56610040681992006 93140657331152582 399110166289496552 37274405776748077 39919565526999991 79839131053999982 174016592651442116 196022574540951500 343039505446665125 262310221144143205 120210699679333088 192976123827343650 68834885946073850 147306575723700678 157602510605333230 236403765907999845 90175434980549623 96450110192202760 96450110192202760 110307860425292772 117949491546113972 378325553501389065 134819180623301520 154043597379576030 329274958331522088 527830679431268259 200882556287683159 214618299743286299 244904537455382406 261578907351144125 637111947576658168 363117512048110005 651688879997206959 695143713458946040 790738119649411319 2529752365687585281 1238057794119125085 1498478743590581081 2190401332423765131 3850538434667429186
3 4 5 6 7 8 9 10 11 12 13 14 15 16 17 18 19 20 21 22 23 24 25 26 27 28 29 30 31 32 33 34 35 36 37 38 39 40 41 42 43 44 45 46 47 48 49 50 51 52 53 54 55 56 57 58 60 61 62 63 64 65 66 67 68 69 70 71 73 77 81 84
7 62 98 379 374 1093 820 2045 1049 2347 1106 1953 840 1709 716 1391 598 1129 468 859 303 681 297 531 223 474 224 352 112 314 140 243 90 190 84 84 43 100 55 55 29 78 34 39 13 55 23 37 17 32 12 12 12 19 11 15 12 10 4 3 5 7 4 3 6 4 2 1 4 4 2 2
7 75 157 846 1058 5611 4895 23156 13601 60722 31857 123179 54870 233505 97426 379530 157962 583489 227212 832193 264487 1101548 384518 1369620 481284 1968389 706607 2347102 567094 3257252 1138815 3786786 1163854 3936333 1419978 2391532 1065208 4479002 2109590 3258479 1389530 6254431 1947804 4727917 1472473 8355856 2475672 7565684 3362455 12683691 2329910 3995508 6377193 15538136 3942246 11612152 14186246 7637460 3963489 3450553 6765269 6920307 9520619 7349128 18213406 6966520 18580080 3087735 12350940 21571132 18578182 31592952
