10 21 22 33 34 45 46 57
236 386 513 542 472 125 124 1
3573 1776 2463 794 760 126 128 1
68438 245050 836279 166094 68689 9751 2928 11
10 21 22 33 34 45 46 57
236 386 513 542 472 125 124 1
3573 1776 2463 794 760 126 128 1
68438 245050 836279 166094 68689 9751 2928 11
3 4 5 6 7 8 9 10 11 12 13 14 15 16 17 18 19 20 21 22 23 24 25 26 27 28 29 30 31 32 33 34 35 36 37 38 39 40 43 45 47
34 199 429 804 1045 1119 1149 1085 862 788 527 378 248 200 112 99 83 80 73 55 39 44 28 22 22 24 15 9 4 8 8 8 4 5 2 3 1 2 1 1 2
34 227 661 1675 3223 5300 8299 12079 14573 21375 24232 24405 21009 24115 17891 17025 24259 31131 35537 28490 25804 44918 34872 34017 45522 60218 49853 34004 12882 59454 48959 51830 48815 69113 26841 44906 29766 119064 37338 53174 150350
3 4 5 6 7 8 9 10 11 12 13 14 15 16 17 18 19 20 21 22 23 24 25 26 27 28 29 30 31 32 33 34 35 36 37 38 39 40 43 45 47
34 199 429 804 1045 1119 1149 1085 862 788 527 378 248 200 112 99 83 80 73 55 39 44 28 22 22 24 15 9 4 8 8 8 4 5 2 3 1 2 1 1 2
34 227 661 1675 3223 5300 8299 12079 14573 21375 24232 24405 21009 24115 17891 17025 24259 31131 35537 28490 25804 44918 34872 34017 45522 60218 49853 34004 12882 59454 48959 51830 48815 69113 26841 44906 29766 119064 37338 53174 150350
