22 23 34 35 46 47 58 59 70 71
6253 1581 24660 14675 24364 13549 9248 5398 177 88
361177 89371 324907 196850 96433 52181 17626 10157 177 88
1888465884061 228636827912 12758348538147367501 9286993165034114916 2978211692992382565 2194016942999315743 8125839368212300 4585929252869846 16283 3837
22 23 34 35 46 47
664 160 288 131 8 11
3341 754 540 236 8 11
416366014 32507176 19092262 2721353 563 1070
3 4 5 6 7 8 9 10 11 12 13 14 15 16 17 18 19 20 21 22 23 24 25 26 27 28 29 30 31 32 33 34 35 36 37 38 39 40 41 42 43 44 45 46 47 48 49 50 51 52 53 54 55 56 57 58 59 60 61 62 63 64 65 66 67 68 69 70 71 72 73 74 75 76 77 78 79 80 81 82 83 84 85 86 87 88 89 90 91 92 93 94 95 96 97 98 99 100 101 102 103 104 105 106 107 108 109 110 111 112 113 114 115 116 117 118 119 120 121 122 123 124 125 126 127 128 129 130 131 132 133 134 135 136 137 138 139 140 141 142 143 144 145 146 147 148 149 150 151 152 153 154 155 156 157 158 159 160 161 162 163 164 165 166 167 168 169 170 171 172 173 174 175 176 177 178 179 180 181 182 183 184 185 186 187 188 189 190 191 192 193 194 195 196 197 198 199 200 201 202 203 204 205 206 207 208 209 210 211 212 213 214 215 216 217 218 219 220 221 222 223 224 225 226 227 228 229 230 231 232 233 234 235 236 237 238 239 240 241 242 243 244 245 246 247 248 249 250 251 252 253 254 255 256 257 258 259 260 261 262 263 264 265 266 267 268 269 270 271 272 273 274 275 276 277 278 279 280 281 282 283 284 285 286 287 288 289 290 291 292 293 294 295 296 297 298 299 300 301 302 303 304 305 306 307 308 309 311 312 313 314 315 316 317 318 320 321 322 323 324 325 326 327 329 331 332 333 334 335 336 337 339 340 341 342 343 344 345 347 348 349 351 353 354 355 356 357 362 363 364 365 369 371 372 375 377 386 389
235 1116 3645 6738 13758 17426 28285 27786 36830 31213 38196 30017 36082 27911 32930 25946 30190 22999 27660 21535 25218 19775 23627 18106 21827 16710 20064 15254 18860 14168 17689 13375 16371 12368 15302 11411 14348 10784 13373 10219 12260 9320 11553 8898 10904 8229 10046 7554 9421 7047 8903 6701 8291 6265 7762 5911 7277 5481 6817 5035 6322 4872 5994 4575 5600 4244 5256 3965 4939 3778 4693 3573 4365 3296 4078 3087 3810 2855 3560 2824 3426 2690 3131 2408 2972 2480 2825 2201 2624 2006 2400 1971 2337 1868 2227 1734 2038 1640 2024 1542 1898 1425 1673 1386 1709 1306 1613 1189 1427 1095 1401 1146 1315 956 1215 947 1163 906 1114 869 1011 826 954 758 888 703 885 718 885 638 816 625 747 622 784 549 742 501 702 538 622 523 641 438 605 436 582 363 536 399 497 361 467 359 506 359 435 331 431 336 396 322 375 299 390 290 352 241 320 258 342 244 288 228 282 211 306 211 270 197 238 202 268 189 240 171 219 183 200 212 173 145 165 141 175 122 180 107 143 122 126 114 134 77 115 103 126 83 107 86 116 79 104 83 99 55 92 67 99 52 85 73 95 46 79 58 76 57 54 64 69 61 68 47 73 51 63 45 55 39 46 36 49 32 50 32 49 35 40 36 39 17 35 15 34 28 24 16 28 14 23 23 29 13 13 10 19 14 9 17 22 14 11 13 13 13 14 12 16 8 9 12 11 6 4 10 8 5 5 4 20 1 6 3 4 4 8 5 7 4 8 7 7 5 8 5 8 5 1 2 4 3 1 5 1 2 4 2 1 2 2 3 1 2 1 1 1 1 3 2 5 1 2 2 3 2 1 3 1 5 3 1 2 2 3 2 4 1 1 2 1 2 1 2 1 1 1 1
235 1208 5010 12207 35263 64943 151216 227818 459710 591499 1102831 1278099 2284142 2544024 4296634 4621672 7603734 7759174 12709499 12962120 20285809 20238276 32421066 31306727 49148381 48059169 73737654 67967567 109621780 100529761 157851343 147354707 224177618 201034759 317962402 279781639 444741089 398057727 604737824 534603687 813285478 726084241 1101877563 983628960 1487376617 1273264076 1926759985 1686648012 2532656532 2218676889 3360745057 2847174487 4376696864 3742723717 5531509312 4791251826 7200566510 6116955851 9076840138 7535931870 11391715245 9946201684 14604517434 12038736837 18419282758 15699162605 22678068840 19207309475 28464476801 24010767850 35661147084 30574667923 42977557509 36858245371 53632949150 42764048774 64169356971 54219722641 78915414341 69410412934 95262639436 83651903713 113544252878 95443093641 138648812718 127381862737 171428175388 146444172803 200862697639 171850681245 239839451667 216043820059 295834785857 259154597014 361214632551 307170959667 409260429332 366586667761 519941943366 424161390854 588793679693 492917583706 686646151694 627496836919 837089981124 731261423688 1021154927513 828290452194 1142551240867 923376993106 1373268205401 1245353584338 1604106547486 1306739999971 1825645449024 1554220737422 2189124664043 1714202495517 2542356675509 2134384749004 2916233006954 2564887292534 3414368307418 3012441601933 3843759585180 3296851091066 4733494638597 4199466146121 5737294389039 4533710205349 6433058813269 5376734485227 7131340264166 6317697864986 9234981549833 7170085501501 10441917616297 7839023047258 12927470934255 10372967020981 13718451444290 11876818704410 16833509221548 12425196663700 19567794443143 14667964220963 22884336373446 15149784168781 25196017306334 19774160194464 28687357970920 23505637895684 31039072134727 27252514851773 41136285408988 33077223231976 42228111912449 37401875632787 51964447620233 40431648414823 55726073181065 50870909827629 65352678386500 53954752571740 80667281191224 66175731483360 92971552609890 65577019756712 93765738183304 84220930410539 126211707530985 94605614599257 123040841262254 107153036804155 141523455978736 117273159179899 194593167953573 131119307144830 195194569627470 154034937564095 193807297989316 193399646506923 282021605225841 188950398630801 303279911616021 222819265802931 310688863136472 295219052012008 350985186083222 389930605964138 366569798687933 338699884373123 410722844424612 388074861880559 536252690270277 389699368268853 638577861828302 419459679189599 569706892726572 553608652969283 612286834901887 581675339109475 738102655154342 453917630038799 752010032078957 811814692832841 986525290637670 693127571427089 1007548516816773 885414770053679 1242894504412986 974563266394013 1409550296429871 1105666573894214 1486300425725052 937303311867036 1641162841460685 1336413480066615 2031708545624691 1141924719945679 2043803284106007 2055230542738172 2712808539620863 1436163413030391 2698527682756565 2113885562014183 3264970589801061 2476089200427048 2427873593213091 3479289720521185 4062981443468677 3550991924621601 4712185457080480 2898822178466778 5416378262978134 3989005773114476 5514824552941361 4305681519238064 5684220604959766 4222078617734116 6274231797211687 4621008067554709 6973969772223373 4304643335554445 7889138035389096 5950632035799945 8761971098815686 7229352662304014 8756771641718268 8380890852610413 9830081379686342 4427438375575983 10510547818122779 4480355684032769 11404336930434757 10305115768911444 9426563787897604 6676650954515220 14395336137665849 7520361513739693 13107039210373454 14318008458618152 19210594298994746 9197633705211681 9296180366034210 8000468894251132 15932555743120928 12538185448597875 7570267404736023 17864163956601330 22065127673748367 15275729851109058 15537554326703480 16996271472179555 19924294421269813 21128211529846965 22116003784126693 21677116967011721 29280041500005041 15605298075683145 20584616405106091 28912504842826360 30745750722548619 17442388389697762 11343605954954180 32122171122843085 28727401164033751 23342997152724867 19356119482028741 16290621380153034 85647228964997064 9068506253801772 30681560391958856 15703113209261016 24159055528382060 36685493537556663 54768449119333162 43336245668119245 55110372081736368 33301489320816130 72759490171271662 85311414797552115 73148600947551197 54843077853290725 98153744153835720 64025089723632042 112949301322240040 80102098882175846 16239786535829663 36085668432747659 78723768587331199 62933618837282727 21458096037352891 119950331763466144 24650106150830490 58631202330838967 129953173405866616 69601909738881660 34800954869440830 79839131053999982 85496156071909392 131268514615487420 49005643635237875 108618646341702930 64325374609114550 64325374609114550 73653287861850339 78801255302666615 247402886575116853 180350869961099246 482250550961013800 110307860425292772 235898983092227944 252217035667592710 404457541869904560 288235873055747664 154043597379576030 493912437497283132 188008647052292980 1004412781438415795 643854899229858897 244904537455382406 558726656967404304 596660126125516152 955667921364987252 680245620097154856 1452470048192440020 502957566506000020 536679070310691121 1145224117796075118 610898403751884101 1581476239298822638 899175348396088349 1917457395824676090 1161537834849962850 1319510599727473500 2332821198543892336 2816759503217942792
3 4 5 6 7 8 9 10 11 12 13 14 15 16 17 18 19 20 21 22 23 24 25 26 27 28 29 30 31 32 33 34 35 36 37 38 39 40 41 42 43 44 45 46 47 48 49 50 51 52 53 54 55 56 57 58 60 61 62 63 64 65 66 68 69 70 72 73 74 75 76 78 79 80 81 105
1 58 55 203 148 367 247 464 193 344 219 277 150 216 122 204 107 178 91 147 59 111 48 94 33 70 31 58 25 56 24 57 16 45 19 38 10 33 19 24 7 31 14 19 7 17 7 21 5 12 7 5 2 13 5 7 12 2 7 1 3 1 1 1 2 1 3 2 4 1 2 2 1 2 1 1
1 63 70 461 470 1955 1647 5773 3116 9523 8282 17689 11780 24505 19817 43960 29512 74630 47043 102455 50533 129896 69134 178861 73806 191106 96827 233743 139661 426121 186924 582119 196287 684870 321844 732430 249929 1003702 697994 988249 453619 1824563 1067243 2108935 568148 1702486 1302765 4122610 799817 2412783 1319409 2219334 444169 6318287 2107798 4385752 9254167 1242043 11290048 831820 5529508 966467 2600312 10401248 4647040 2323520 12350940 8175936 16351872 8175936 21571132 22297264 9289091 29198045 12132164 241265379
