36 48 60 72
24556 44026 22897 8521
715040 311051 79330 11473
58491754752798471374 7879555139648786913 641188621960103789 4275461863060
36 48
632 140
1774 179
22436646 2539727
3 4 5 6 7 8 9 10 11 12 13 14 15 16 17 18 19 20 21 22 23 24 25 26 27 28 29 30 31 32 33 34 35 36 37 38 39 40 41 42 43 44 45 46 47 48 49 50 51 52 53 54 55 56 57 58 59 60 61 62 63 64 65 66 67 68 69 70 71 72 73 74 75 76 77 78 79 80 81 82 83 84 85 86 87 88 89 90 91 92 93 94 95 96 97 98 99 100 101 102 103 104 105 106 107 108 109 110 111 112 113 114 115 116 117 118 119 120 121 122 123 124 125 126 127 128 129 130 131 132 133 134 135 136 137 138 139 140 141 142 143 144 145 146 147 148 149 150 151 152 153 154 155 156 157 158 159 160 161 162 163 164 165 166 167 168 169 170 171 172 173 174 175 176 177 178 179 180 181 182 183 184 185 186 187 188 189 190 191 192 193 194 195 196 197 198 199 200 201 202 203 204 205 206 207 208 209 210 211 212 213 214 215 216 217 218 219 220 221 222 223 224 225 226 227 228 229 230 231 232 233 234 235 236 237 238 239 240 241 242 243 244 245 246 247 248 249 250 251 252 253 254 255 256 257 258 259 260 261 262 263 264 265 266 267 268 269 270 271 272 273 274 275 276 277 278 279 280 281 282 283 284 285 286 287 288 289 290 291 292 293 294 295 296 297 298 299 300 301 302 303 304 305 306 307 308 309 310 311 312 313 314 315 316 317 318 319 320 321 322 323 324 325 326 327 328 329 330 331 332 333 334 335 336 337 339 340 341 343 344 345 346 347 348 349 350 351 352 353 354 355 358 361 364 366 367 369 370 372 373 374 375 376 377 379 380 382 385 388
269 1357 3638 7285 12644 16865 21560 23876 26340 25368 26728 24914 25331 23373 23649 21886 22590 20719 20571 20214 19917 18102 19013 17432 17614 16435 16494 15735 15783 14768 14683 14392 14222 12903 13696 12587 12557 12110 12216 11277 11799 10528 10821 10575 10136 9373 9698 9116 8943 8901 8600 8160 8412 8097 8046 7621 7558 6817 7227 6739 6703 6411 6597 5952 6155 5602 5608 5631 5627 5121 5412 4879 4880 4842 4701 4404 4536 4106 4276 4398 4216 3781 3953 3600 3727 3527 3674 3332 3551 3084 3058 3098 2952 2690 3000 2689 2680 2603 2500 2344 2559 2339 2406 2258 2274 2079 2155 2029 2092 1979 1988 1804 1963 1707 1657 1656 1673 1530 1694 1507 1596 1492 1419 1312 1360 1275 1239 1303 1283 1195 1232 1114 1143 1078 1072 973 1098 1108 993 945 927 835 888 784 830 858 761 765 810 681 764 657 709 643 666 571 607 596 643 525 547 562 479 508 517 477 526 400 405 449 372 377 444 384 390 370 350 341 359 291 316 275 306 276 270 288 250 261 263 204 248 227 218 245 204 199 200 179 197 181 204 174 180 179 146 169 141 137 184 163 147 137 230 210 144 103 125 123 107 122 134 95 128 92 95 75 81 94 105 102 114 84 89 91 79 86 80 77 107 49 56 64 68 54 55 58 56 43 61 59 48 46 49 38 42 40 61 48 44 48 38 36 33 39 36 49 32 36 38 33 30 25 28 32 25 31 24 27 31 15 41 25 17 28 17 17 19 16 11 19 12 12 12 10 7 6 13 10 8 8 5 8 10 6 11 12 2 13 10 9 6 5 6 7 10 6 12 4 6 6 1 7 2 8 3 5 5 2 19 1 3 5 1 4 6 1 3 1 2 1 1 2 3 1 4 3 1 1 2 1 2 3 4 1 2 1 1 4 1 1 1 1 1 2 1 1 3 10 1
269 1487 5114 13757 33613 67356 126132 216402 360066 531226 837358 1158250 1708854 2245347 3201994 4144970 5817345 7191675 9589050 12525658 16296869 19322774 25902366 30863743 40175862 46873024 60919945 72266279 89428592 105815760 131067483 158769152 193500857 215397860 277711128 316032266 378905794 446645429 538985337 617988691 768912290 832683367 1010367439 1177224654 1352680251 1499167458 1792727745 2041020853 2347428587 2718000825 3198706912 3505962520 4239246667 4821486470 5569731231 6192090356 7223382865 7612419492 9283591734 10285738697 11709329689 13053638469 15567571783 16120821136 19325982448 20462018490 23504939216 27016610149 31690319856 32792464183 39104130033 42305945763 47306976886 52741078218 61065942743 64029891601 75041347278 76467329133 89601965417 105344378511 117381429214 116965806040 141728349950 147669279534 169958651619 180641646216 222891510252 228763415761 274715168614 268406652136 301353036335 338564173876 370270503358 374412432951 467731693393 480994198195 537665936537 578358027602 649105648686 656106260302 806731804688 841370507848 982550234393 999784744359 1185668555115 1160781167269 1397741777789 1442576813335 1672421081971 1753095699893 2016159728142 2007726852897 2529172841265 2337018788241 2541648888234 2821691403185 3283399588604 3262646576915 4072025718625 4073752381631 4688510438458 4733206863644 5436213619793 5330693657486 6189326591577 6905504463982 6880454052610 8159529690483 8960805133994 8737033955354 10148130320211 10382882334800 11843385660257 12157035067875 13808298232774 13391946392947 17077755839783 18025133362985 18135925492509 20197138359369 21604606440859 20580974309682 25495291745630 24354098132728 29048794494961 32064060215916 31650498506499 33464908001853 40406815270912 36259871996505 44163573738724 43572766591806 55186046228545 50399985841030 58482434831581 55059366590275 63987127017454 69358715805624 84209366760817 72494764895843 87090923268204 93534017065229 92334352681886 102908493617836 114530010013401 108840223897411 148010582400609 121405538231085 130382485824066 161707727240721 145520212194845 151829805308467 216760529008982 189254581677892 213411764561996 214043083938986 231332382507155 240817265528635 285061154625475 252395003473300 285155817669962 262403009108689 348069577879710 325553023575457 367572776984160 402477468680557 399075410458440 451267321894743 495344079216576 396223176530751 542633914873868 541880760412932 576766832746995 746596852556537 642403762902187 638799880872628 736766825717028 696060754099909 794623422665663 817960240875883 998740330153475 927992577227808 1099483451205562 1200508037596569 1056424245953392 1351863895043168 1199159755163905 1250995030919340 1950217811011372 1708376281100571 1677688260605925 1696230771976180 2861476122580487 2714687589032232 2328897661739131 1820029409683571 2521288867178238 2659497025955698 2380573052433773 2976350342514613 3464888906668605 2652306840642946 3813112010580416 3200169713862168 3516009982652375 2715053126229733 3635033300727189 3992497371188404 4929524172638136 5091917519384030 6203537580667505 4471031133932403 6352354601719955 6661014258069948 5947465912058430 6880568447683971 7480771143927006 7296462418662983 10918785318117619 4966280209935960 6479086385426816 8807895261389479 11754962836870631 8044588700413267 9156007782593829 10730061705627161 10446167325643088 8910640433954810 16010505287465584 14225439904680029 12993029937176712 12107166933581022 13541927732313527 13458776884919573 15846038020638279 14221759182612756 27135264655118399 22640481346663928 22464094824699356 24998037524235209 21078932242368585 21768022199208802 22020199943296382 31061710977096736 27620998613716056 42074410522817007 31217473292471467 32165473363791308 40455527072622213 39392813189702770 32340499447085659 28487474288336621 44640540176605754 51564529819712134 43441096558814315 47993052758103985 37989024332876089 56543120514803625 63831510619715135 32425755823837123 118196589655867420 60841487791063457 42606048893448342 77664331897440749 62173216948867055 50907244641029891 61278564414874825 61480961756832210 44432086187691641 95982930078332166 63104352717789342 68082557897285511 74628095235049172 65144182570225662 40250790359840009 41891715039362358 108099370187316095 85131346533294231 63140620466679408 67783474422676230 52988150975307304 95920276645635515 114325208197455877 67835041621659359 176535186815775726 186717269915926692 27280880560337709 235117213306674781 159107363967379223 184509619880714453 112028929797602184 98741195349908144 145884664437142399 199290506808713803 243200862517618594 154963442835926284 326435755139944297 119283566310524895 192767648747176234 204180406180696628 69601909738881660 271501479438244195 82667643562954687 402878385369332256 140550360722393931 258853820550552439 273393894796280149 116261951952540833 1222182117573176450 68834885946073850 220959863585551017 388858309072516799 84300815636225119 360701739922198492 578700661153216560 110307860425292772 353848474638341916 126108517833796355 288235873055747664 154043597379576030 164637479165761044 351887119620845506 564025941156878940 200882556287683159 858473198973145196 687816860613651450 244904537455382406 261578907351144125 558726656967404304 298330063062758076 637111947576658168 1162897598757087669 1885256257073595120 572612058898037559 1303377759994413918 695143713458946040 790738119649411319 3373003154250113708 958728697912338045 1022141228367345362 1089657644424399782 1161537834849962850 1238057794119125085 2639021199454947000 1498478743590581081 1596675274490756791 5437069499218418850 21904013324237651310 2645418340688763701
3 4 5 6 7 8 9 10 11 12 13 14 15 16 17 18 19 20 21 22 23 24 25 26 27 28 29 30 31 32 33 34 35 36 37 38 39 40 41 42 43 44 45 46 47 48 49 50 52 53 54 55 56 58 60 62 65 66 68 69
4 29 25 87 75 140 106 149 90 140 102 109 65 75 54 66 37 60 34 54 35 44 47 29 23 33 16 26 15 25 9 12 10 13 10 9 13 11 7 7 1 7 3 7 4 6 3 3 3 4 1 4 3 1 2 1 1 2 1 1
4 36 37 223 238 756 755 1904 1446 4444 3790 6774 4952 8302 7104 15156 9835 22386 15624 36186 29915 53282 53220 52254 48103 89497 47958 119909 74644 156364 72712 112521 108895 183830 186473 165786 270821 315937 182399 265939 43274 410869 149352 626114 377037 872785 379965 462094 569505 842333 347050 1230372 1506945 772310 1956198 1228308 2243010 2421661 3483260 2323520
