2 3 14 15 26 27 38 39 50 51
41 18 1248 934 14942 15023 24718 24289 9920 8860
2663 449 8564 5946 207157 187363 106269 100517 13533 11864
192277 36331 934697 651268 270486526005431644 837624203857922584 3332764268883954888 2245106860183424958 24984041647721 11942538754684
2 3 14 15 26 27 38 39
9 3 95 48 114 107 1 5
219 33 338 166 215 210 1 6
3206 1040 14441 11758 731692 1192371 15 458
3 4 5 6 7 8 9 10 11 12 13 14 15 16 17 18 19 20 21 22 23 24 25 26 27 28 29 30 31 32 33 34 35 36 37 38 39 40 41 42 43 44 45 46 47 48 49 50 51 52 53 54 55 56 57 58 59 60 61 62 63 64 65 66 67 68 69 70 71 72 73 74 75 76 77 78 79 80 81 82 83 84 85 86 87 88 89 90 91 92 93 94 95 96 97 98 99 100 101 102 103 104 105 106 107 108 109 110 111 112 113 114 115 116 117 118 119 120 121 122 123 124 125 126 127 128 129 130 131 132 133 134 135 136 137 138 139 140 141 142 143 144 145 146 147 148 149 150 151 152 153 154 155 156 157 158 159 160 161 162 163 164 165 166 167 168 169 170 171 172 173 174 175 176 177 178 179 180 181 182 183 184 185 186 187 188 189 190 191 192 193 194 195 196 197 198 199 200 201 202 203 204 205 206 207 208 209 210 211 212 213 214 215 216 217 218 219 220 221 222 223 224 225 226 227 228 229 230 231 232 233 234 235 236 237 238 239 240 241 242 243 244 245 246 247 248 249 250 251 252 253 254 255 256 257 258 259 260 261 262 263 264 265 266 267 268 269 270 271 272 273 274 275 276 277 278 279 280 281 282 283 284 285 286 287 288 289 290 291 292 293 294 295 296 297 298 299 300 301 302 303 304 305 306 307 308 309 310 311 312 313 314 315 316 319 320 321 325 327 334 335 336 338 342 343 344 345 350 351 353 354 356 357 361 362 363 365
362 2029 3940 7338 11351 12508 14891 16473 15632 15767 16651 14395 14631 14661 12906 12595 13115 11093 11496 11562 10410 10161 10637 9373 9374 9668 8768 8497 9038 7994 8096 8079 7502 7213 7630 6777 6813 6982 6289 6104 6533 5760 5930 5987 5446 5327 5764 4856 5183 5126 4738 4654 4984 4329 4424 4373 3997 4061 4209 3547 3779 3819 3433 3387 3646 3156 3306 3259 3028 2931 3085 2678 2681 2798 2543 2478 2746 2380 2434 2544 2313 2040 2297 1968 2066 2137 1982 1812 2028 1665 1737 1772 1620 1525 1673 1498 1460 1573 1332 1298 1485 1191 1273 1318 1182 1191 1228 1038 1042 1143 1002 1008 1071 923 910 976 834 829 897 792 800 840 719 706 765 667 654 743 648 649 674 569 589 654 525 548 541 504 475 512 474 427 451 457 389 450 371 391 424 331 363 385 310 299 304 286 304 312 252 253 294 232 221 288 224 220 256 223 198 259 185 187 236 155 187 209 160 157 181 121 126 169 132 127 134 124 121 128 98 98 110 100 105 123 81 104 96 92 81 112 81 91 91 68 63 77 56 53 64 49 62 65 63 38 54 49 34 61 49 48 64 42 40 49 41 35 46 49 26 46 36 40 19 27 33 39 24 33 26 23 23 23 23 16 16 24 22 14 12 18 12 10 16 19 15 14 10 6 7 12 9 13 10 7 6 11 7 7 11 5 6 10 10 2 9 9 5 5 7 7 7 8 5 6 5 8 2 4 3 3 5 5 6 3 4 4 4 3 5 2 4 7 2 2 3 1 5 4 1 5 6 3 1 2 1 1 2 1 1 1 2 2 2 1 1 1 1 1 1 1 1 1 1 1 1 1 1
362 2154 5642 13992 32152 54092 95608 164493 237663 355457 560059 717224 1017925 1450952 1798647 2319803 3281682 3790960 5046092 6712834 8047149 9783007 13433210 15377237 19008201 25264290 29245126 34550399 46337408 51875285 62352977 78173557 90206333 104722269 136270622 151178414 178612025 226532963 245842915 281024816 366644489 394829491 468861923 570100108 629170868 722445185 943892357 943760830 1131575678 1348899968 1477219369 1660008108 2114943163 2215983223 2571472229 3040791445 3281682826 3737505918 4660033332 4664361903 5531672194 6610692370 6989535695 7761342107 9606819125 10205923582 11372907731 13336904773 14303796570 15778690550 19121681873 19795381239 21848543653 26229611532 27867689142 29564416960 37531150867 39308572158 42903908954 51471756421 54748639804 55108986263 71838443080 70196446943 79457670939 96520049731 103808350024 101289473614 131621653344 129708483944 142147378768 167394654944 171973806951 176971372788 222241654070 232040372933 242594901343 306700950607 291951741463 304163755988 398114904795 368116717739 417148840081 507499890290 518603797086 549941294653 658210058852 647245148397 677354652856 874299542460 877600164838 881954075490 1137201006814 1123787749948 1165249782676 1448276974073 1386857440278 1469655864049 1805964945285 1797255886757 1884325666593 2347064669267 2233861361397 2254893924170 2858494347530 2858975960519 3031084878989 3811815560818 3892904621624 4070663699962 4787616057285 4564018648922 5025935123333 6354547621568 5744861838733 6277861547971 7166414471835 7216787539161 7343880207419 9042159971535 9465578682201 8558761050036 10375060935938 12690666098609 11133384385221 14488990610204 13503128707010 13817157256215 17749047497567 15626700484305 17938229094469 21255513549957 20150646794484 20266487573274 22272601882136 25888951292415 27752862225977 30118683853454 28826846827585 29766490064819 37952070566499 35874120857961 35444136648204 47248306761841 43043281681751 42340160748720 58161652386222 54304094010324 52970382445488 77271447387635 62457551437439 65699347377315 93286393736644 72329330969920 84004177030470 109066629783651 96354663447024 90054411622620 122946392251550 89010655339270 99056886924288 148982524752929 122044471330504 127406657350896 150774972803580 158808398695912 158085448854146 189604073306295 152527060584320 174348828177928 203615116032561 218471480700942 234512355334471 319371885814943 226826363666090 302607556287276 315697436593443 326483947699175 312099253621456 482892128534325 355186806789508 431819878204939 446801295780545 384780543230535 384610252237992 521834593198208 457094850183604 447849728844795 558098319587987 513695599624776 663532372821654 704293495677822 797134075881364 553117645868503 736458056485782 788750595978263 630332257250671 1126916840968780 912718025324588 1057958917268408 1490816699607185 1055071490156074 1085562459810483 1425610673844477 1284903602322985 1193039158404981 1709101123491591 1922547661173783 1135059249844612 2331809445935764 1849446148523597 2173952892417122 1143885002308348 1784043939381530 2257892171866631 3010606506133809 1848730739319345 3003591440717442 2447983416923793 2376938263244478 2580072842276082 2791408914979220 3365276172380230 2567236101499187 2333676808388737 4178970311495134 3560637454219391 2608835530784534 2285277898579362 3821603205818887 3158068819297619 2809200970503572 4089812822397186 5782852266285357 5578496150822334 4788658407080406 3888768722468092 2564404582420420 2858929257818920 6198351844006217 4742825760008286 7177002799374014 6175568976264612 4839205107389579 3876856618709355 8362956584582899 7187227241998297 5756159910958404 11838061711664538 4663949064838330 6150458699613718 10988220983356104 12009471806631876 2624103601632430 12513350557846580 13364131652627400 7953842893713863 8436438774126051 13007377384072458 13997257470058543 14916321514579239 18731320329046493 12526029505520503 15642743876071712 14076479138501715 24617478717533650 6320275734297994 14354876520199932 11777766484468266 12364699218663612 22041536437876848 32077556817877400 31043893405240444 16091734831457949 24159055528382060 25499786263332779 27384224559666581 22438695235531752 39049875311850288 16650744660408065 36379745085635831 68838917291144608 19861944784807002 21314662465097678 36807654057688395 12269218019229465 68680423785955423 60571810955428776 16239786535829663 100961900006930874 110771621631149115 58706341824754254 20017426762576945 44458102692840228 28305020340996003 30326181989842964 64976586702933308 42748078035954696 45772358543578028 73653287861850339 168601631272450238 180350869961099246 206302932643470650 134819180623301520 144117936527873832 154043597379576030 164637479165761044 229272286871217150 244904537455382406 279363328483702152 298330063062758076 340122810048577428 363117512048110005 471314064268398780 502957566506000020 536679070310691121 610898403751884101
3 4 5 6 7 8 9 10 11 12 13 14 15 16 17 18 19 20 21 22 23 24 25 26 27 28 29 30 31 32 33 34 35 36 37 38 39 40 42 45 46 49 52 57
1 23 23 62 51 101 123 129 131 100 90 62 55 32 22 25 18 17 22 11 10 9 6 6 6 3 7 5 3 6 2 2 4 2 4 1 2 4 2 1 1 1 2 1
1 26 35 157 149 550 802 1405 1984 2594 3102 3758 4473 3499 3329 5048 5266 6337 9996 7506 6544 7122 7739 9276 11690 6747 18804 18474 11224 31324 13182 10169 30382 21351 51461 20286 42597 114960 69289 74676 53174 105558 595757 563178
