22 34 46 58 70
2975 18591 44101 23215 11114
1026556 807432 378827 94746 17697
402940419090 30316684568264934854 6528848743668443701 855438775137588389 107762216888303
22 34 46
714 610 186
13488 1702 285
592189397 32691525 598519
3 4 5 6 7 8 9 10 11 12 13 14 15 16 17 18 19 20 21 22 23 24 25 26 27 28 29 30 31 32 33 34 35 36 37 38 39 40 41 42 43 44 45 46 47 48 49 50 51 52 53 54 55 56 57 58 59 60 61 62 63 64 65 66 67 68 69 70 71 72 73 74 75 76 77 78 79 80 81 82 83 84 85 86 87 88 89 90 91 92 93 94 95 96 97 98 99 100 101 102 103 104 105 106 107 108 109 110 111 112 113 114 115 116 117 118 119 120 121 122 123 124 125 126 127 128 129 130 131 132 133 134 135 136 137 138 139 140 141 142 143 144 145 146 147 148 149 150 151 152 153 154 155 156 157 158 159 160 161 162 163 164 165 166 167 168 169 170 171 172 173 174 175 176 177 178 179 180 181 182 183 184 185 186 187 188 189 190 191 192 193 194 195 196 197 198 199 200 201 202 203 204 205 206 207 208 209 210 211 212 213 214 215 216 217 218 219 220 221 222 223 224 225 226 227 228 229 230 231 232 233 234 235 236 237 238 239 240 241 242 243 244 245 246 247 248 249 250 251 252 253 254 255 256 257 258 259 260 261 262 263 264 265 266 267 268 269 270 271 272 273 274 275 276 277 278 279 280 281 282 283 284 285 286 287 288 289 290 291 292 293 294 295 296 297 298 299 300 301 302 303 304 305 306 307 308 309 310 311 312 313 314 315 316 317 318 319 320 321 322 323 324 325 326 327 328 329 330 331 332 333 334 335 336 337 338 339 340 341 342 343 345 346 347 348 351 352 354 356 357 360 361 362 363 366 369 372 374 375 378 381 384 387
250 1345 3897 9244 16400 27845 39369 53003 66586 72866 81973 80459 81710 76456 74644 68588 67601 62456 60670 55328 55381 50521 49694 46340 44951 40934 40923 36864 36859 34158 33145 31102 30782 27825 27577 25641 24823 23815 23304 21256 21059 19768 19254 18226 17681 16443 16390 15581 15027 13931 13818 12734 12636 11856 11723 11318 10906 10165 10340 9686 9321 8955 8760 8420 8192 7887 7729 7324 7159 6777 6750 6589 6419 6193 5876 5701 5677 5344 5378 5096 5067 5031 4774 4539 4390 4187 4076 4058 4020 3691 3814 3640 3539 3512 3351 3334 3372 3147 3165 3004 2967 2790 2750 2734 2692 2608 2608 2425 2444 2236 2136 2196 2190 2061 2063 1998 1901 1822 1892 1789 1721 1767 1691 1675 1651 1614 1560 1581 1469 1497 1338 1355 1348 1307 1209 1148 1230 1167 1172 1081 1048 1106 1000 1001 1010 932 893 861 887 833 847 795 774 714 695 741 675 623 665 548 603 571 529 549 510 490 538 500 484 415 431 439 429 407 447 400 386 389 360 374 359 304 291 326 309 334 282 287 277 261 272 252 248 207 224 197 249 220 204 184 220 178 157 188 191 189 177 153 153 156 134 137 197 137 128 120 164 114 120 113 129 114 104 89 106 96 81 70 89 86 82 84 78 71 67 70 74 66 74 73 63 41 47 52 71 68 51 47 53 49 37 36 47 34 36 38 28 36 36 38 37 45 22 31 34 22 30 27 27 29 30 24 20 26 25 28 22 20 86 25 12 16 10 6 9 20 9 9 10 11 20 9 8 16 8 13 7 8 12 14 6 3 6 6 4 8 8 3 8 8 3 4 8 4 8 5 3 5 2 5 6 7 5 7 6 4 4 2 1 6 7 2 3 5 3 1 5 1 2 2 1 2 1 1 2 1 2 1 1 11 3 1 1 3 2 2 1 1 1 2 1 2 1
250 1488 5395 17050 40934 98938 196033 395141 716289 1190937 1981154 2979594 4474874 6296210 8912261 11813715 16467506 21460740 28032464 34959984 46930656 56320960 73076219 88531989 112362829 132740986 168291902 191000680 242874589 281238594 335946162 395778234 490631292 544721182 659584476 746239090 882824881 1021781327 1222462226 1324943345 1626625580 1843820208 2097969866 2391270003 2792100419 3044103477 3621194024 4002663135 4552311431 5129418289 5847146408 6249948480 7365932659 8111504731 9053360528 10273953499 11494115428 12680152210 14768322062 16221108416 17900361333 20440207308 22007963350 24433087426 27911323620 31922247360 34667409540 38078185902 43122848772 47056737704 52817263806 59200743711 64011957831 74087730952 79582917152 87458912260 97409386026 106082796307 117442304110 129186030013 146148447669 165451604759 175807322480 195910106348 204528618214 224687886387 251228503039 271180360717 298460529709 333622775825 369564709050 404106019063 439407936450 491902221051 536943240293 608940546930 653205291236 710091686607 804746720196 832170108800 932468579269 1046253385028 1096631194311 1241339861616 1402609175139 1488041461804 1655819088574 1760118997846 1937108209289 2052780676155 2187347811281 2532855049075 2681165203065 2973655338976 3119899272757 3513140076515 3797427840256 3822051674341 4577327336462 4944389444398 4942989335825 5981968810969 6130509705508 6962563814924 7416833521976 8414715124052 8489788875830 9511498699602 10255727947238 11324618630693 11412874640648 13233873790513 13622664250087 15028804984463 15562941145528 16363058022722 18487411861946 20043775117713 21970728408373 23329661286395 23667138798515 28336034671173 27296929229639 32095039225352 34722444941116 36195538925342 37689767273644 37523411575782 44875374627954 46689296524097 51597560633195 55215981844979 55698812205943 58055165398130 63174779506389 73170012380547 71613973433247 72984885209572 88100779199490 77876019483691 91271514831958 100437694445835 93982403361556 112124383253549 118991783765128 125796221691753 148163617127601 143923943729924 153724643271007 148107607545950 165857055170565 181188633508356 182881382880183 207845676500077 242915702542393 242339117111028 259768187186135 273178567758635 277416813760040 329643198141935 334220736332754 303146620423988 308701711241397 394193717518908 400168124410624 507008902332323 412353015655744 473068661196477 487834655417575 508203297766178 601965621397600 647874533125839 611545806655976 595305692637577 670599491422791 649318419518149 903130594452922 826653607585427 872991749961770 841067087238186 1185254840718679 967665762567256 904500206759791 1255990945865612 1326910432015422 1361517590645651 1486479908502073 1409503152837245 1410603110772281 1634396009022866 1442409292505919 1745318872627231 2475544742391327 2088868866779324 1904258551432756 1921136662467545 2948967611284115 2234519288032638 2457464158826793 2803351362533283 3337642247048193 3163063776717291 3199810810671522 2782891171474527 3719641134601705 3611978494293826 3147281310203383 3291511884335470 4219427827714295 4396786309019904 4462149835296300 5187490384523272 5009412800197128 4840272042988729 5114057449488112 5773133508467556 6905425386811580 6641665798850727 8337235765129843 8021303605740117 7691649813336419 6092863914866259 6770626959637260 8700061813284923 12053338534156422 12210210154565237 10520167009418354 9229585333536858 13119299433176364 11627364682727058 9977584224140949 11202200344659197 15643136849479462 10602041545384342 12995291143631615 15453996234079621 12176569100702919 15049652037436313 17639870014561940 19633777273680816 20116564574858648 29251455180276031 14338294217433930 21147191266788728 23615434644379171 15595755942672751 23834590248326411 29161850197286230 27371344160146374 28557786723919891 34252743509988864 30425787240183877 26229326273788820 39046853640614051 37081665596237843 46681000957287770 45044689609935068 42888980028079458 166343053056938118 54834935888366244 26562832213847825 38326964300533942 26699344377546769 20519541313867421 33057078880473172 74212626382084311 29644709600148187 35250074240289130 40506164026202219 48304906447943060 86634619222370673 47031455916864850 40787969518184612 93259146029978687 47067797486329390 81645302182126706 54289273102216419 70241294210669083 99987762552799872 124585461007799495 54885910959083035 29792917177210503 60312193194566344 108129734016034920 59678738213332603 101725743657148676 122285740136408540 57498940734697209 125530957098747428 167095439747567158 56014464898801092 96049318423954982 190241525786624127 110374301423033347 192250550720614461 176082146021285102 83025848315558332 145567425002673937 64976586702933308 174004774347204150 213752631031259474 308775885214992272 245174418179909356 311333668282176200 333339650171685584 206391776321723798 217237292683405860 116261951952540833 64325374609114550 403990293002524500 574771097147473245 157602510605333230 241903326241558349 445002555558423611 289350330576608280 103151466321735325 647534374344641738 117949491546113972 244058009379910327 269638361246603040 144117936527873832 329274958331522088 175943559810422753 188008647052292980 401765112575366318 244904537455382406 523157814702288250 298330063062758076 340122810048577428 3994292632529210055 1324868945788075311 471314064268398780 502957566506000020 1610037210932073363 1303377759994413918 1581476239298822638 958728697912338045 1089657644424399782 1161537834849962850 2812414893122968108 1701169427975813525 4113026950673267610 2484305294265418180
3 4 5 6 7 8 9 10 11 12 13 14 15 16 17 18 19 20 21 22 23 24 25 26 27 28 29 30 31 32 33 34 35 36 37 38 39 40 41 42 43 44 45 46 47 48 49 50 51 52 53 54 55 56 57 58 59 60 61 62 64 65 66 67 68 69 70 71 72 73 74 76 77 83 91
8 44 61 326 245 808 522 1238 650 1355 657 1112 460 900 453 838 347 683 304 546 237 382 191 348 164 296 153 234 89 194 89 202 85 179 90 124 48 100 39 92 26 84 46 66 22 43 35 29 9 26 18 22 6 18 9 19 3 11 10 11 11 6 11 2 7 5 7 1 4 4 4 3 1 1 2
8 57 97 776 704 3993 2803 14398 8468 35869 18536 68971 31559 113455 60843 214997 93570 321065 133922 474908 191410 510548 222365 789070 317408 1024194 472963 1319290 481247 1664368 554856 2972226 906358 3431536 1098082 3984014 1128787 4399171 1091905 6135400 1300620 7450161 3078124 8816693 2583493 6849350 3401572 7493545 2099341 9480036 3819540 10296417 2524769 7935195 2532222 15302133 1308030 16348752 4776704 15659600 21224707 5125567 36725746 3483260 34214742 7527495 49849352 4647040 33241618 14214537 41053752 98111232 4697205 15796476 88216218
