3 4 5 6 8 10 12 14 15 16 17 18 19 20 21 22 23 24 25 26 27 28 29 30 31 32 33 34 35 36 37 38 40 41
1 2 1 1 3 1 2 1 2 2 6 11 12 16 14 18 9 12 9 10 11 14 10 11 23 14 10 10 7 2 1 1 3 1
2 2 2 1 3 1 2 1 3 2 6 11 12 17 14 18 9 12 9 11 11 14 10 11 23 15 10 10 7 2 1 1 3 1
5 4 6 1 7 1 4 1 9 9 19 339 238 726 228 97 106 107 34 739 119 148 55 63 996 512 245 87 58 58 3 30 12 101
3 4 5 6 8 10 12 14 15 16 17 18 19 20 21 22 23 24 25 26 27 28 29 30 31 32 33 34 35 36 37 38 40 41
1 2 1 1 3 1 2 1 2 2 6 11 12 16 14 18 9 12 9 10 11 14 10 11 23 14 10 10 7 2 1 1 3 1
2 2 2 1 3 1 2 1 3 2 6 11 12 17 14 18 9 12 9 11 11 14 10 11 23 15 10 10 7 2 1 1 3 1
5 4 6 1 7 1 4 1 9 9 19 339 238 726 228 97 106 107 34 739 119 148 55 63 996 512 245 87 58 58 3 30 12 101
3 4 5 6 7 8 9 10 11 12 13 14 15 16 17 18 22 23 24
4 31 33 51 23 27 22 12 10 12 10 6 2 3 4 4 1 1 1
4 31 43 111 69 143 172 135 160 313 328 308 133 303 438 704 490 490 792
3 4 5 6 7 8 9 10 11 12 13 14 15 16 17 18 22 23 24
4 31 33 51 23 27 22 12 10 12 10 6 2 3 4 4 1 1 1
4 31 43 111 69 143 172 135 160 313 328 308 133 303 438 704 490 490 792
