24 36 48 60 72
3946 26693 40789 21390 7179
1154603 790992 278256 71271 9389
2320458268442148 57414410323660179076 7813255517209331307 293337719154167098 1540853422443
24 36 48 60
655 584 117 1
7335 1514 157 1
537275337 35270269 407814 2
3 4 5 6 7 8 9 10 11 12 13 14 15 16 17 18 19 20 21 22 23 24 25 26 27 28 29 30 31 32 33 34 35 36 37 38 39 40 41 42 43 44 45 46 47 48 49 50 51 52 53 54 55 56 57 58 59 60 61 62 63 64 65 66 67 68 69 70 71 72 73 74 75 76 77 78 79 80 81 82 83 84 85 86 87 88 89 90 91 92 93 94 95 96 97 98 99 100 101 102 103 104 105 106 107 108 109 110 111 112 113 114 115 116 117 118 119 120 121 122 123 124 125 126 127 128 129 130 131 132 133 134 135 136 137 138 139 140 141 142 143 144 145 146 147 148 149 150 151 152 153 154 155 156 157 158 159 160 161 162 163 164 165 166 167 168 169 170 171 172 173 174 175 176 177 178 179 180 181 182 183 184 185 186 187 188 189 190 191 192 193 194 195 196 197 198 199 200 201 202 203 204 205 206 207 208 209 210 211 212 213 214 215 216 217 218 219 220 221 222 223 224 225 226 227 228 229 230 231 232 233 234 235 236 237 238 239 240 241 242 243 244 245 246 247 248 249 250 251 252 253 254 255 256 257 258 259 260 261 262 263 264 265 266 267 268 269 270 271 272 273 274 275 276 277 278 279 280 281 282 283 284 285 286 287 288 289 290 291 292 293 294 295 296 297 298 299 300 301 302 303 304 305 306 307 308 309 310 311 312 313 314 315 316 317 318 319 320 321 322 323 324 325 326 327 328 329 330 331 332 333 334 335 336 337 338 341 343 344 345 346 347 348 349 350 351 353 355 356 359 362 365 367 368 370 371 373 374 375 376 377 380 382 383 386 392
229 1430 3818 9221 16593 26690 41060 51856 62639 68376 74881 68022 69967 67943 65422 60574 60578 56965 55968 52261 49738 48029 48689 43528 42567 41908 40247 37111 37926 35213 34598 33098 31177 30408 30263 27093 26743 26219 25426 23426 23330 22219 21368 20416 19355 18933 18718 17220 16542 16370 15678 14410 14566 14040 13444 13322 12403 12125 12237 11220 10563 10626 10371 9358 9511 9159 8645 8424 7830 7553 7763 7065 6801 6976 6528 5985 6172 5964 5655 5660 5359 5087 5197 4821 4560 4601 4615 4011 4225 3942 3844 3866 3643 3428 3682 3388 3198 3069 3073 2785 2940 2768 2702 2751 2613 2420 2584 2418 2361 2283 2281 2156 2193 1980 1964 2057 1979 1738 1849 1742 1639 1564 1628 1545 1460 1430 1462 1361 1370 1292 1201 1180 1256 1220 1202 1140 1104 1095 1087 1005 1057 958 947 962 971 834 844 841 776 791 780 740 751 724 735 722 721 668 720 634 652 650 553 600 564 511 513 511 536 445 477 456 425 462 422 489 392 410 404 397 365 350 357 355 378 336 326 325 309 303 285 293 377 346 265 254 217 258 260 251 257 234 192 230 214 202 215 174 179 186 153 164 171 137 141 146 144 136 140 122 159 130 115 93 157 94 107 103 109 106 93 85 91 86 78 81 93 63 81 50 71 46 54 62 53 61 48 50 51 38 49 31 42 51 47 31 38 50 27 34 42 26 28 28 35 24 23 26 18 26 28 20 25 21 21 23 15 14 29 21 21 24 13 9 20 14 10 5 12 9 12 7 9 7 6 10 8 3 4 6 12 6 9 5 9 10 10 10 7 11 7 3 2 4 5 7 3 10 4 4 25 4 4 6 4 1 4 2 1 3 1 1 6 2 1 2 2 1 3 1 3 1 3 2 1 1 3 1 1 5 2 2 2 4 1 1 1 3 3 1 1 2 1 11 1 1
229 1550 5414 17013 41224 93126 199935 373088 673496 1104317 1827992 2551641 3963337 5473418 7757609 10474528 14269052 18433122 25376766 30925826 40004166 51299019 66836600 78225571 102240190 122854158 153371431 184734357 229348129 266756926 338012465 389295164 465727887 566868857 670683375 747614123 926446185 1059964501 1264892387 1447632839 1693842252 1934387024 2290946393 2556392419 2922362964 3421960334 3934529993 4345388404 5084685190 5746195585 6525231555 7268909608 8450221998 9462957731 10798613949 12159363197 13439104080 15727918002 17945451363 19597793951 21248146209 24857897254 27379616197 29649885264 33999702379 37766153982 39958532879 45927991397 49455685515 54299444125 62899588026 67080719205 70881998387 84310731430 89939760914 94617411759 111244950773 125743072785 131167041274 151948748405 161271378545 177465023007 203863004944 216283692181 226972994642 267405596546 297243283532 300582833652 350909988087 369750282474 389864209854 452485045713 472891741818 516632146048 615223278102 636985808901 654617284750 744345426272 804088081227 827874667249 1000521055360 1060335267764 1122653771490 1285185816258 1348033580872 1406781035145 1703612294890 1791465160509 1845162555167 2211773410920 2301653929901 2410583617941 2821926299829 2775606088337 2996577992551 3535455482793 3698855670487 3793667487570 4520611038719 4644981239624 4760280512471 5369209588176 5977040150688 6048221010014 6762892349200 7071646953168 8101463276522 8435227909886 9255883258758 9629376802918 10171925891293 10841535293780 12813452324327 13625861787986 14702730200388 15828050385689 16861121710420 18362905992826 20503256273174 20036140063138 23826907483089 24210275820175 25872291852584 29112319349733 33719334582894 30848217045780 33756896814010 37980656946298 38015210445549 42404762775101 45432373082223 49199798569667 53644722848643 58677399966283 63803422093451 66158097274790 77769990635550 76334806912480 88676205808909 91133357517743 100889277460939 110740264430017 107199575667730 117395181637753 130549629699661 128268328852812 134562274801789 152572021692763 182510791878270 160527162587909 188083364549251 192164878522683 191982067176520 232390573051431 233415906847302 289286936494733 265599265222561 315201377326390 305783390768655 352526938868485 341811423674521 353899728720959 404292428648199 457583266306141 507450293305707 511284009736223 552898618091945 548474986798879 573362345820453 661722177495515 623706383392481 724060526819474 934602749759067 914115753809184 866638778575533 871658306792565 756367856547453 1088906973808430 1174985920501819 1156125165394912 1289060068898431 1398122530809866 1157553150814730 1563967582236192 1464652558805016 1550102367710890 1943104692404149 1682596822050088 1781995228267975 2359904967298193 1938496673229657 2102628688368653 2298632706782904 2010000414473057 2256233302287157 2761770000830499 2867098850045428 2871111205327799 3209007580239528 3058331319024416 3870797511128491 3688570675013342 3651402472472102 3046603984417008 5987363015244394 3538095334547950 4723457066956610 4431499600279877 5535596684459321 5529409068369615 5413078114996830 5762906833698664 6212466185365473 6417690210949048 6993242508341546 6620241184415651 8793539882811390 6764362622981946 8967520864545132 5968335074931090 9220007610001241 6037211150195483 8206427982222610 9907317458643103 8402975127532647 11653916782353204 9626680517334580 10306045715474658 11874442816824968 9662690076481109 16906259905008079 8390316849635981 12108481118033237 16358959841866369 16650788386740933 11435872369428029 15075806123175698 23308835488381579 13906984237748495 17520901709676115 23808431688085160 14894473593510116 17351718954146769 20660000498173475 29688081745740061 18180327021812321 20003580466870557 22397209528345627 17131738328518707 30816028403222149 31726614101998813 24182931738520676 30853605799245447 31187626045849071 32475727410215318 39140916098744145 27867150423689947 23439395400068990 64566009722568969 44093663943353609 53168459268191450 60508622123753067 36160521569950405 30888459416345900 60069072789464495 56091177083555831 44306882426559294 17752460532186705 51208609710331098 44065542877676661 57370967658142563 33428696536162192 46384673601219872 43818076669014041 39805869601747122 74711717810064045 54768449119333162 21411265366902246 31570310233339704 50542481871746180 116494558209855364 85311414797552115 114325208197455877 65500409085839564 119357476426665206 165750833380780718 146697286386079346 163499609906697567 113678505750807641 203098193611179380 145599981897443705 76031891661378037 42916192074705782 90458116003814902 119950331763466144 177847847504020938 83025848315558332 323482193644037799 186281314662305164 139203819477763320 931860144418701925 154387942607496136 165335287125909374 268585590246221504 186322719265971959 49005643635237875 224626408451497156 116261951952540833 64325374609114550 206504657838221550 73653287861850339 78801255302666615 505804893817350714 180350869961099246 96450110192202760 206302932643470650 252217035667592710 144117936527873832 462130792138728090 164637479165761044 527830679431268259 188008647052292980 602647668863049477 429236599486572598 229272286871217150 244904537455382406 838089985451106456 318555973788329084 340122810048577428 2068830904666711810 1005915133012000040 1221796807503768202 1390287426917892080 2965732639536326736 843250788562528427 899175348396088349 1022141228367345362 3268972933273199346 3484613504549888550 1238057794119125085 1319510599727473500 3193350548981513582 1812356499739472950 21237216795855123932 2332821198543892336 3398704041358160275
3 4 5 6 7 8 9 10 11 12 13 14 15 16 17 18 19 20 21 22 23 24 25 26 27 28 29 30 31 32 33 34 35 36 37 38 39 40 41 42 43 44 45 46 47 48 49 50 51 52 53 54 55 56 57 58 59 60 61 62 63 64 65 66 68 69 70 71 72 74 75 76 82 84
3 37 58 219 161 484 325 627 335 679 408 571 292 517 296 451 203 374 217 298 136 230 114 210 95 172 76 151 78 137 47 114 43 96 38 72 23 61 27 54 20 54 21 44 16 24 13 36 4 28 13 20 12 19 10 26 3 20 9 13 5 10 4 15 13 1 2 4 6 6 1 1 4 1
3 45 90 516 498 2540 1983 8032 4508 17921 12740 38115 20705 68951 40616 121061 57328 172834 107637 263307 113600 307283 154681 484321 218746 621666 240428 859937 387199 1201642 370690 1544816 477893 1745327 641464 2504580 634616 3327190 920151 3164113 1169957 5502698 1372186 7546730 1452420 3402079 1436079 9199045 690084 10591593 2471841 8928558 5217333 16845153 4295071 25089348 1786218 21196602 7291003 22012068 8391255 20261787 4428394 39083543 96174234 1505499 6970560 13910245 33379748 72540339 9394410 8175936 62377306 18004327
