12 24 25 36 37 48 49
320 1457 569 582 358 102 50
6282 4361 1839 799 485 107 55
86570 1328334 354714 175392 110926 7889 3346
12 24 25 36 37 48 49
320 1457 569 582 358 102 50
6282 4361 1839 799 485 107 55
86570 1328334 354714 175392 110926 7889 3346
3 4 5 6 7 8 9 10 11 12 13 14 15 16 17 18 19 20 21 22 23 24 25 26 27 28 29 30 31 32 33 34 35 36 37 38 39 40 41 45 46
64 304 728 1157 1589 1788 1784 1660 1385 855 569 409 309 223 165 137 129 114 83 65 79 72 48 40 36 27 11 10 11 17 11 8 8 13 6 3 3 5 1 1 1
64 373 1171 2702 5223 8597 13058 18155 24633 23376 23832 23106 27004 24370 25786 26969 34425 41345 37050 36946 58812 72704 64824 70393 79298 61255 31111 50276 61496 107218 61098 72754 73862 274660 90985 42076 110790 108428 26015 44583 106348
3 4 5 6 7 8 9 10 11 12 13 14 15 16 17 18 19 20 21 22 23 24 25 26 27 28 29 30 31 32 33 34 35 36 37 38 39 40 41 45 46
64 304 728 1157 1589 1788 1784 1660 1385 855 569 409 309 223 165 137 129 114 83 65 79 72 48 40 36 27 11 10 11 17 11 8 8 13 6 3 3 5 1 1 1
64 373 1171 2702 5223 8597 13058 18155 24633 23376 23832 23106 27004 24370 25786 26969 34425 41345 37050 36946 58812 72704 64824 70393 79298 61255 31111 50276 61496 107218 61098 72754 73862 274660 90985 42076 110790 108428 26015 44583 106348
