16 17 28 29 40 41 52 53
254 380 1305 915 318 248 36 22
3397 4279 2458 1745 387 308 36 22
606772 557656 724995 521166 75969 66119 1015 339
16 17 28 29 40 41 52 53
254 380 1305 915 318 248 36 22
3397 4279 2458 1745 387 308 36 22
606772 557656 724995 521166 75969 66119 1015 339
3 4 5 6 7 8 9 10 11 12 13 14 15 16 17 18 19 20 21 22 23 24 25 26 27 28 29 30 31 32 33 34 35 36 37 38 39 40 41 42 44 52
44 233 493 992 1206 1688 1364 1294 962 888 595 492 352 434 278 197 154 218 73 104 70 142 58 42 46 65 34 14 19 28 13 5 8 9 6 3 1 1 2 2 2 1
44 266 770 2111 3641 7720 10062 14483 17576 22893 23872 27835 29468 50073 40952 40855 41990 79075 32947 63859 52377 169945 62996 76497 94215 178993 106221 55880 87948 262288 85753 26981 103488 134268 81144 59789 17977 21637 64911 52030 74676 173525
3 4 5 6 7 8 9 10 11 12 13 14 15 16 17 18 19 20 21 22 23 24 25 26 27 28 29 30 31 32 33 34 35 36 37 38 39 40 41 42 44 52
44 233 493 992 1206 1688 1364 1294 962 888 595 492 352 434 278 197 154 218 73 104 70 142 58 42 46 65 34 14 19 28 13 5 8 9 6 3 1 1 2 2 2 1
44 266 770 2111 3641 7720 10062 14483 17576 22893 23872 27835 29468 50073 40952 40855 41990 79075 32947 63859 52377 169945 62996 76497 94215 178993 106221 55880 87948 262288 85753 26981 103488 134268 81144 59789 17977 21637 64911 52030 74676 173525
