1 2 13 14 25 26 37 38 49 50
6 21 293 1676 3903 22621 7859 41447 3711 18453
77 336 2222 11988 53939 329368 36856 185143 5499 26337
2640 15551 167015 1427942 1267251508984621 103336187234137654 1328040988579348147 5193334651679688832 40353525211472 106708070915590
1 2 13 14 25 26 37 38
2 3 20 113 37 193 2 6
8 28 35 411 61 387 2 7
179 518 703 24781 54341 1935313 2 6475
3 4 5 6 7 8 9 10 11 12 13 14 15 16 17 18 19 20 21 22 23 24 25 26 27 28 29 30 31 32 33 34 35 36 37 38 39 40 41 42 43 44 45 46 47 48 49 50 51 52 53 54 55 56 57 58 59 60 61 62 63 64 65 66 67 68 69 70 71 72 73 74 75 76 77 78 79 80 81 82 83 84 85 86 87 88 89 90 91 92 93 94 95 96 97 98 99 100 101 102 103 104 105 106 107 108 109 110 111 112 113 114 115 116 117 118 119 120 121 122 123 124 125 126 127 128 129 130 131 132 133 134 135 136 137 138 139 140 141 142 143 144 145 146 147 148 149 150 151 152 153 154 155 156 157 158 159 160 161 162 163 164 165 166 167 168 169 170 171 172 173 174 175 176 177 178 179 180 181 182 183 184 185 186 187 188 189 190 191 192 193 194 195 196 197 198 199 200 201 202 203 204 205 206 207 208 209 210 211 212 213 214 215 216 217 218 219 220 221 222 223 224 225 226 227 228 229 230 231 232 233 234 235 236 237 238 239 240 241 242 243 244 245 246 247 248 249 250 251 252 253 254 255 256 257 258 259 260 261 262 263 264 265 266 267 268 269 270 271 272 273 274 275 276 277 278 279 280 281 282 283 284 285 286 287 288 289 290 291 292 293 294 295 296 297 298 299 300 301 302 303 304 305 306 307 308 309 310 311 312 313 315 316 317 318 319 320 322 323 324 339 341 342 346 347 348 356 357 359 360 362 366 368 369
348 1937 4253 7257 11308 13114 15260 16829 15956 15969 16880 14606 14314 14793 13073 12636 13360 11281 11538 11865 10530 10563 11110 9621 9810 10329 8847 8969 9340 7963 8169 8545 7528 7646 7906 6809 6867 7369 6468 6447 6771 5913 5927 6248 5455 5338 5706 4979 5163 5243 4646 4674 4962 4224 4430 4352 4037 4004 4273 3696 3804 3868 3495 3392 3601 3134 3297 3216 2931 2958 3060 2693 2821 2840 2431 2452 2614 2239 2389 2297 2185 2106 2314 1910 2049 2110 1904 1839 2023 1748 1740 1846 1675 1565 1734 1489 1564 1500 1411 1332 1384 1247 1240 1321 1211 1163 1255 1031 1057 1135 1013 941 1044 892 930 927 855 809 867 812 762 853 739 713 729 658 671 712 618 590 631 543 525 645 527 494 568 511 474 504 445 440 448 407 358 446 378 336 392 371 300 315 299 288 326 277 276 309 261 235 276 247 250 237 206 226 218 194 197 232 202 168 203 173 182 181 158 143 162 156 124 157 124 118 136 112 111 127 96 102 118 92 68 99 74 66 95 78 59 74 67 73 79 61 64 75 58 44 47 42 54 50 32 47 50 38 29 46 40 34 49 41 27 39 39 19 41 20 24 29 42 26 31 31 16 23 27 34 28 25 14 25 17 11 23 20 21 26 16 10 14 13 11 13 16 11 11 8 15 12 4 10 12 10 6 9 4 2 2 5 3 5 5 3 7 4 3 6 5 2 3 5 2 7 5 3 7 7 5 3 4 2 4 2 2 4 3 2 4 2 1 3 1 1 3 2 1 3 1 2 6 2 4 2 1 3 1 1 1 1 2 1 1 1 1 1 1 1 1 1 1 1 1 1
348 2058 6068 13653 31878 56524 97135 167136 241682 357214 565802 721974 978497 1456618 1798494 2323258 3367954 3837009 5076080 6934716 8181158 10253351 14116478 15789870 19864053 26630583 29520553 36313520 47944254 51798563 63146383 82150671 91771004 108970374 140596542 152400446 178162566 232730240 253978808 293252114 376306930 399537460 465591598 591340568 630860952 717861317 925357027 968435281 1154938510 1388716950 1506103799 1711961257 2204172019 2152502882 2584267169 3025835536 3285830217 3660760644 4719801426 4768778196 5541630066 6551391721 7015287562 7784557081 9652552576 9910762794 11587852116 13372938272 14045672289 15606219810 19166550439 19551908592 22584944319 27183994970 26418906538 29137585587 36691362255 36462474324 43211365174 47021479677 53371300113 54869929448 70197903973 68415570105 79384963373 92192463078 98612037505 103700453113 131766453734 128037479459 142186928251 176157513274 183820291243 181933652338 233437675423 236398337045 259923335799 285751087230 312149493025 319010263208 377574197628 391445620902 413004366432 500472857054 532697445653 536323977346 665746695670 647051769972 696695379824 861450514220 861287469658 840769973389 1135863336853 1075969598790 1187571041004 1397206486003 1424631234010 1449296518034 1769561939721 1931087904040 1785964396014 2433005398933 2346507906534 2329855285806 2686922400695 2825874001868 3037944524427 3633468384427 3597478154563 3422156028426 4379075554806 4552064981059 4412445025691 6080670968538 5610511828174 5675729695470 7357880482043 7783663925606 7516791691811 9075349061006 8921579036814 9220502253156 10780502385404 11217214329577 10031694317875 14769810659798 13720176038424 12229552795530 16376635252274 17950471081903 15455976487598 18471699722237 19843334873530 19099822650139 24106893057581 24230384922949 23847475576545 29973645248524 29796837641997 27116571950437 37111429033196 39569088563396 38970309394198 40995793521595 42989744278686 46250312988354 47104070219862 50325946393277 52870385081655 69602607025841 71506636457928 59237629241402 77351679389538 75060815844501 81539711510152 91560910977552 94851399562360 82891343083470 105688855154685 123064980333620 98733088837280 134056471996296 130444509310698 122941434875032 151691479378966 140491278112418 148598457342917 183245399620921 156657099373971 170312182017381 221102562354526 204817050293360 148686803558192 242977526996596 193780961210387 196123822272223 306288546445834 263004896955209 232309887517970 313335397850488 300000727181837 348509980642482 420079854052248 389356485844861 396876038105761 507653003485825 417008253168578 351683144901190 394533864742174 412545863092537 576645793342167 560438907100579 403336123160456 622812102833467 677437636936563 595686858671474 502811092287180 816551586249188 842277131475674 820831609910709 1128803458089898 1084214515689655 776088532040916 1193503435099989 1296863223691188 673609165581068 1431346075371851 810422625637874 1162910670508065 1322851708838440 2012857228093171 1389365010480696 1946599238250463 1853486268484329 1142822468084361 1881498724905979 2201555497765092 3008062635524737 2779133459694410 2692254988167715 1568179815194880 3036529310123592 2003969309240888 1584733857661928 3697637118792515 3103559003222682 3739978409768237 5272379731418956 3724941060582148 2209128042398912 3309986067383917 3679564022070306 3032823267470890 4081479032115751 5063195781707729 3502736450257345 4173832381472568 4339361811530126 6079137486569774 6164739177966898 2370121120867717 5074338732051749 7038195525779831 7551530904447295 3880302583697463 7584180676182678 3116202518248668 1618662359928981 1679223460733628 7047561616360961 3075229349806859 6463266967601680 7048838561348817 3842477951476763 11100600992673130 7388440608900425 4911881908011513 10448686134623516 10842241939412244 4081651705150150 6277438016832666 11644662893033360 5081905180091396 18938191691330908 14488592359265755 9259205528227549 23308195794231859 24802475380244531 19082628156610372 12658165585761285 17822147909289753 9744076112944168 20575151265733100 10857363761704277 11662756574046120 25052876018349206 19939198398354007 14959130157021168 31570310233339704 16650744660408065 9253082936723602 29115027721530604 10657331232548839 11435542077822104 35973978116281034 25431435914287169 13162217895057704 44404568142994393 15142952738857194 33653966668976958 112028929797602184 42916192074705782 92000026621949348 47650112806317827 24650106150830490 84915061022988009 28305020340996003 34800954869440830 37274405776748077 39919565526999991 220615720850585544 126108517833796355 134819180623301520 175943559810422753 188008647052292980 200882556287683159 340122810048577428 363117512048110005 413766180933342362 441622981929358437 502957566506000020 651688879997206959 741433159884081684 790738119649411319
3 4 5 6 7 8 9 10 11 12 13 14 15 16 17 18 19 20 21 22 23 24 25 26 27 28 29 30 31 32 33 34 35 36 38 39 40 41 42 44 47 48 50 51 58
3 23 25 49 44 106 56 96 76 56 52 58 38 39 40 29 12 20 14 17 5 9 5 3 6 3 3 3 4 8 5 7 2 2 3 2 3 3 2 3 1 1 1 1 1
3 27 40 129 145 582 388 1270 1341 1472 1925 3861 2585 4576 6451 6351 2832 6279 6108 10426 4576 9432 5546 4138 10120 7618 10546 9502 16469 42638 25888 65271 22308 18492 42076 58016 76023 87984 97923 144291 106348 75175 105558 147273 772310
