18 30 42 54 66 78
2172 13564 41418 26404 16176 257
1335016 996336 549269 135428 33369 257
22825842508 6969247565680565197 7499970284200306689 2605568421928867317 5047778948990317 23502
18 30 42 54
653 854 293 21
27814 3219 493 23
423820944 75225429 3153644 1225
3 4 5 6 7 8 9 10 11 12 13 14 15 16 17 18 19 20 21 22 23 24 25 26 27 28 29 30 31 32 33 34 35 36 37 38 39 40 41 42 43 44 45 46 47 48 49 50 51 52 53 54 55 56 57 58 59 60 61 62 63 64 65 66 67 68 69 70 71 72 73 74 75 76 77 78 79 80 81 82 83 84 85 86 87 88 89 90 91 92 93 94 95 96 97 98 99 100 101 102 103 104 105 106 107 108 109 110 111 112 113 114 115 116 117 118 119 120 121 122 123 124 125 126 127 128 129 130 131 132 133 134 135 136 137 138 139 140 141 142 143 144 145 146 147 148 149 150 151 152 153 154 155 156 157 158 159 160 161 162 163 164 165 166 167 168 169 170 171 172 173 174 175 176 177 178 179 180 181 182 183 184 185 186 187 188 189 190 191 192 193 194 195 196 197 198 199 200 201 202 203 204 205 206 207 208 209 210 211 212 213 214 215 216 217 218 219 220 221 222 223 224 225 226 227 228 229 230 231 232 233 234 235 236 237 238 239 240 241 242 243 244 245 246 247 248 249 250 251 252 253 254 255 256 257 258 259 260 261 262 263 264 265 266 267 268 269 270 271 272 273 274 275 276 277 278 279 280 281 282 283 284 285 286 287 288 289 290 291 292 293 294 295 296 297 298 299 300 301 302 303 304 305 306 307 308 309 310 311 312 313 314 315 316 317 318 319 320 321 322 323 324 325 326 327 328 329 330 331 332 333 334 335 336 338 339 340 341 342 343 344 347 348 349 350 351 359 365 369 371 384
236 1428 4130 9602 17282 29156 40526 52421 80419 93627 92586 143345 140289 136311 125017 120374 107519 104185 93875 87603 80585 76925 68867 65020 60357 56866 51589 49652 45074 43199 40371 36910 34765 33709 30368 28920 27862 26076 24499 23501 21620 20998 20110 18930 17994 17854 16756 15485 15469 14633 13747 13846 12888 12240 12361 11429 10874 11400 10410 10117 10267 9725 9438 9468 8651 8813 8452 8433 7976 8177 7609 7304 7252 7178 6719 6822 6353 6471 6217 5800 5591 5769 5217 5455 5130 4951 4747 4745 4389 4357 4242 4329 4094 4065 3748 3715 3694 3593 3428 3451 3363 3090 3074 3047 2895 2879 2737 2730 2582 2467 2459 2428 2311 2327 2112 2178 2067 2033 1991 1921 1861 1766 1722 1781 1721 1642 1522 1581 1656 1427 1367 1376 1427 1346 1229 1260 1147 1221 1131 1150 1158 1037 1009 1047 964 927 903 982 986 920 778 812 784 751 671 760 668 689 671 678 683 620 559 618 581 554 544 573 527 496 494 492 477 480 423 453 428 379 348 395 380 340 334 348 319 294 297 290 301 254 262 259 286 261 214 270 246 223 216 228 200 189 191 232 177 159 151 197 167 159 140 161 161 141 137 157 168 133 133 122 113 103 107 122 108 89 96 99 94 84 79 76 78 70 64 75 76 59 58 74 64 58 49 39 43 66 37 33 42 42 31 37 31 35 35 27 32 34 26 22 22 35 29 24 31 23 25 30 17 23 19 24 29 27 12 59 9 20 14 9 10 14 8 6 13 12 12 18 13 16 4 10 6 16 3 11 5 12 8 13 3 10 4 8 5 4 8 11 3 8 4 1 3 5 4 3 1 7 4 3 4 4 1 4 2 6 2 3 2 1 4 2 1 35 3 2 1 2 1 1 1 1 3 2 1 2 1 1 1 1 1
236 1569 5835 18194 44062 108406 208588 421360 835406 1464041 2205082 5108005 6637521 10773360 14245998 21364031 26276216 38555542 46369122 63305134 75192549 100363766 114426913 149080470 170453376 217949204 247728059 312951369 346786692 437038801 487472395 581233397 647970748 787436440 864131878 1042965238 1143819114 1353429905 1496585322 1725799369 1885191607 2181938390 2430405964 2821603693 3056521484 3618338894 3990602117 4354811282 4890622462 5529930014 5935019998 7093394122 7428646002 8347407491 9518168376 10286332757 10885075633 13166967725 13804985173 16407776064 18753868317 20720790318 23445252815 27400092912 28522273557 33984417921 36659093715 44590029405 46429138954 55464547025 58943508244 64414304585 72675410114 85003044017 90713696062 109105851188 110533994880 131816108916 144922991993 155828675063 163018042597 197950018885 198717290670 248684453276 252743236495 285676456456 310405666628 352231380369 355493824358 400480973924 443561534546 528912062310 533730732132 633952596135 639166829530 716127848673 773327515426 857664027402 915437432812 1092028771491 1130085189242 1228972659571 1348169891546 1490384795060 1555462142977 1772841401001 1876273097361 2159046579224 2196200907829 2419350997882 2576364564708 2865832127816 2931549224487 3381472586667 3405381111212 3982129982586 4107686865606 4547689392859 5056358269280 5220121627203 5830682764494 6101875332854 6529576909438 7711369912532 7751871496652 8697377761636 8890054594264 10144643194573 11584713929672 11310304883684 11983456568691 13267951712881 14633009463561 15703150264864 15919571091037 18304363476280 18029680602964 21510887043535 22464457522011 25134996976127 27879626292641 26672955621479 29255803256265 34371378385678 32810950308535 36551216489806 38942744053968 46100721854479 51264905651164 53350645254100 48955032170574 55930515389076 60691089565123 65275871787323 64426549075269 77115185592716 73337953746622 83513552351825 91997898719216 98707178209368 105167089481806 104622942549556 107349969435092 130400562003248 133666135372939 137678225153138 145018821027488 172748563011029 171472224885876 179104310226303 200185546317093 215459648489255 220312346814120 226260332760637 240487950953833 266492596634638 272574804763124 265745339196962 271589002394820 314049258138500 343869812786047 326549771728115 371035220250102 457726988089387 412256131950947 399697284018440 503879492276305 508379658648274 605338213656666 529500581893055 575089516935441 625242953327352 764513912474971 740795342515009 698135845808759 972465518714329 914205873886555 883728601365549 985441026045627 1103741913731455 1075644521907588 1080032433436955 1267907494710232 1595517130268356 1343465802387586 1190045096068390 1369060275430730 1909262079144872 1651595121794184 1736310039644884 1815145498142384 2133342272155914 2193077838541526 2206035156139922 2115923551724264 2740489413863841 3168494684399020 2659918491753803 3071769344439126 3026217876679102 2998249447143873 2818068044022753 3289180049025397 4077755987969418 4038079193217921 3492466693121754 4105511008627824 4544490803546223 4692463561501316 4261489424556280 4232144675826434 5022668478947110 5562184760602336 5208479677864973 4962176024959805 7099708132719305 7199040777855224 6167520386087673 5890750356375281 9244768263231905 8081963551755124 7499017873335804 6910741389841008 6192515677549118 7268896203118873 11407800799962558 6939597261763630 7443369478556816 9611555124312640 11408421635500169 7639179293048997 9721216015939234 9176791449468608 11963028177908219 12027502398665984 10492233275587330 13074394308204989 15177892129059404 12437102210656605 11057470336601177 12209313356669303 19091470896647870 18116084260080634 16427444736467050 23900443080023009 19816589631315638 19692419609898392 29144764497554822 14603728583128467 22994003434443920 20174955478770928 29984172604165693 39177480396853134 42026042230935544 17272109566095971 87922698987107565 14154078341604559 36520405180298154 25611897756541971 18078909175208693 22625442257681166 33791903592609223 19970153830949610 20903382500871095 39496564231957610 39533335760400867 44560566643015404 62940439984351874 49943022797689010 73601262577786326 17192418712662171 47707025776007246 29956894365395680 92481902785584821 18119291646286545 69565774417935676 33870898686745669 100604191624630152 64241987079544320 116555212622856455 43735068038583702 97953945012675212 41902966090050018 89149704086757037 60512414154739964 49969871952746099 111992856552017739 229995762938788836 48719359607488989 135790260273225464 74685953198401456 20017426762576945 62933618837282727 130290486842251792 96950325107978807 79247422900698978 26415807633566326 228461324376814985 129953173405866616 99777541572374138 141677270385070567 228936754160992290 42748078035954696 219788951195020144 98011287270475750 353408707227437423 112313204225748578 176367301792207377 124430724448781094 68834885946073850 294613151447401356 226107831026367293 84300815636225119 3150265604974912301 289350330576608280 220615720850585544 117949491546113972 252217035667592710 134819180623301520 144117936527873832 154043597379576030 188008647052292980 602647668863049477 429236599486572598 229272286871217150 489809074910764812 413766180933342362 610898403751884101 790738119649411319 899175348396088349 2056513475336633805
3 4 5 6 7 8 9 10 11 12 13 14 15 16 17 18 19 20 21 22 23 24 25 26 27 28 29 30 31 32 33 34 35 36 37 38 39 40 41 42 43 44 45 46 47 48 49 50 51 52 53 54 55 56 57 58 59 60 61 62 63 64 67 68 72 76 83 84 88
9 74 89 434 398 1480 937 2578 1509 3138 1515 2549 1273 2138 1173 2004 847 1490 571 1084 400 864 384 731 245 616 173 355 129 353 126 345 63 258 70 152 41 194 42 136 26 110 20 84 19 58 17 63 8 44 6 22 13 23 4 21 2 8 3 2 2 1 1 1 6 8 1 3 6
9 86 138 1077 1089 7566 5138 27594 18211 81367 41354 153851 85268 291946 155703 551128 238766 762874 286536 953093 392105 1425977 550954 1617132 659741 2223143 623669 2131400 832325 3473043 1029713 4192129 884309 5019586 1151277 3713417 1230384 8376540 1490514 6721841 1208816 10733249 1519719 10969049 1618326 11080643 2330392 13772954 1834276 17211762 1502324 10687770 5714950 18987639 1324653 19522012 1432172 7131300 2383020 3687761 2860880 966467 2600312 1741630 18526410 48535047 24264328 47389428 159261960
