34 46 58 70
21297 44930 23214 10555
892991 366689 89145 15964
59848069945112453848 6834530704821873288 732289164905302836 50507570187842
34 46
666 175
2159 265
53165627 1070183
3 4 5 6 7 8 9 10 11 12 13 14 15 16 17 18 19 20 21 22 23 24 25 26 27 28 29 30 31 32 33 34 35 36 37 38 39 40 41 42 43 44 45 46 47 48 49 50 51 52 53 54 55 56 57 58 59 60 61 62 63 64 65 66 67 68 69 70 71 72 73 74 75 76 77 78 79 80 81 82 83 84 85 86 87 88 89 90 91 92 93 94 95 96 97 98 99 100 101 102 103 104 105 106 107 108 109 110 111 112 113 114 115 116 117 118 119 120 121 122 123 124 125 126 127 128 129 130 131 132 133 134 135 136 137 138 139 140 141 142 143 144 145 146 147 148 149 150 151 152 153 154 155 156 157 158 159 160 161 162 163 164 165 166 167 168 169 170 171 172 173 174 175 176 177 178 179 180 181 182 183 184 185 186 187 188 189 190 191 192 193 194 195 196 197 198 199 200 201 202 203 204 205 206 207 208 209 210 211 212 213 214 215 216 217 218 219 220 221 222 223 224 225 226 227 228 229 230 231 232 233 234 235 236 237 238 239 240 241 242 243 244 245 246 247 248 249 250 251 252 253 254 255 256 257 258 259 260 261 262 263 264 265 266 267 268 269 270 271 272 273 274 275 276 277 278 279 280 281 282 283 284 285 286 287 288 289 290 291 292 293 294 295 296 297 298 299 300 301 302 303 304 305 306 307 308 309 310 311 312 313 314 315 316 317 318 319 320 321 322 323 324 325 326 327 328 329 330 331 332 333 334 335 336 337 338 339 340 341 342 345 346 347 349 350 351 353 354 355 357 358 359 360 363 366 369 372 374 375 377 378 381 382 384 387 390
262 1378 3518 7934 13507 19755 25007 29319 31484 32246 33297 31349 31424 29917 29600 28147 27939 26603 26440 25095 24268 23961 23210 21987 22159 21333 20574 19564 19402 18799 18637 17945 17321 16876 16790 15502 15303 15006 14506 14308 14390 13477 13402 12509 12374 11912 11857 11225 11286 10865 10462 10342 10240 9497 9505 9394 9002 8821 8525 8040 8153 8006 7783 7583 7535 7239 7055 6716 6582 6523 6472 6107 6312 5869 5741 5640 5531 5167 5096 5172 4901 4736 4675 4364 4454 4306 4150 4066 4101 3846 3847 3689 3592 3523 3399 3229 3303 3068 3099 2868 2968 2843 2835 2748 2739 2577 2530 2391 2390 2300 2217 2262 2121 2019 1991 1926 1870 1870 1758 1827 1832 1759 1560 1556 1526 1413 1431 1371 1319 1324 1253 1160 1265 1143 1130 1116 1143 1177 1070 986 941 987 854 874 903 805 862 755 765 691 686 680 692 642 617 639 578 563 568 568 561 544 550 528 497 463 481 494 462 498 464 421 405 410 379 349 398 407 358 374 346 291 339 361 279 298 307 303 285 269 232 252 274 212 284 298 220 208 202 212 190 196 181 196 178 165 152 164 144 136 121 128 111 157 106 140 114 120 113 103 85 95 105 77 93 92 77 88 104 57 68 62 78 92 60 64 83 79 70 70 64 52 51 56 44 44 48 44 55 47 50 45 58 30 35 40 41 38 34 27 39 30 92 47 33 31 19 35 20 31 21 27 33 33 15 13 25 16 22 16 14 16 14 31 23 22 12 25 24 7 5 11 13 14 7 6 8 12 7 4 11 10 9 11 3 7 5 8 8 10 1 11 13 6 7 5 7 6 5 8 8 6 3 2 12 3 9 8 7 3 5 4 4 4 1 3 5 1 1 4 1 3 1 1 1 13 1 2 3 2 1 1 2 1 4 1 1 1 4 1 1 1 2 1 2 7
262 1515 4991 14793 35948 75104 140931 252633 410166 642849 1008541 1414052 2046643 2801088 3942894 5192005 7092013 9218398 12212105 15457067 19747008 25210209 31923979 39381473 49871870 61257751 76040865 89791174 113297539 136124367 169356118 199960908 240905560 282269557 348835942 401103111 471065504 556702626 657492700 770177428 951581102 1077268894 1276866855 1422412540 1678933975 1905015771 2286347727 2586963148 2990320023 3442298404 4011819041 4545203285 5313144199 5707969763 6757463809 7856054341 8929135895 9960351097 11329951907 12676909643 14570489486 16726277054 18868330496 21114982835 24604859680 26920075159 30226167163 33949928494 37745041516 41565991951 48945357698 52921151873 62062658996 67521268344 75663130748 83825620089 96545383444 100865208085 112574643093 129047966388 144627646006 156075750543 176363721553 187828497259 216464058394 234877712931 256460994030 282561137152 332271254255 352430974904 391895394743 443091227119 476475489044 514206225014 578134950745 610874281659 697919621374 741092122597 860706503207 855708440529 1050954776473 1074729354580 1217359842631 1309810677195 1469004058722 1531095800059 1783835413132 1851252432505 2018790817525 2115274563491 2360774896491 2579079312954 2805076446154 2854752090485 3301362642943 3559047993986 3793423129587 4167244207870 4400309637866 4976207858498 5455618517595 5903695254306 6008757303709 6271684869024 7359423019229 6963081187567 8251550590758 8659387285569 9200797145199 10108985824665 10921156093048 10957931714820 13161158284911 13012415861831 14621635837128 15192316546109 17505030675074 19543421832538 20559132072942 20695262580961 22410770348896 24511504587340 25168657649306 27215047520335 29242686430181 29774669145349 37253907333493 35653577914600 38633327049033 38811490250375 42954739577627 45998926959485 51350339508633 52576750319299 56309623491494 63188623359347 63540831751416 63844464450246 73782461628765 81929385052926 87687216458250 92602982998533 108495039088640 106120506047803 109101534156554 110150347731980 132929903191843 148071459603105 150468513481206 166532279817487 186801969685236 179812044288908 184611635988592 203643729028399 217720058660676 206702508650723 258135938292222 283387081953040 283476751510950 335360148528380 334911315031453 290765222760412 405132525482146 438173562173173 349115262033144 435493328167184 525008980570984 529986470381755 521463970398290 565233820768084 479506621057265 610813937297511 654624733102725 618962957069349 797169222223975 898576625673971 794780545277167 828536089329495 887404315139418 982409828671188 935643208097163 1109779522032935 1092318049512672 1321963198667702 1224918926779057 1275509433958698 1214383048574400 1529053985520349 1369967707062273 1554320432348076 1468531146177076 1549297826879579 1552969774262514 2423232235877354 1698074274317226 2415989452741294 2191611327528540 2492087336677083 2549773509036920 2611800272595291 1999865042944981 2660255078174716 3245080169032077 2440878986881854 3234154452741624 3398901474274136 3175275852850359 4087900733851198 5073026847447285 3339293159226669 3876355887639434 3902538589132188 5252700756966929 6686294095076392 4653056761722075 5195625266930997 7769601965762895 7899007800318396 7342365737450981 8209475269916924 8047025823543405 7482386028313128 7113847245456169 9073158320954024 7496493456738133 7203394326035465 9865604186149517 8751541042459942 12477204280855740 12469659576735452 13730078824888687 12078218713532198 18831160057782086 9723189541233455 11716951960813359 15009735279039253 16579063788142421 16374016177483985 15423282263161435 12926862746149876 21071852260068169 16986029885490013 55243081010535095 34432265120447829 26749215734477450 25135266033326090 16534783654584524 34286009398856333 19147735604602377 33841272966882802 24402592398764987 34266003577897650 42873739776837954 56941217479325363 20205326774185459 24147573025587845 44273243062019697 29372319946051286 49643465821276493 36487455372088921 31707809712502162 46645228169941683 36696721904074366 90257174229178172 67855579119343060 79854126433886557 39821223564490172 97953068079803228 90704033647975509 31994310026110722 22356401036190639 51565709043765736 70744863883580292 81235917401683611 57063469299795870 48765021301747693 52851745050866190 112481032175762802 55110372081736368 33301489320816130 96723219013891006 113070663607722921 112146131677019863 142436360249501232 45742168311288416 137640397839008832 69636868556177724 132189414355405990 124434123301774959 200749406416544116 18671488299600364 268130528509288001 324600836025558958 130290486842251792 213600457880758645 153197741353190448 192467504264682990 202177465684665943 190605537385552544 331820918068589068 293248344399370122 228936754160992290 122587209089954678 91544717087156056 571901298164555265 202935375728133032 505409419015868601 525153157649829876 437617547955457832 326136384382532050 358629635477698717 304909086329033908 320704581544224964 348952501233549484 96450110192202760 488951907090546365 537226513919348966 117949491546113972 126108517833796355 539276722493206080 164637479165761044 527830679431268259 188008647052292980 214618299743286299 229272286871217150 3183758986919971278 279363328483702152 596660126125516152 955667921364987252 726235024096220010 387632532919029223 413766180933342362 883245963858716874 536679070310691121 2606755519988827836 790738119649411319 958728697912338045 1089657644424399782 4646151339399851400 1319510599727473500 1406207446561484054 1701169427975813525 3624712999478945900 2056513475336633805 4968610588530836360 20992751134155165358
3 4 5 6 7 8 9 10 11 12 13 14 15 16 17 18 19 20 21 22 23 24 25 26 27 28 29 30 31 32 33 34 35 36 37 38 39 40 41 42 43 44 46 47 48 49 50 51 52 53 54 55 58 59 60 62 63 65 66 69 70 84
4 18 29 84 104 155 117 180 128 161 98 130 76 101 83 73 77 70 44 71 49 45 41 54 35 55 31 31 25 26 21 16 17 25 9 11 8 7 7 11 14 16 10 4 7 5 4 5 5 2 3 1 5 4 3 1 2 1 2 1 1 1
4 19 53 193 344 942 839 2169 2113 4590 3536 7863 5957 12610 13056 18740 21282 27812 22643 49541 37776 55543 54216 95867 67483 162329 110976 128989 152430 171169 140872 134764 172283 307565 167838 224688 214580 377424 324230 441103 768472 1070576 993277 466203 1296350 719582 706058 882856 1437289 505662 1021130 408452 2703085 2204482 2879602 1430440 2262260 1121505 5166024 2012558 4647040 15796476
