4 16 28 40 52
100 2368 35462 49961 12081
1917 16319 411576 200481 18212
114726 6415246 459778200667886072 327329547009439828 7548039496046
4 16 28 40
16 285 559 21
57 935 1010 25
1467 180257 105365164 99753
3 4 5 6 7 8 9 10 11 12 13 14 15 16 17 18 19 20 21 22 23 24 25 26 27 28 29 30 31 32 33 34 35 36 37 38 39 40 41 42 43 44 45 46 47 48 49 50 51 52 53 54 55 56 57 58 59 60 61 62 63 64 65 66 67 68 69 70 71 72 73 74 75 76 77 78 79 80 81 82 83 84 85 86 87 88 89 90 91 92 93 94 95 96 97 98 99 100 101 102 103 104 105 106 107 108 109 110 111 112 113 114 115 116 117 118 119 120 121 122 123 124 125 126 127 128 129 130 131 132 133 134 135 136 137 138 139 140 141 142 143 144 145 146 147 148 149 150 151 152 153 154 155 156 157 158 159 160 161 162 163 164 165 166 167 168 169 170 171 172 173 174 175 176 177 178 179 180 181 182 183 184 185 186 187 188 189 190 191 192 193 194 195 196 197 198 199 200 201 202 203 204 205 206 207 208 209 210 211 212 213 214 215 216 217 218 219 220 221 222 223 224 225 226 227 228 229 230 231 232 233 234 235 236 237 238 239 240 241 242 243 244 245 246 247 248 249 250 251 252 253 254 255 256 257 258 259 260 261 262 263 264 265 266 267 268 269 270 271 272 273 274 275 276 277 278 279 280 281 282 283 284 285 286 287 288 289 290 291 292 293 294 295 296 297 298 299 300 301 303 304 308 309 310 318 323 324
347 1351 3397 6175 9349 12080 14375 16104 16478 16685 16306 15957 15629 14699 14192 13732 12835 12511 12004 11754 11349 10893 10567 9949 9770 9609 9327 9063 8864 8605 8282 7906 7806 7818 7447 7294 7041 6895 6624 6504 6269 6171 6022 5796 5817 5454 5255 5181 4983 5006 4804 4745 4515 4439 4355 4231 4186 4098 3916 3826 3716 3659 3544 3436 3377 3355 3187 3114 3126 2990 2929 2777 2756 2667 2617 2535 2403 2411 2245 2202 2143 2109 2012 2032 2017 1950 1886 1719 1731 1783 1730 1664 1676 1587 1519 1459 1451 1446 1479 1434 1322 1278 1202 1143 1213 1195 1077 1074 1020 956 1002 974 968 986 920 875 825 833 827 853 751 739 762 650 688 704 667 617 602 585 540 545 568 564 555 485 451 488 490 455 488 449 446 393 356 378 405 377 368 351 289 288 347 327 348 314 293 295 247 282 298 280 284 235 203 226 199 202 210 210 200 131 184 186 189 170 157 147 142 131 135 125 137 141 133 97 101 101 96 133 106 88 71 83 105 115 99 88 87 63 61 87 73 74 86 68 54 66 72 76 81 76 45 40 44 57 56 54 56 40 25 42 51 35 29 42 32 32 32 37 34 27 24 13 23 24 29 24 21 22 18 15 14 22 22 20 23 9 14 25 19 15 15 20 6 8 16 10 9 15 17 8 5 9 10 10 10 13 5 7 9 8 10 8 4 2 6 6 7 8 8 2 2 5 4 4 3 2 1 2 3 4 3 3 2 1 4 3 2 2 2 1 3 2 1 1 1
347 1505 5013 12640 28105 54292 97792 167055 261328 396414 582729 833237 1180284 1572985 2144484 2847105 3653810 4759384 6062590 7780579 9884988 12339225 15380590 18480715 23198167 28962277 35204207 42641901 53082223 63187972 76756515 89939659 108435758 131898668 154839145 183261857 216783150 260252593 306613296 351916635 412916533 484205547 570515822 660349464 790219224 880770111 998216754 1170458018 1306811341 1554891029 1755174888 2052009029 2285254328 2657166263 3079365406 3469045552 3988907550 4508041152 5022552155 5700235801 6449989264 7380562364 8219537015 9336557437 10514545679 12323432425 13219921525 14638320168 17204279796 18858518380 21693745702 23125961989 26864479774 29355327199 33233524264 36406755973 38907769768 45722127964 48072739436 53729248542 60150116822 65698910623 71582912267 82234885909 92948125198 101511408879 109940515755 115439725209 129036612287 151992412039 168568458829 181591922109 207307292167 221464842505 234160606813 254178128128 284611547936 321794324860 371597443697 379498717582 415997392799 446292130437 479659518612 522594714594 610370503083 656915469492 668989440442 756203127505 796430608078 806200670415 998042150155 1018769606512 1165429464724 1323635784061 1377405532690 1506294098053 1528045325699 1709633268474 1939090439675 2196821484625 2229928334689 2367957944416 2633144112229 2435818063465 2889236598740 3394190461921 3523035844496 3583968692866 4061888837559 4137189977101 4155705246509 4849733844655 5737085859269 6097150555122 7001322965856 6649796674700 6607927318216 7624994364602 8720531752077 8688310967422 11263242350112 10640272657985 11698590152444 11512135927201 11510099983206 13466934618112 15639573606142 15852373208127 17867780952486 18216174444747 16024916471688 17983935985834 23701165524966 24713475068123 29411703644962 31045850466336 29335489206514 31856729526535 30508683356378 36180459657615 41845165352127 44050433753553 48324361435379 43203403041764 43690889196124 50254188541995 49123001946252 54491959319609 64390525100018 72911705943038 75758514282472 48496807880834 78364163008868 89911670325105 97885480739502 99387591953561 100887398683084 100105971599765 106244487937165 102035649025615 128371965021195 118757408202665 147270815643125 165444353953854 170740585533033 137186807358273 146551962808887 159279671728974 168401673778994 257108582586055 215165111484832 207118741187177 164221686945073 217118863774091 303043770313571 340719292026388 336307354695328 367331714192370 364266556998891 297048342102272 290082207938752 474275336349908 428558572169031 476580397585283 605412350652869 511640316304028 397233417505979 589622548828795 638406455508988 758683374388459 903906152602834 916888145384947 604960025003426 547717462723857 688777464558990 953238066467603 972408175503503 1008223914885660 1220418095427495 890872299849356 530812285217877 1058323016836881 1536088108811934 1028474568538257 970736639166434 1586606329983857 1328747783529746 1218082688152484 1369896841474408 1837791264184991 1660999193587266 1522364829595715 1468735347907546 838803803037411 1546135566147083 1866469103371672 2673586390774159 2170217726409525 1938209484183860 2354659981140174 2058680921681565 1763385050206168 1860696828421271 3377484185119104 3641590719266874 3537300793832073 4847130427663253 1707643248976876 2650150218922240 5497719981794674 4557494317219555 3842021306525742 4586952371454162 6301376418706495 1813856847668331 2876749707195477 6965352403328314 4504891241587684 4411085152625197 7873278032174962 8494167650494880 4160801118825583 2715532926581604 5902220974159021 6944324924683091 9543212214732986 9452182073846631 11992836372388592 4458652163632254 8423138021360300 9376414289393561 8725743975478892 12630084898932596 10309059504585956 5449602731979330 3041960985702350 11112117355902209 13473305145857662 16397648579652681 19254164533882822 16946448657030364 4391572623365032 5081905180091396 15629556727277862 14076479138501715 14915857042867217 12877997613433764 7050014848057826 3652430836071053 8438777057174190 12973030184075076 18812582366745940 14978447182697840 16091734831457949 12079527764191030 6039763882095515 27863400576783324 22438695235531752 16060496769886080 17873579212188627 19184055329127103 13162217895057704 42355987995840015 29261615404137199 26415807633566326 37274405776748077 39919565526999991
3 4 5 6 7 8 9 10 11 12 13 14 15 16 17 18 19 20 21 22 23 24 25 26 27 28 29 30 31 32 33 34 35 36 37 38 39 40 41 42 43 44 45 46 47 48 49 50 51 52 53 55 56 57 60 63 64 66 97
5 29 35 80 78 135 144 209 117 148 117 129 95 55 76 92 41 39 33 60 26 36 18 28 20 14 12 21 10 11 12 8 14 9 6 6 9 4 3 2 7 4 2 2 4 1 4 3 1 2 2 1 1 1 2 1 1 1 1
5 33 57 199 253 799 1030 2570 2042 4658 4521 8043 7643 6581 12242 18869 10663 16454 16069 42859 21326 44244 19592 58303 41017 42019 33858 83190 52651 89064 94614 69188 137940 119932 98676 137644 205983 97504 84172 143816 356061 322520 120351 112014 332454 150350 540125 467024 124754 441819 494323 281589 479886 386155 1288707 715220 1932934 2600312 92669720
