8 20 21 32 33 44 45 56 57
547 4442 642 36564 4898 39647 4775 7605 872
10892 118314 21576 326491 41588 122635 14566 9448 1075
802999 4493654764 2756144753 14752942661657726650 2155629337914024414 1118589754456332144 120222258528535902 1327141614538 112787329801
8 20 21 32 33 44
92 432 65 267 31 5
561 1582 241 403 55 5
26102 83293858 565365 8832066 529506 1367
3 4 5 6 7 8 9 10 11 12 13 14 15 16 17 18 19 20 21 22 23 24 25 26 27 28 29 30 31 32 33 34 35 36 37 38 39 40 41 42 43 44 45 46 47 48 49 50 51 52 53 54 55 56 57 58 59 60 61 62 63 64 65 66 67 68 69 70 71 72 73 74 75 76 77 78 79 80 81 82 83 84 85 86 87 88 89 90 91 92 93 94 95 96 97 98 99 100 101 102 103 104 105 106 107 108 109 110 111 112 113 114 115 116 117 118 119 120 121 122 123 124 125 126 127 128 129 130 131 132 133 134 135 136 137 138 139 140 141 142 143 144 145 146 147 148 149 150 151 152 153 154 155 156 157 158 159 160 161 162 163 164 165 166 167 168 169 170 171 172 173 174 175 176 177 178 179 180 181 182 183 184 185 186 187 188 189 190 191 192 193 194 195 196 197 198 199 200 201 202 203 204 205 206 207 208 209 210 211 212 213 214 215 216 217 218 219 220 221 222 223 224 225 226 227 228 229 230 231 232 233 234 235 236 237 238 239 240 241 242 243 244 245 246 247 248 249 250 251 252 253 254 255 256 257 258 259 260 261 262 263 264 265 266 267 268 269 270 271 272 273 274 275 276 277 278 279 280 281 282 283 284 285 286 287 288 289 290 291 292 293 294 295 296 297 298 299 300 301 302 303 304 305 306 307 308 309 310 311 312 313 314 315 316 317 319 320 321 322 323 324 325 326 327 328 330 331 333 334 335 337 338 341 342 345 346 347 350 351 354 356 364 365 366 375 382 386 390
381 1598 3960 7137 10417 13474 16565 18327 20092 20351 20819 19629 19030 17730 17002 16131 15272 14429 13803 12977 12667 11622 11427 10931 10548 10091 9677 9319 8935 8666 8361 8045 7780 7384 7204 6944 6742 6300 6108 5973 5828 5536 5498 5138 5086 4809 4625 4512 4417 4203 4273 3882 3956 3706 3615 3616 3488 3453 3363 3217 3181 2998 3004 2942 2801 2628 2698 2589 2481 2360 2377 2272 2195 2123 2178 2077 1913 1954 1941 1859 1921 1793 1731 1729 1688 1713 1609 1587 1574 1480 1438 1350 1365 1289 1250 1271 1166 1253 1199 1153 1099 1067 1057 1065 1058 1041 977 992 937 966 921 841 804 801 799 796 736 751 747 717 732 632 691 672 648 673 601 643 578 598 536 538 575 532 563 510 472 474 483 479 446 417 413 439 411 390 395 395 388 339 355 332 363 325 321 293 307 295 285 305 267 256 279 271 241 215 249 240 231 223 224 215 199 208 207 196 196 188 171 184 193 178 178 175 152 143 166 153 159 161 132 140 147 137 107 116 110 111 105 107 104 111 105 126 101 124 112 98 96 84 79 102 80 89 61 84 77 80 82 49 68 64 71 70 51 56 46 50 49 51 55 41 49 55 50 40 47 35 45 38 41 36 24 32 35 32 34 37 34 30 22 25 22 27 27 13 19 20 18 23 22 18 16 25 15 17 17 22 18 15 13 16 10 16 13 19 13 11 17 9 10 8 10 14 7 5 8 15 9 8 7 7 11 11 1 5 9 10 5 4 5 6 9 6 4 3 4 4 5 1 2 2 2 7 5 2 2 2 6 2 3 3 6 2 1 5 1 2 2 1 2 1 2 1 1 1 1 1 2 1 1 2 2 1 1 1 1 1
381 1750 5686 14096 29727 57697 105407 178733 293394 453204 684800 971936 1354112 1835455 2453316 3265934 4243007 5390635 6864412 8485142 10837914 13156251 16551681 20133448 25138436 30619928 36578667 44566370 52534970 64187258 76365878 91274114 107042712 124599707 147974043 175506062 202180222 229461115 266591033 317106342 363821802 426913797 500170427 559358469 648548092 735027403 846327912 936454966 1131628729 1232953587 1490618521 1569026835 1854512547 2062151642 2269935451 2747125858 3021893631 3517904237 3933001782 4395516229 5004030342 5436062014 6367897435 7090837271 8049727110 8681521267 10326429076 11083448791 12428752576 13771008940 15599603481 17133768640 18749139352 20623746902 24539028444 26647147418 29188936035 31734821575 36280760643 40685113474 47335711052 51144991646 54640153101 63077076589 68942730494 78520661195 86237901431 91741206355 108072852937 115722560733 122513538678 130121585903 150730937963 162371126518 185519960575 201811973343 213438613225 244168811509 264186336424 291454700177 314004573007 346807813461 377040453507 438041503153 487277730390 535698533942 558041005994 627246366732 661903292566 800802588087 861072628511 857650342129 878982149003 963859105489 1114926649342 1169882112356 1266405513831 1453145896360 1568977540710 1733215892557 1921510443687 1808906027898 2259597795276 2473114972754 2762650595118 3022964663543 2977063176991 3538895135946 3555767325486 4115832633726 4138048884060 4585337434103 5234496493890 5133272190136 6545037990207 6133357111126 6516694563422 7225474747223 8101725710150 9244920417663 8773194392124 9223134998084 10007857332381 11422820308682 12816616805377 12806144240508 15016586394828 15838875233176 17163384024759 17694963642440 19096061402584 19601177217133 23012292834880 22518840015486 26390233572957 25686523685751 29660860359758 29547895968810 33673305033146 41146022007089 38664784768896 39260790141240 47113353372175 51214990975778 50029294507214 48709312622972 59441681347066 63380517824203 63152972889317 70165197099144 76769479122076 80059411080449 86887953726517 90349782112863 105601555824622 106239727801613 118091218059593 121869294293850 117575232264825 144809588663620 160237501860427 168104041764655 186134307981674 196880798314356 181394333369999 195245305970103 247286758733533 244037640608464 257630333834267 303291574618834 276457254278175 304559588826393 350081734079400 341215547963286 329252459152187 342120098517800 355137194212593 408148299149973 408796552668405 490881645525982 480063193436358 600012474338717 565214443881726 742848181576663 611224996359982 848161983427124 913779704837912 813257664361815 895711627110778 823210562012575 783219945566281 1214361392860731 990522955377300 1172409528721555 885395869444752 1369519633638332 1373893517598012 1521833678306836 1666867881828364 1002906238879720 1539052279147864 1726553184109056 1935953538692733 2124720446014731 1706843171305309 2072530166357310 1902004189823986 2062463601373799 2305885635331240 2429186951050828 2677147487708295 2502276971878595 3012602160879778 3648638407607797 3615182772962807 3170949353319963 4339637581300956 3317319710292551 5000186371051640 4242833934158549 4496798902952160 4406257854122287 3163950525993106 4679876544471100 5537153929621918 5180432152058804 6034062664068345 6809727400405414 7476160996724066 6901342817004991 5169076733213730 7520244066336226 6571446203679608 8624764479559606 8872494374915818 4715568827805823 7514383507755425 8336231569002954 8083965277600558 10888422289079773 12851752974433545 10040088911166985 9308897581311536 16259614288312814 10869792249943001 12183798248582405 15984868573751130 20328392575252085 16604106656464926 15811219178505148 13884348255900680 21269784416728795 13227846156476209 21381189314289145 22822410062432536 30671951871023935 21999690307640697 21677116967011721 34576178005991065 19408402361315489 21338021280395396 20261375306108229 26212346487633976 39278999560490342 22481155299526340 15358273189306101 26468333661380856 59797702796449381 35333299453404798 36800631288893163 38332157818029882 34104266395304588 61363120783917712 65921425814619528 6039763882095515 31539550145428294 61734299263528993 86158776401923737 39600558618282744 41921985596281155 45632828022359433 58230055443061208 93010545732358199 67056830776386094 48243196135510499 39486653685173112 54561761120675418 59547520881851587 93051384027088102 17414180133147295 37342976599200728 38688915062177309 42916192074705782 156374314734008021 121600431258809297 56610040681992006 86936222671834970 64976586702933308 236668699532163282 74548811553496154 119758696580999973 128244234107864088 271609870753844836 98011287270475750 52462044228828641 292629253744748210 64325374609114550 147306575723700678 157602510605333230 84300815636225119 192900220384405520 103151466321735325 252217035667592710 134819180623301520 164637479165761044 175943559810422753 188008647052292980 229272286871217150 489809074910764812 298330063062758076 340122810048577428 1145224117796075118 1221796807503768202 651688879997206959 1161537834849962850 1812356499739472950 2332821198543892336 2998964447736452194
3 4 5 6 7 8 9 10 11 12 13 14 15 16 17 18 19 20 21 22 23 24 25 26 27 28 29 30 31 32 33 34 35 36 37 38 39 40 41 42 43 44 45 46 47 48 49 50 51 52 53 54 55 58 59 61 62 64 71 72 83 85
3 38 40 121 120 238 141 277 166 284 146 173 127 122 55 120 67 80 41 46 38 45 28 40 19 22 23 21 11 20 6 17 13 16 16 7 6 9 4 14 2 7 5 2 6 6 3 6 6 2 3 1 2 1 3 3 2 1 2 1 1 2
3 42 71 331 404 1392 1054 3788 2714 8206 5283 11087 10382 15149 8165 27964 20387 33254 18453 26958 25348 49431 29677 72158 38308 63554 76398 110209 49210 126047 39482 197442 138088 201274 248324 146594 121509 260005 113938 630388 83215 411303 327105 159522 553003 809444 319959 1394178 1111460 589092 641596 408452 551276 386155 1488396 2456616 2145660 966467 9650249 3087735 24264328 38510582
