32 44 56 68
16197 44660 25582 13559
1032362 459701 115486 23858
2234725478231546559 8044732599848343906 1135783317903098740 541598608754331
32 44 56
788 240 4
2713 392 4
76632930 3576370 37
3 4 5 6 7 8 9 10 11 12 13 14 15 16 17 18 19 20 21 22 23 24 25 26 27 28 29 30 31 32 33 34 35 36 37 38 39 40 41 42 43 44 45 46 47 48 49 50 51 52 53 54 55 56 57 58 59 60 61 62 63 64 65 66 67 68 69 70 71 72 73 74 75 76 77 78 79 80 81 82 83 84 85 86 87 88 89 90 91 92 93 94 95 96 97 98 99 100 101 102 103 104 105 106 107 108 109 110 111 112 113 114 115 116 117 118 119 120 121 122 123 124 125 126 127 128 129 130 131 132 133 134 135 136 137 138 139 140 141 142 143 144 145 146 147 148 149 150 151 152 153 154 155 156 157 158 159 160 161 162 163 164 165 166 167 168 169 170 171 172 173 174 175 176 177 178 179 180 181 182 183 184 185 186 187 188 189 190 191 192 193 194 195 196 197 198 199 200 201 202 203 204 205 206 207 208 209 210 211 212 213 214 215 216 217 218 219 220 221 222 223 224 225 226 227 228 229 230 231 232 233 234 235 236 237 238 239 240 241 242 243 244 245 246 247 248 249 250 251 252 253 254 255 256 257 258 259 260 261 262 263 264 265 266 267 268 269 270 271 272 273 274 275 276 277 278 279 280 281 282 283 284 285 286 287 288 289 290 291 292 293 294 295 296 297 298 299 300 301 302 303 304 305 306 307 308 309 310 311 312 313 314 315 316 317 318 319 320 321 323 324 325 326 327 328 330 331 332 333 334 335 337 338 339 340 341 344 354 357 359 364 368 384
245 1418 3795 8610 14614 22889 30216 37518 39149 40770 40858 40816 39182 38431 37076 36144 34783 33387 32452 31939 30431 29616 28903 28216 26696 26083 25459 25406 23983 23136 22752 22353 21268 20697 19793 19929 19058 18607 17755 17619 16777 16517 15973 15715 14719 14848 14342 14020 13650 12809 12345 12797 11847 11451 11186 11223 10484 10591 9923 9994 9522 9500 9138 9019 8321 8008 7943 8008 7702 7477 7078 6951 6717 6517 5977 6453 5951 5694 5717 5437 5140 5256 4719 4996 4812 4578 4345 4341 4151 3897 3787 4101 3744 3800 3404 3404 3400 3248 2911 3391 3042 2830 2816 2692 2536 2699 2462 2608 2450 2380 2199 2219 2156 2073 1882 2042 1828 2019 1775 1705 1723 1689 1459 1702 1492 1452 1519 1362 1378 1374 1208 1350 1359 1191 1104 1161 1108 1052 1015 1100 1013 1080 960 969 943 900 820 892 798 826 763 727 761 763 676 705 678 620 651 653 587 538 600 571 456 547 473 503 455 448 399 443 405 444 383 374 357 366 318 329 325 320 312 374 270 279 263 281 232 281 242 255 227 249 179 242 187 208 186 189 163 227 181 180 168 142 143 175 149 126 141 155 112 121 113 131 99 140 100 135 97 94 93 91 85 102 91 82 81 85 74 88 83 66 66 73 62 69 59 52 113 50 47 63 43 42 40 36 33 37 39 30 39 29 28 33 24 26 25 26 26 22 22 13 21 21 20 29 24 12 13 22 13 16 19 20 20 17 14 19 16 17 21 14 10 15 8 11 11 12 5 12 9 8 5 11 7 8 5 8 8 8 51 8 3 5 7 8 1 8 6 4 5 3 3 4 5 2 2 2 5 1 3 4 2 1 3 3 3 5 2 2 1 1 2 2 1 1 1 1 1 1 1
245 1549 5276 16072 37892 85960 160333 303341 483221 782882 1163869 1764672 2457980 3549816 4748204 6517824 8648371 11470159 14615222 19487081 24592083 31244962 39334446 49720077 60093035 76882917 93050747 116173112 139081691 169202148 202819999 249199083 292349859 353066531 412436407 510243231 589551201 711018553 809454768 978056277 1124028208 1364468489 1535810483 1794117675 2013445177 2436341420 2802115943 3254785527 3745731812 4232457167 4800765899 5730298311 6210288883 7243326837 8112004901 9747413752 10584948374 12472432618 13685617693 15928727343 17168683185 20872178890 22619395903 26103832073 27766210082 32073411606 35557175412 41273826232 45560940669 51135891372 55845543906 63954505368 69275966923 79541687077 80268579922 97901272103 103945637774 118765550177 130415004480 143729533454 150878677820 180850737949 181148913384 221453607466 233187058111 272159199872 271280838112 314009218122 335537893064 373770543315 390595005702 483617220455 482393659875 596451790566 555284599553 652557262975 695203619930 796218774908 784830518602 1025440406958 982523796156 1105047482788 1138813606979 1294483614524 1312061512179 1621579525456 1611098007406 1953731657623 2022460606320 2352568021659 2216790085755 2545813294519 2712096784383 3062637644983 2988342743965 3647088144801 3514527284605 4532156647087 4232157083897 4577621000265 5037367681312 5897606363856 5381359634467 7048080467000 6591257995686 7791590524259 8530789578418 8335922984312 9314753923773 10594279797072 10002844406769 12653604567209 13589361611958 14864655439662 13800255369507 16494667598724 17575029246843 19112356307827 18645487264375 22955558544658 23022117405976 28973856168772 26946174162855 30351512380016 32403228263128 35053130917695 33059477828568 40627637433649 40000356117271 46853167395098 47187604276729 48611780673606 54426447220415 62627987517677 60206396025730 71120266817473 70782200943191 78848625238898 86328045800943 90150619894336 92791454768393 96581365756706 110622408632335 117329051524842 98611844082109 143017573032576 129626730334690 146549777844081 145623247742954 160392354621584 157498202259617 177392468984120 190528780128986 239804848018151 210741762496308 222257908653383 228630323864423 259977612050077 256646652081335 264706742777095 275317068202093 338277975227011 314920839407402 421635385809707 342053223390235 394223621810414 425235204981127 468874804617965 414790162547791 588390367339559 529669980666400 598369243794670 553668953207031 709505316940647 545309794394048 795220237412984 640396328073361 856172757600248 786687389797749 894758012703598 753133089609142 1229311247371346 1044240133546062 1166286011762447 1117235837979761 1225060470603698 1204235193683984 1681894883299304 1367000943740439 1454033001486761 1569534171302550 1986973732841822 1450635710053478 1787126853516726 1836066188149302 2223005036452698 1750424322222635 2831732914146707 2267771819262659 3231423947573140 2253032242236882 2900553015822399 2729206982837443 3097301675496714 2944938633006729 3915848549160992 3897234625880757 4030770529535836 3457826501317493 5008889586563059 4195124757152594 5351373452440597 5393958543527648 5094755551369655 4963836313755370 6331949793638475 5674363138321637 6870825453171983 6360727407365657 5653075399342868 12224155437304612 6825407484856806 6379263394145595 9780263238510558 6728630643246274 7476474695702794 7499856939200449 7155489273228140 7221574891462158 9230518525717572 9945586507675451 8142656928994223 12430627076198126 9039797957718377 10238481361115226 11462213075903380 11199587987327223 11183621003265377 12559882409403667 13841147730476586 14579434477537020 13095263719863179 14623044050031455 7722568482125419 14559097972426352 17700619600874724 17478726466520483 26266534957591890 24627682801015386 14836384808560523 14325949259103178 24733185154510108 16285207948465595 24761821615972653 27060658757952886 30649352381062465 34392078654613818 30604822608784062 26014754768144916 38961066471614469 35778762707528362 42884969757554169 57790261378458570 46888670181833586 28359014887385450 45411195348259977 29865917673367629 41790395440178396 41817687149291797 60356164257829695 22356401036190639 61309785156709904 45297674561375108 54286818808521385 30198819410477575 68225043682984957 54289273102216419 71713361179217322 37397825392552920 67193226532154245 74024663493788816 85311414797552115 543523892859990789 86815071550937242 35973978116281034 63132089847803803 95004859576070831 131165124281828801 16239786535829663 136964653870543096 106999697131789908 77377830124354618 104409141637212563 88916205385680456 73950318452491470 105663230534265304 166051696631116664 84915061022988009 90978545969528892 74548811553496154 191662348384244213 42748078035954696 174016592651442116 196022574540951500 101467687864066516 60105349839666544 188756099057895644 261811009773417500 211323059753998039 383710341631700523 168601631272450238 192900220384405520 96450110192202760 110307860425292772 235898983092227944 252217035667592710 154043597379576030 298330063062758076 363117512048110005 413766180933342362 572612058898037559 741433159884081684 2056513475336633805
3 4 5 6 7 8 9 10 11 12 13 14 15 16 17 18 19 20 21 22 23 24 25 26 27 28 29 30 31 32 33 34 35 36 37 38 39 40 41 42 43 44 45 46 47 48 49 50 51 52 53 54 55 56 57 58 59 60 61 62 64 65 66 68 69 70 71 72
7 24 44 106 117 176 154 213 156 198 146 175 92 144 107 114 87 100 76 98 44 68 87 62 39 36 27 38 33 29 22 20 27 30 11 23 14 17 17 10 3 9 8 6 4 7 18 3 5 5 1 5 3 7 4 2 2 2 4 7 3 1 2 4 2 2 1 1
7 31 68 266 422 985 1120 2720 2551 5309 5291 11068 7157 18320 16149 26345 22545 39532 38176 65753 41549 92295 91602 131612 82436 127897 69866 183662 158277 240083 182382 265919 281436 392897 188241 678515 309420 500478 628721 485883 78045 517749 352716 337854 409838 970876 1640175 575804 950022 864051 147273 1814448 816904 2423146 2075689 1335488 1299133 1580469 3097175 7187428 5296308 1300156 4175944 11694882 3754188 9294080 4647040 6175470
