25 37 49 61 73
3323 28179 40547 21366 6577
758958 814643 268014 68813 8259
1603771207763954412 43616268494129215497 5213768504423043054 359192232002069673 582902381037
25 37 49
370 558 108
3152 1360 139
106529939 34036264 167572
3 4 5 6 7 8 9 10 11 12 13 14 15 16 17 18 19 20 21 22 23 24 25 26 27 28 29 30 31 32 33 34 35 36 37 38 39 40 41 42 43 44 45 46 47 48 49 50 51 52 53 54 55 56 57 58 59 60 61 62 63 64 65 66 67 68 69 70 71 72 73 74 75 76 77 78 79 80 81 82 83 84 85 86 87 88 89 90 91 92 93 94 95 96 97 98 99 100 101 102 103 104 105 106 107 108 109 110 111 112 113 114 115 116 117 118 119 120 121 122 123 124 125 126 127 128 129 130 131 132 133 134 135 136 137 138 139 140 141 142 143 144 145 146 147 148 149 150 151 152 153 154 155 156 157 158 159 160 161 162 163 164 165 166 167 168 169 170 171 172 173 174 175 176 177 178 179 180 181 182 183 184 185 186 187 188 189 190 191 192 193 194 195 196 197 198 199 200 201 202 203 204 205 206 207 208 209 210 211 212 213 214 215 216 217 218 219 220 221 222 223 224 225 226 227 228 229 230 231 232 233 234 235 236 237 238 239 240 241 242 243 244 245 246 247 248 249 250 251 252 253 254 255 256 257 258 259 260 261 262 263 264 265 266 267 268 269 270 271 272 273 274 275 276 277 278 279 280 281 282 283 284 285 286 287 288 289 290 291 292 293 294 295 296 297 298 299 300 301 302 303 304 305 306 307 308 309 310 311 312 313 314 315 316 317 318 319 320 321 322 323 324 325 326 327 328 329 330 331 332 333 334 336 337 339 340 341 342 343 345 346 347 348 349 351 352 353 354 355 358 359 361 363 364 366 367 369 370 373 374 375 376 379 382 387 390
276 1385 4261 8879 15451 24445 36358 41637 46085 48839 50682 47177 49388 45040 44029 41781 42422 38952 39679 37093 36556 34327 34053 31192 31696 30110 30056 28067 28401 26490 26441 24605 24272 23604 23784 21704 22505 20744 20212 19310 19311 18367 18751 17318 17686 16279 16466 15419 15310 14672 14976 14007 14335 13095 12953 12363 12343 11923 12056 11346 11569 10771 10543 9818 10209 9637 9837 9008 9117 8377 8473 7981 7889 7526 7789 7102 7459 6879 6628 6350 6591 6114 6261 5890 6090 5697 5605 5114 5223 4909 5089 4723 4916 4396 4442 4145 4132 3988 3928 3927 3995 3737 3432 3362 3438 3298 3301 3094 3154 2943 2897 2721 2791 2644 2574 2461 2441 2260 2226 2080 2166 2045 1989 1883 2008 1825 1720 1659 1834 1637 1543 1547 1521 1411 1468 1388 1433 1327 1183 1276 1356 1136 1136 1069 1071 1090 965 971 973 952 877 916 977 863 812 878 829 777 722 735 867 677 587 661 752 648 752 704 580 558 514 507 555 555 508 524 585 452 439 507 498 426 441 443 537 444 350 420 435 403 401 396 432 376 305 348 344 320 316 329 387 271 253 292 358 285 280 236 316 291 228 247 275 211 248 231 232 194 222 179 268 195 191 179 241 185 141 208 170 147 177 150 187 141 143 127 171 121 141 144 157 113 95 106 147 126 101 106 134 116 85 99 108 97 99 81 92 87 71 83 102 76 76 81 95 70 64 70 67 64 51 62 76 58 65 52 52 44 49 46 54 41 28 32 27 30 25 29 29 15 18 13 12 10 15 17 9 9 12 10 17 15 10 14 15 10 12 6 11 5 31 9 8 9 12 6 12 2 7 7 8 7 10 4 7 6 2 7 3 4 6 3 2 1 5 2 2 3 2 1 3 1 1 1 3 1 1 2 3 2 1 2 2 1 2 2 1 1 2 1 3 1 1 2 2 2
276 1517 5879 16406 39667 87823 183451 316951 545403 868866 1364096 1919225 2943861 3888576 5493755 7161599 10148779 12667542 17279784 21649833 28235737 34375434 44879594 52203115 69296997 82334756 103196613 123187377 156430650 182512092 228786926 258430370 320702159 379223344 461498203 525372034 654666465 730558171 881009266 992560605 1200114399 1376869763 1655448834 1871677317 2272507047 2491653730 3033025988 3293838778 3900023017 4439928974 5310174953 5879041875 7057520324 7558604170 8871522923 9724622167 11549893602 12747492838 15047097327 16711121872 19737713371 21295133114 24696444701 25764051399 31978833600 34007832261 40161609524 42771902925 49932664442 52530716108 63459812019 66307798346 74548262182 81045397828 97289237562 99487785812 122385354330 128267541306 143129369493 153682372189 181726287416 189139605997 225684095263 236669968917 279307037302 294626227854 340244272538 333753490768 399507611939 419223808293 487695457682 524407018294 604439507370 605487030392 741361426993 733864903833 851422070447 908631454440 1035290859376 1112104680394 1334947788448 1370796220004 1474929092153 1556261413411 1775678675243 1856855564784 2168911399099 2263312914302 2587739215797 2741535641117 3053637395044 3084775727469 3753790814079 3728301979160 4217825494148 4325600411325 4899479091468 4908376952079 5732909895052 5485687965465 6592327396014 7068812880100 7507421244002 7714875097982 9603013965911 9158583535904 10073952784421 10573423881776 12720384408411 12210918104257 14008741557031 14571520164188 15834435030887 16783024357329 19441265744738 19623931796957 23009959222423 22407532834135 22469864429606 27670002001385 31082163042752 28843234453521 33474106018384 32359152713174 35109201159876 40827252474464 40047629766558 43771421258461 47819914603537 51271241420935 50749904081162 61039973379753 66032716701974 64829563150311 69209073239807 78992968413260 83722892053099 91842378672793 87926772111820 91540457862190 127135148161366 109659300298837 104911794402138 142866678993802 144326602216362 155470577760898 196943547321793 183536127690789 172387305201506 188996378859310 192439876441968 208115556098464 252008359883950 271727732609868 252909265429958 318747749124220 345765917022140 302162913816709 354347669972410 408068498924870 397786970659104 430015942295287 473063499071907 488843438342496 710518307632407 601158391728843 532084367527236 744942860851185 743107402325621 793853619204801 896618926010265 918796932442435 1034869140301622 1131578447165090 902206228731562 1103294925135920 1207103273147887 1332379678514508 1397168088343259 1567774035541345 1894563329204832 1473178525706549 1630937260170609 1866268383830193 2292260985331134 2373841153468090 2483128396178306 2170875153270585 3435177217205607 2993722248238882 2704192700982866 3438063263193492 3459391589336808 3135677566826976 4581069288019692 3870388169699554 4086263647051884 4531508162888644 4907042184822206 4031897691735914 7462425156746009 5340771732341973 6217299804212076 6324684638604795 8264160372185766 6882381127526012 6486846831015204 9844386873167609 7435755826565655 8707458076394495 11096706187941209 9069967967430476 14445567524270760 10670777420179585 10088916180318556 11876586349484986 15910995464583615 12329604989806207 20014148567951856 16577597783730090 19763812827984158 16841406674567308 15668081096050894 17160978263003040 25411718258977554 23869361406803458 20941547792812134 25425650462977604 32719047833703990 28523323701741403 26252307741783659 29624053096612450 34004073750676905 40713541479891338 39018203031569566 30719940324187315 46122284930233344 43387639583891096 38266894173949097 55765872646065145 55391451175665150 47959353030947685 72493008613153168 61189620595752516 76620946159284796 71054013441936490 60682450242104387 72930077999676819 73059118589768832 77754359274778030 74245050334509506 97856326984257751 121233346451634284 92637659345124858 124308150276628997 99293903407575565 84511946648175731 121230058874019970 133545120534913479 108590020740791461 158457221078241157 126644955924953161 80587846915619102 132669867490410830 89533797641984039 130527225796160180 121841335506443268 140445871809792234 136940042191366664 81430300256321602 89322481221821049 65844038283610790 63747923914839460 60298433122668923 90857724587395454 116990064984732650 67741797373491338 65774940903650997 101639812472097240 115374716841812485 162127386232214797 179875912531827832 103667876964907038 177521197328240809 191305432659227274 128943179323092323 174934611716639356 101903508877691602 200148886996060929 83547719873783579 589943776588493234 210770125147510328 184478848687520343 242206698883419585 287550776333250115 153197741353190448 360408413603229331 60652363979685928 214445385290524438 297019963199148238 320628946546889211 303485565714488444 487520323850864007 262537029230974840 339806220355005278 307859464185790314 104924088457657282 408891205697289043 188756099057895644 390461758991646600 496299407369846417 236403765907999845 180350869961099246 96450110192202760 544382908022906413 235898983092227944 252217035667592710 404457541869904560 288235873055747664 164637479165761044 527830679431268259 188008647052292980 200882556287683159 214618299743286299 734713612366147218 261578907351144125 279363328483702152 596660126125516152 955667921364987252 775265065838058446 413766180933342362 942628128536797560 1073358140621382242 572612058898037559 1303377759994413918 1390287426917892080 790738119649411319 843250788562528427 2044282456734690724 1089657644424399782 3484613504549888550 1238057794119125085 1498478743590581081 3624712999478945900 4968610588530836360 5997928895472904388
3 4 5 6 7 8 9 10 11 12 13 14 15 16 17 18 19 20 21 22 23 24 25 26 27 28 29 30 31 32 33 34 35 36 37 38 39 40 41 42 43 44 45 46 47 48 49 50 51 52 53 54 55 56 57 59 60 61 62 63 65 66 68 70 74 75 78 83 86
6 26 41 126 131 266 189 404 236 338 275 347 157 234 174 193 128 149 97 139 87 101 59 83 61 81 49 54 41 50 34 40 32 27 17 20 13 10 7 17 10 11 5 9 5 5 4 8 7 6 3 1 3 3 4 4 2 1 6 1 1 5 1 1 1 1 2 1 1
6 34 59 302 361 1326 1171 4842 3547 9166 8875 21749 10881 27422 23937 46789 35166 65043 46948 97405 75650 136796 75901 183677 136621 253394 187040 348467 202830 385318 282408 445585 476872 470116 430695 532347 338456 377209 326640 853391 447240 690839 301090 708493 435396 641745 526225 1141986 1253044 1344262 679187 204226 816904 1126356 2829282 2655758 3616063 715220 6436980 715220 1300156 11701404 2012558 4647040 4087968 4697205 21268500 15796476 41012510
