27 39 51 63 75
9087 32065 34638 20686 3518
1755813 646815 207590 55838 3923
1583676432487529479 17542549984655712459 2402372349245046738 92330521528173747 5972178863
27 39 51
994 398 62
6084 793 83
268630222 8267300 238939
3 4 5 6 7 8 9 10 11 12 13 14 15 16 17 18 19 20 21 22 23 24 25 26 27 28 29 30 31 32 33 34 35 36 37 38 39 40 41 42 43 44 45 46 47 48 49 50 51 52 53 54 55 56 57 58 59 60 61 62 63 64 65 66 67 68 69 70 71 72 73 74 75 76 77 78 79 80 81 82 83 84 85 86 87 88 89 90 91 92 93 94 95 96 97 98 99 100 101 102 103 104 105 106 107 108 109 110 111 112 113 114 115 116 117 118 119 120 121 122 123 124 125 126 127 128 129 130 131 132 133 134 135 136 137 138 139 140 141 142 143 144 145 146 147 148 149 150 151 152 153 154 155 156 157 158 159 160 161 162 163 164 165 166 167 168 169 170 171 172 173 174 175 176 177 178 179 180 181 182 183 184 185 186 187 188 189 190 191 192 193 194 195 196 197 198 199 200 201 202 203 204 205 206 207 208 209 210 211 212 213 214 215 216 217 218 219 220 221 222 223 224 225 226 227 228 229 230 231 232 233 234 235 236 237 238 239 240 241 242 243 244 245 246 247 248 249 250 251 252 253 254 255 256 257 258 259 260 261 262 263 264 265 266 267 268 269 270 271 272 273 274 275 276 277 278 279 280 281 282 283 284 285 286 287 288 289 290 291 292 293 294 295 296 297 298 299 300 301 302 303 304 305 306 307 308 309 310 311 312 313 314 315 316 317 318 319 320 321 322 323 324 325 326 327 328 329 330 331 334 336 337 338 339 340 341 343 344 346 349 352 355 356 358 359 360 361 364 370 374 376 377 392
247 1445 4019 10931 18367 32411 45856 59501 62858 70792 70615 69236 66219 67777 62600 60374 58450 57793 55613 53921 50375 50804 48298 45810 44296 45466 41938 41664 39718 39110 37533 36931 33942 34987 33334 32001 30323 31146 29049 28120 27266 27137 26076 25696 23835 24303 23215 21887 21280 22184 20275 20283 18884 18658 18150 17782 16384 16992 16343 15672 14931 15393 14036 14074 13303 13370 13033 12952 11706 11910 11457 10622 10305 10743 9919 9916 9460 9269 9144 8916 7798 8449 8180 7847 7390 7513 6850 6828 6609 6360 6617 6624 5687 5868 5658 5154 5134 5247 4890 5207 4629 4389 4489 4262 3828 4157 4104 3775 3631 3743 3532 3443 3358 3200 3402 3341 2847 2861 3034 2573 2756 2718 2533 2618 2392 2267 2445 2227 2024 2222 2230 2106 1941 1938 1858 1842 1817 1728 1872 1775 1482 1594 1610 1367 1421 1520 1436 1536 1315 1210 1390 1252 1094 1206 1239 1190 1045 1115 1072 1077 967 1027 1031 1149 854 883 988 794 801 825 805 819 768 712 784 712 608 688 706 700 590 560 627 555 513 526 551 565 456 481 510 441 403 489 407 510 408 348 411 356 326 405 347 379 327 319 300 314 268 298 288 337 237 243 239 201 258 232 202 249 198 193 168 169 150 182 162 198 157 146 130 121 126 116 115 155 114 121 98 104 86 97 96 120 84 80 72 74 65 60 70 78 59 56 42 48 44 54 69 45 34 39 59 40 24 34 28 23 27 18 22 23 17 23 21 15 18 19 15 24 22 13 21 11 8 15 12 17 11 12 16 14 11 7 7 9 3 12 7 5 6 9 5 3 3 7 9 7 6 12 6 7 5 7 3 6 4 5 3 5 3 2 3 2 2 5 2 4 5 2 3 2 3 2 1 1 1 1 5 1 3 1 1 1 1 1 2 2 1 1 1 1 1
247 1572 5575 19284 44877 110650 219266 428600 689458 1184880 1777646 2712716 3808518 5581945 7429453 10163292 13513666 18337736 23669091 30907022 38541708 50418230 62052501 78208618 96281677 123640287 146812961 185010396 221370418 273015921 327037993 397397595 463427413 569518115 662963026 800777305 923732403 1119215191 1290702296 1513282680 1761579440 2131442310 2419846909 2854484021 3251304216 3821714791 4471932657 5027755390 5763459451 6842169542 7563965819 8850790246 9910870910 11405060457 13110319552 14908701362 16268101408 19510936940 21730768865 24896609934 27535165654 31905115935 35137839610 40903055005 43245673516 51434748820 56212630163 65732395694 69747666347 78516806870 87687848608 96383370016 105492530114 125140318743 131899771377 150917301632 165405705524 185912304511 208323828434 232489275125 232280424091 283798322572 309400399937 338990183524 368555689641 415186156835 433438854182 491533452763 521821717255 601141016196 668944518839 769615914127 747753044973 872676277935 938250433464 1011875791905 1088409546463 1279735444908 1267344664537 1570247455971 1537710391302 1703152618179 1821939916343 2029775265367 2045974451192 2494110906123 2662629603968 2814837860957 2917819654388 3548615709285 3525738623438 4020073912034 4205840066878 4528050023493 5246199094164 5795042090367 5519890564331 6208763544463 7062304401125 6910522821007 8364558829122 8990223017954 9167246221488 10469721578956 10846535221921 11353328742652 13499179253728 14070886645368 13742181068415 17050903659948 18351861482253 19211369373085 19325184569973 22272143435791 22171723835758 25700429860162 26989977051709 29380523659497 34265870932796 37708527331473 32006551019529 41008587210252 45526928094427 41400674724592 48636128885581 57535863261859 58545283210878 68362329602892 61585513771130 66869327915595 82158516257225 82063124181205 79537768948726 98269285832925 109226604558948 114434075889838 108370922855987 134282899660771 133005094664462 158238980493248 145937974921171 179788505998086 189915779770170 236341256007619 174438867830670 227604420317287 269828939676144 237735642809113 257426481045618 295160351401393 309441533463882 333687263641425 351618110038487 365398508420567 442286308454532 434191635178780 390496593682494 503092703383611 546514972077650 583052568853495 497923881123233 588610748479286 709453407595831 681978457036498 669416350114435 756348568671155 849001817593419 963678795960491 818805158056761 1022010019599950 1144144615653347 1079449834311159 1073302152250226 1471763328239778 1297478225706756 1731933963714410 1432954116175385 1492049884304675 1848271050440579 1730331595739330 1659069786405354 2501414213207278 2237728681243154 2437347234963598 2203038437752499 2642582091576100 2672856758376601 2969790484095135 2610501085729697 3613168059654433 3392953235063974 4526962001192698 3077019637579122 4135937841493571 4027976349922082 3725021680635251 5379667859183017 4870265952607045 4746130305900850 6245716895740673 4887968296784346 6027229668578942 5107754366246538 6061790052869611 4807375671068987 7622613379961106 6395330289584620 9800613849349062 7120261414775735 9182234344253999 7127764541019531 8128688112571150 8274220397755397 8967457706439943 9487449264762453 14014649868976656 10053150079822565 15129565839599198 10061368451701313 13333087512886614 11392376427730530 14722646736113677 14332793588302663 23299407208592159 15780421129101193 16375871060274442 14786776204863014 17350626717736186 13856619163904622 16056709969998697 19647340216148883 27420098729342986 18676981606733829 24351573810809591 15966571261918853 18841830080058107 17977276613296557 27095454919552749 39082404023751683 26047138809504769 18736148262577048 20851707642147044 36187051586664498 27938183400515179 16723402517551467 27420768625003036 22823478366953655 21172574899519211 27375931437291273 16846276042720600 25312641365439574 26618846562454860 22748474916067275 38946634584576014 39577557667181493 27174467684649215 32554487927537739 35167764087337587 29030072572564845 60904145613058411 47767290455383680 31928982948237097 58659327379892921 34183907231605096 24830187296070201 45411195348259977 38666468983537960 69770409366818428 56427410493576009 60062697890732022 74248521772490943 83328401263329345 65148159800545032 38972327221457302 41028033604233875 57039336408761073 20418374415470750 86158776401923737 61488570547382040 49361986090702210 62241233912030906 86667193708911913 51107579642308181 34306626233466312 35973978116281034 86777526010434494 148610175926523948 130140834208251612 91954550230115633 230880192293568178 106999697131789908 157447537174662398 144443995162366453 179374321389495358 72300218957148317 151432039870454612 111330868656554335 151630909949214820 97464880054399962 169379451311255798 111823217330244231 79839131053999982 125415721598909383 91544717087156056 98011287270475750 262310221144143205 112313204225748578 344837108130830244 377512198115791288 157602510605333230 258777066252999861 186625545172752383 309454398965205975 220615720850585544 117949491546113972 126108517833796355 144117936527873832 154043597379576030 879717799052113765 214618299743286299 784736722053432375 318555973788329084 340122810048577428 387632532919029223 413766180933342362 441622981929358437 942628128536797560 1145224117796075118 843250788562528427 1089657644424399782 1238057794119125085 1319510599727473500 3398704041358160275
3 4 5 6 7 8 9 10 11 12 13 14 15 16 17 18 19 20 21 22 23 24 25 26 27 28 29 30 31 32 33 34 35 36 37 38 39 40 41 42 43 44 45 46 47 48 49 50 51 52 53 54 55 56 57 58 59 60 61 62 63 64 65 66 67 68 69 71 76 77 83 99
5 42 48 216 188 440 299 595 306 493 296 417 243 397 165 337 161 236 145 213 120 169 77 162 73 98 60 103 58 74 41 79 56 57 29 46 24 53 19 44 18 23 16 12 17 26 7 17 17 19 5 10 9 16 2 11 16 9 2 1 1 4 1 7 2 1 2 1 1 1 1 1
5 52 76 576 564 2473 1864 7539 4713 14383 10281 26327 17491 49304 26705 82472 42211 103227 72655 176044 85438 215565 111610 350273 164740 391317 227817 542465 358623 578846 348204 958029 621632 1050832 592129 1245820 542128 1955664 721400 2196354 1064316 1543134 957443 1489107 1474979 4054074 739139 3195433 2933310 7096630 1151951 3821364 2968111 8484773 941451 8498212 6425667 8890678 1140977 614154 715220 5490987 966467 14053865 4843322 10401248 6494258 4647040 10785566 5392783 13848650 118114304
