6 17 18 29 30 41 42 53 54
170 2075 408 25761 8374 35794 12226 11407 3776
5711 32382 5030 339473 115443 142864 47376 17574 5725
400010 58953929 7441446 6049169109754942832 4433683612799670187 3613088841215348982 1645869452042171433 175521000155094 42668908470159
6 17 18 29 30 41 42
32 315 68 334 102 16 3
171 1649 347 656 167 18 3
4814 3323276 334022 14262428 4360516 35299 930
3 4 5 6 7 8 9 10 11 12 13 14 15 16 17 18 19 20 21 22 23 24 25 26 27 28 29 30 31 32 33 34 35 36 37 38 39 40 41 42 43 44 45 46 47 48 49 50 51 52 53 54 55 56 57 58 59 60 61 62 63 64 65 66 67 68 69 70 71 72 73 74 75 76 77 78 79 80 81 82 83 84 85 86 87 88 89 90 91 92 93 94 95 96 97 98 99 100 101 102 103 104 105 106 107 108 109 110 111 112 113 114 115 116 117 118 119 120 121 122 123 124 125 126 127 128 129 130 131 132 133 134 135 136 137 138 139 140 141 142 143 144 145 146 147 148 149 150 151 152 153 154 155 156 157 158 159 160 161 162 163 164 165 166 167 168 169 170 171 172 173 174 175 176 177 178 179 180 181 182 183 184 185 186 187 188 189 190 191 192 193 194 195 196 197 198 199 200 201 202 203 204 205 206 207 208 209 210 211 212 213 214 215 216 217 218 219 220 221 222 223 224 225 226 227 228 229 230 231 232 233 234 235 236 237 238 239 240 241 242 243 244 245 246 247 248 249 250 251 252 253 254 255 256 257 258 259 260 261 262 263 264 265 266 267 268 269 270 271 272 273 274 275 276 277 278 279 280 281 282 283 284 285 286 287 288 289 290 291 292 293 294 295 296 297 298 299 300 301 302 303 304 305 306 307 308 309 310 311 312 313 314 315 316 317 318 319 320 321 322 323 324 325 326 327 328 329 330 331 332 334 335 336 337 338 341 343 344 345 346 347 349 350 351 355 357 359 360 361 366 369 370
335 1655 3913 7316 10970 14334 16495 17992 18973 19491 18999 18878 18165 17047 16333 15565 14800 14192 13438 12797 12431 11947 11635 11021 10544 10403 9899 9701 9355 8979 8673 8347 8425 8064 7742 7607 7527 7015 7051 6717 6676 6427 6234 6045 5852 5549 5521 5327 5341 5086 4961 4877 4708 4600 4500 4352 4292 4064 4127 3961 3880 3634 3669 3516 3523 3218 3302 3151 3187 3036 2993 2795 2873 2653 2586 2541 2578 2403 2445 2285 2387 2212 2208 2106 2040 1940 1966 1869 1938 1751 1678 1798 1672 1652 1527 1506 1553 1422 1465 1391 1403 1289 1328 1334 1231 1231 1223 1146 1163 1112 1073 1049 1108 988 973 986 883 909 927 891 908 907 806 850 779 755 743 718 670 691 707 689 613 621 613 650 590 579 534 556 531 500 465 457 463 467 427 445 393 398 407 367 405 388 343 359 363 353 332 320 373 324 291 325 299 280 273 289 285 262 247 225 266 254 254 245 246 231 261 195 207 180 206 223 213 193 177 197 159 153 156 161 152 136 134 129 145 135 123 143 110 121 114 115 107 108 124 116 123 92 99 112 80 95 83 82 88 90 78 79 82 65 77 83 62 70 72 62 66 52 61 67 68 48 47 64 60 66 49 55 42 55 33 42 29 36 52 38 29 36 44 32 35 40 37 38 38 31 29 21 24 27 20 23 21 23 26 21 18 27 18 25 19 19 19 11 10 11 9 17 20 9 13 9 15 19 12 13 14 11 9 4 10 5 7 14 13 6 13 5 2 10 8 9 7 4 7 5 2 2 5 3 3 4 2 5 5 3 3 3 1 2 5 2 1 3 4 6 5 2 1 1 4 3 1 1 1 1 1 4 2 1 4 4 2 1 1 3 2 1 1 1
335 1819 5604 14428 31231 61849 107087 179324 287322 447177 643305 950787 1307765 1763075 2374229 3098128 4043409 5155741 6542806 8159074 10452364 12983465 16121836 19596189 23775022 29591689 35797113 42819096 51834195 62049175 73845984 87688351 107871213 126855574 146938459 175551197 213154591 239664052 295267490 332005617 393457123 461110480 532868747 601752234 713535926 798738037 946561795 1070509075 1280876845 1435024136 1663291393 1934840130 2180044125 2508893022 2828899951 3186294825 3786868292 4048792443 4855350339 5573559951 6066713218 6742932647 7989933641 8438334934 9965661206 10482186377 12627547872 13594110503 16118646810 17622449467 20056275537 21735849318 24762017215 26498264332 30150573735 33068961168 38226029398 41074871678 47111303235 50109182281 59850557683 63856589933 71657921452 77888357115 85014750421 95253894065 107596201103 116768923542 134021181142 143399115868 147398943048 181709538654 187764043055 209854947834 221424471226 251999071530 290087503203 288648290877 334674694587 363445168265 405991117672 428469744896 468880655068 550385474479 568908108809 648389563568 716732942033 732675894649 831072900993 930791887975 965902025300 1041248087014 1257498252735 1227578536068 1430235036202 1542330253506 1526229418624 1817368405224 2005076966683 2174387250178 2404492087803 2729154371403 2672451122261 3049439085731 3260172309965 3455712155514 3856582986417 3941168781090 4107099938537 4835388763291 5431673340656 5874078749024 5695916961305 6426165463848 7161049469917 8449285722603 8537939962097 8912129335789 9341085027349 10753494202950 11154258365794 11978708546514 11648151794681 12433940322736 14946981417759 15435006826718 17018571658316 18703416442983 17361962637902 20466529517833 22485751038708 22254719134649 26313828812202 28862621172322 27485519221452 32564543641740 36666406692714 37705274635763 38595168797553 41779641197644 53490778825238 49573220461784 50371020291609 59769597322442 63002304398361 62363558323838 68833320396184 76161588750109 83307424519241 81533265426813 91329000115789 85410293820111 107192388819744 112829149494906 136924496944620 133157333826618 157081968204283 146627196154095 181215455800020 152328196746805 181871680039767 180151538971877 200388774077976 248265763384250 254653543447024 253294443391277 264374714469274 311959375964547 264991574399053 286923333374944 325553800736897 349449266840650 375409993265258 341093821909325 401588186862788 404783290111583 499717936344632 486775567402147 487360852842163 659595364065165 508569425811875 627990292499861 642852000707944 722113919720961 747987940378400 779853101470620 910304834209189 935250852073135 1080509947301670 923945853856095 1113027958993807 1376554221941393 950154908088311 1342040494842059 1190945704296935 1350578805849974 1710634863358972 1647187761260414 1695072514612318 1785012677812159 2003501050152512 1770169465418430 2182068967929709 2663430667066206 1951006907555892 2520605949413329 2734219116632342 2903753794332648 3037164231181909 2734260365025705 3233502358921702 4223904515798682 4312622555543356 3205122823271184 3460112093355930 4693637114711109 5284267114440682 6219167025014760 4590277636126405 6570972187476878 5056008925295180 7237005316970815 3925188433151619 6041308311866295 4440053442091101 6050359507923846 10041218695484256 7917077611002596 7146736297958754 9227487584079503 10516230885754870 8481755339662528 9834960934494859 11943961523720471 12161480268828242 13707837247031487 14870447750896536 12111702484011547 14689547831450447 11706675791859166 13344911390921539 16484734063057983 11071919766519211 15277306516096602 16101565101041852 16561570429115898 21309736247976337 20280944918213454 15764494926098112 27788249255181342 18763808963982032 30065213618173182 24801638733579450 27292247766633201 28257972167641160 17509215747111005 18500557964802634 20772387805526934 21300229280849977 38249733805146190 42985963479005674 20094942472453034 33786001813559902 24020096871422304 47695183782600215 61669452293281268 42031576852288065 45697673100333729 54415927610015170 48284931406263756 43496140141558350 18812582366745940 51619044670973544 27726341837556092 41028033604233875 88131976309205794 95605197950274662 49274665943685570 100538445859232328 41921985596281155 18506165873447204 115104331974762618 103667876964907038 112020788242401245 96486392271020998 50862871828574338 97874193886737734 74690473620708781 31382739274686857 34828360266294590 92100133331548751 60052280287730835 64374288112058673 88916205385680456 49300212301660980 130313336685095794 139635888997550338 90978545969528892 97464880054399962 132265834923840792 34800954869440830 79839131053999982 210911877670818775 91544717087156056 49005643635237875 157386132686485923 224626408451497156 412839953424081298 321626873045572750 133160260555188400 73653287861850339 84300815636225119 360701739922198492 289350330576608280 103151466321735325 126108517833796355 144117936527873832 154043597379576030 164637479165761044 703774239241691012 376017294104585960 214618299743286299 917089147484868600 979618149821529624 637111947576658168 363117512048110005 413766180933342362 1324868945788075311 942628128536797560 651688879997206959 790738119649411319 843250788562528427
3 4 5 6 7 8 9 10 11 12 13 14 15 16 17 18 19 20 21 22 23 24 25 26 27 28 29 30 31 32 33 34 35 36 37 38 39 40 41 42 43 44 45 46 47 48 49 50 51 52 53 54 55 57 58 60 64 67 69 79
8 30 42 120 109 256 168 271 174 239 173 196 126 165 103 115 67 82 52 66 38 64 29 43 20 39 16 25 16 24 19 10 9 9 14 6 2 6 14 2 3 4 6 5 1 3 4 3 2 1 2 1 1 2 1 1 1 1 1 1
8 35 70 290 335 1470 1201 3139 2872 6810 6315 13111 10293 21471 14617 28075 18884 38488 25497 41613 27450 71218 33678 73567 40677 112859 48499 110142 85545 158051 115105 103128 158688 133741 259205 116086 34763 255582 516553 115182 156090 216074 415654 494218 149352 322004 627885 467024 230312 211116 641596 204226 408452 941451 772310 772310 1121505 1505499 1741630 8118264
