5 6 17 18 29 30 41 42 53 54
79 52 1213 847 22532 14994 35531 23081 1139 508
469 277 3770 2720 142220 93151 98580 61712 1139 508
19525 11453 4615769 3926393 181430943954231758 510534757305113044 1315857911105997937 683292196207170755 30035043 708223
5 6 17 18 29 30 41 42
5 1 68 47 213 126 4 2
26 2 126 128 318 192 4 2
327 150 439226 1297326 4123951 1568371 253 762
3 4 5 6 7 8 9 10 11 12 13 14 15 16 17 18 19 20 21 22 23 24 25 26 27 28 29 30 31 32 33 34 35 36 37 38 39 40 41 42 43 44 45 46 47 48 49 50 51 52 53 54 55 56 57 58 59 60 61 62 63 64 65 66 67 68 69 70 71 72 73 74 75 76 77 78 79 80 81 82 83 84 85 86 87 88 89 90 91 92 93 94 95 96 97 98 99 100 101 102 103 104 105 106 107 108 109 110 111 112 113 114 115 116 117 118 119 120 121 122 123 124 125 126 127 128 129 130 131 132 133 134 135 136 137 138 139 140 141 142 143 144 145 146 147 148 149 150 151 152 153 154 155 156 157 158 159 160 161 162 163 164 165 166 167 168 169 170 171 172 173 174 175 176 177 178 179 180 181 182 183 184 185 186 187 188 189 190 191 192 193 194 195 196 197 198 199 200 201 202 203 204 205 206 207 208 209 210 211 212 213 214 215 216 217 218 219 220 221 222 223 224 225 226 227 228 229 230 231 232 233 234 235 236 237 238 239 240 241 242 243 244 245 246 247 248 249 250 251 252 253 254 255 256 257 258 259 260 261 262 263 264 265 266 267 268 269 270 271 272 273 274 275 276 277 278 279 280 281 282 283 284 285 286 287 288 289 290 291 292 293 294 295 296 297 298 299 300 301 302 303 304 305 306 307 308 309 311 313 314 315 316 317 318 319 320 321 322 323 324 326 327 328 329 330 331 332 333 334 335 336 337 347
255 1056 2401 4257 6007 7539 8704 8793 9276 9067 9107 8805 8677 8228 7929 7584 7690 7288 7190 6816 6711 6438 6345 6071 5997 5835 5760 5337 5435 5223 5099 4884 4829 4676 4540 4473 4404 4317 4259 4028 4086 3912 3834 3716 3678 3569 3443 3279 3156 3114 3192 3016 2927 2834 2845 2657 2681 2656 2526 2465 2335 2337 2335 2226 2286 2125 2126 2018 1926 2030 1964 1818 1773 1752 1697 1655 1654 1612 1619 1457 1496 1480 1465 1413 1364 1326 1328 1228 1257 1224 1198 1149 1162 1087 1106 1013 1100 1021 986 978 945 948 866 868 834 792 797 791 757 764 739 676 635 657 663 565 590 614 603 566 596 545 567 535 514 494 493 450 490 463 413 412 432 423 399 382 391 360 355 333 341 336 310 300 307 300 299 275 281 303 241 254 258 241 240 239 223 200 206 206 195 217 197 183 201 175 186 181 151 168 153 145 120 153 157 138 142 145 132 119 124 128 106 112 93 98 92 94 104 104 102 103 78 98 82 96 79 72 73 72 77 70 63 70 61 67 58 59 65 47 43 50 49 38 39 35 46 38 47 36 44 42 35 47 27 22 27 26 21 28 24 26 25 26 26 27 22 23 19 21 20 21 21 18 17 22 21 25 21 16 15 18 10 14 7 14 13 14 13 15 15 15 15 10 15 10 7 9 10 10 8 9 7 5 2 4 7 4 4 3 3 4 5 4 8 5 7 3 6 6 5 3 3 3 2 5 4 2 3 3 3 5 1 1 2 1 1 1 2 2 3 2 2 3 1 2 2 3 1 1 1 1 2 1 1 1 1 1 2 2 1 1 1
255 1133 3402 8744 18012 34416 59456 93427 147970 217550 321350 455829 640848 863740 1135172 1514668 2057123 2608260 3418649 4275794 5500753 6735515 8534390 10384374 13059674 16044318 20267557 23500797 30312178 36156579 43781985 52110060 62017746 73679246 85680144 103602642 124449221 145126588 177626101 203780626 244359442 283839080 333439837 384476008 450629539 519607018 588220920 672685170 764999114 876267313 1070127068 1212168990 1396293588 1541585364 1826057782 1955782303 2358007775 2649887736 2948504681 3355868350 3693738798 4351702064 5036657231 5536316243 6493956037 7151124727 8015769666 8986121199 9654156093 11351197650 12825082070 13852530135 15380145050 17242360867 19517773791 21555132387 25222074392 27591863260 31705691912 31067036582 37493007638 41788701860 46013120974 52172395068 55939964507 63538050477 70644455744 74701913894 87430392750 94601738513 107138416676 111990064341 129399718989 133364546823 157463177530 157223221818 195445673727 203621683362 227804432077 257444921573 265984899816 310897794444 311877908469 358779189700 377494351289 386630578430 446582207175 512651900994 521410334436 598822930207 669019795126 672679013125 712132611709 776979190374 945861031077 867999943911 1036414056103 1175643034223 1251996280378 1363970343761 1604582742527 1588860682278 1882552615451 2002184811109 2116519721558 2221990742100 2434873710117 2388005070307 2929427317972 3107759950035 3018772073368 3270069484497 3972403988966 4263093893271 4413930949063 4810577300772 5318291439964 5616684776968 5968123978496 5888322763289 6786146208322 7484497442976 7604857380544 7534995909904 8861379324708 9734062781707 10637690426771 11124606999776 11878098652306 15389287645754 12829081186170 14726717811490 16227868160410 16663511888906 18008214013118 20191895203084 19928505900857 19817259411228 23833415813745 26097220809015 25257744806403 31518104008703 32931255765412 33536778622811 40275357407767 38448411313140 42886046683476 44500221722056 43740922513867 52447626070585 52016251171166 56438504460456 51227621944240 67295734699404 79044141032670 76163733982335 81676713594109 98586406580410 90554251831230 91582426540240 104541307888927 118962212923936 103376900692806 123055067312639 108806092794643 124503979703436 118376363029720 146133380045357 180593989814375 193336956357364 191672062937951 214154444884496 186062226910243 250104096534311 224121505343847 291242964036552 247301600493623 254347981334139 277893442426803 310009135961622 344199738176752 357902577813486 335912239311960 377427673781773 387791244027043 445019253171991 435872155981451 459008739934080 556310785377634 464067531650300 435699896382580 569318702695841 607854953083278 501336295144635 576682022618795 548423743444682 802735587205922 654926253001334 931041413071002 735437855810100 1008565795313198 1014611394219328 1035360301868481 1420339601599524 815801508722867 761972815406318 1004436474328542 1125231105793349 868735461937089 1307940554605083 1244779388111102 1524555598301745 1426347119596406 1860375902324956 1774978683833689 2126458592771618 1868326883308774 1982239519027970 1635791124792171 2155408969314115 1989929145132672 2310752884291600 2624100445321099 2301362947007473 2455166400814212 3616831887419176 3585066484114500 4785335159746384 4694519179702166 3686360525381720 3521130524394336 4514562810556085 2802029713106209 4040043525368198 2127748838974996 5075790885893594 4905331515214132 6054811838424537 5713387919698992 7117443344903567 7399262264582379 8700424787968723 8807186678769098 5947385715721468 9619225486947555 7070671045013114 5838377305394771 7495944472496679 8787007571365416 9538120914561455 8924235569474609 9856982479417498 9398451415131756 6279226651165429 2825499130346900 5759229188371525 10995803879416213 6799144804788880 7451970743832021 5978215808741734 6432398475940107 9116010914040454 12526029505520503 10547651547186466 23099325130672400 18297202983235656 23070749649394083 10957292508213159 23008550318099794 25022864804424897 22671265634504430 14616114169416252 15703113209261016 16868978075851815 12079527764191030 31986460390411867 33391722669628926 14959130157021168 24090745154829120 25861488826395075 27759248810170806 48299083050657707 10657331232548839 11435542077822104 24538436038458930 13162217895057704 14118662665280005 16239786535829663 37342976599200728 40034853525153890 64374288112058673 46000013310974674 49300212301660980 79247422900698978 28305020340996003 60652363979685928 64976586702933308 104402864608322490 37274405776748077 39919565526999991 45772358543578028 49005643635237875 104924088457657282 56156602112874289 60105349839666544 64325374609114550 68834885946073850 73653287861850339 157602510605333230 168601631272450238 90175434980549623 96450110192202760 188008647052292980
3 4 5 6 7 8 9 10 11 12 13 14 15 16 17 18 19 20 21 22 23 24 25 26 27 28 29 30 31 32 33 34 35 36 37 38 39 40 41 42 43 44 46 47 48 49 53 54 55 56 59 61 62
2 16 17 45 33 52 51 52 46 49 42 43 41 19 38 26 19 16 15 17 12 14 9 10 8 7 11 6 12 6 5 5 4 4 5 4 6 3 2 5 1 2 2 2 2 2 1 1 4 1 1 1 1
2 18 27 104 99 310 349 666 719 1272 1574 2702 3134 2193 4911 5266 4671 4752 6796 10755 10491 13774 13191 20424 15313 15775 34813 20962 47225 31515 29974 33624 35061 50208 78928 99015 149249 93889 91837 190608 52030 99708 159522 175275 128349 278917 422232 408452 1475331 563178 772310 1053646 715220
