7 8 9 19 20 21 31 32 33 43 44
25 123 36 175 429 90 78 188 18 1 3
153 374 150 384 856 170 86 224 18 1 4
1012 2161 1094 37922 94327 13846 12465 104069 126 15 45
7 8 9 19 20 21 31 32 33 43 44
25 123 36 175 429 90 78 188 18 1 3
153 374 150 384 856 170 86 224 18 1 4
1012 2161 1094 37922 94327 13846 12465 104069 126 15 45
3 4 5 6 7 8 9 10 11 12 13 14 15 16 17 18 19 20 21 22 23 24 25 26 27 28 30 31 32 33 34 35 38 39 41 42 44
21 100 188 358 372 356 294 193 115 97 71 58 43 39 23 15 12 15 4 7 6 6 4 6 2 2 2 1 1 1 2 1 1 1 1 1 1
21 115 312 756 1245 1828 2304 2404 2127 2790 2623 2999 3059 4051 3359 2653 2500 3828 1287 2904 4127 7113 6856 10309 5172 3150 6020 6020 4565 4565 12446 6842 14883 17977 43274 26015 44583
3 4 5 6 7 8 9 10 11 12 13 14 15 16 17 18 19 20 21 22 23 24 25 26 27 28 30 31 32 33 34 35 38 39 41 42 44
21 100 188 358 372 356 294 193 115 97 71 58 43 39 23 15 12 15 4 7 6 6 4 6 2 2 2 1 1 1 2 1 1 1 1 1 1
21 115 312 756 1245 1828 2304 2404 2127 2790 2623 2999 3059 4051 3359 2653 2500 3828 1287 2904 4127 7113 6856 10309 5172 3150 6020 6020 4565 4565 12446 6842 14883 17977 43274 26015 44583
