10 22 34 46 58 70
2513 4157 21341 40175 21268 10532
244586 1136838 962703 339316 85822 16536
55196840 725333865295 22004985294898238889 8974936160838091036 1183854986477776821 92737758006201
10 22 34 46 58
509 962 798 205 1
29487 9848 2505 294 1
6746565 116568277 102672369 1316783 2
3 4 5 6 7 8 9 10 11 12 13 14 15 16 17 18 19 20 21 22 23 24 25 26 27 28 29 30 31 32 33 34 35 36 37 38 39 40 41 42 43 44 45 46 47 48 49 50 51 52 53 54 55 56 57 58 59 60 61 62 63 64 65 66 67 68 69 70 71 72 73 74 75 76 77 78 79 80 81 82 83 84 85 86 87 88 89 90 91 92 93 94 95 96 97 98 99 100 101 102 103 104 105 106 107 108 109 110 111 112 113 114 115 116 117 118 119 120 121 122 123 124 125 126 127 128 129 130 131 132 133 134 135 136 137 138 139 140 141 142 143 144 145 146 147 148 149 150 151 152 153 154 155 156 157 158 159 160 161 162 163 164 165 166 167 168 169 170 171 172 173 174 175 176 177 178 179 180 181 182 183 184 185 186 187 188 189 190 191 192 193 194 195 196 197 198 199 200 201 202 203 204 205 206 207 208 209 210 211 212 213 214 215 216 217 218 219 220 221 222 223 224 225 226 227 228 229 230 231 232 233 234 235 236 237 238 239 240 241 242 243 244 245 246 247 248 249 250 251 252 253 254 255 256 257 258 259 260 261 262 263 264 265 266 267 268 269 270 271 272 273 274 275 276 277 278 279 280 281 282 283 284 285 286 287 288 289 290 291 292 293 294 295 296 297 298 299 300 301 302 303 304 305 306 307 308 309 310 311 312 313 314 315 316 317 318 319 320 321 322 323 324 325 326 327 328 330 331 332 333 334 335 337 338 339 342 343 344 349 353 354 355 356 357 359 365 367 368 369 374 379 381 385 391 397
331 1846 5218 12641 21722 35439 50191 70770 91246 108436 111718 110218 105326 99458 93524 85701 79664 74667 69323 64739 61411 56552 54718 50668 48915 46817 45337 42872 41834 39015 38043 35365 35354 32791 32612 30322 29795 27767 27051 25266 24702 23336 23493 21820 21680 20123 19831 18477 18108 17007 16956 15649 15522 14208 14233 12960 13081 12069 12100 11155 10999 10173 10273 9369 9466 8953 9004 8114 8039 7606 7682 7048 6967 6686 6639 6187 5972 5681 5859 5505 5407 5049 5052 4651 4594 4311 4406 4202 4123 3851 3811 3711 3580 3503 3481 3264 3407 3243 3063 2997 2853 2833 2787 2583 2605 2453 2434 2365 2298 2199 2225 2032 2101 1987 2082 1843 1864 1789 1766 1727 1602 1650 1655 1538 1530 1461 1500 1291 1445 1329 1268 1220 1214 1212 1163 1117 1103 1044 1136 1011 1019 1004 1009 936 939 889 943 873 836 817 825 762 814 719 749 671 632 616 618 514 591 568 583 567 573 511 533 480 490 433 473 469 449 431 427 407 423 400 423 397 334 366 338 333 328 310 341 299 262 300 265 317 252 230 247 261 219 223 191 207 210 217 183 196 168 170 148 156 155 141 198 141 132 154 120 123 111 110 101 106 93 105 89 131 89 88 76 79 65 74 61 62 63 58 48 50 65 61 63 48 39 44 65 43 51 49 53 39 33 34 33 32 23 27 32 22 27 29 24 34 22 22 14 16 20 25 25 18 16 22 20 15 17 21 8 79 10 23 10 9 12 7 12 10 7 6 14 5 4 7 10 11 5 8 5 6 4 6 2 5 4 6 4 2 2 2 3 1 2 4 5 1 4 6 6 2 1 2 3 3 3 3 2 2 2 3 1 3 3 7 2 2 2 1 1 1 3 1 3 1 1 1 1 1 3 1 2 1 1 1 2 3 1 1 1
331 2022 7192 23378 55635 133778 264789 549301 980720 1789862 2736819 4269494 5999825 8806074 11868862 15791065 20186773 26912225 32761727 41610677 51461798 62520542 77910976 93879340 112884317 138738726 169108598 203668146 252164847 297757750 362280740 423536264 524943249 591009003 728255176 828678401 999870167 1136976430 1363263140 1523082079 1825238006 2045774908 2492904881 2755603229 3319531279 3645499134 4409457710 4870112206 5639317769 6225858680 7414314246 7886289263 9517076311 10117104506 12051232809 12749396968 15092250791 15884929944 18991134026 19885373939 22972267720 24372094704 29560315319 29964323977 36435671820 38198567994 44993958532 45782415009 54314282627 57725228885 67644096588 70273164290 80472572654 87705847660 101207047251 102893944076 118915149583 126006966662 147744490454 156500939967 174404410574 183529114336 212463889423 216272730754 242882679987 256986647965 289059093821 316089170207 346099152215 370266018992 390619947426 439382213747 485587877191 523818758404 607233725241 620999867342 737058109705 790316084216 848761200190 913363621900 992552266481 1110204246079 1206713530524 1284750248227 1411262750138 1479557696966 1638169977326 1808155551935 1971709409353 2097708654939 2356304605020 2362266485182 2766746339584 2904888435899 3370708587504 3354270528413 3815620253765 4013658393261 4454366714631 4847642629566 4887777495318 5790634077285 6115074790084 6303792716142 6985538444513 7460442420345 8486676436484 7901986637632 9725124293615 10380780006726 10827128139279 11251626822818 12785365851383 14014373916703 14617226360240 15852277849871 16857629300231 18458020390909 22000954238180 21090152053654 23638455360305 24845072775165 27472707958025 29335762079797 33271037477870 34423196203527 39426321325801 40799457210568 42759049330563 46506864568181 49491611951210 51064314149847 57761204024397 57406582327036 65454265581320 67116797412653 69280673154017 75548554705175 82760551100321 73864851649970 93503580331729 102733905990521 113115612060545 119352742398044 135570606270076 123825479303091 145413282239704 148576276612838 161437622782364 161167800378375 181220653405506 198027706088430 210488588834905 230457750670364 228258822558645 251387094842611 280402025714929 299582545354977 345460267467015 346682941811710 294172171410346 380789104767714 384450135219241 412728211668171 431151297310300 470286118131028 546836130866778 526383878962095 508980566044890 602107410698102 615351585314825 797590445248821 662864489976953 696685492556174 798337175390116 898265341175158 808857351685453 950252813656707 789854074360101 1095207260070943 1091329146511663 1186627245340287 1172481635877012 1381267833809041 1100998422464532 1374963555731638 1224462521172171 1468048101441808 1465894695865017 1752954808452560 2033332198284594 1704149010861720 1775580784602933 2414150281759566 1848764203917148 2506807236583918 1966508692436014 2448276996027292 2415135745844203 2570955844081666 2141541397725806 3129260646530195 2679696395426721 4355935533503547 3578538970950634 3402058627838435 3313302289127345 3772428438794656 3018321361964556 4015756389696419 3288007543702952 3840235605693798 4282173089474227 4127427128271147 3728698207376034 4041500455392706 6556145578365361 6392430005502998 6571663322178059 6004245412459676 4970212218714630 5676102072133882 11217868438974288 6157227037807165 8713205631514517 9303117669278984 10060191225316124 8791278053975586 7415636037984948 8079731314242953 8415814799842964 9837278177534811 7248170167526710 8196657066932397 11300483246222582 8828315945940331 11360959803059835 13276773615489080 10124473072324189 17985253976695430 12363761594491255 13089709832191995 9191978196868247 11240597791466426 15344233459844896 19093828677625266 21498489501799687 17221032075836581 14612903137418265 24467929993971472 20638114583884790 18043828826948952 24128931293926586 28678352203222833 10409757268943191 123112002825271455 18849498394260622 43211907495835140 20800291425969585 18995569271263368 24821228569363682 17101409116137805 39046640438359285 28718160864510026 24652402719448547 23762949350330726 52051835029883944 21150044544173478 15430197320539319 35940207229279448 43181275543244559 56437747100237820 25809522335486772 42652211802423242 35405040912283270 37579314027523809 27384224559666581 50302095812315076 16060496769886080 57392234475645250 35114571763118677 66127359468425012 41902966090050018 22092873310370943 24538436038458930 37700653933516634 42355987995840015 28237325330560010 32479573071659326 83547719873783579 92100133331548751 20017426762576945 85832384149411564 156374314734008021 169250544065127124 75716019935227306 28305020340996003 56610040681992006 97464880054399962 97464880054399962 111823217330244231 151742782857244222 85496156071909392 91544717087156056 98011287270475750 202935375728133032 56156602112874289 192976123827343650 201995146501262250 515573015032952373 152454543164516954 168601631272450238 192900220384405520 103151466321735325 110307860425292772 134819180623301520 432353809583621496 154043597379576030 643854899229858897 279363328483702152 298330063062758076 318555973788329084 340122810048577428 363117512048110005 1241298542800027086 610898403751884101 1390287426917892080 741433159884081684 790738119649411319 1089657644424399782 2996957487181162162 5103508283927440575 2190401332423765131 3192707518433532826 4640713124699623515
3 4 5 6 7 8 9 10 11 12 13 14 15 16 17 18 19 20 21 22 23 24 25 26 27 28 29 30 31 32 33 34 35 36 37 38 39 40 41 42 43 44 45 46 47 48 49 50 51 52 53 54 55 56 57 58 59 60 61 62 63 64 65 68 69 70 72 73 74 75 77 78 83 86 91
30 232 182 1037 785 2211 1345 4065 1922 4775 2397 4840 2078 4367 1789 2739 1024 1777 617 914 336 513 215 266 150 244 97 105 81 150 74 76 57 99 43 47 35 61 32 44 27 35 16 27 13 21 7 16 15 29 9 8 4 9 5 9 2 8 2 1 2 2 3 3 1 1 1 1 1 1 1 1 1 1 1
30 256 314 2303 2129 10568 7900 45424 23339 124172 68795 289771 136122 654671 260032 929455 333421 1361603 419417 1455878 387628 1320952 388083 982091 333685 1071312 380219 587282 385970 1168057 641045 1066894 640466 1647045 1018212 1223056 808329 2266528 1076704 1823470 1474570 2662160 983240 2866995 1696491 4148633 948702 3694310 2838742 9559089 1997998 3875479 1902985 4548698 2638867 8038961 2180255 7691337 1516706 1430440 2860880 1932934 4199557 5224890 3483260 2323520 6175470 6175470 4087968 4087968 6185689 8118264 15796476 20506255 44108109
