11 12 23 24 35 36 48
67 202 643 723 319 300 1
352 927 1227 1302 342 312 1
2936 7730 359999 730438 18165 10245 5
11 12 23 24 35 36 48
67 202 643 723 319 300 1
352 927 1227 1302 342 312 1
2936 7730 359999 730438 18165 10245 5
3 4 5 6 7 8 9 10 11 12 13 14 15 16 17 18 19 20 21 22 23 24 25 26 27 28 29 30 31 32 33 34 35 36 37 38 39 40 41 43 44 50 52
32 140 364 542 566 651 502 387 272 217 136 114 64 82 39 56 25 54 23 37 11 28 11 25 9 14 13 10 7 5 4 1 3 1 4 2 4 2 2 1 1 1 1
32 153 580 1161 1826 3218 4056 4858 5047 6076 5052 6378 4832 8559 5724 11288 6269 16735 10318 22887 7691 25714 10269 42118 13004 33351 35195 42794 27358 26304 30645 18260 37607 10143 55049 29766 83697 43274 52030 37338 44583 124754 173525
3 4 5 6 7 8 9 10 11 12 13 14 15 16 17 18 19 20 21 22 23 24 25 26 27 28 29 30 31 32 33 34 35 36 37 38 39 40 41 43 44 50 52
32 140 364 542 566 651 502 387 272 217 136 114 64 82 39 56 25 54 23 37 11 28 11 25 9 14 13 10 7 5 4 1 3 1 4 2 4 2 2 1 1 1 1
32 153 580 1161 1826 3218 4056 4858 5047 6076 5052 6378 4832 8559 5724 11288 6269 16735 10318 22887 7691 25714 10269 42118 13004 33351 35195 42794 27358 26304 30645 18260 37607 10143 55049 29766 83697 43274 52030 37338 44583 124754 173525
