29 41 53 65 77
8568 41814 29501 19186 926
850251 614535 163979 43400 926
915104790368998270 25781062408013067970 3868278747184829072 16963945436190827 7971096
29 41 53
625 366 24
3047 711 29
87915397 15691015 5924
3 4 5 6 7 8 9 10 11 12 13 14 15 16 17 18 19 20 21 22 23 24 25 26 27 28 29 30 31 32 33 34 35 36 37 38 39 40 41 42 43 44 45 46 47 48 49 50 51 52 53 54 55 56 57 58 59 60 61 62 63 64 65 66 67 68 69 70 71 72 73 74 75 76 77 78 79 80 81 82 83 84 85 86 87 88 89 90 91 92 93 94 95 96 97 98 99 100 101 102 103 104 105 106 107 108 109 110 111 112 113 114 115 116 117 118 119 120 121 122 123 124 125 126 127 128 129 130 131 132 133 134 135 136 137 138 139 140 141 142 143 144 145 146 147 148 149 150 151 152 153 154 155 156 157 158 159 160 161 162 163 164 165 166 167 168 169 170 171 172 173 174 175 176 177 178 179 180 181 182 183 184 185 186 187 188 189 190 191 192 193 194 195 196 197 198 199 200 201 202 203 204 205 206 207 208 209 210 211 212 213 214 215 216 217 218 219 220 221 222 223 224 225 226 227 228 229 230 231 232 233 234 235 236 237 238 239 240 241 242 243 244 245 246 247 248 249 250 251 252 253 254 255 256 257 258 259 260 261 262 263 264 265 266 267 268 269 270 271 272 273 274 275 276 277 278 279 280 281 282 283 284 285 286 287 288 289 290 291 292 293 294 295 296 297 298 299 300 301 302 303 304 305 306 307 308 309 310 311 312 313 314 315 316 317 318 319 320 322 323 324 325 326 327 328 329 330 331 332 333 334 335 336 337 338 340 341 342 344 346 347 349 350 351 352 353 354 355 356 357 358 360 362 364 365 367 371 374 389
313 1345 3659 8480 14992 22850 30995 35949 41168 41417 42961 41193 41090 39398 38461 36145 36372 34209 33493 31587 32012 29994 29443 28225 27794 26312 25392 23952 24602 23590 22884 21661 21631 20944 20409 19259 19170 18623 18360 17138 17349 16282 16088 15273 15235 14757 14379 13554 13833 12898 12582 11917 12146 11752 11169 10740 10927 10339 10138 9508 9692 9368 9058 8762 8771 8349 8036 7560 7752 7543 7247 6736 6975 6825 6420 6107 6265 6113 5743 5522 5676 5480 5217 5005 5002 5024 4764 4536 4696 4457 4184 4048 4136 4270 3759 3548 3611 3659 3417 3152 3298 3314 3118 2956 3004 3022 2709 2539 2765 2760 2436 2376 2494 2482 2297 2210 2249 2226 2107 2017 1935 2037 1849 1721 1741 1836 1652 1591 1696 1717 1450 1411 1480 1582 1392 1365 1368 1450 1296 1178 1195 1237 1165 1060 1119 1144 1027 963 1012 951 895 816 898 903 809 727 767 768 716 696 716 689 664 631 679 647 637 551 607 581 502 515 587 521 512 460 469 464 419 417 394 457 410 401 397 405 361 342 409 337 336 284 293 286 268 282 274 267 263 219 212 228 218 187 211 181 177 192 166 186 167 156 180 178 145 147 130 153 119 117 119 107 109 108 99 112 92 107 108 92 95 89 94 114 70 75 109 68 61 73 62 62 57 64 55 56 61 48 53 37 46 49 44 43 43 43 27 36 33 34 28 26 33 28 20 40 21 32 22 15 13 18 16 22 20 27 26 19 16 23 16 18 17 16 17 20 16 18 18 16 9 39 10 6 9 16 11 9 8 17 5 10 8 15 6 14 7 11 8 8 9 6 6 4 5 6 3 6 2 2 1 3 5 3 5 3 1 2 3 3 2 5 1 1 1 3 2 3 3 1 5 2 28 1 1 1 1 1 1 3 1 1 1 1 1 1 1 1 2
313 1473 5137 15866 37602 83838 162737 287583 500070 767900 1197526 1743307 2526430 3482362 4863774 6472252 8856904 11383287 15098476 18632797 25455335 30720576 39099543 49019631 61679097 72790062 91197982 108610213 136353889 166946828 201443536 235482634 291316890 344632176 411898559 474753518 578772945 663156909 813553157 925818108 1104029064 1268257502 1527057879 1700088473 2046767694 2310629407 2689130403 3084735182 3680342447 3930805351 4712922166 5264473380 6104191561 7013624451 7861603529 8825671049 10648907110 11425734861 13338813918 14642901900 17249884172 18673615926 21799969426 24459166736 27267804066 30392757527 34528517457 36229920263 43369078786 47902292212 53151871262 57644566938 67565517093 72393391904 82439965595 90564601427 102092560638 115004870591 125332814565 136481719068 160220458067 173309939723 187891030947 211535252292 234562479599 260255193080 289653768718 325544805177 359049441533 385178176568 422985056592 456467975194 520643966290 593728437236 599987061255 665361576725 731428886733 808568738198 878279339647 907080431092 1051129145601 1187709668640 1290942397873 1356747626062 1509096716094 1751120016233 1738373903369 1898624662735 2194285090188 2383112719716 2472965815165 2765694123541 3086786848974 3416388963011 3598144257539 3991314476870 4340015704657 4757803067294 4983125704344 5549199740991 5622547725426 6701508763838 6813303739816 7289600678029 7685314627452 9171751778708 9359618355989 9866471537874 11505889877891 12972026435782 11973470752299 13517534322250 14962884805789 18211049172411 17344210440179 20107476936059 20926081548100 24457650529495 24326033089061 25008734420459 27698766587403 30568486611775 32425350742422 33904475555909 37909531727658 41639024597995 43699804667817 44507919941621 49286632426704 52188494021636 53729539287192 55428238750173 64386287077428 70737421383162 73538964335808 73568952060355 79590462734776 90373765003903 92842457828568 99479481123712 111970704173693 119348217873127 123358965233057 132997771907868 152347808210791 157888749123308 172378089492742 168072978556924 198272677131698 206931369715449 210251259913496 234101395824223 281610911744808 251190730097630 311204991062360 297731145530783 296391022421039 309233308740580 341493083697925 345029271879155 361865043697741 482872625368456 461662516948718 491026666494150 518376065491219 574958659793211 548685916664347 610555022035460 739929877601641 660636097420339 736718756457271 696981666496405 717864092806821 817208454187509 849362524188692 955861885269833 980713108250424 1138762118484795 1173967435531769 1067613767112887 1182497087562832 1352624114346215 1417395971891042 1293916094440031 1459518371420177 1478245472500076 1592731046728995 1862742826981299 1687400041548622 2050084108679429 2010283106440941 2160044116754181 2427546638332962 2585876461512041 2409085065449859 2653064635117147 2528229879811048 3111786848432131 2458778407238117 2752182645605535 3237008023137879 2804875911523880 3091662158685084 3622038043754190 3506806369076046 4657197399905845 3591075245370131 4824942936059804 5097960260850687 5111324105253173 5559200490420000 5864279085026802 6056511130003273 9499585068223463 5514567878529631 6931485040617117 9236826146003435 6348690339275980 6079712592351189 8081437440149105 8416852738340713 8308172847218571 7968874936374422 9593096817168175 8627373913616195 9979443593526938 11492397091250696 9937957685035364 11376341147620042 8260400799000892 11474288894290427 12876221708410221 12867886292986069 14224361071246516 14914948497890591 17232107371497165 11274474806153268 15719565161800109 16656460320818960 17513691934820155 14974338414179909 14771801277213348 21989151062417896 21617498810991562 16098119136053744 30508469692939906 17134085862966304 29032185145811232 23545826667429984 17280219854353981 16658125125761571 24420376886522146 22115672159970079 31115100902911499 32596918627518745 46673467793967280 44730414419155410 39704692604188806 32661011488771047 49433767075558474 43787105658721221 45092228443784439 48495517019710129 46134174956620088 52983145573073631 69365049846135301 57627296186431942 69480761184241140 81211241372486451 65162485520612136 39233955150539019 177849226737848148 50532045631128780 47886582872176914 63936775562181205 98423863093462532 80235969610532771 71713361179217322 62039253853814496 143006949339773515 45632828022359433 107207027949398814 83079573339954698 166863866095691970 105420906524621019 194754268798380843 95961304346293132 189688355090103199 127724624692692366 138139047467860728 200357138629791728 117412683649508508 125867237674565454 87374294767546010 121600431258809297 204263655137587264 83025848315558332 179935930290210823 67289248220907484 74548811553496154 39919565526999991 202426340143954660 268585590246221504 189556004357631806 251941019363370907 164775248454577219 60105349839666544 128650749218229100 206504657838221550 211323059753998039 157602510605333230 421504078181125595 90175434980549623 96450110192202760 103151466321735325 353848474638341916 252217035667592710 404457541869904560 462130792138728090 175943559810422753 940043235261464900 429236599486572598 6419624032394080200 244904537455382406 261578907351144125 279363328483702152 298330063062758076 318555973788329084 340122810048577428 1089352536144330015 387632532919029223 441622981929358437 502957566506000020 572612058898037559 610898403751884101 695143713458946040 899175348396088349 1089657644424399782 5633519006435885584
3 4 5 6 7 8 9 10 11 12 13 14 15 16 17 18 19 20 21 22 23 24 25 26 27 28 29 30 31 32 33 34 35 36 37 38 39 40 41 42 43 44 45 46 47 48 49 50 51 52 53 54 55 56 57 58 59 60 61 62 64 66 67 68 69 72 75 83
2 28 50 143 83 223 167 317 198 272 183 223 133 189 91 140 104 109 67 89 68 91 60 75 47 46 36 49 26 39 34 29 24 30 29 21 21 25 17 14 10 16 14 13 4 16 20 6 10 10 10 6 4 11 4 5 1 10 10 2 2 1 2 3 1 2 1 1
2 39 70 364 242 1189 1163 4190 3169 8187 6252 14708 9994 25751 13048 35969 26588 46970 30895 66281 57896 108621 65688 157380 102074 163486 100912 287515 121650 279055 231684 319680 285172 492049 294684 475018 502421 899039 451366 705814 484261 1055533 695146 1261235 342243 2296974 1522830 1111866 1654067 2134110 2152737 2054707 1279133 5372595 1091406 2502304 386155 9715147 5728453 2860880 1932934 1932934 4843322 6494258 3483260 8855159 8175936 15796476
