25 37 49 61 73
5655 26608 40227 21126 6382
2389139 620454 254123 67301 7966
1842527021958358982 7393419339640007895 4046152279767865347 211272924229505880 501957124985
25 37 49
885 505 125
7925 1190 154
544377347 12607663 214105
3 4 5 6 7 8 9 10 11 12 13 14 15 16 17 18 19 20 21 22 23 24 25 26 27 28 29 30 31 32 33 34 35 36 37 38 39 40 41 42 43 44 45 46 47 48 49 50 51 52 53 54 55 56 57 58 59 60 61 62 63 64 65 66 67 68 69 70 71 72 73 74 75 76 77 78 79 80 81 82 83 84 85 86 87 88 89 90 91 92 93 94 95 96 97 98 99 100 101 102 103 104 105 106 107 108 109 110 111 112 113 114 115 116 117 118 119 120 121 122 123 124 125 126 127 128 129 130 131 132 133 134 135 136 137 138 139 140 141 142 143 144 145 146 147 148 149 150 151 152 153 154 155 156 157 158 159 160 161 162 163 164 165 166 167 168 169 170 171 172 173 174 175 176 177 178 179 180 181 182 183 184 185 186 187 188 189 190 191 192 193 194 195 196 197 198 199 200 201 202 203 204 205 206 207 208 209 210 211 212 213 214 215 216 217 218 219 220 221 222 223 224 225 226 227 228 229 230 231 232 233 234 235 236 237 238 239 240 241 242 243 244 245 246 247 248 249 250 251 252 253 254 255 256 257 258 259 260 261 262 263 264 265 266 267 268 269 270 271 272 273 274 275 276 277 278 279 280 281 282 283 284 285 286 287 288 289 290 291 292 293 294 295 296 297 298 299 300 301 302 303 304 305 306 307 308 309 310 311 312 313 314 315 316 317 318 319 320 321 322 323 324 325 326 327 328 329 331 332 333 334 335 337 338 339 340 341 343 344 345 348 352 354 358 373
231 1320 4195 10128 21405 39534 57402 74948 88486 93715 93116 93707 90764 88366 84880 82589 79691 76542 72915 70954 68334 65967 63164 61618 59205 57200 54437 52837 51530 49370 47666 46866 45034 42935 40997 39746 38571 37751 36008 35330 34350 32949 31525 30848 29757 28647 27704 26829 26314 25474 24308 23411 23116 21986 21237 21273 20422 19261 18798 18039 17750 17332 16742 16452 16465 15150 14921 14506 14019 13430 13204 12561 12580 12249 11512 11092 11372 10480 10413 10235 9883 9287 9390 9075 8934 8520 8183 8043 8086 7527 7399 7383 7106 6883 6546 6297 6280 6159 5917 5686 5813 5480 5188 5418 5141 4825 4530 4545 4391 4491 4095 4189 4067 3810 3559 3697 3595 3458 3329 3261 3141 3043 2879 2895 2847 2775 2447 2717 2546 2297 2257 2270 2127 2137 2075 2032 2005 1961 1600 1761 1742 1606 1455 1605 1404 1433 1422 1294 1392 1323 1094 1238 1121 1071 913 1069 907 955 846 912 823 785 695 810 878 814 656 669 616 616 506 590 612 566 441 504 505 445 377 425 468 464 387 422 403 359 277 388 393 321 290 299 337 336 250 299 322 266 258 278 282 246 200 244 239 226 206 218 274 209 145 190 219 177 164 152 187 159 117 152 165 167 138 167 159 121 122 116 153 135 119 117 149 113 55 114 105 98 92 89 101 103 61 73 124 83 72 96 130 77 46 72 63 86 48 66 76 66 51 56 59 47 45 56 58 69 29 40 64 45 38 52 54 38 30 37 48 46 35 30 37 30 11 25 40 19 29 23 23 23 14 18 23 13 14 12 17 8 13 9 11 8 11 11 1 6 6 8 8 4 8 7 3 5 11 10 7 4 6 5 2 9 6 9 1 1 16 4 1 2 3 1 1 3 1 1 4 1 2 2 1 1 1 1 1
231 1446 5842 18381 49886 127991 260942 499591 884905 1462536 2191153 3421741 4812585 6926120 9603879 13141621 17350124 23533477 30047289 39271534 49962634 64580908 78951912 102419407 123559103 154158708 185717393 233978160 274230322 345534952 406107857 493661037 585730658 710094764 801864256 992061119 1128020493 1362184755 1573236789 1898066023 2133151658 2598101373 2881892376 3435056918 3897464992 4615597816 5140652793 6072728329 6811477908 7981231527 8951370858 10383325070 11365745739 13476600695 14825990559 17479477194 19413404221 21952074912 24182762960 28363136481 30732600173 35362891505 39583028160 45347506953 50913464583 56733182371 63827455763 70531279484 78086104612 89429311312 98816597003 109896039411 123133018979 137351944582 149268492300 166523326751 185712262424 203047249796 232016596402 251276439974 282669540114 305995593893 342961051871 376556621986 419117057112 451215523447 506506449961 550929757721 624412938563 670380552974 762549235963 810582017208 913703684305 992489759621 1078580303234 1164183061953 1339685691653 1417356246374 1583105898595 1695061471590 1896277189314 2085370297090 2261068365062 2527964098232 2749482074088 2954938357819 3026578232423 3504643711981 3649078852464 4132734385421 4466156587204 4924624675864 5231620670130 5682575964528 6133790387091 6603254197618 7457297750506 8107245320990 8676846976953 9640529212730 10404693493990 10774667425452 11750175169506 12782108414616 13556239375611 15230763804240 15687738555806 17829130929605 19205561760896 19935604089287 21275971955327 23527486133720 24084377042037 26650029688304 30164102120878 32495684847978 33506955655317 37287300095821 36037993249995 40230480381504 45554586968564 46273008403891 45938453062039 56024747256202 54419665207468 60598494903408 66483723435530 66741676640046 74284016735902 81147069543594 78568276196681 93839803675887 88238570418347 97601521629037 87490496998413 115501947451153 100826350933456 121435431173360 122589213176844 136418225905719 125684355852556 145851244345603 142827060783908 178231627331800 200431279204697 210982331226370 192721664421316 215666016977778 203551037223170 226692695484502 211989019173384 267802106307311 283386619292738 302049509882003 271998942090321 328500756930048 326100081754736 319391672434728 303217022847740 379189726253220 473203720577470 515884265663878 463212334007883 540397777612705 525496629637303 516254112439484 481477250109394 696394623628945 738123271411385 661584347613958 703553257371994 724238443480456 872621788206278 896812114251239 785453561443866 1103875997582971 1188465499756423 999996659632224 1218052849271345 1231791646448820 1255888496040526 1379498792274959 1272624060834344 1539109768291996 1543324675143103 1699132725627303 1701791258392035 1957903630310737 2540653303301559 2058767052726924 1781728070026496 2423343477576480 2724535480163933 2620096095597752 2695355765473232 2598902461964147 3731369528456809 3080159643385719 2848571377235077 3708787707469782 3815769260748827 4312486712641385 4550189602167323 5280262815880011 5227934279751618 5044964804991872 4946227186929810 4850476376987218 7351693568288777 6758388080088943 7328847358472624 7943011750745395 9687109031254430 7242068989988191 4706340643253012 10021374655614312 8035285675863005 9243619956689349 9763903667756698 9195727872369829 14148846728781197 13276158417164650 7431157836887898 12463604298905990 18963762237902549 13673787082784645 16934391761396223 19850285335314514 26753815870660528 19223783098195461 14529249503648251 20506292082501799 17183619644614508 27585518588032330 17262973588000896 30397062135123340 32210068699533813 28917340551656236 30648572085170673 29074517564694874 33087114475028163 34265010537143216 34045083255642889 37606259192618615 51949046395879270 61831077855552669 22553960523319459 42638787656608895 55140954109838991 42309999116559361 54625913856420873 74787600067612690 77172283036877429 59141197568725623 48602646624492646 62332457966045605 90171027457677802 85342778376958158 91460007507560671 81615314122007988 96901363215967824 78357206681950483 45604655792307854 83009639760895829 107316888948422657 79023431389590064 128604027387180146 101305920588594275 142433684385805409 117954608617032132 63355022622454779 124531852091744108 141941774195709676 71884440141255746 147990885596592959 105949046820898215 110370257476744006 63720081166391985 105815277712013088 81482979630474370 124482467824061812 85989304253232014 110693413996729187 151537269791503541 11435542077822104 112208961924721663 81842641681013127 113973591395817229 122240455707830021 68482326935271548 175399109497926019 132046356560179129 61492949562506781 131832397460386238 254650172705703860 348632889077098532 190578291557253313 143546263353826976 242609455918743712 167066789793281622 69601909738881660 457873508321984580 242345905670954651 390781263338838928 49005643635237875 49005643635237875 843087265545303904 244641424128114182 68834885946073850 137669771892147700 226107831026367293 78801255302666615 96450110192202760 296051686706140845 110307860425292772 117949491546113972 479956992472138271 144117936527873832 308087194759152060 329274958331522088 200882556287683159 261578907351144125 298330063062758076 387632532919029223 1022141228367345362
3 4 5 6 7 8 9 10 11 12 13 14 15 16 17 18 19 20 21 22 23 24 25 26 27 28 29 30 31 32 33 34 35 36 37 38 39 40 41 42 43 44 45 46 47 48 49 50 51 52 53 54 55 56 57 58 59 60 61 62 63 64 65 66 67 68 69 70 71 72 73 75 76 77 79 82 83 84 87 100
6 64 67 278 280 558 397 660 406 578 346 593 377 517 284 391 265 315 183 286 157 261 153 216 104 139 79 132 87 104 62 106 54 65 40 81 51 53 32 58 36 28 22 30 37 20 13 22 20 11 12 14 23 8 6 10 8 4 7 4 7 1 1 2 4 3 2 1 6 2 1 2 4 2 5 1 1 1 2 1
6 83 113 677 826 2950 2664 8174 6325 15938 11818 37157 28934 71537 44144 100097 77994 151245 97347 229713 131313 345646 199041 457974 244546 465903 252307 719641 424129 858616 558862 1128412 570520 1101370 620109 2256536 1256347 1934388 1326507 2958044 1960779 2404285 1721393 3064642 3871292 2177864 1902457 5101935 4966680 2477408 3412590 6714264 8140021 3789148 3428568 8163240 4935787 2728508 7110692 7375522 7786676 1430440 1932934 10332048 10401248 9094570 6966520 2679689 23992745 10822510 6175470 10785566 32357539 17764161 53741556 12132164 36396492 15796476 64350979 118114304
