27 39 51 63 75
9355 34486 33037 19613 3501
1386956 718466 198673 53339 3929
11387070787743594353 29162066430357945858 4673241713891342515 95619681919120173 7495828901
27 39 51
883 448 52
5319 922 62
305483729 19748553 31792
3 4 5 6 7 8 9 10 11 12 13 14 15 16 17 18 19 20 21 22 23 24 25 26 27 28 29 30 31 32 33 34 35 36 37 38 39 40 41 42 43 44 45 46 47 48 49 50 51 52 53 54 55 56 57 58 59 60 61 62 63 64 65 66 67 68 69 70 71 72 73 74 75 76 77 78 79 80 81 82 83 84 85 86 87 88 89 90 91 92 93 94 95 96 97 98 99 100 101 102 103 104 105 106 107 108 109 110 111 112 113 114 115 116 117 118 119 120 121 122 123 124 125 126 127 128 129 130 131 132 133 134 135 136 137 138 139 140 141 142 143 144 145 146 147 148 149 150 151 152 153 154 155 156 157 158 159 160 161 162 163 164 165 166 167 168 169 170 171 172 173 174 175 176 177 178 179 180 181 182 183 184 185 186 187 188 189 190 191 192 193 194 195 196 197 198 199 200 201 202 203 204 205 206 207 208 209 210 211 212 213 214 215 216 217 218 219 220 221 222 223 224 225 226 227 228 229 230 231 232 233 234 235 236 237 238 239 240 241 242 243 244 245 246 247 248 249 250 251 252 253 254 255 256 257 258 259 260 261 262 263 264 265 266 267 268 269 270 271 272 273 274 275 276 277 278 279 280 281 282 283 284 285 286 287 288 289 290 291 292 293 294 295 296 297 298 299 300 301 302 303 304 305 306 307 308 309 310 311 312 313 314 315 316 317 318 319 320 321 322 323 324 325 326 327 328 329 330 331 332 333 334 335 336 337 338 339 340 341 342 343 345 349 351 352 353 355 356 357 359 360 363 365 369 376 379 381 383 384 385
291 1586 3906 9557 17932 29661 43234 52348 60613 62841 62730 60901 61193 57872 57188 53612 51666 51161 50192 46039 46121 44478 43373 40970 40189 38090 38085 36283 35384 34663 33812 31140 31076 30955 28803 28193 27687 26581 26587 25051 24215 24063 23602 22014 21746 21558 20553 20220 19514 18570 18039 17636 16887 17167 16544 15417 15121 15222 14131 13891 13633 12989 12920 12548 11756 11916 11368 10639 10774 10608 10005 9928 9544 9356 8821 8729 8214 8451 7947 7536 7452 7292 6841 6902 6534 6251 6084 6120 5757 5902 5438 5181 5352 5180 4926 4923 4521 4558 4331 4282 4050 4109 3868 3763 3543 3618 3256 3534 3273 3165 3052 2989 2861 3021 2622 2590 2737 2528 2412 2432 2216 2237 2290 2095 2153 2083 1785 1946 1871 1677 1557 1639 1546 1615 1439 1424 1347 1390 1252 1290 1229 1159 1125 1207 1074 1072 937 997 955 954 843 933 890 797 750 754 750 762 678 710 683 650 594 666 625 582 564 593 516 551 480 530 498 466 442 479 444 405 382 422 414 378 356 304 335 339 309 299 337 290 262 312 273 263 230 254 266 234 213 255 233 205 226 217 185 206 175 196 184 169 154 171 200 164 139 164 142 145 146 133 137 135 113 108 135 102 114 135 118 113 82 90 91 83 91 70 94 93 77 67 73 90 73 68 70 64 61 58 67 52 56 74 57 49 46 44 58 43 51 79 58 53 55 46 40 39 31 23 36 32 39 30 38 34 25 29 27 29 25 34 27 23 20 30 23 5 31 23 15 18 18 14 24 15 24 14 10 15 5 18 16 13 12 14 15 17 14 15 19 9 17 10 12 10 8 11 14 5 19 11 8 5 4 8 10 8 8 10 7 6 2 4 7 6 12 3 3 5 2 5 5 4 2 1 2 2 1 1 1 1 3 3 1 4 2 1 2 1 2 1
291 1736 5426 17840 44585 105537 211851 400352 693286 1080939 1671594 2478186 3598829 4988050 7031967 9225810 12425707 16622206 21739401 27116073 36112458 44340526 57232687 70368472 86921549 105568162 136377047 159360849 199490364 241610114 291633089 337441780 424909745 499798319 583882856 700854897 824902932 972651734 1183510154 1333249325 1604740663 1894572282 2207291806 2513255415 2969511453 3437691816 3940209152 4706706686 5290549628 5933880678 6988130917 7841565694 8896008212 10743794313 11890163479 13346299788 15578629098 17444923822 19524366276 22708038229 24718847065 28215996642 33358365233 36585382840 39747769254 47334949029 51448521572 55860852742 66368169726 71135248166 79654652566 94123609475 98861509411 111665649326 126221572853 138902774782 150076274071 182997530389 187848158884 200139524452 237515269170 247093475568 275580459912 324772040513 322088675316 361420419068 413846722281 445567209860 487832393545 584060044353 583411389271 639161145533 772665135136 790121075584 837996439043 1006994091246 1000584122981 1128640732355 1317890296335 1348032763471 1419700898475 1702560230073 1727273674537 1903870795101 2148751368587 2313244931916 2330900285085 2977313650871 2855526863271 3094569487927 3473641264625 3724343018291 4020349637021 4909541394038 4498000177892 5047693952134 6030296605920 5921374549810 6410423816782 7473019257995 7307678083894 8127829159861 10390650205581 9598195183549 10629591874932 12442853182716 10858103335842 13355944196375 15086620026320 13697904090276 14613824015414 18036387415088 16327471364796 20333355730967 21147183695957 21800382207517 22360760385415 27290840786514 25684808328476 29787612100947 32193158656054 32279002465573 33452046121053 42371278164346 37735793524647 42771455466440 45478962022373 49008489904294 50167772622485 59162407746629 52545250546617 66078530509914 72873522403459 69543532931901 71659309685458 82614349718116 83711328501200 97025412947111 91844379782597 106447661045216 110469954879468 117716558592675 118081481374537 148311080390606 146999291163617 151593602669456 152065865768258 183493406420434 163768361888498 201180504032615 192959538440424 232274073495250 237298485118398 240059255785204 241622956188325 298431988705292 290685229522303 288677117461726 297530857998610 371685787883900 371008771575203 383612510659291 399773468230759 359258298674608 434955877940965 508118643501195 470598299196503 502526143739343 637000950322214 578903598906916 549126720481936 739711468631278 692030717894515 757255017136046 713688371696601 844664668433369 948672353449552 970864946247255 922178950560764 1236464833535333 1168242971545412 1105019568598254 1482834777604029 1445264162096487 1253744002400030 1592011250038432 1436615471323111 1719341007235316 1723744408254835 1804573270738204 1727815532499314 2222719942388049 2688662271589330 2410562918886467 2146688051909668 3058372728520976 2535472631885203 2927917950470870 3192891911325550 3195121666539787 3444473649508109 3781286813413268 3462563745459373 3845256163170456 5003751340355469 4158381937462986 4643262312668224 6063557737680268 5602625509963998 6043631543431360 4702210495232516 5505393877036536 5829019691766985 6824109257984629 7453974349942459 6090059001737560 8930504185594977 9369544799923838 8053900575107706 7265224611595804 9385347050575243 12007173545834551 10529824240859734 11082234990456653 11765332075288187 12286280408323389 13028072962408955 11841615629820150 15630736245507966 12569741953287871 13921574184544844 20286529387916022 19744593657357749 16056056666763802 16507179672015512 16640069099134622 23524946994372646 18192369976025530 23810756157825267 44432141186284890 31408699376385313 31033804346727121 34976249805327879 31458572262587095 28854335551770962 30929947732194492 24328215653288010 20337234594085249 35132469421586136 31696159093144914 44652910997522407 35240837947842275 54098988970318287 48968120131180169 39893124099814037 48489008416569670 44830562798024864 59003279806776870 51805406531775027 73099220336262981 72080842806929239 69102389787732428 48852983909126103 84407586675079428 80311877408548981 17663881689252174 116139424665741652 85518896664823901 66290737700115692 84498629960961573 81742705034723760 68397422495599302 143849982814371942 122333642715319121 155571743393970525 92384099211367017 78319265542065799 127440162332783970 38499192005417832 156706454547571655 166319775878869783 125035304367166119 140486331173939690 163751022714598910 219776327302842059 263011577658788199 213464820631590167 215877100273508831 366721367123490063 163572258955614262 338413271528517019 224057859595204368 247412467524803070 266748616157041368 185650152739241849 306395482706380896 486819813648771930 200156304035818982 602142794146500596 371247195973978250 352956450509022794 189017188633992299 242345905670954651 348033185302884232 604740516341493905 601893325997217564 483242071711594713 593156002943080930 553608222865342914 592456905492908850 137669771892147700 304909086329033908 883312489330008277 517554132505999722 1126027946248167435 296051686706140845 316610793068763422 795079916339513004 235898983092227944 656674577537497270 971630532076827576 637362153090674148 429236599486572598 244904537455382406 523157814702288250 558726656967404304 318555973788329084 340122810048577428 363117512048110005 413766180933342362 1324868945788075311 1610037210932073363 610898403751884101 3162952478597645276 2476115588238250170 1498478743590581081 3402338855951627050 1930656072350465812 4113026950673267610 2190401332423765131
3 4 5 6 7 8 9 10 11 12 13 14 15 16 17 18 19 20 21 22 23 24 25 26 27 28 29 30 31 32 33 34 35 36 37 38 39 40 41 42 43 44 45 46 47 48 49 50 51 52 53 54 55 56 57 58 59 60 61 62 63 64 66 67 68 69 70 71 72 73 77 78 80 82 84 86
7 60 46 257 137 428 247 571 289 459 301 421 212 350 165 328 150 215 117 211 86 152 86 114 46 106 59 94 40 73 35 57 27 44 27 35 26 27 17 18 13 7 12 18 6 10 4 6 2 15 7 8 3 5 4 3 2 1 1 4 2 3 1 1 2 1 3 1 5 1 1 4 2 1 2 2
7 90 76 680 389 2230 1512 7726 4371 13561 9900 25917 15618 45322 23092 83870 39736 96321 57608 176307 70496 187999 99590 251907 96992 382745 172679 527933 172723 636085 276085 847279 253320 830936 406815 921316 668032 885003 567032 976961 539718 377423 814083 2045261 568779 1176144 436494 941062 361466 4658275 1608764 2195932 1111450 2506438 1978977 2316930 1299133 1053646 1544620 3842729 2396907 7654694 2600312 3865868 3483260 1505499 11617600 4647040 15438675 6175470 7089500 42537000 37156364 24264328 31592952 82025020
