1 2 3 4 5 6 7 8 9 10 11 12 13 14 15 16 17 18 19 20 21 22 23 24 25 26 27 28 29 30 31 32 33 34 35 36 37 38 39 40 41 42
2 9 2 19 12 28 21 21 33 36 53 54 70 71 59 74 91 97 96 68 102 94 99 88 88 88 83 69 62 70 56 32 44 47 35 41 32 28 28 11 6 3
8 74 3 37 16 61 55 25 60 61 77 79 104 97 76 122 119 139 124 82 128 108 112 97 93 92 90 70 65 70 56 33 44 47 35 41 32 28 28 11 6 3
8 297 4 82 23 132 122 36 109 113 156 165 205 180 163 358 431 862 1577 603 2004 4158 1251 1974 4876 3456 4459 4445 2264 3208 3179 2374 2260 1774 1129 801 451 212 105 50 14 4
1 2 3 4 5 6 7 8 9 10 11 12 13 14 15 16 17 18 19 20 21 22 23 24 25 26 27 28 29 30 31 32 33 34 35 36 37 38 39 40 41 42
2 9 2 19 12 28 21 21 33 36 53 54 70 71 59 74 91 97 96 68 102 94 99 88 88 88 83 69 62 70 56 32 44 47 35 41 32 28 28 11 6 3
8 74 3 37 16 61 55 25 60 61 77 79 104 97 76 122 119 139 124 82 128 108 112 97 93 92 90 70 65 70 56 33 44 47 35 41 32 28 28 11 6 3
8 297 4 82 23 132 122 36 109 113 156 165 205 180 163 358 431 862 1577 603 2004 4158 1251 1974 4876 3456 4459 4445 2264 3208 3179 2374 2260 1774 1129 801 451 212 105 50 14 4
3 4 5 6 7 8 9 10 11 12 13 14 15 16 17 18 19 20 21 22 23 24 26 27 28
196 556 572 474 260 171 108 89 45 49 35 32 19 27 13 16 12 8 4 9 6 3 2 1 1
196 668 924 1184 1086 1091 1157 1383 1079 1588 1710 2072 1708 2942 2186 3286 3256 2607 2167 5250 4115 2376 2510 1575 1958
3 4 5 6 7 8 9 10 11 12 13 14 15 16 17 18 19 20 21 22 23 24 26 27 28
196 556 572 474 260 171 108 89 45 49 35 32 19 27 13 16 12 8 4 9 6 3 2 1 1
196 668 924 1184 1086 1091 1157 1383 1079 1588 1710 2072 1708 2942 2186 3286 3256 2607 2167 5250 4115 2376 2510 1575 1958
