25 37 49
1240 776 93
3688 1012 94
1218032 143761 1129
25 37 49
1240 776 93
3688 1012 94
1218032 143761 1129
3 4 5 6 7 8 9 10 11 12 13 14 15 16 17 18 19 20 21 22 23 24 25 26 27 28 29 30 31 32 33 34 35 36 37 38 39 40 44 45 52
32 121 277 455 534 544 471 404 333 257 196 189 165 121 79 90 85 76 42 54 48 41 24 27 20 19 20 14 7 9 9 7 4 4 4 4 3 1 2 1 1
32 138 408 957 1704 2691 3484 4701 6082 7319 7557 9772 12892 14351 10929 17168 21051 27206 20747 26661 44965 46315 28548 44486 32887 49946 51774 55224 33384 35903 45241 55598 44449 44066 52882 94958 65720 17977 130893 44583 147273
3 4 5 6 7 8 9 10 11 12 13 14 15 16 17 18 19 20 21 22 23 24 25 26 27 28 29 30 31 32 33 34 35 36 37 38 39 40 44 45 52
32 121 277 455 534 544 471 404 333 257 196 189 165 121 79 90 85 76 42 54 48 41 24 27 20 19 20 14 7 9 9 7 4 4 4 4 3 1 2 1 1
32 138 408 957 1704 2691 3484 4701 6082 7319 7557 9772 12892 14351 10929 17168 21051 27206 20747 26661 44965 46315 28548 44486 32887 49946 51774 55224 33384 35903 45241 55598 44449 44066 52882 94958 65720 17977 130893 44583 147273
