2 13 14 25 26 27 37 38 39
20 71 251 165 405 48 24 59 6
480 189 745 230 541 62 25 61 6
5017 1654 7321 28740 26479 2938 333 445 16
2 13 14 25 26 27 37 38 39
20 71 251 165 405 48 24 59 6
480 189 745 230 541 62 25 61 6
5017 1654 7321 28740 26479 2938 333 445 16
3 4 5 6 7 8 9 10 11 12 13 14 15 16 17 18 19 20 21 22 23 24 25 26 27 29 30 33 36
18 106 217 253 361 303 258 284 222 103 53 33 35 20 13 13 9 6 6 7 5 5 1 2 2 1 1 1 1
18 119 319 556 1137 1477 2033 3050 3775 3182 2443 1776 2562 1923 1774 1713 1896 1991 1958 3620 4127 3630 1002 2839 2830 2436 3010 5604 10143
3 4 5 6 7 8 9 10 11 12 13 14 15 16 17 18 19 20 21 22 23 24 25 26 27 29 30 33 36
18 106 217 253 361 303 258 284 222 103 53 33 35 20 13 13 9 6 6 7 5 5 1 2 2 1 1 1 1
18 119 319 556 1137 1477 2033 3050 3775 3182 2443 1776 2562 1923 1774 1713 1896 1991 1958 3620 4127 3630 1002 2839 2830 2436 3010 5604 10143
