17 29 41 53
704 1403 530 13
5049 2745 608 14
217429 483776 50098 2674
17 29 41 53
704 1403 530 13
5049 2745 608 14
217429 483776 50098 2674
3 4 5 6 7 8 9 10 11 12 13 14 15 16 17 18 19 20 21 22 23 24 25 26 27 28 29 30 31 32 33 35 37 38 39 41
52 208 462 728 960 1112 969 842 691 511 375 301 273 177 163 125 106 67 55 43 57 40 17 9 28 15 3 4 4 3 4 6 1 1 2 2
52 235 703 1554 3045 5192 7496 9581 13051 13805 15093 16949 22290 20060 23690 24216 26784 22714 25909 27782 44103 32248 19244 14275 49875 36474 7544 12512 33340 12140 24002 71817 20286 12310 35954 47652
3 4 5 6 7 8 9 10 11 12 13 14 15 16 17 18 19 20 21 22 23 24 25 26 27 28 29 30 31 32 33 35 37 38 39 41
52 208 462 728 960 1112 969 842 691 511 375 301 273 177 163 125 106 67 55 43 57 40 17 9 28 15 3 4 4 3 4 6 1 1 2 2
52 235 703 1554 3045 5192 7496 9581 13051 13805 15093 16949 22290 20060 23690 24216 26784 22714 25909 27782 44103 32248 19244 14275 49875 36474 7544 12512 33340 12140 24002 71817 20286 12310 35954 47652
