20 32 44 56
4898 34348 45424 15323
245150 560139 201659 31108
5773063920 21281137153030592257 4571672697957409155 2676975619832905
20 32 44
610 276 6
3560 502 7
54144264 2873695 248
3 4 5 6 7 8 9 10 11 12 13 14 15 16 17 18 19 20 21 22 23 24 25 26 27 28 29 30 31 32 33 34 35 36 37 38 39 40 41 42 43 44 45 46 47 48 49 50 51 52 53 54 55 56 57 58 59 60 61 62 63 64 65 66 67 68 69 70 71 72 73 74 75 76 77 78 79 80 81 82 83 84 85 86 87 88 89 90 91 92 93 94 95 96 97 98 99 100 101 102 103 104 105 106 107 108 109 110 111 112 113 114 115 116 117 118 119 120 121 122 123 124 125 126 127 128 129 130 131 132 133 134 135 136 137 138 139 140 141 142 143 144 145 146 147 148 149 150 151 152 153 154 155 156 157 158 159 160 161 162 163 164 165 166 167 168 169 170 171 172 173 174 175 176 177 178 179 180 181 182 183 184 185 186 187 188 189 190 191 192 193 194 195 196 197 198 199 200 201 202 203 204 205 206 207 208 209 210 211 212 213 214 215 216 217 218 219 220 221 222 223 224 225 226 227 228 229 230 231 232 233 234 235 236 237 238 239 240 241 242 243 244 245 246 247 248 249 250 251 252 253 254 255 256 257 258 259 260 261 262 263 264 265 266 267 268 269 270 271 272 273 274 275 276 277 278 279 280 281 282 283 284 285 286 287 288 289 290 291 292 293 294 295 296 297 298 299 300 301 302 303 304 305 306 307 308 309 310 311 312 313 314 315 316 317 318 319 320 321 322 323 324 325 326 327 328 329 331 332 333 334 335 336 337 338 339 341 342 343 344 345 346 347 348 350 351 352 353 354 355 357 358 360 362 363 365 368 371 376 384 389
358 1749 4224 8253 13333 18284 22934 27434 29499 31568 32377 30970 30551 28678 27330 25983 25428 23236 22670 21657 20315 19453 19061 17555 17304 16418 15357 14554 14589 13296 13289 12526 11966 11382 11295 10504 10325 9753 9334 9103 9136 8325 8284 7777 7614 7296 7465 6980 6997 6616 6467 6083 6110 5705 5723 5633 5318 5241 5382 4943 4913 4593 4522 4484 4391 4123 4038 4032 3802 3800 3919 3665 3657 3627 3357 3282 3259 3162 3173 3171 2926 2950 2951 2752 2809 2687 2676 2545 2549 2306 2364 2296 2181 2238 2256 2188 2092 2086 1969 1845 1879 1781 1823 1766 1657 1586 1684 1485 1580 1461 1471 1449 1449 1361 1366 1272 1219 1196 1310 1207 1139 1194 1161 1122 1106 1040 1044 1025 948 881 963 822 849 825 805 797 811 695 714 736 710 628 689 627 649 611 592 532 613 530 525 524 495 461 517 516 461 429 453 451 434 407 398 445 380 396 413 347 330 357 317 339 359 292 267 281 293 255 269 245 262 251 236 226 241 202 176 200 189 171 209 187 170 189 167 148 166 151 136 143 126 133 139 127 110 122 115 105 132 100 105 116 113 115 115 104 102 97 88 83 101 93 85 82 78 67 81 61 64 65 57 62 57 50 48 48 54 43 43 41 49 39 44 39 40 37 26 42 28 33 28 34 32 39 32 31 32 22 30 16 22 31 23 24 29 41 30 20 34 26 19 23 22 11 19 23 18 18 20 4 10 17 14 9 16 14 16 14 12 14 13 6 6 13 7 7 11 12 13 8 8 10 4 4 6 4 5 2 6 6 4 7 5 2 8 3 8 6 5 1 5 5 5 3 3 13 1 1 2 4 1 2 3 3 3 2 3 1 3 3 2 3 3 2 2 1 2 3 2 1 2 1 1 1 1 2 1 2 1 1 1
358 1901 5957 15979 36747 74771 136916 247758 400116 641955 991963 1423091 2020922 2815541 3849993 5022677 6873830 8622890 11175909 14312592 17942206 21863801 28099323 33794352 42019293 51599074 60922709 71877814 89897073 103782229 125579671 146441164 176509561 199491102 243521440 275455503 322330323 374245985 426154233 501600393 602523028 675568919 772531482 868546351 1012372590 1126020687 1350664061 1531397476 1770058260 1975340810 2315266055 2480144310 2924602386 3237027150 3676253195 4301879772 4774240958 5330960423 6488039335 6793588692 7761557406 8386369390 9762901316 10962407109 12241669582 13753984064 15292918168 17229737264 19243476777 21469134398 25088635302 27385794499 31090285206 35870093745 38779076823 42435187976 48877691290 53897755424 60737299303 70384632645 75354520871 83157963834 93003982422 102159339645 115042498995 129573306773 145073578902 151749708211 173302047830 179059999072 203437143488 223685033812 245901363996 279739279179 320959154618 351357944767 368325802414 420458050637 457234214486 472681056779 552648184694 582774254350 654803560548 708930644126 783959526056 812477057818 959083104182 977246940191 1094988666593 1155244489010 1359373790479 1447890606400 1599974277936 1757514260016 1826899911348 1991676750959 2148586483190 2268629391202 2730144089288 2939769271590 2959580338050 3431795191575 3834978630298 4037786645357 4426709923387 4869392308854 5104220672848 5623929834220 6000394531186 6123470623718 7329541815651 6977651813000 7660673271253 8558973164912 9177451466573 9864925683661 10957059852553 10911344665026 11574863413460 13581050738100 15402361914812 13826310202331 17452447488706 18050007103798 19539662536457 19976894813878 21704272511322 20865530300422 27804388708350 26729810463577 28224988437531 30408660718360 32990661140888 32493625559131 40308608373808 45483577822970 43917446448347 45047474583360 53263778628160 55033885223383 59705334743926 65042142259486 63792877670148 80378566929157 77277591756997 82988780934933 102150297366321 92775897614966 92828251921342 116680173254017 113876369169600 132730728504515 155843673730454 143393479697603 126125361027146 156669268441657 178458662687962 158682717505080 194993693412695 203848190232965 217838112136930 232732865511719 245541866785016 250277131627706 302933730882425 293258944094712 246043757571561 316440211102458 336141542050374 313515683724203 426337796899987 428573002247111 394293034964849 519688538649681 488494574099143 469811488269694 572262583903696 571156194403493 545664120781745 621571064790375 607487339281971 657597551884324 756468594479910 803324218577664 711726303562416 871313952128805 909109350685346 943554947989170 1201637658720676 1070620256477444 1076241588307875 1382307482277065 1423154518147943 1585487778576686 1633360742817228 1710837654312317 1738455185310714 1977235034721722 1853106588164680 1971213436288183 2581850063887673 2634683598404510 2436587140742006 2395187181972783 2699506587521896 2350974772549506 3200148675959162 2543901924489681 2703820882554317 3261807713102232 2781608977918359 3528927108758289 3667744360123757 3559226992477698 3451126009756313 3899441221438007 4781702245185693 3914119260757823 4409196265342801 4537905867137940 5488087686095425 4878894571790759 6492624576735886 5530557363027889 5782737424142806 6299797297842236 4901554026446113 8228974850223944 5740880227071956 7220563677241752 6880664554588936 9071196195492235 9456286296719474 11910291049870483 11333564869335035 11344843595048037 12002107880534658 10625446703714935 13219843670059047 7382522873972288 11504144870853987 18214328511916170 14826863142442658 15983059156683335 19009181301094767 30902545166530478 25762858167103752 19675034741199524 35738080429632606 29201953320438067 19205409967184530 26258272940444165 26310367287796309 15945627209080521 28660763225070100 33683780203444325 32089234021593755 32000818637915139 38369306213174233 8163303410300300 21183060821287955 41022049113182043 36875455348782353 23444335090916793 44990582632813046 44793025517113917 52224328888248384 50114644408657622 45743609310781219 61530029726220387 57056103059828772 28218873550118910 29594561352114092 70404842248894679 41028033604233875 44959808644570043 80235969610532771 86158776401923737 102741179084962152 75223474917097285 70229143526237354 113070663607722921 51107579642308181 54064867008017460 71947956232562068 50862871828574338 68680423785955423 43380278069417204 94148217824060571 100961900006930874 90842825165095682 136084171949108872 104409141637212563 42916192074705782 215250557376101798 79247422900698978 220772524605678993 175893606992516901 158117244034085890 32488293351466654 183898577976433138 191662348384244213 210911877670818775 134292795123110752 140550360722393931 727555818016419442 52462044228828641 60105349839666544 128650749218229100 294613151447401356 78801255302666615 163102070938891734 264651685597324365 283075655364955143 309454398965205975 213459326747028097 370166527213706682 134819180623301520 432353809583621496 462130792138728090 318681076545337074 527830679431268259 564025941156878940 401765112575366318 458544573742434300 244904537455382406 523157814702288250 838089985451106456 596660126125516152 318555973788329084 726235024096220010 387632532919029223 441622981929358437 502957566506000020 536679070310691121 1221796807503768202 741433159884081684 1798350696792176698 1238057794119125085 2056513475336633805 2816759503217942792
3 4 5 6 7 8 9 10 11 12 13 14 15 16 17 18 19 20 21 22 23 24 25 26 27 28 29 30 31 32 33 34 35 36 37 38 39 40 41 42 43 44 45 46 47 48 49 50 51 52 53 54 56 62 64 65 68 70 76 81
4 35 50 197 146 334 202 354 238 318 185 266 165 196 135 168 86 143 75 108 68 79 46 64 38 26 21 49 25 20 21 24 13 19 9 23 20 11 13 9 2 12 4 4 7 6 3 2 2 3 3 2 4 3 2 2 1 2 1 1
4 41 77 463 444 1811 1556 4689 3906 9878 7022 16566 12561 27799 21557 42645 24379 68119 37295 85195 57354 106939 64634 143689 82098 98147 90783 255618 143331 142361 179089 278866 161883 317214 141282 530676 488415 332060 622507 463953 69289 811196 268104 232870 579447 705224 403793 375875 252831 589092 441819 408452 1534808 2262260 1932934 3233090 3483260 5003209 10785566 18578182
