19 31 43 55
878 1134 399 1
6393 1924 416 1
1868365 388207 21586 792
19 31 43 55
878 1134 399 1
6393 1924 416 1
1868365 388207 21586 792
3 4 5 6 7 8 9 10 11 12 13 14 15 16 17 18 19 20 21 22 23 24 25 26 27 28 29 30 31 32 33 34 35 36 37 38 39 40 42 43 44 47 48 51
30 161 383 743 919 985 900 908 738 518 377 378 314 248 147 195 145 112 80 88 59 51 47 52 23 22 14 26 14 13 4 10 7 3 2 5 3 2 2 1 1 2 1 1
30 188 565 1553 2815 4650 6597 10465 12968 13533 14106 20819 24834 27259 20699 36714 40408 36659 34916 53234 55133 50101 59771 87415 42978 57448 37552 101808 80740 84917 38913 138402 63085 44066 36984 102122 44649 53931 173096 62370 37338 138436 75175 249508
3 4 5 6 7 8 9 10 11 12 13 14 15 16 17 18 19 20 21 22 23 24 25 26 27 28 29 30 31 32 33 34 35 36 37 38 39 40 42 43 44 47 48 51
30 161 383 743 919 985 900 908 738 518 377 378 314 248 147 195 145 112 80 88 59 51 47 52 23 22 14 26 14 13 4 10 7 3 2 5 3 2 2 1 1 2 1 1
30 188 565 1553 2815 4650 6597 10465 12968 13533 14106 20819 24834 27259 20699 36714 40408 36659 34916 53234 55133 50101 59771 87415 42978 57448 37552 101808 80740 84917 38913 138402 63085 44066 36984 102122 44649 53931 173096 62370 37338 138436 75175 249508
