33 45 57 69
19174 44459 23968 12397
1052087 436563 105031 20900
25997099301735040029 4602005342148619027 1059604309455276782 350269114344801
33 45 57
732 188 3
2533 307 3
51027798 1814909 3
3 4 5 6 7 8 9 10 11 12 13 14 15 16 17 18 19 20 21 22 23 24 25 26 27 28 29 30 31 32 33 34 35 36 37 38 39 40 41 42 43 44 45 46 47 48 49 50 51 52 53 54 55 56 57 58 59 60 61 62 63 64 65 66 67 68 69 70 71 72 73 74 75 76 77 78 79 80 81 82 83 84 85 86 87 88 89 90 91 92 93 94 95 96 97 98 99 100 101 102 103 104 105 106 107 108 109 110 111 112 113 114 115 116 117 118 119 120 121 122 123 124 125 126 127 128 129 130 131 132 133 134 135 136 137 138 139 140 141 142 143 144 145 146 147 148 149 150 151 152 153 154 155 156 157 158 159 160 161 162 163 164 165 166 167 168 169 170 171 172 173 174 175 176 177 178 179 180 181 182 183 184 185 186 187 188 189 190 191 192 193 194 195 196 197 198 199 200 201 202 203 204 205 206 207 208 209 210 211 212 213 214 215 216 217 218 219 220 221 222 223 224 225 226 227 228 229 230 231 232 233 234 235 236 237 238 239 240 241 242 243 244 245 246 247 248 249 250 251 252 253 254 255 256 257 258 259 260 261 262 263 264 265 266 267 268 269 270 271 272 273 274 275 276 277 278 279 280 281 282 283 284 285 286 287 288 289 290 291 292 293 294 295 296 297 298 299 300 301 302 303 304 305 306 307 308 309 310 311 312 313 314 315 316 317 318 319 320 321 322 323 324 325 326 327 328 329 330 331 332 333 334 335 336 337 338 340 341 342 343 344 346 349 352 355 357 362 364 365 367 370 373 378 379 388 394
251 1400 3728 9191 15525 22332 29785 34881 38322 38660 39479 39193 37997 36738 35656 34110 34238 32020 31236 30554 30058 27880 28350 26629 26298 25298 24450 24027 23721 22319 22057 21307 20778 19812 19338 18979 18669 17794 17793 16755 16488 15793 15378 15131 14909 13994 14343 13532 13042 12579 12583 11998 11972 11222 11185 10970 10772 9980 9822 9716 9317 9090 8937 8758 8916 8132 7833 7856 7621 7153 7267 6922 6862 6589 6327 6247 6166 5829 5849 5725 5462 5178 5105 5236 4921 4719 4727 4683 4769 4228 4032 4341 4046 3792 3918 3835 3737 3481 3314 3258 3447 3131 3091 3084 3083 2735 2788 2780 2634 2600 2544 2414 2512 2320 2125 2413 2206 2061 2115 2045 1913 1939 1862 1697 1742 1726 1602 1725 1589 1472 1395 1494 1423 1418 1372 1354 1378 1265 1130 1290 1200 1102 1095 1103 1203 1010 925 1001 944 880 876 916 851 795 781 773 762 749 725 697 688 678 582 661 692 582 624 532 554 554 494 513 505 473 472 537 453 436 399 396 410 415 379 372 390 405 307 407 312 293 305 315 325 312 272 273 337 261 272 284 232 227 198 195 208 228 189 196 195 189 153 176 168 164 177 148 162 142 134 144 146 116 124 151 151 120 115 114 139 106 116 108 179 103 88 107 102 73 94 89 83 71 67 73 90 64 58 75 55 68 51 50 73 34 54 54 48 53 33 48 51 40 44 37 41 35 36 38 34 38 30 43 26 31 39 31 39 17 26 26 31 33 19 30 25 19 22 24 15 28 14 21 15 10 9 70 15 9 8 11 11 13 9 11 14 15 4 12 9 7 17 10 7 9 6 5 7 4 4 15 6 6 6 6 5 2 7 8 7 6 5 9 5 1 9 9 3 2 1 4 1 3 1 1 1 1 1 1 1 2 1 1 1 1 1 1
251 1569 5252 17025 40158 85787 166533 301885 500490 769319 1178645 1751586 2461102 3487252 4744355 6352819 8806705 11218457 14418226 18888258 24655709 30071545 39773429 48786008 60876237 75054125 91012307 111800322 140901416 166228877 201929914 244596041 296661066 345448840 412758616 490103011 592011432 686287806 840214238 948677786 1126161837 1292711805 1490748985 1766194935 2093605095 2318299335 2864361725 3189784363 3594670437 4124764939 4879124869 5389193372 6501948261 7177337978 8269193879 9519886992 11012316274 11845753419 13464618998 15429681459 16983644937 19910105356 22772887040 25150888990 29490287390 31415607515 34433074655 39687366255 45381013214 48803562616 56596025889 63026798308 69478463354 77986423408 83623865869 95612385271 105936173782 116552648912 130293833492 147274497834 162567213021 170694657393 190268078443 225489449904 233565900585 261238735991 292419536673 335006304048 384676201618 379970075867 403616350903 502844937076 531771001599 554252185044 632818164710 729661494687 757715863027 833242604409 883323540299 951424693995 1124729493970 1191552091050 1292279427373 1478998707540 1637627696174 1625831511197 1881802351918 2053331503164 2097513473285 2445931661190 2625301568316 2766273406916 3180684396974 3436235626367 3298305601224 4213914160318 4332367281712 4595730990925 5213196439630 5755827745726 5665103883900 6761049669395 6986052251139 7145803171380 7982122014579 9017482035190 8964020798932 10866171150373 10924748468103 11832442632571 12437707205639 14297974256111 13922791020554 17369193953055 17558718903411 19035212760371 21191186880773 22050449128398 20964662335738 26455757087077 27412206015166 28092157467329 30668653562951 35923816447841 39734053648009 39366467980498 37985954201255 45990401753696 45927655811457 48505213225682 53033865396760 61232757141100 63727943601281 64498584688538 69137334128249 75539182620010 80672739568251 88287186012804 94599657632652 97182093062145 108056136113204 116417586461897 108634400646607 137618204909069 155881848227288 136498499451352 167099897823905 159015487488410 173292356460021 189184148838801 192554890088606 213820469565326 234244167186325 246277331884937 252767321265908 301624811199753 302764140886979 322042166919336 320582622674195 342263745316385 375051561523357 431619602834860 427749508672674 442111888194470 516344912824126 589575692083842 464033766245784 712258787737682 563088543419796 601800529075004 682796199449082 743475852999145 830855888323083 916892983422859 811548103752228 966825730393899 1306492807642325 1044725678660813 1178168803166611 1380683888382405 1150240230218693 1299058840582510 1186430637526418 1351436355959324 1459290964580147 1852161938300579 1624496391161730 1851539898038658 1925026493267611 2119795869574577 1903722224133724 2334077781988243 2248092272295937 2410293734673845 2873909162761560 2486986228028671 3123685834193548 2970069373804960 3030325841659233 3415544975768825 3812824913872731 3276663228198251 4127437591193474 4916095441429236 5297751460097507 4562129188502753 4674644250260060 5152657461563490 6900169509684134 5373841639769599 6757489011401319 6948707015312532 11234105098137349 7344255510371747 7186323508424572 8711223192574921 8250228602474304 6613390935207281 10513258693536794 9144999948563457 9270064646803469 10520790513345749 10026752471031322 11260107190324307 14842530027082873 11654118538342792 12092867830497488 15845461615973780 11290898561217068 16355937904383611 13403075419513975 12568754042310384 24705132386399602 9703248291149435 20676306507512415 19518781926250803 19741012944470999 23722139239009146 15209287004822290 24210993429209815 27446017989089537 24015670047962046 29280296302399607 24394232126755053 33665841868855358 24722679939337283 31523396585769493 37584194388486402 32418189096637056 36915776367330645 40279322929899189 50083764962950129 32860770101303716 44643604227501819 56054577393808263 46744032905042555 74373907641373047 36180135738074268 54552152995126326 57409516982291401 64847302151273585 84461421594962286 54916443121102482 91553416134408228 69778361878242698 62411452817853825 80903015837427133 92314064688797447 64506809931525732 152119705807574766 60645762391788285 132003115022719518 75641450023762766 53509575564127519 53107561368424905 454744029837828799 99216815974653292 72740791047846828 62039253853814496 98133724290882435 106608888611873185 140829912417893727 100036082764180348 161416390178779115 187137052952190469 212148705830213861 54561761120675418 227947182791634458 139577076040632153 117201686542760537 302327603095769360 209424186684533747 143003325887590507 263664794920772476 139650139428267175 151432039870454612 190578291557253313 143546263353826976 186281314662305164 566176956082778174 211279180123952227 306130725464740358 250831443197818766 259512748723351508 277867436353128015 98011287270475750 427085469598720424 517255662196245366 562048272404238926 463806156274679750 348992831646145739 820482101361986281 405005397180450083 84300815636225119 1017028485632658401 901557772377487665 559180933247285060 235898983092227944 134819180623301520 576471746111495328 154043597379576030 527830679431268259 214618299743286299 261578907351144125 318555973788329084 363117512048110005 502957566506000020 572612058898037559 610898403751884101 1390287426917892080 843250788562528427 1022141228367345362 1406207446561484054 1498478743590581081 2645418340688763701 3850538434667429186
3 4 5 6 7 8 9 10 11 12 13 14 15 16 17 18 19 20 21 22 23 24 25 26 27 28 29 30 31 32 33 34 35 36 37 38 39 40 41 42 43 44 45 46 47 48 49 50 51 52 54 55 56 58 59 60 62 63 67 85
4 30 32 108 93 220 137 237 113 193 95 146 88 156 65 95 81 110 59 60 48 71 37 51 43 62 23 33 23 32 29 32 12 33 14 15 14 18 6 18 6 15 12 7 7 8 7 6 3 8 6 2 3 3 4 4 1 2 2 1
4 35 55 274 310 1185 894 3093 1901 5656 3590 9513 6789 19129 10212 22048 24479 44266 29945 40061 36005 76238 45953 93012 92978 188658 78227 171041 104029 227285 216166 327475 121174 540968 217053 337734 392359 551257 272593 882317 314677 982998 770100 561882 610736 739852 926704 1290090 722932 1830337 1572406 816904 1241361 1158465 2555731 4424222 1430440 1943528 3247129 20506255
