28 40 52 64 76
8756 38446 30924 19640 2227
1502908 660167 177292 49091 2353
7947840002554720017 29932306845544478966 3296326530804200219 51146597777394782 561020564
28 40 52
710 491 47
3446 965 57
53298940 11798414 18921
3 4 5 6 7 8 9 10 11 12 13 14 15 16 17 18 19 20 21 22 23 24 25 26 27 28 29 30 31 32 33 34 35 36 37 38 39 40 41 42 43 44 45 46 47 48 49 50 51 52 53 54 55 56 57 58 59 60 61 62 63 64 65 66 67 68 69 70 71 72 73 74 75 76 77 78 79 80 81 82 83 84 85 86 87 88 89 90 91 92 93 94 95 96 97 98 99 100 101 102 103 104 105 106 107 108 109 110 111 112 113 114 115 116 117 118 119 120 121 122 123 124 125 126 127 128 129 130 131 132 133 134 135 136 137 138 139 140 141 142 143 144 145 146 147 148 149 150 151 152 153 154 155 156 157 158 159 160 161 162 163 164 165 166 167 168 169 170 171 172 173 174 175 176 177 178 179 180 181 182 183 184 185 186 187 188 189 190 191 192 193 194 195 196 197 198 199 200 201 202 203 204 205 206 207 208 209 210 211 212 213 214 215 216 217 218 219 220 221 222 223 224 225 226 227 228 229 230 231 232 233 234 235 236 237 238 239 240 241 242 243 244 245 246 247 248 249 250 251 252 253 254 255 256 257 258 259 260 261 262 263 264 265 266 267 268 269 270 271 272 273 274 275 276 277 278 279 280 281 282 283 284 285 286 287 288 289 290 291 292 293 294 295 296 297 298 299 300 301 302 303 304 305 306 307 308 309 310 311 312 313 314 315 316 317 318 320 321 322 323 324 325 326 327 328 329 330 331 332 333 334 335 336 337 338 339 341 342 343 344 345 346 348 349 351 352 354 355 356 357 360 362 365 370 371 372 373 376 377 380 391
315 1412 4070 9639 17716 31053 39123 54058 58856 59439 62207 63410 59474 56643 56405 54048 52935 50706 48063 48717 46830 43206 43627 44178 39973 38878 38817 37731 36468 34966 32919 34035 32545 29506 29929 30240 27447 26658 26702 25506 24898 24293 22720 23355 22721 20209 20882 21684 19013 18576 19026 18265 17512 17139 15909 16486 15697 14309 14515 14992 13307 13044 13314 12472 12195 11956 10826 11757 11157 9931 10345 10648 9315 9117 9352 8927 8614 8545 7823 8231 7695 6807 7204 7455 6531 6381 6678 5974 5927 5958 5340 5612 5621 4820 5246 5260 4585 4569 4673 4149 4281 4239 3896 3954 4160 3396 3822 3668 3270 3338 3498 2950 3115 3120 2764 2827 2915 2382 2744 2561 2336 2402 2504 2092 2289 2230 2025 1988 2048 1698 1867 1839 1717 1694 1867 1445 1566 1544 1404 1379 1484 1288 1471 1326 1259 1246 1225 1083 1160 1179 1063 1140 1075 885 970 978 922 881 991 749 844 737 660 643 729 599 695 623 596 639 608 522 575 553 526 477 475 436 429 419 443 385 453 335 346 354 339 328 330 303 363 268 289 314 282 261 272 291 278 215 290 226 227 221 224 200 234 183 177 172 181 141 190 172 166 169 141 129 159 124 141 142 147 113 97 100 126 115 109 98 116 86 83 73 91 83 80 79 73 74 73 59 90 76 61 56 74 52 57 87 64 51 69 62 65 41 39 59 46 29 47 33 42 46 32 32 36 40 32 39 49 33 32 24 21 21 25 27 34 18 17 24 15 17 21 21 12 27 15 17 27 17 12 30 16 12 13 17 17 7 16 14 15 14 10 34 9 16 15 14 11 13 14 8 11 7 10 11 6 11 4 6 4 4 6 8 7 3 6 2 2 4 5 4 5 2 4 2 4 2 4 1 1 1 1 1 1 3 2 1 1 1 3 1 1 2 2 1 2 2 2
315 1526 5761 17716 44243 108257 201150 404418 667452 1043336 1639400 2509033 3455131 4876245 6906701 9166431 12444406 16535977 21005400 28256564 36175903 44241491 58044798 74631703 87461677 110246813 140152441 169573023 206966603 250366560 296007855 370044158 440526977 505135744 621793435 761097159 849824692 1015386063 1221801598 1407354945 1632110762 1955447911 2202131705 2673077779 3162665337 3375351007 4106796646 4966867343 5190338192 6073076371 7432679479 8384780022 9237817789 10887306611 11843761477 14274663021 15702387081 16980703884 19823581182 23853604859 24340512336 28243746615 33436723135 36043081565 40036580145 46567703635 49015940013 60382187128 65583417901 70008153276 80975315963 96411956957 94767334264 107869344044 126542223131 141157144250 151824270785 174855899234 181714595666 216897995556 231802589395 234671964226 278263616009 333438569614 319109702860 362245220368 436268317508 437519885547 469195618519 548656178779 556443187112 658775123425 740812071115 706969039213 873938761099 1008251931640 933933378601 1096858205519 1282632423667 1267948766097 1435255420216 1660075370971 1657225037143 1886708017624 2263495820652 2023995507499 2577861128693 2878532243382 2681809941235 3136960953261 3785217423637 3570393409663 4116453477741 4713651641311 4651490632695 5320453887067 6083526163645 5522201545946 7022028316088 7577263326835 7487579772903 8597714483261 10206002471115 8769856886478 11292569890978 12537975723821 12148247236168 13427698147463 15891661524492 13257839981934 16963599301860 18953217141779 18735413476028 20345160228065 27236443155976 21435786843268 27029980690350 29118601070131 28215084740832 30445508371181 38456733553995 35757133068024 46188781739170 45857683633924 45615313452044 49504623067830 57490833813017 51903749778794 63171444026643 74597774256736 71473043585512 85489063829746 88876028365915 74814251861947 94978117212064 104353864736431 108181650882269 111927028142935 142381294998290 114793987480319 141934251448588 139282648196512 132684434054187 138123246887694 173221249787212 152613585899310 200121470813821 202804852058294 201337445417409 242889082106220 250717072990706 229706005678298 282667747409746 301499591860992 317145144710597 310693337446048 352626187853510 313935840979871 356703100477205 392378401304760 424077828841508 425777977315852 553625208349137 418715327693213 481071616711852 550257276978589 549610501297901 573546545580607 631934868019657 638343499739928 870830498140398 735003542873331 790872026624427 903463296976498 918116043664757 861303932328485 1010466540838319 1219312184219615 1173744515523965 1030154508411688 1659169703226798 1287821664353519 1388742401859060 1620647841187310 1678733438511973 1621531629830496 2065269231763714 1712734336541784 1699656196577060 1868811201190220 2139928847480952 1858205740484783 2560456579125859 2519828080580932 2844770208439636 3058708466040038 2806872168437745 2531368241659798 3483733742765815 3236077552241042 3439463061714800 4326397703550615 4774860660877594 3919581000638745 3600095656802171 3796520763824783 5512923466395460 5346217608955251 5794658116993209 5410310282026017 6537598160616347 4891504527123403 5542932105531407 5060631676966910 6784395068105851 6862096718315656 6714220159822699 7499419699268220 8506848646182649 9063304306419119 9107654021339376 8182964182945693 13274870085394235 11757090238410672 9931207123628126 10072404110603319 14816270921988620 10465353861877572 13627396184335006 24019635895234013 17054053354590072 13918911831143379 20921230712788165 19223240907700423 21748618798140628 14911849307191897 14153293333157457 24189233594880917 22932151177191404 14103824001259987 23147907442410954 18061013898978415 29539214984383079 32319326833232512 25776529350832902 25902935569487370 32137555032957868 34888110133714670 32539311298246350 39545204779615303 58720121312023889 43310233715385501 39258521410860623 32654324723278275 39021945787525687 36947950549865150 41688453433453060 56060290323092312 65922236409861613 39723488740236477 38594390855640642 67038619186061845 42211680170873992 54703448545472517 66825296067432960 73785361698482849 39346331274814620 116537243703887402 60353332655065431 67974467338748778 126939316918358877 91383552728417523 61363120783917712 186700582041150917 102464182025545620 97976952848478959 93688493881807690 134406012476979801 137385587945352792 64241987079544320 141723460374991862 140829912417893727 159621917118601354 152315480636776806 117690124543850484 493447720396663317 158903059510914749 247187295824800408 248868246603549918 263359765365227504 200357138629791728 340124604781736295 290328659599508852 223832424082335586 261250570687076472 183144951952228446 289113688356500913 342236447334767364 329508256550614892 427505262062518948 154387942607496136 245174418179909356 170992312143818784 189556004357631806 496969237539560282 532009558056377706 404942457970496788 180316049518999632 528131530883794300 137669771892147700 152454543164516954 320704581544224964 427378697525450099 373251090345504766 874752347859357405 206302932643470650 488116018759820654 252217035667592710 576471746111495328 576471746111495328 637362153090674148 175943559810422753 200882556287683159 214618299743286299 244904537455382406 261578907351144125 298330063062758076 955667921364987252 680245620097154856 363117512048110005 441622981929358437 502957566506000020 1832695211255652303 843250788562528427 899175348396088349 1917457395824676090 2044282456734690724 1238057794119125085 2639021199454947000 3193350548981513582 6385415036867065652
3 4 5 6 7 8 9 10 11 12 13 14 15 16 17 18 19 20 21 22 23 24 25 26 27 28 29 30 31 32 33 34 35 36 37 38 39 40 41 42 43 44 45 46 47 48 49 50 51 52 53 54 55 56 57 58 60 64 65 66 71 72 76
3 19 51 164 150 324 181 400 217 314 216 311 154 254 133 178 108 128 72 125 66 103 70 107 38 58 42 58 33 45 41 34 19 22 19 21 21 9 19 18 14 6 15 12 9 7 8 7 4 5 3 6 1 2 5 5 5 1 1 2 2 1 2
3 24 82 430 482 1880 1296 5356 3376 9448 7665 19858 12383 35626 20567 43690 31751 60878 34097 101251 55698 131009 96621 238042 93957 214109 152173 319672 156142 355419 331565 339332 233820 397437 396116 626373 580493 208505 708803 954088 757104 406184 1441812 1262731 893191 1067140 987005 1035126 854231 1286283 913232 1895870 281589 1296790 4106454 3154361 4741407 966467 2860880 3233090 7734775 6175470 10785566
