9 10 21 22 33 34 45 46
99 86 428 340 128 87 5 2
342 251 782 560 136 93 5 2
2227 1546 54761 31481 6404 2767 11 14
9 10 21 22 33 34 45 46
99 86 428 340 128 87 5 2
342 251 782 560 136 93 5 2
2227 1546 54761 31481 6404 2767 11 14
3 4 5 6 7 8 9 10 11 12 13 14 15 16 17 18 19 20 21 22 23 24 25 26 27 28 37
26 110 215 290 363 277 237 191 113 72 39 45 47 29 22 20 15 7 12 13 10 4 1 2 7 3 1
26 125 336 598 1167 1472 1965 2395 2102 1912 1380 2049 3487 3167 2679 3136 2975 2168 5203 7888 4720 3939 2508 3006 12096 6426 20286
3 4 5 6 7 8 9 10 11 12 13 14 15 16 17 18 19 20 21 22 23 24 25 26 27 28 37
26 110 215 290 363 277 237 191 113 72 39 45 47 29 22 20 15 7 12 13 10 4 1 2 7 3 1
26 125 336 598 1167 1472 1965 2395 2102 1912 1380 2049 3487 3167 2679 3136 2975 2168 5203 7888 4720 3939 2508 3006 12096 6426 20286
