20 32 44 56 68
4250 16233 43208 23513 12790
3781688 873950 478697 108015 22781
1271951978791 3755831844975854587 10845498457574630725 1548900893579298069 591765056267677
20 32 44 56
1164 799 221 10
31180 2299 388 10
1016813775 52573615 1334651 105
3 4 5 6 7 8 9 10 11 12 13 14 15 16 17 18 19 20 21 22 23 24 25 26 27 28 29 30 31 32 33 34 35 36 37 38 39 40 41 42 43 44 45 46 47 48 49 50 51 52 53 54 55 56 57 58 59 60 61 62 63 64 65 66 67 68 69 70 71 72 73 74 75 76 77 78 79 80 81 82 83 84 85 86 87 88 89 90 91 92 93 94 95 96 97 98 99 100 101 102 103 104 105 106 107 108 109 110 111 112 113 114 115 116 117 118 119 120 121 122 123 124 125 126 127 128 129 130 131 132 133 134 135 136 137 138 139 140 141 142 143 144 145 146 147 148 149 150 151 152 153 154 155 156 157 158 159 160 161 162 163 164 165 166 167 168 169 170 171 172 173 174 175 176 177 178 179 180 181 182 183 184 185 186 187 188 189 190 191 192 193 194 195 196 197 198 199 200 201 202 203 204 205 206 207 208 209 210 211 212 213 214 215 216 217 218 219 220 221 222 223 224 225 226 227 228 229 230 231 232 233 234 235 236 237 238 239 240 241 242 243 244 245 246 247 248 249 250 251 252 253 254 255 256 257 258 259 260 261 262 263 264 265 266 267 268 269 270 271 272 273 274 275 276 277 278 279 280 281 282 283 284 285 286 287 288 289 290 291 292 293 294 295 296 297 298 299 300 301 302 303 304 305 306 307 308 309 310 311 313 314 315 316 317 318 319 320 321 322 323 324 325 326 327 328 329 330 331 332 334 335 336 337 338 339 340 341 342 343 344 345 348 349 351 352 354 356 360 364 366 369 376
236 1521 4073 10535 19408 32173 61518 82582 102828 204153 224450 230983 226650 214305 207821 192430 185522 172426 165456 154266 146739 136011 132367 123668 117838 109235 105523 97621 93160 86561 83235 78519 75351 69111 66807 62104 58045 54488 52925 49213 47665 43632 42114 39410 37504 34129 33560 31802 29940 27879 26553 24638 23897 21859 20802 20253 19259 17696 17404 16008 15171 14154 13624 13001 12746 11505 11043 10809 10246 9145 9101 8584 8501 7684 7393 6859 6889 6318 6239 6054 5843 5101 5379 4920 4761 4614 4422 4268 4441 3959 3971 3731 3839 3538 3846 3453 3346 3256 3186 2899 3214 3008 3108 2873 2734 2496 2621 2505 2613 2439 2444 2229 2379 2053 2135 2065 1997 1881 2048 1873 1779 1710 1800 1569 1660 1570 1489 1491 1537 1327 1515 1284 1315 1366 1263 1267 1217 1185 1123 1082 1130 960 1050 1065 920 1043 965 880 889 871 804 868 833 726 765 770 677 703 731 632 661 672 617 646 602 547 557 573 532 497 556 463 477 461 444 428 504 396 484 377 369 393 376 359 359 381 380 337 319 319 335 312 298 309 310 260 262 277 254 260 275 197 247 244 221 232 217 208 194 180 187 182 184 154 176 171 130 150 150 114 131 136 109 124 108 104 118 114 106 103 115 94 100 102 99 91 76 74 87 70 88 75 128 60 66 57 44 56 78 50 47 46 46 43 47 38 54 33 37 30 31 32 35 21 31 22 25 15 23 34 18 22 28 19 20 18 27 22 18 19 20 21 25 17 7 16 15 7 9 13 10 7 10 7 9 2 16 6 7 6 9 7 14 5 56 6 6 4 3 1 3 2 7 5 3 2 3 5 5 3 5 2 2 3 1 3 2 1 3 2 4 5 1 4 2 1 3 1 2 1 1 3 1 3 1 1 1 1 2 1 2 1
236 1694 5759 19780 48492 117891 275430 551889 1014335 2690816 3988690 6840432 10000830 14752733 20682243 29070206 39472362 52568750 69008965 89508358 114608567 142532588 181106556 227513279 285632839 341601272 428799549 509518637 618317064 724414577 866918345 1035911582 1257276606 1436024356 1705736508 1986993765 2289895702 2572394435 3029610002 3460252348 4111379569 4571868376 5342960234 6024356321 7006382577 7480838073 8621595597 9824241996 11188981637 12237037664 14044843864 15466249986 17611245214 18545383274 20661540245 23348316330 26783748170 28562930986 32960268438 35895261751 39938970426 41722899719 45965327323 51454895442 58632960962 61312605695 68012632321 78048462615 83386982849 85786319152 93237845752 102635467406 114053580931 116846608049 130883138271 139547787087 155677803563 159807762874 169876434534 189051355394 206491784350 200110142794 231363240590 245113477466 255917642565 263297792250 290911272460 304510233265 363545273909 355891089683 398485444689 432740160536 513221446204 514940324655 639675999783 636719220536 702642685307 751980034562 849450537917 861575837510 1078737992592 1121969728713 1299530546388 1364576591815 1479869988639 1456727450267 1725444432097 1822264523841 2174955323012 2195779359238 2579808984677 2546057614354 3101432826467 2936150926731 3356020396474 3617276590817 4228841049513 4082813838304 5073341116874 4978745508428 5555384999122 5668767876998 6685524435965 6403147223126 7842240417333 7867174677669 8596820199489 9311601695432 10987442553035 10498962039101 13125409606519 12139307870769 13590194906016 15556433983598 16145033207320 17219664263969 19828769230089 20715943479017 21673715996501 23509498857853 26179710918461 23792019571739 29974283142842 32703566432901 32006563866740 38407002629087 40886702082820 39094378151592 45054532787680 46595343363434 48051253790534 57859925009410 60786486088892 56187808805561 68425297732680 72834406458276 74541494582702 81723105212564 92423315826069 87792518665761 99522622593094 111214631215395 119515782862598 127241887763222 138493223114573 128293697546127 152162427156842 170449844613641 178550000709907 168857890627226 216561486845855 202292994356811 219078737766292 234282106342854 245973141065183 239354200953631 358183587210502 282863708510417 375587792155460 327294119227175 363560083002717 393682804461854 422630928946013 433802763727162 496871159622197 521740309728727 570132479639382 581329824194418 617766467145307 664468532032085 749617399659516 744649208986740 767279873141325 848184001002577 1048991753337467 910747386921496 1025377967033037 1113734892592490 1132972051730160 1213354095383959 1580684083156151 1115698087552438 1550365778794449 1616162855647769 1544606920492648 1847882394587725 1902461713677831 1915900825284291 1990068573690771 2141142813441741 2234432292976747 2481567125457249 2675830983182665 2317477439516987 3197210413807635 3097327347939094 2433910531536074 3274345963330044 3371749640674953 3076247111662351 3505491228645533 3956685833859532 3372618543441320 4638452164773075 3768667489127948 3838844833611331 5379213557512919 5761921652405707 5538451282970077 5774248991720264 6410396714747691 6045306145751284 7299903032671249 7462451502751171 8020060726492539 7826405304228758 7266908848720318 7174252223389607 9603292786297168 9472716334644436 10271106473337220 10258628433303939 18225745447498472 9582389922032431 12647520053446367 10768141259588915 8483936217787813 12868928475951315 18282492062050858 10911461843396040 15938814706780842 13757980889787083 14140216885070745 15337949726641644 16324484637952799 13827422773456418 23289160253379566 15394159613242868 18708322471090201 15001319127544618 16239220076043717 18244771764374862 22902688675644062 16298364770827485 24709831392758628 14970216402083489 22445358016817462 13736892358859719 24978218447800125 34336718681959376 24477955518751479 26532127654426374 34646431549200472 29628777410283830 29000938949240730 31838106927559975 60148598654214339 41583284513732071 32938884036653894 45207853621424833 42221859893592419 47465919963669904 69459525493597514 44182171295873751 19748282115978805 52616303375435739 54434682176046277 31342796580133797 33965842826312953 53091252669046197 51577256137986513 42497202789963964 55766416700882452 37417840732669570 58730554060375510 12973348254158176 108578546204432838 43849960602433998 68417452319460168 50542481871746180 81379986446736687 76736221316508412 151143662406488529 54843077853290725 695177047389042700 74508307991205029 82799086451235428 59547520881851587 46525692013544051 17414180133147295 57360403361777673 42916192074705782 180916232007629804 139650139428267175 125016232236888286 79247422900698978 90978545969528892 188443426023928854 171692112829229974 109349766422936984 196952667884748041 122587209089954678 88520436579532724 147016930905713625 49005643635237875 157386132686485923 120210699679333088 120210699679333088 206504657838221550 157602510605333230 315205021210666460 450877174902748115 96450110192202760 412605865286941300 220615720850585544 117949491546113972 378325553501389065 134819180623301520 288235873055747664 154043597379576030 164637479165761044 602647668863049477 214618299743286299 734713612366147218 261578907351144125 298330063062758076 340122810048577428 441622981929358437 1145224117796075118 651688879997206959 1581476239298822638 1238057794119125085
3 4 5 6 7 8 9 10 11 12 13 14 15 16 17 18 19 20 21 22 23 24 25 26 27 28 29 30 31 32 33 34 35 36 37 38 39 40 41 42 43 44 45 46 47 48 49 50 51 52 53 54 55 56 57 58 59 60 61 62 63 64 65 66 67 68 69 70 71 72 73 74 76 77 78 80 82 84 96
15 77 135 602 610 1570 1308 2721 1558 3063 1665 2666 1372 2030 1066 1550 802 1298 713 1179 556 843 504 680 308 559 309 493 249 366 216 340 142 245 146 232 84 161 111 170 65 129 58 131 59 91 46 95 28 52 24 63 20 44 21 47 12 20 10 35 15 18 11 22 3 6 5 3 1 6 2 5 3 2 3 4 1 2 1
15 103 213 1501 1632 7400 7529 29885 19802 76648 48573 152788 92044 257168 144375 395056 203890 584546 335719 1029670 477737 1240172 690137 1587930 661027 2031095 1069402 3085526 1254357 2929708 1726875 4506731 1636168 5053520 2827422 6432011 1974640 6550711 3860893 10756296 2699095 9889114 5005303 17798911 5782022 19235983 6611500 20111807 5132432 20853387 5489917 40366365 6666316 26058313 10154382 31176623 7755923 29590156 10087027 52451894 18029664 45485379 15343359 52222179 3900468 34687004 12024873 20899560 3087735 30174885 5359378 67930170 38096527 9394410 48535047 146189182 18578182 31592952 72533807
