28 40 52 64 76
8620 39912 30188 19334 1943
895807 681196 174078 47271 2032
1466176765357244654 36331822097552396536 5857379247090585633 42849662273703171 279527586
28 40 52
714 476 40
3765 958 45
239461078 16907314 6701
3 4 5 6 7 8 9 10 11 12 13 14 15 16 17 18 19 20 21 22 23 24 25 26 27 28 29 30 31 32 33 34 35 36 37 38 39 40 41 42 43 44 45 46 47 48 49 50 51 52 53 54 55 56 57 58 59 60 61 62 63 64 65 66 67 68 69 70 71 72 73 74 75 76 77 78 79 80 81 82 83 84 85 86 87 88 89 90 91 92 93 94 95 96 97 98 99 100 101 102 103 104 105 106 107 108 109 110 111 112 113 114 115 116 117 118 119 120 121 122 123 124 125 126 127 128 129 130 131 132 133 134 135 136 137 138 139 140 141 142 143 144 145 146 147 148 149 150 151 152 153 154 155 156 157 158 159 160 161 162 163 164 165 166 167 168 169 170 171 172 173 174 175 176 177 178 179 180 181 182 183 184 185 186 187 188 189 190 191 192 193 194 195 196 197 198 199 200 201 202 203 204 205 206 207 208 209 210 211 212 213 214 215 216 217 218 219 220 221 222 223 224 225 226 227 228 229 230 231 232 233 234 235 236 237 238 239 240 241 242 243 244 245 246 247 248 249 250 251 252 253 254 255 256 257 258 259 260 261 262 263 264 265 266 267 268 269 270 271 272 273 274 275 276 277 278 279 280 281 282 283 284 285 286 287 288 289 290 291 292 293 294 295 296 297 298 299 300 301 302 303 304 305 306 307 308 309 310 311 312 313 314 315 316 317 318 319 320 321 322 323 324 325 326 327 328 329 330 331 332 333 334 335 336 337 338 339 340 341 342 343 344 345 346 348 349 350 351 352 353 354 355 356 357 358 360 361 362 363 364 370 371 376 377 379 380 386
329 1454 4009 9244 16870 26078 33304 40713 44580 46884 45855 46442 44488 43240 41978 40389 38762 37780 36030 34663 34144 32586 31162 30409 29156 28286 27387 26935 25176 25104 24294 23469 22810 22161 20493 20490 19410 19143 18476 18187 17745 16774 16573 16035 15612 14994 14835 14577 14038 13482 13102 12920 12297 12113 11800 11549 11170 11055 10370 10305 9813 9639 9603 9390 8922 8613 8394 8386 8042 7720 7619 7588 7295 6932 6942 6816 6383 6558 6214 6261 5836 5877 5668 5703 5219 5201 5033 5056 4739 4739 4577 4681 4391 4245 4098 4162 3881 3951 3814 3629 3539 3530 3565 3476 3159 3171 3104 3190 2805 2940 2857 2907 2750 2562 2574 2497 2296 2385 2358 2322 2058 2108 2131 2114 1936 1914 1856 1972 1672 1702 1641 1705 1652 1611 1556 1532 1379 1463 1448 1453 1256 1284 1295 1428 1125 1237 1167 1274 1080 1125 1087 1162 1020 1019 1014 1000 906 928 959 903 780 766 829 744 714 697 689 740 620 637 638 638 606 587 619 564 499 522 507 490 460 465 493 444 399 372 436 458 359 363 385 378 340 334 378 344 353 282 332 284 236 287 279 271 264 247 279 273 240 214 231 213 177 193 215 193 150 174 201 179 135 130 173 172 131 150 130 126 173 104 132 153 106 105 122 107 91 95 93 96 78 84 105 90 65 57 76 67 60 70 61 65 70 39 59 59 45 48 44 32 38 28 29 35 31 27 32 28 35 16 23 18 22 25 23 18 22 16 19 18 15 17 18 14 17 16 14 12 13 7 12 11 10 12 8 10 13 11 7 15 10 9 11 8 5 7 6 10 9 12 7 6 7 5 2 9 3 5 6 5 3 2 5 4 4 2 2 3 3 2 2 2 2 5 2 1 1 2 5 1 1 3 3 3 1 1 1 1 4 2 1 3 1 4 1 22 2 3 1 2 1 2 2 1 2 1 1
329 1589 5813 17321 42581 95816 177042 335216 545789 893783 1306002 1998827 2790412 4027788 5380187 7377987 9728502 13101637 16685817 21643840 27736934 35318449 42796267 54750158 67088644 83974380 101972179 126662847 147984901 187557443 222719867 263233930 317336632 381140039 428033192 531637475 602060062 731886346 823837333 991618057 1158865405 1331580450 1559999874 1819309574 2103800309 2458815051 2793935272 3245470586 3779143062 4295036615 4879045988 5685264736 6241141650 7378159347 8296752321 9393385827 10673243757 12189495642 13399646585 15713976587 17480280678 19710035235 22351517425 25447514570 28288517529 31789481828 35405354307 40472490890 44585740475 50125548139 55471899322 62841291048 70038005958 77052771397 86936981838 99037823111 104217016784 125528433454 131836570780 149912811023 161160207931 185555142246 199888989461 234425847349 240309063866 275787732022 293047323361 336227712515 360038826432 418238918207 445395696716 513633011945 552215316955 618046126966 645286583939 736827142419 767395954991 907674377617 936543475020 1056628919082 1131442997816 1289302723121 1412229625691 1589635679312 1587902260200 1859487741754 1944966745785 2249555077386 2188265711806 2724832912668 2796561331204 3301000054306 3404711809180 3722390450866 3914534945830 4419599616498 4375575237626 5341561057758 5546144962876 6387095362854 6007017559166 7018693270393 7704595480842 8693619704504 8656610834605 9966990181535 9776677001953 12142189479550 11242525268124 13263543683296 13140463117706 16026712546999 16104045087541 18928210220416 18411910787041 21921841186114 20783324143316 26962374847643 26306824754786 30676453474228 28775567521842 34288306981037 34852475893718 45027932794058 37235040745777 47893922994012 45442310683737 60759835476629 52825962022131 64259322409094 62385089217821 79332718352359 74951718955583 84193748467104 86248613748275 102471929694737 96197885120414 114769837759379 117832550311210 129895965991402 122290611379191 141860818107178 151889589128065 159370551781661 159071794994305 175423147852078 175479439938781 233932262428800 200292415584175 233715387827016 251479477700993 271675320519579 271832599042114 328393361725607 334766635854090 358460283746398 331725996410828 398239071062828 385037971590210 466153601779585 421044691948217 506916810981969 537182678565806 554127452529877 554006687702586 578990480922002 633706460281583 858646748183574 678995220396534 744580835330517 823972905931668 910741767278183 870662926706947 972239783089437 1194642512965467 1132620443135827 1302656107321479 1167293759675038 1341444865740448 1448986376432948 1297203639553739 1649713335459084 1640255306067619 1817457999034186 1888296164166266 1913045083693574 2305348629771507 2468075679887188 2391293945312603 2456765939605394 2534887924757359 2709450027226627 2564279075350774 2900234975583440 3402221303622224 3700328944355886 2837266555902814 3778089686127731 4363795042263803 4503744916234656 3412437655674843 3829366589457126 5177213305537999 6237548299892571 4801758587469948 6119518123754460 5681866866100941 6250740244401237 8107490188892839 6382403441285136 7632837316444783 10191955027080414 7210373300553781 8329741229057508 9382287293882078 9638472725899302 8534090719960014 11108732884167529 9695350919564671 12430330186518485 10173635462080501 13002123430145455 16267168424501533 13511712153966986 11208099067091405 11030235980413226 15730180952473439 15890490301063754 13829427141257824 18005751926509279 16450560456465326 21391209137504602 21841330046439946 15630737814959690 20989884543458542 23671426835265233 19305904067557183 22618722150746988 21512941299148589 15879588187546689 20684698878243836 16108688456576018 17711430559149024 25231424285712260 22514382092340222 22098390098912937 27335815665034681 26106208779842209 34001025773926716 19089740070986701 32760945016855249 24802870380475603 28236490575847089 37307191708171201 34839292111878294 31760008653164210 43956632827794793 28601246235520699 44765594006360168 44640782703940045 37819588560103437 43051402591209364 58784116021396345 41641218705828053 55936211383883369 59914939170363154 51749436598572832 48840410288236222 55917716845407449 31994310026110722 60058829657592939 55762177241095424 51256711657691956 65144182570225662 47067797486329390 67331223193017811 94646845916041176 91583481743175309 54009005468871456 124585461007799495 96723219013891006 94564497734275717 114325208197455877 98250613628759346 61346090096147325 102618743532976915 82799086451235428 149380947241417562 155816862576461816 206621374403132276 129443109930749479 134738233486132291 148766002986694291 115000033277436685 49300212301660980 235976567219361098 84915061022988009 149609748300367859 251257901365238472 201867744662722452 109349766422936984 77193971303748068 213740390179773480 180065153666688780 192789289449291653 104924088457657282 161080690570531571 232523903905081666 192976123827343650 128650749218229100 147306575723700678 152454543164516954 168601631272450238 450877174902748115 192900220384405520 103151466321735325 110307860425292772 235898983092227944 630542589168981775 134819180623301520 144117936527873832 462130792138728090 493912437497283132 527830679431268259 200882556287683159 214618299743286299 229272286871217150 244904537455382406 1046315629404576500 558726656967404304 298330063062758076 955667921364987252 340122810048577428 1452470048192440020 387632532919029223 9715705602445885614 942628128536797560 1508872699518000060 536679070310691121 1145224117796075118 843250788562528427 1798350696792176698 2476115588238250170 1319510599727473500 2996957487181162162 1596675274490756791 2332821198543892336
3 4 5 6 7 8 9 10 11 12 13 14 15 16 17 18 19 20 21 22 23 24 25 26 27 28 29 30 31 32 33 34 35 36 37 38 39 40 41 42 43 44 45 46 47 48 49 50 51 52 53 54 55 56 57 58 59 60 61 63 64 67 68 70 72 73 74 76 84 99
6 38 39 149 130 326 216 395 212 383 209 300 142 254 130 205 127 215 97 164 68 112 67 101 55 73 47 50 32 39 33 46 23 29 26 19 15 22 14 21 9 15 10 18 7 7 8 9 3 5 6 2 5 5 2 3 2 3 1 1 2 1 5 1 2 1 3 1 1 1
6 44 69 384 389 1877 1440 5178 3246 10651 7565 19515 10841 32646 19167 55618 33580 93804 46949 141888 57315 151190 81859 237819 123320 239996 165679 278848 170368 320917 240753 602259 295010 495569 437200 548644 369502 849873 577217 1037982 354060 1029573 805594 1703483 556733 835400 1213833 1700064 765259 2150334 1688155 1525234 1782605 2506438 893109 2140810 1053646 2522719 772310 831820 7654694 2243010 13908774 3483260 8447113 6175470 19372594 10785566 31592952 118114304
