6 7 18 19 30 31
34 31 300 422 108 126
181 172 669 916 116 134
1170 1015 21919 24347 10504 12770
6 7 18 19 30 31
34 31 300 422 108 126
181 172 669 916 116 134
1170 1015 21919 24347 10504 12770
3 4 5 6 7 8 9 10 11 12 13 14 15 16 17 18 19 20 21 22 23 24 25 26 27 28 29 30 31
37 108 195 323 382 307 249 153 108 74 57 32 37 31 15 15 18 6 6 6 7 8 3 3 2 3 1 1 1
37 126 320 727 1335 1580 2039 2076 2138 1994 2334 1899 2691 3436 2164 2474 4467 1761 1969 2415 3984 7306 3300 3259 3765 4725 1958 2436 3010
3 4 5 6 7 8 9 10 11 12 13 14 15 16 17 18 19 20 21 22 23 24 25 26 27 28 29 30 31
37 108 195 323 382 307 249 153 108 74 57 32 37 31 15 15 18 6 6 6 7 8 3 3 2 3 1 1 1
37 126 320 727 1335 1580 2039 2076 2138 1994 2334 1899 2691 3436 2164 2474 4467 1761 1969 2415 3984 7306 3300 3259 3765 4725 1958 2436 3010
