17 29 41 53 65 77
3274 9950 38118 28618 18610 1422
580387 1076450 572173 165492 44211 1463
2227900802 1158134519611177884 21317479133826218658 4311999007799892466 26722048697859835 65296065
17 29 41 53
837 948 356 39
48719 4041 689 45
345475429 56783214 6863531 12056
3 4 5 6 7 8 9 10 11 12 13 14 15 16 17 18 19 20 21 22 23 24 25 26 27 28 29 30 31 32 33 34 35 36 37 38 39 40 41 42 43 44 45 46 47 48 49 50 51 52 53 54 55 56 57 58 59 60 61 62 63 64 65 66 67 68 69 70 71 72 73 74 75 76 77 78 79 80 81 82 83 84 85 86 87 88 89 90 91 92 93 94 95 96 97 98 99 100 101 102 103 104 105 106 107 108 109 110 111 112 113 114 115 116 117 118 119 120 121 122 123 124 125 126 127 128 129 130 131 132 133 134 135 136 137 138 139 140 141 142 143 144 145 146 147 148 149 150 151 152 153 154 155 156 157 158 159 160 161 162 163 164 165 166 167 168 169 170 171 172 173 174 175 176 177 178 179 180 181 182 183 184 185 186 187 188 189 190 191 192 193 194 195 196 197 198 199 200 201 202 203 204 205 206 207 208 209 210 211 212 213 214 215 216 217 218 219 220 221 222 223 224 225 226 227 228 229 230 231 232 233 234 235 236 237 238 239 240 241 242 243 244 245 246 247 248 249 250 251 252 253 254 255 256 257 258 259 260 261 262 263 264 265 266 267 268 269 270 271 272 273 274 275 276 277 278 279 280 281 282 283 284 285 286 287 288 289 290 291 292 293 294 295 296 297 298 299 300 301 302 303 304 305 306 307 308 309 310 311 312 313 314 315 316 317 318 319 320 321 322 323 324 325 326 327 328 329 330 331 333 334 335 336 337 339 341 342 345 346 348 349 350 351 352 354 357 358 360 361 362 366 369 372 375 379 390
296 1504 4236 10833 19341 33483 44983 59527 66949 79570 81976 85544 90095 91106 86935 79061 73505 67266 61122 56508 53534 48772 44571 42486 39697 36975 34826 33020 31247 30642 27958 26790 26424 25081 23443 23086 22027 21260 20958 19758 19366 18938 17658 17624 17581 17007 16084 15621 15582 14577 14462 14216 13791 13391 12831 12523 12555 11922 11229 11413 11171 10750 10356 10190 10108 9763 9211 8938 9033 8922 8330 8022 8145 7777 7444 7491 7301 7050 6972 6602 6710 6452 5932 5975 5768 5818 5553 5225 5387 5070 4949 4857 4730 4779 4618 4378 4364 4196 4071 4034 3940 3791 3587 3576 3539 3388 3166 3159 3109 3134 3011 2706 2757 2662 2584 2631 2398 2378 2387 2252 2224 2133 2014 2085 1956 1946 1838 1853 1779 1714 1642 1600 1482 1566 1464 1562 1419 1379 1292 1359 1242 1235 1223 1233 1205 1212 1104 1066 1042 1007 950 973 883 870 885 904 749 782 742 766 699 670 634 716 629 645 580 551 565 565 551 512 514 487 442 467 407 399 408 411 370 400 326 343 345 331 370 324 290 358 293 304 279 291 240 275 234 224 203 225 188 244 194 207 216 204 166 191 184 174 161 154 131 172 131 133 145 151 122 153 117 147 100 115 96 140 111 110 101 98 77 102 83 90 92 76 95 79 65 79 76 97 75 67 62 56 62 54 52 57 46 47 44 52 43 45 37 47 39 34 44 43 36 30 34 33 33 21 27 26 22 26 20 21 23 20 23 27 14 11 13 16 25 17 18 18 9 15 11 16 17 14 12 19 13 11 13 14 37 2 9 9 8 8 5 6 9 5 10 17 3 8 4 12 9 6 7 3 6 1 2 4 3 6 7 3 2 2 1 1 4 4 3 3 2 3 1 1 3 1 2 1 2 2 2 3 1 3 1 1 1 1 1 1 1 2
296 1643 5926 19906 48999 120292 227968 469554 761034 1424074 2081282 3417963 5247546 7934127 10995391 14850111 19807603 25684776 32366415 40683552 51620398 61637038 75639875 92337359 109777665 129740429 155912557 180019056 210679868 255307156 280971673 338099487 406037446 452931758 518716349 622586482 701570298 813986827 987611459 1087128567 1279334962 1531570539 1691389800 1993015136 2396987220 2644572022 2996324637 3586987920 4050738851 4474776420 5475394441 6043562425 7017825765 8052540032 8977675865 10198194835 12287193146 13120046359 14728252908 17804373795 19565629620 21893999202 25171965467 27767187643 31834333636 35836257448 39278569546 44798661124 53048883139 56284895731 61503238383 70121891325 80495875504 87178995033 98056589354 108221454034 121545049512 135741365866 150076082040 164010542834 199201944965 201820407964 217607137904 251616241656 272133221919 308535495211 349097527898 358787793032 421696306261 457170677568 485822394046 558707444998 636289458978 676114333209 741123588848 805954454651 915443927151 987388700200 1095336141402 1194753700783 1337534806895 1436003248787 1529648002697 1674637455242 1965701212461 1915879852583 2086223983092 2398512817093 2638594400359 2878276402265 3247169860246 3064597827244 3748738214797 3804766529265 4223333173169 4855107907736 5072715259915 5147001961650 5964895337857 6194153610551 7005404987432 7175746315396 7930639838305 8583295652395 9444349590662 9879151697391 10666884530924 11645011200699 13756880820949 13131931260320 14441909167775 15725281874808 16226844112346 17777589361227 20003883239610 21941505281306 23310572154795 24880892317751 25560356489714 29571655893982 31329812557493 30822278744102 36131890042073 38645306936919 43639698708004 47635755310180 48921425943761 51165358320681 54278713544234 59188723816543 60424774439594 68025451799808 73007304475764 70813088334311 80227947187016 96621369559575 85259498675513 97392481678182 101594143902754 112899702773571 116683519543949 119028661719224 122349540129587 157014672162141 151865250334792 165023492546503 168672158929854 177769691669014 193590294766267 206038687353995 223776618799177 226559323743870 245388308553274 263089387636995 268350967812431 295682282139828 296193373436778 284001510616144 313658841899005 385978332377580 359301440036871 418054310029584 369784812408002 417963416832953 471316067440552 478152170145309 606583440914108 567796677938256 558910943138591 716654092448227 627807684214476 718403139815092 714077652691236 807448759084163 738902156237928 922448332164379 806344106460787 935561410155330 927906300020461 1092388385541171 992215525311112 1304849472264964 1160714387249100 1372089430198911 1554697763787311 1642170455596202 1419532255607665 1673862457522357 1829244478758442 1749954423443786 1736153765566391 2016382762124363 1851278552733227 2706507188515720 2392015182643741 2277905074146843 2638817753284961 2942582298134017 2596808096163172 3738306732778135 2897336584525876 4209159794578106 3234981817468247 3634432838204577 3373632849172392 5367026201952393 4700023934896000 5098939024826183 4761836050291617 5708772351731408 4234836448810729 6437131821932028 5484745853204326 6033780264172024 6876468428882463 6788273734768648 8358085631172788 8001295122944982 6986265374111515 9158486679268364 10188829285859636 14646560141407299 10430820422739269 10944545717014165 10687653988473461 10087730549689014 11271525842524766 10764568386285923 10754731803284908 13283298437431088 11616806813124622 14714127114074097 13285419514744258 17763930744475139 16065992917454669 17823965336164835 14702324437584568 19327575745831833 17880959816117216 17400534674598967 23641065858898948 27794871672634480 22402758215021894 19716443208471934 28413157101511135 26090978751121637 28485032954249855 21176846324452063 26437203017648106 28132415270471582 24623392900366236 29752405350185220 23240815832010447 27117976074821747 34738594347521059 31953871018558190 42627866543874255 50269692215298318 28474327476799151 26571849607180528 33273055477630964 37219296337686347 68886423326315177 53591486430843045 55303905535857126 63708398331495633 32313717106003298 61683606543176978 45196626659944481 71313456766042854 80798111239782387 65168468424468394 64061160760700268 116322028401171583 81222524828177930 67331223193017811 91771789813340718 114535891913021814 278946641130621432 17240992550930050 80114813124219533 105173359582359117 89378751531631509 99028824474032611 60512414154739964 76294307742861507 136404402801688545 86760556138834408 156913696373434285 304060093618110254 53499848565894954 173427148548309600 84391714874635618 272916258629579152 211950358385415492 202497953654851428 192467504264682990 86936222671834970 184119203300681474 34800954869440830 72075360646188907 154387942607496136 125415721598909383 265561309738598172 415184511983862099 248484618769780141 104924088457657282 112313204225748578 64325374609114550 73653287861850339 304909086329033908 320704581544224964 348952501233549484 289350330576608280 213459326747028097 362007500926024299 134819180623301520 164637479165761044 527830679431268259 200882556287683159 429236599486572598 229272286871217150 489809074910764812 523157814702288250 596660126125516152 1089352536144330015 387632532919029223 1324868945788075311 471314064268398780 502957566506000020 651688879997206959 790738119649411319 958728697912338045 1161537834849962850 1498478743590581081 5997928895472904388
3 4 5 6 7 8 9 10 11 12 13 14 15 16 17 18 19 20 21 22 23 24 25 26 27 28 29 30 31 32 33 34 35 36 37 38 39 40 41 42 43 44 45 46 47 48 49 50 51 52 53 54 55 56 57 58 59 60 61 62 63 64 66 67 69 73 81
14 88 131 687 461 2112 1731 4629 2450 5064 3143 4819 2070 3798 2296 3067 1322 2144 1316 1881 798 1320 868 1133 428 795 503 721 274 508 324 476 157 260 174 307 91 196 117 208 51 86 49 90 39 64 22 44 26 25 7 13 12 16 2 21 7 10 2 8 3 7 3 2 1 2 1
14 106 206 1486 1268 9571 7895 47771 26162 121548 72909 265989 117916 473876 261599 817405 331878 1049814 549360 1600792 649606 2112708 1051730 3039859 948574 3646798 1480586 4702549 1440568 5158986 2343694 7803894 1841557 6179716 2600357 10364333 2059913 10593448 4020276 17872099 2385233 12259614 3408968 16109446 3674730 18026830 3132384 18596293 3585706 12854147 1317785 9275324 3143475 14419797 1126356 33968374 3406139 30938435 2107292 18831384 2707656 33716672 34330560 4263952 3483260 10263438 12132164
