0 11 12 23 24 35 36 47 48
1 22 686 647 15101 2387 49335 1660 30138
4 72 2419 6999 151348 10252 210237 2643 46485
28 2063 127700 80479717496 7762354417613 104618528084589152 6986596845759422283 126742008723456 1032003883984604
12 23 24 35 36 48
27 14 298 5 99 1
40 19 559 6 107 1
1243 5697 5044564 6911 863288 42
3 4 5 6 7 8 9 10 11 12 13 14 15 16 17 18 19 20 21 22 23 24 25 26 27 28 29 30 31 32 33 34 35 36 37 38 39 40 41 42 43 44 45 46 47 48 49 50 51 52 53 54 55 56 57 58 59 60 61 62 63 64 65 66 67 68 69 70 71 72 73 74 75 76 77 78 79 80 81 82 83 84 85 86 87 88 89 90 91 92 93 94 95 96 97 98 99 100 101 102 103 104 105 106 107 108 109 110 111 112 113 114 115 116 117 118 119 120 121 122 123 124 125 126 127 128 129 130 131 132 133 134 135 136 137 138 139 140 141 142 143 144 145 146 147 148 149 150 151 152 153 154 155 156 157 158 159 160 161 162 163 164 165 166 167 168 169 170 171 172 173 174 175 176 177 178 179 180 181 182 183 184 185 186 187 188 189 190 191 192 193 194 195 196 197 198 199 200 201 202 203 204 205 206 207 208 209 210 211 212 213 214 215 216 217 218 219 220 221 222 223 224 225 226 227 228 229 230 231 232 233 234 235 236 237 238 239 240 241 242 243 244 245 246 247 248 249 250 251 252 253 254 255 256 257 258 259 260 261 262 263 264 265 266 267 268 269 270 271 272 273 274 275 276 277 278 279 280 281 282 283 284 285 286 287 288 289 290 291 292 293 296 298 299 300 301 302 303 304 305 306 307 308 309 310 311 312 313 314 315 318 321 322 323 324 330 331 332 333 335 336 346 347 348 358 359 360 369 370 371 372
257 1142 2485 4575 6922 8918 10217 10633 10938 10746 10524 10402 10014 9660 9316 8956 8724 8445 8203 8041 7712 7332 7182 6980 6873 6568 6415 6142 5927 5797 5680 5580 5431 5201 4993 4829 4790 4570 4525 4456 4194 4122 4019 4019 3807 3669 3596 3555 3295 3245 3110 3115 2981 2940 2812 2716 2739 2592 2529 2529 2381 2335 2267 2226 2149 2145 2047 2011 1919 1848 1820 1745 1721 1623 1622 1602 1534 1566 1464 1487 1404 1394 1270 1350 1264 1214 1179 1170 1090 1077 1057 1064 1026 889 981 905 953 911 780 832 810 791 716 767 731 707 641 630 689 680 610 565 578 548 512 516 520 533 482 470 505 465 478 420 414 385 393 350 353 363 328 324 315 295 329 295 289 293 293 274 278 253 235 238 235 205 237 226 235 224 216 232 186 176 181 165 159 163 154 143 149 151 161 148 149 160 122 141 112 124 119 110 114 112 114 94 109 102 105 92 106 94 95 97 84 82 75 84 64 67 64 72 65 62 65 67 62 48 55 47 54 40 49 44 45 49 43 53 46 41 32 41 25 33 32 30 29 30 30 25 28 36 37 29 29 24 28 25 18 24 18 19 15 18 24 24 20 16 12 16 14 12 14 16 14 16 20 17 16 13 12 9 11 8 9 11 7 12 10 14 7 4 5 4 5 4 5 6 6 6 9 8 9 2 3 5 3 5 3 5 3 4 3 4 7 3 4 2 6 2 3 1 4 3 6 4 3 3 2 2 2 1 1 2 4 5 4 3 4 1 1 1 2 3 2 1 1 1 1 1 1 1 1 1 1 1 1 1 1 1 1
257 1225 3550 9223 20078 38667 67575 108129 168871 248681 362891 522313 722281 980530 1317772 1748931 2311627 2968007 3856101 4952912 6169939 7629707 9503932 11847458 14879525 17973438 22229930 26542828 32134186 39101680 47034223 56983278 67781157 79883678 93408270 110345981 129651955 153288864 185800525 219883586 246719407 292227954 342044333 400734205 453177983 521309071 615936897 703552847 772659472 893513264 1023119856 1212207263 1358468701 1545953266 1764814085 1939352528 2305071891 2549934569 2884151957 3361485883 3680218232 4116144670 4746943155 5427206768 6160175804 7058448902 7718765229 8617592965 9387291792 10226075222 11741096335 12382728234 14648366045 15342093672 17991159258 20253247634 23207896302 26530997170 28564375972 32200472418 35370328810 39095174215 39913836469 48140465718 51243637637 57190184705 63159641116 67788143705 73397294651 81101853044 93611694172 103994628746 111855822563 108536079593 137971000954 140042942922 169153721366 182468380325 178771166765 214246694124 227082674246 244888285396 256932211267 308274733850 329717598022 359685712366 370229021482 403627948498 486976821783 551032347154 539915608130 583129068074 639825910599 669608665863 713331663668 797665426622 878036626478 1032720566231 1061072807425 1153484052946 1348153271206 1394408772207 1625845503901 1535549247395 1725771530042 1708144838241 1909937241937 1797546404653 2027374328684 2307034978550 2329893199747 2638051846898 2942791810703 3055973700749 3748804546847 3787755235498 3957597480959 4734118026167 4957990532088 5046661931108 5445146682539 5718856331346 5667595568009 6510301766942 6996098466807 6881637481252 9265856996282 9374625801385 11562470091553 11806820701831 12521454632226 14473580267146 12676871635964 12629265250026 14513972273960 14462034480108 15150196999121 17638469121050 18470920931162 19258277268051 20875108217130 24708965306734 27250154500842 29845864760588 30279001206131 37056702576236 29606346961615 38279528076735 31656842736127 40836404998824 37765387451929 43741353474456 50314070647420 53682672362080 59248278376892 54558253471200 65224725822277 64594314450705 72538345353905 72560148950895 92577426235999 88555555544682 100388551476189 109188520553026 103557241715078 110456422186160 110043085094177 140512993664413 119526347623002 125401095213074 135072448914201 159638639160368 157079866805999 164546764079536 178135894153820 208685719447544 213279095056255 173439069070020 225893731819540 195738713047964 266607908807820 187499239639195 293751572677259 246735475147477 317297645934482 352072716481812 364136552366141 437909598321375 433883938705225 419255690849792 359540808388270 487609090809525 339581810861389 493402291570910 490281582474174 528720737555518 563092440586874 581522380136357 688294151818740 541798189385866 650058594236717 900652051062635 1161228644482604 977242286524848 1117126409133818 867614997282751 1186663610201765 1141816662219154 900255938381997 1275855371732961 924768929336322 1210542996870062 926394732608447 1241106817268804 1812822349199672 2019429104520379 1823388764139775 1801570076042015 1255969181291000 1789760661022968 1633965496821873 1493567391193195 1756881343780286 2148689570614143 2013671974592960 2746764445560562 3631290467198402 3664132916092740 3961341576936908 3487629718754480 3176471685246778 2363429234058444 3246562278311835 2469188837759303 2980106232786819 4087784845192493 2637880324843482 5380741099735795 4290718117548049 7346506949647649 3647920374095785 2481486617639822 2757490538620163 2351855441351119 3255019202199740 2786418153501084 4396832243255620 4622285526434059 5886456666857496 5368338155627333 10518244142864307 10594371701360653 12542949053026869 3655123049532999 5248207203264860 8692959246396150 4679254955039521 10198717207183320 5555406640240437 11667908119516486 6432398475940107 11311797225722970 7444124325429107 10739572140688303 22893268520290380 9037997455008107 16038135480582761 6795168023973546 26387489828752478 8438777057174190 17507283310975962 5622992691950605 31092639900444721 26425872525433095 49788380878000323 37948508698985376 24680993045351105 26494075487653652 19861944784807002 21314662465097678 22871084155644208 12269218019229465 13162217895057704 27280880560337709 59547520881851587 77908431288230908 66133539740636284 53499848565894954 77377830124354618 21458096037352891 26415807633566326 30326181989842964 67289248220907484 109349766422936984 77193971303748068 60105349839666544 64325374609114550 68834885946073850 73653287861850339 84300815636225119 90175434980549623 175943559810422753 188008647052292980 200882556287683159 387632532919029223 413766180933342362 441622981929358437 790738119649411319 843250788562528427 899175348396088349 958728697912338045
3 4 5 6 7 8 9 10 11 12 13 14 15 16 17 18 19 20 21 22 23 24 25 26 27 28 29 30 31 32 33 34 35 36 37 38 39 40 43 45 46 47 48 50 51 52 53 54 58 61 62 70
6 9 25 40 30 43 42 62 42 50 40 29 33 39 24 31 20 16 10 12 9 18 13 7 11 6 6 7 6 6 4 5 3 5 2 1 1 3 2 2 1 1 1 1 1 1 1 1 1 1 1 1
6 13 40 94 101 291 333 858 732 1376 1455 1669 2312 4997 3431 7219 4868 5229 3608 8052 5990 19350 15931 12962 22106 14143 13893 27727 27391 35367 22042 49043 26735 53465 33624 10143 17977 109814 74459 74676 89166 75175 106348 211116 124754 211116 147273 204226 386155 715220 614154 2323520
