21 33 45 57 69
3858 18694 42844 23057 11538
3698576 883407 398192 95520 18866
7492232974215 2431711335572651741 9525801205238383170 1045118063091961880 200691456992258
21 33 45 57
933 813 199 2
17350 2504 295 2
634330738 75477699 523649 5
3 4 5 6 7 8 9 10 11 12 13 14 15 16 17 18 19 20 21 22 23 24 25 26 27 28 29 30 31 32 33 34 35 36 37 38 39 40 41 42 43 44 45 46 47 48 49 50 51 52 53 54 55 56 57 58 59 60 61 62 63 64 65 66 67 68 69 70 71 72 73 74 75 76 77 78 79 80 81 82 83 84 85 86 87 88 89 90 91 92 93 94 95 96 97 98 99 100 101 102 103 104 105 106 107 108 109 110 111 112 113 114 115 116 117 118 119 120 121 122 123 124 125 126 127 128 129 130 131 132 133 134 135 136 137 138 139 140 141 142 143 144 145 146 147 148 149 150 151 152 153 154 155 156 157 158 159 160 161 162 163 164 165 166 167 168 169 170 171 172 173 174 175 176 177 178 179 180 181 182 183 184 185 186 187 188 189 190 191 192 193 194 195 196 197 198 199 200 201 202 203 204 205 206 207 208 209 210 211 212 213 214 215 216 217 218 219 220 221 222 223 224 225 226 227 228 229 230 231 232 233 234 235 236 237 238 239 240 241 242 243 244 245 246 247 248 249 250 251 252 253 254 255 256 257 258 259 260 261 262 263 264 265 266 267 268 269 270 271 272 273 274 275 276 277 278 279 280 281 282 283 284 285 286 287 288 289 290 291 292 293 294 295 296 297 298 299 300 301 302 303 304 305 306 307 308 309 310 311 312 313 314 315 316 317 318 319 320 321 322 323 324 325 326 327 328 329 330 331 332 333 334 335 336 337 339 340 346 348 349 350 360 364 367 372 379 381
272 1462 4119 10306 17933 36801 49160 66389 161196 170317 186924 187168 181630 170846 168659 158149 155161 143429 140202 134611 128978 118784 117464 112208 107609 101105 99004 95124 90555 84555 81575 79240 76721 70693 69750 67437 63587 59373 57752 55976 53740 50044 48421 47597 44586 41577 40121 39098 37383 35165 33785 33341 31276 28931 27900 27116 25684 24338 23127 23002 21575 20081 18983 18737 17774 16724 15910 15812 14739 13680 12890 12554 11948 11424 10706 10713 9967 9267 8853 8554 7909 7726 7058 7151 6649 6225 5828 5955 5403 5241 4788 4659 4390 4247 4093 3911 3642 3523 3294 3316 2909 2901 2886 2777 2570 2625 2387 2517 2273 2317 2236 2224 2088 2157 2050 2003 1844 1851 1743 1739 1580 1621 1581 1635 1546 1456 1412 1419 1330 1440 1268 1374 1231 1221 1213 1241 1131 1158 1117 1112 989 978 959 1002 969 941 898 883 836 817 745 745 770 751 695 797 675 600 659 645 597 560 570 557 567 537 497 514 506 444 435 447 460 395 371 365 377 343 341 352 350 313 316 287 305 325 270 303 292 271 254 274 245 235 248 250 227 203 163 193 183 204 169 195 151 180 144 160 165 171 136 119 136 126 113 126 105 128 103 99 112 108 81 94 151 97 103 103 68 70 67 101 54 83 59 59 60 53 56 51 57 51 52 48 44 46 34 39 40 49 38 35 42 37 36 28 30 37 26 22 24 18 24 30 25 32 21 28 19 38 20 21 21 29 16 14 10 14 14 19 14 22 6 9 12 13 4 17 64 5 8 5 7 8 5 8 9 6 2 5 3 7 2 4 2 3 1 1 6 2 1 6 4 3 4 2 2 5 2 1 3 3 3 2 1 2 1 3 1 5 4 1 1 3 1 1 2 1 1 1 1 3 1 1 1 1 1
272 1623 5762 19231 45166 122958 225405 470275 1340940 1969793 3490117 5291319 8110927 11280407 16442069 21736530 30967533 39439641 53983387 68998641 91198255 109867398 143927480 175835664 223099898 271608043 343087543 412640631 513108990 598497373 721006697 859184866 1053987649 1202525845 1500273481 1729154344 2082388111 2362874119 2775622997 3203896927 3821336573 4281067317 5066779647 5922922518 6802969510 7634336378 8741171791 9803037565 11460081725 12916983303 14895067215 17030829601 19623967230 21392940656 23825552070 26855885840 29923989046 33765461139 37976590202 43113368996 48894199923 54012436588 57190783936 64936121217 72122619325 79362099143 88652862139 102267087126 111088618874 121413745268 128433407429 141488070610 155008714245 173184841692 185330836261 214009135180 233108033260 254488322054 268945254533 292268962376 307138133495 342774186993 362939406572 412673532870 446450876803 484813822908 496985464101 550737770042 564424496349 625533189344 640428014023 701577660355 742241103857 822960743289 844762055543 894359376529 926977998021 997578431679 1018219810364 1143813123955 1140211558689 1248298265319 1338616973460 1355763024146 1398180767215 1539441480162 1594512652404 1798810796913 1873680735971 2177692160808 2285838361107 2518499097570 2684662441416 3106597458064 3190939519021 3561568208361 3616579276821 3997310317945 4169393003109 4703861592001 5007559553602 5447117332301 5976601442342 6578858774851 6977531139198 7920860629072 7964848426138 9140560981319 9469674115989 11032566327135 11212053452047 12997270143425 12417015393168 14575162289704 15839390412301 17556202993553 17659013258411 20117790736234 21870279965955 23463020857622 23970816348346 26262142998718 27961026957671 31286751234027 34075805861732 36644802885367 38854995520768 41113131345290 43940599968142 47638923602696 48407556768904 49815497117098 58787186577459 63225280358813 62929347584734 80261651857004 74822853126100 74370185172842 91646687786989 92095294976537 98267894875941 95311680679874 108459837148039 115328325324894 130289701066638 137317450361629 140567219977710 142568453036235 166596512425748 154979265083676 178293775403306 181634362206232 216278793142844 198580907390306 218489562068190 226997593047620 255916937664879 252480319928377 273959369454995 300206691215655 350726045282768 320493246743572 358315812763236 352002778653451 376743148820640 463177314927854 425101734907128 497859130205331 562051592998690 555186321979457 581114330264960 667565670616491 621217926527345 664361794482959 824144767609553 864863046866663 851461632937412 803570955691758 723039213389746 904030923240901 909057829043404 1192774369012881 1086619495052992 1260173444847686 1183888808312954 1446154694607825 1260023034439660 1495636964638651 1648016364598734 1828804871445325 1540762244211900 1461783665741322 1768493637312604 1957060232542936 1942224826843502 2106300957161851 1964643690768500 2741881812713389 2271983004128141 2499496201782349 2823583315917088 3021274814542121 2408790283690778 3173179837515795 4960924198088233 3450434618219228 4084938567774977 4496331594335905 3557538349670056 3689713140436866 3661407221312857 5887733156617661 3736091614296831 5796296094335343 4648388774954693 4753624520228762 5665717394434596 5062607360472330 6199264659267242 5860630141747287 6757000608601854 7618795355095708 7758438688434029 7403517443897521 7936388649191529 7276360220564636 7674758854445249 8031687431398858 8694532153531712 12101294272419993 11047015054649177 9795207603154746 13833988390210410 11364739025151001 13606357659467458 10201506317671218 12510879587478174 15884574767341339 13418454472130651 11091083002640496 12640413477624363 10273927680053563 15202701208869419 20663207627697363 20513375618124036 23798071911285397 18775263572493807 25755656449812883 18573304663178646 42284114522957978 21698889790532361 25696663736412739 25509387671785897 39415021839435424 25158460997763967 20334714877457905 18741267466582897 26713983338743332 33664081932693511 43526593025868821 33294452897878864 55261940583016552 14721815817203019 28168773381592215 38316768637186222 42929833163606728 16513027770258313 69515562542734148 250985527009904639 20216543541642456 34699702023638133 23031970895333035 35915931461712528 43429455046817108 30198819410477575 51893393016632704 61734299263528993 43849960602433998 16060496769886080 41921985596281155 27759248810170806 68161027835464709 20588303624952340 44963957466015151 24538436038458930 37700653933516634 14118662665280005 15142952738857194 93051384027088102 34828360266294590 18671488299600364 137430110412085453 104409141637212563 108832390804898901 119950331763466144 52831615267132652 56610040681992006 173872445343669940 64976586702933308 34800954869440830 106876315515629737 117113536830748059 128244234107864088 85496156071909392 49005643635237875 101467687864066516 56156602112874289 180316049518999632 64325374609114550 335155407056450650 294613151447401356 78801255302666615 84300815636225119 270526304941648869 96450110192202760 110307860425292772 235898983092227944 175943559810422753 200882556287683159 214618299743286299 229272286871217150 1324868945788075311 572612058898037559 695143713458946040 958728697912338045 1498478743590581081 1701169427975813525
3 4 5 6 7 8 9 10 11 12 13 14 15 16 17 18 19 20 21 22 23 24 25 26 27 28 29 30 31 32 33 34 35 36 37 38 39 40 41 42 43 44 45 46 47 48 49 50 51 52 53 54 55 56 57 58 59 60 61 62 63 64 65 66 67 68 69 70 71 72 74 79 80 87 88 103
13 91 117 422 355 1157 743 1677 803 1738 848 1388 835 1158 568 932 495 862 436 702 343 532 253 471 221 386 176 294 137 234 122 211 86 150 59 124 88 126 57 111 32 62 46 57 49 39 22 43 27 26 27 25 18 24 16 16 13 8 12 9 10 4 7 8 4 6 3 2 2 5 2 1 2 1 1 1
13 110 168 977 904 5824 4474 19605 10449 45900 25854 85741 55435 148557 80236 236791 127603 429049 215343 648311 295147 744096 372814 1155591 492200 1491553 656568 1746732 700449 2205239 1000147 2929748 962131 3529890 1020288 4196730 2507727 5778595 2258302 7758760 1431610 6640507 3832776 9297296 4876957 6931844 3620451 15412632 5264092 12373264 8433478 12594273 6977158 23692065 10050579 24803091 10099413 9358978 12597465 32232838 18552997 7424788 17075944 19067930 7766336 29510646 19085132 6966520 13933040 27851365 7108690 9289091 18578182 26543660 26543660 190569292
