16 27 28 39 40 51 52
218 293 937 132 467 9 24
3258 643 2187 152 562 9 24
137248 159313 402198 14162 79712 36 97
16 27 28 39 40 51 52
218 293 937 132 467 9 24
3258 643 2187 152 562 9 24
137248 159313 402198 14162 79712 36 97
3 4 5 6 7 8 9 10 11 12 13 14 15 16 17 18 19 20 21 22 23 24 25 26 27 28 29 30 31 32 33 34 36 37 39 42
34 119 298 519 710 833 744 688 635 493 370 246 202 172 170 122 132 75 75 33 23 19 22 27 21 13 11 7 4 4 3 3 1 3 2 2
34 139 441 1155 2128 3871 5503 7596 10796 12884 15025 13626 14615 20746 27339 24736 37456 27105 40041 20694 15664 19849 25121 38264 33833 42959 27409 26032 12882 17313 19299 38598 10143 53682 47743 78045
3 4 5 6 7 8 9 10 11 12 13 14 15 16 17 18 19 20 21 22 23 24 25 26 27 28 29 30 31 32 33 34 36 37 39 42
34 119 298 519 710 833 744 688 635 493 370 246 202 172 170 122 132 75 75 33 23 19 22 27 21 13 11 7 4 4 3 3 1 3 2 2
34 139 441 1155 2128 3871 5503 7596 10796 12884 15025 13626 14615 20746 27339 24736 37456 27105 40041 20694 15664 19849 25121 38264 33833 42959 27409 26032 12882 17313 19299 38598 10143 53682 47743 78045
