24 36 48 60 72
3131 25250 41330 21990 8295
850926 842839 287606 76135 11265
102247586536624 28502691759878503851 4678221481624805880 550745882544064222 5166128780329
24 36 48 60
451 628 139 1
3827 1766 182 1
160784471 47003843 341674 4
3 4 5 6 7 8 9 10 11 12 13 14 15 16 17 18 19 20 21 22 23 24 25 26 27 28 29 30 31 32 33 34 35 36 37 38 39 40 41 42 43 44 45 46 47 48 49 50 51 52 53 54 55 56 57 58 59 60 61 62 63 64 65 66 67 68 69 70 71 72 73 74 75 76 77 78 79 80 81 82 83 84 85 86 87 88 89 90 91 92 93 94 95 96 97 98 99 100 101 102 103 104 105 106 107 108 109 110 111 112 113 114 115 116 117 118 119 120 121 122 123 124 125 126 127 128 129 130 131 132 133 134 135 136 137 138 139 140 141 142 143 144 145 146 147 148 149 150 151 152 153 154 155 156 157 158 159 160 161 162 163 164 165 166 167 168 169 170 171 172 173 174 175 176 177 178 179 180 181 182 183 184 185 186 187 188 189 190 191 192 193 194 195 196 197 198 199 200 201 202 203 204 205 206 207 208 209 210 211 212 213 214 215 216 217 218 219 220 221 222 223 224 225 226 227 228 229 230 231 232 233 234 235 236 237 238 239 240 241 242 243 244 245 246 247 248 249 250 251 252 253 254 255 256 257 258 259 260 261 262 263 264 265 266 267 268 269 270 271 272 273 274 275 276 277 278 279 280 281 282 283 284 285 286 287 288 289 290 291 292 293 294 295 296 297 298 299 300 301 302 303 304 305 306 307 308 309 310 311 312 313 314 315 316 317 318 319 320 321 322 323 324 325 326 327 328 329 330 331 332 333 334 335 336 337 338 339 340 341 342 344 345 347 348 349 351 352 353 354 357 358 360 363 366 367 369 372 373 374 375 378 379 381
247 1268 3727 8626 15851 26560 39745 44573 52695 54687 57786 52996 55858 50635 50417 46361 48165 42845 44338 41046 40278 37366 38384 33343 35319 33033 32612 31098 31312 27892 29155 26797 26902 25736 25568 23914 24626 22422 22201 20917 21447 19771 20406 19122 18759 17548 17979 15915 16825 15735 15747 15141 14947 13919 13913 12971 13407 12586 12654 11934 12296 11354 11083 10461 10649 10088 10122 9953 9534 8847 8932 8093 8514 8154 7991 7670 7744 7117 7240 6569 6728 6443 6557 6129 6270 5898 5812 5292 5435 5177 5283 5082 5098 4508 4684 4170 4347 4154 4140 3922 3915 3645 3659 3397 3461 3281 3363 3169 3171 2977 3016 2713 2817 2718 2674 2568 2557 2266 2359 2094 2139 2041 2101 1928 1983 1794 1817 1737 1637 1523 1610 1531 1538 1432 1442 1301 1343 1227 1250 1208 1198 1149 1067 1069 1010 930 955 876 928 858 854 788 799 725 757 713 757 665 670 644 709 603 588 567 573 531 586 489 476 500 451 402 516 481 458 418 417 399 395 337 366 342 324 323 320 291 326 329 323 344 262 286 248 254 250 246 216 224 246 215 187 199 196 200 215 190 201 161 158 175 166 147 168 166 158 126 143 193 149 132 138 124 133 114 108 101 111 82 126 102 90 100 97 88 92 73 108 82 68 87 64 59 59 47 66 44 59 42 55 45 42 52 42 51 41 55 36 41 40 35 48 45 28 56 35 32 29 30 35 47 30 30 47 25 15 24 30 12 15 22 18 23 13 17 32 15 12 24 7 18 21 11 4 19 8 10 19 9 15 13 15 11 12 14 9 15 10 11 11 8 7 17 6 8 11 15 12 13 6 7 10 3 2 9 8 9 12 3 3 9 23 3 14 6 4 8 2 1 5 1 4 3 2 2 1 3 1 1 1 1 1 1 3 1 1 1 1 1 1 1 1 1 1
247 1414 5192 16202 39331 92759 191064 337534 590677 932431 1492821 2070429 3208099 4266133 6099234 7940622 11274718 13575425 19041382 23236540 30517844 36948283 49881475 56089628 75722514 88661865 111784753 132281050 170547643 186544630 248708856 284603165 351257698 404466934 500946073 554845468 715063595 783665291 955889780 1100339111 1341210344 1452518489 1841482126 2022559147 2407972549 2701304216 3300941208 3482583188 4381393557 4675613037 5651481782 6308775025 7404372785 8021863566 9582313250 10587868284 12442226968 13914559129 16359774155 17285661400 21466474788 22906980568 25698029067 29229918441 33783638997 36055355441 43148158006 47810313664 52326807572 57662838630 65676915264 69724294766 84205354992 90556071400 101336241641 110935945339 127438803865 136067821056 157707401668 168532965343 189205267779 210063733163 238376904807 247789656830 289108235662 317140329656 348748088512 374603882883 430916398383 461174023283 528107845395 574027641976 653209599567 654526500709 750835729452 803904474066 904982379732 981353800127 1081701906586 1156618834452 1310150793469 1359446779437 1534053757313 1691964479930 1847362335081 1935517434372 2276184873548 2353220629094 2641979717103 2861047921430 3208103381744 3291305699504 3879718888138 4078903711908 4492906118683 4791516325149 5238580576454 5221121521394 6115804974924 6299232995498 6773533823526 7602149989765 8228332672026 8410530833869 9521172986981 9849250951824 10918198155662 12583980441885 12383567297082 12471613451721 14312170626826 15309596965103 16750789599537 17125309750022 19250338929415 20222516813066 21732601676184 22853095820619 23994174060069 25502912130887 29044933050723 31023708692628 32167876051754 35051525723723 37160695960178 36671429650996 42167560438955 41579662117924 47249947750045 47752843089040 51031508497946 54340141078629 62562965441586 57966852604688 66003565506438 72989767707024 79500671998357 78729977344061 88799401500240 93136395058712 113781604598126 102438802212012 105228799658654 117833250588711 130480082798355 135426857329684 159619055418212 147339491364642 155244475021045 182327915348473 173770418445082 176077191395085 251517966158084 253196348167758 261453559587840 255542439161284 269168655170726 277722938556484 299508298367070 301844347370645 355900714506151 350578541586993 357008437594289 397625669731544 427996701225933 408664657729718 534901414977984 623281474707699 571415899325064 674439986203518 565334347565424 704915107899604 667013473385354 760404025069259 824888730705342 883467969585806 823095758129352 921945498812790 1104808682282736 1076564741026751 1010210162697649 1105587263706761 1154280655909602 1291128575766925 1644425122060763 1575772097591770 1660513007966402 1506718960366340 1586504289221673 1847077216940043 1904651678827367 1889929991764676 2153629973578104 2582194830743129 2696819531228934 2267022387753493 2925496981842061 3491146236045849 3357761137914810 3443589835443358 3878459413883047 3358725006488055 4302070238923719 3739411834523733 3810135733085758 4029571440181972 4353432106363488 3649065078610528 7312649331451987 5608933813346411 5141131344787400 6154560300443478 6086649084258349 6128408679054127 7954681337919774 6357301360043517 9577401484281765 8701686674337259 7315948634762246 10129650003086116 9195304900061692 8829902021099352 8019211964997468 7479166976750545 11736786861764483 8486084223090712 11832944192421539 8177674749173085 10806007511055294 11716198563950939 11137999854603406 14081078847331836 11990481152849899 14929815668808997 14182523199467172 23528085473514327 14698458378224394 17407080237039762 18706087173120777 17396064078660119 24071495407335868 32045124911462547 20440105463264338 36907633845183716 27565495977189285 27024478724439302 26343536867710113 29577534222020515 35202205076680581 51249398277837310 35986900606635092 40539590751520593 58194358588442314 41215653197519381 25800730015006302 38931987406709185 53988775950364998 24469109025273875 28224358549358955 53720746210295020 37509667641888555 55594806250326942 33299003923647109 52175683104220669 94168163919788493 51952679155777413 41556684562612513 83580790880356792 26406134330086567 83618230859668554 91126075886839323 64155113635754800 25084856308923596 106241907883861172 47067797486329390 69565774417935676 125163512482969644 78165496389098400 115497576016253496 129664469940132610 150976543311715464 130221050569810327 132734435301972203 165307444405145440 117690124543850484 212148705830213861 150523065466968550 173521112277668816 182812266663258797 198400619221908852 124413877264937203 326836870334042255 122985899125013562 179374321389495358 261250570687076472 417355817688853708 400015539918354244 372007587730641961 190605537385552544 297019963199148238 355429901416330041 223646434660488462 82667643562954687 390781263338838928 513195799254337849 454876395091503939 640628204398080636 172418554065415122 184536074288447638 587947394155949550 1694025620822557797 220959863585551017 1103217574237332610 607729567486549345 360701739922198492 798406306055752340 220615720850585544 117949491546113972 606065510305934626 134819180623301520 586397406963197526 493912437497283132 351887119620845506 401765112575366318 214618299743286299 734713612366147218 261578907351144125 279363328483702152 298330063062758076 363117512048110005 387632532919029223 441622981929358437 1610037210932073363 651688879997206959 695143713458946040 790738119649411319 958728697912338045 1022141228367345362 1089657644424399782 1161537834849962850 1406207446561484054 1498478743590581081 1701169427975813525
3 4 5 6 7 8 9 10 11 12 13 14 15 16 17 18 19 20 21 22 23 24 25 26 27 28 29 30 31 32 33 34 35 36 37 38 39 40 41 42 43 44 45 46 47 48 49 50 51 52 53 54 55 56 57 58 59 60 61 62 65 66 67 69 70 73 77 78 80 82 90
4 27 43 184 150 435 217 505 282 504 297 427 218 375 158 301 155 204 106 164 66 130 79 101 48 66 31 67 23 49 23 54 29 30 12 33 6 21 10 15 13 6 5 16 8 5 5 9 7 5 2 7 1 2 1 5 2 4 2 1 3 3 3 2 1 1 1 3 2 1 1
4 33 68 460 483 2404 1362 6647 4332 15065 9779 27514 15733 51597 22461 76214 44088 101817 53724 136011 59919 176990 114535 186787 87148 207399 102583 301214 121823 345081 132054 588534 312082 474373 248474 752077 147240 744927 367183 763984 475370 437375 279225 1645293 770175 757265 780798 1360355 1212170 1350126 494323 1962288 281589 1146835 239943 2929465 1223586 3651912 1580469 1228308 4987373 11632204 7352940 3754188 4647040 4087968 7089500 21268500 19908954 24264328 68525924
