23 35 47 59 71
3849 23691 42261 21848 8346
1449967 818342 294531 78481 11586
53802556781229 11390514715903393534 6744178309896837545 653436157547583663 7057818180824
23 35 47
716 589 160
9031 1629 222
287430251 20774504 815640
3 4 5 6 7 8 9 10 11 12 13 14 15 16 17 18 19 20 21 22 23 24 25 26 27 28 29 30 31 32 33 34 35 36 37 38 39 40 41 42 43 44 45 46 47 48 49 50 51 52 53 54 55 56 57 58 59 60 61 62 63 64 65 66 67 68 69 70 71 72 73 74 75 76 77 78 79 80 81 82 83 84 85 86 87 88 89 90 91 92 93 94 95 96 97 98 99 100 101 102 103 104 105 106 107 108 109 110 111 112 113 114 115 116 117 118 119 120 121 122 123 124 125 126 127 128 129 130 131 132 133 134 135 136 137 138 139 140 141 142 143 144 145 146 147 148 149 150 151 152 153 154 155 156 157 158 159 160 161 162 163 164 165 166 167 168 169 170 171 172 173 174 175 176 177 178 179 180 181 182 183 184 185 186 187 188 189 190 191 192 193 194 195 196 197 198 199 200 201 202 203 204 205 206 207 208 209 210 211 212 213 214 215 216 217 218 219 220 221 222 223 224 225 226 227 228 229 230 231 232 233 234 235 236 237 238 239 240 241 242 243 244 245 246 247 248 249 250 251 252 253 254 255 256 257 258 259 260 261 262 263 264 265 266 267 268 269 270 271 272 273 274 275 276 277 278 279 280 281 282 283 284 285 286 287 288 289 290 291 292 293 294 295 296 297 298 299 300 301 302 303 304 305 306 307 308 309 310 311 312 313 314 315 316 317 318 319 320 321 322 323 324 325 326 327 328 329 330 331 332 333 334 335 337 340 341 342 344 345 349 350 351 352 356 357 358 360 363 369 372 374 377 390
267 1543 3934 9505 17181 30838 46831 58309 73156 74919 84901 79886 82181 75717 76595 67795 71184 62966 63828 58881 60380 53749 55674 50001 49949 45628 46838 42188 43985 39814 39336 36817 36969 32756 33972 31355 31191 29847 29058 26583 27597 24662 24916 23515 23375 21877 22319 20171 19878 18547 18486 17717 17669 16452 15894 15222 14843 13890 14163 13200 12954 12691 12293 11596 11336 10488 10731 10381 9968 9833 9729 9047 8835 8166 8146 8031 7713 7521 7446 7021 6718 6536 6520 6126 5947 5896 5694 5683 5370 4958 5224 4774 4739 4711 4576 4207 4106 3795 3816 3821 3586 3336 3506 3295 3001 2917 2910 2721 2756 2563 2563 2552 2395 2264 2333 2034 2187 2027 1943 1891 1777 1669 1729 1671 1586 1495 1542 1422 1374 1347 1286 1186 1300 1138 1133 1149 1115 999 1072 964 944 909 897 851 934 819 823 824 747 671 750 832 786 681 594 592 684 594 581 597 536 548 557 508 522 516 458 509 474 456 377 448 386 380 379 389 351 361 336 370 324 311 263 339 273 274 263 262 253 265 234 249 235 235 240 214 177 218 166 203 167 181 157 151 159 160 150 167 144 136 118 123 126 154 87 123 135 80 120 104 114 101 86 107 178 161 88 88 83 71 77 74 71 61 70 72 77 61 51 61 63 49 46 55 44 38 37 33 44 33 36 41 44 22 42 31 32 37 40 22 32 31 25 31 32 27 23 33 21 19 21 25 19 27 13 17 19 13 14 24 18 14 20 10 12 14 11 12 8 10 8 8 7 12 6 9 7 10 6 11 8 7 4 10 9 6 6 7 6 5 6 8 8 8 7 5 6 8 3 5 5 6 2 3 2 5 4 5 4 2 1 3 1 1 2 1 1 2 1 2 1 2 1 1 1 1 1 1 1 1 1 1 1
267 1689 5507 17489 42678 104495 217828 414104 742687 1200469 2045147 2867735 4458264 6144868 8816084 11265681 16818089 20103067 27919099 34950612 47116156 54653078 77218574 86911060 113926788 136718740 174198329 194643611 269689579 288433666 368629219 436361947 533122292 583125304 766126967 827084534 1016288883 1193657011 1401495482 1532549333 2016792183 2111733633 2518248548 2938829597 3427272192 3690688727 4691254618 4890359925 5746607867 6656718021 7477815611 8212592176 10004108913 10563520059 11967137430 14016028362 15377583801 17109008976 20515435559 21574735094 24069357457 28342942672 31074306377 34308426987 39003267584 42384118278 47013278906 55586556055 59414679641 66792268480 76643757267 81630073806 89234062206 102254492336 110818435097 125687266911 137253097466 150092334720 171436895215 192309521780 201121872190 228758428520 255078289583 279355931773 290161119345 348382355790 373626575437 417910545956 456314570801 493691367634 555949270385 596828892500 658638591851 731697107838 805368664069 851604893763 917708783255 1001240297760 1120228861579 1224696554976 1267448774544 1324772897007 1581656731643 1681427930328 1698257441720 1937108062573 2039255730410 2205143113801 2493724052538 2622994209337 2849389711672 3162664605432 3309705242926 3584716261413 4022570785737 3977335494818 4746976532754 4865038198782 5148650559226 5411290136991 5773553184409 6187964887789 7184206507828 7437460490876 7913198044172 7983899698051 9488751509814 9603380651779 10343864528135 11388305881235 11898161686307 11730254751706 14868579392615 13802906400650 15640930207122 16008539330551 17973022421947 18088759264411 20866515509947 21013790335297 23292752406622 24747721899622 25666132844886 25776836375978 31782135389920 31807497875622 35460444882200 38949733920957 36847371397372 36725471597743 45815470135633 52302078073660 53762308578299 57133711416747 54449635630400 57837093762910 71356778399242 70838385484685 76484731692543 80710716590285 82272356158082 93246791933744 106478900268440 106029199998133 120922556128718 127492497729642 126004483039592 147935348835103 155124330965407 169231364428534 146614352358024 197258173141727 177274647816949 193731758327133 227575455274130 235613761113337 231948647314085 264370065582295 256585673619810 321628722827040 304092948623354 326152576527452 307592692588410 429264968324139 364248682574767 419308521646580 391209477922037 468665967166212 487351737834031 561381327275349 494826228631015 578700442412289 616076128788883 687653711517354 669764588932494 744067140565581 641865004503868 901089797488111 726801538190537 1016124901125287 807698816583054 1007076024048210 952245243542017 988481034654471 1152692136289602 1265257714926714 1261191565115687 1511530295774345 1431727520462721 1525046924861041 1357915476373267 1568468149349401 1699146779302282 2224514059899891 1497269823092549 2017018700561127 2472963601370776 1706059744357472 2731872691375173 2545495066026566 3121559137273459 2758754146883640 2802020517500540 3555181319504115 5806040297286667 5679257251519005 3598244154867675 3931969787399796 3887960583722376 3607308425054739 4601914757279724 4708802485195379 4495922499295831 4201335380113281 5462309642514745 5499802364080363 6727613454001275 6308888517244482 5430282374364477 6935254953031301 7762015384948787 6656967011824411 6687474406466898 8634485494583214 7707718677299380 6976333263314529 8292214337955369 7275554877533320 10715644635643860 7814889856071548 9217252732287064 10314970926815386 12833935878975890 7195729959801605 15051874105707932 11751561600286156 12426327620251694 18576308982842241 19685026270924909 12997476053838643 17170558595787187 19757388151542318 16318277472586518 21362546009236320 24293010823732281 19917513168496395 19542383666331195 33437854818623815 19996521889258989 20638666775821237 25231989387094855 34458817277872370 25481672652026705 43645860292141892 21756856534815069 31427782706810545 40465583033765001 22948128532422700 30264509530299071 59420414599518948 41634114187534505 33327022215286900 59665482633883488 30722913120431763 34044953881742723 48159219994644934 41605398777467515 44458240338405337 30039920664823531 44359009244774334 35014566621951924 41191903734193986 34104266395304588 70378553639979334 45817483915894660 61291459310922296 52404834805882617 99576761756000646 47080123696793328 99314220071926405 80114813124219533 76736221316508412 41902966090050018 119565276093857024 105420906524621019 101725743657148676 96917749116515433 106000669172000358 95245051621033040 83547719873783579 109514313464696046 212116063610486909 167342760474495290 176290500153226466 165950345074440818 154963442835926284 190578291557253313 238567132621049790 95302768692776272 229730714978240754 176478225254511397 306130725464740358 82667643562954687 170992312143818784 91544717087156056 251941019363370907 217237292683405860 397044962516912278 244641424128114182 137669771892147700 73653287861850339 236403765907999845 84300815636225119 180350869961099246 228257351971406744 126108517833796355 134819180623301520 308087194759152060 164637479165761044 429236599486572598 229272286871217150 489809074910764812 261578907351144125 340122810048577428 363117512048110005 387632532919029223 441622981929358437 536679070310691121 790738119649411319 958728697912338045 1089657644424399782 1319510599727473500 2998964447736452194
3 4 5 6 7 8 9 10 11 12 13 14 15 16 17 18 19 20 21 22 23 24 25 26 27 28 29 30 31 32 33 34 35 36 37 38 39 40 41 42 43 44 45 46 47 48 49 50 51 52 53 54 55 56 57 58 59 60 61 62 63 64 67 69 70 72 73 76 88 94
5 42 82 247 207 654 372 902 481 901 458 714 403 655 347 516 267 433 224 360 212 323 174 230 125 174 89 170 75 143 55 104 34 76 44 64 45 58 28 57 27 34 24 41 13 39 27 28 15 11 6 8 5 9 5 6 5 4 3 6 5 2 2 1 1 1 1 1 1 1
5 53 125 626 585 3173 2168 11384 6484 24866 13968 46163 27050 84340 45920 142407 70842 229956 99607 302984 181224 452117 237093 574244 265050 608942 307087 1067343 335751 1327455 416500 1601527 448622 1686916 776776 2101383 1087517 2661298 871598 4568986 1476161 3833141 1716563 6389359 1130222 7356796 3658413 12053277 3322517 5780319 1945122 2970155 1836388 6881262 3366913 12132263 4237773 4829750 4142886 11781312 9088428 4291320 3483260 2323520 2323520 9294080 4087968 10785566 26543660 113268346
