6 17 18 29 30 41 42 53 54
119 1878 2365 17817 16890 23227 21228 8719 7747
7814 28144 44094 250826 223434 94499 85271 14829 12884
908141 29334065 167650330 2544855426695994923 3712870755033846595 1349483103747607570 1342750040230667424 557363253471288 346583429889174
6 17 18 29 30 41 42
29 261 267 256 223 7 4
428 1418 1504 467 419 7 4
22348 1465142 2726341 10658456 1768185 21 8
3 4 5 6 7 8 9 10 11 12 13 14 15 16 17 18 19 20 21 22 23 24 25 26 27 28 29 30 31 32 33 34 35 36 37 38 39 40 41 42 43 44 45 46 47 48 49 50 51 52 53 54 55 56 57 58 59 60 61 62 63 64 65 66 67 68 69 70 71 72 73 74 75 76 77 78 79 80 81 82 83 84 85 86 87 88 89 90 91 92 93 94 95 96 97 98 99 100 101 102 103 104 105 106 107 108 109 110 111 112 113 114 115 116 117 118 119 120 121 122 123 124 125 126 127 128 129 130 131 132 133 134 135 136 137 138 139 140 141 142 143 144 145 146 147 148 149 150 151 152 153 154 155 156 157 158 159 160 161 162 163 164 165 166 167 168 169 170 171 172 173 174 175 176 177 178 179 180 181 182 183 184 185 186 187 188 189 190 191 192 193 194 195 196 197 198 199 200 201 202 203 204 205 206 207 208 209 210 211 212 213 214 215 216 217 218 219 220 221 222 223 224 225 226 227 228 229 230 231 232 233 234 235 236 237 238 239 240 241 242 243 244 245 246 247 248 249 250 251 252 253 254 255 256 257 258 259 260 261 262 263 264 265 266 267 268 269 270 271 272 273 274 275 276 277 278 279 280 281 282 283 284 285 286 287 288 289 290 291 292 293 294 295 296 297 298 299 300 301 302 303 304 305 306 307 308 309 310 311 312 313 314 316 317 318 319 320 321 322 323 324 325 329 331 333 334 335 337 338 339 340 341 342 343 344 345 346 347 349 356 371 380
217 1018 3506 5847 12008 13780 20319 19306 24943 20407 25671 19354 23429 17483 20959 15095 18768 13327 16719 12122 15469 10937 14285 10081 12921 9399 12253 8562 11589 8151 10671 7550 10067 6814 9506 6536 9116 6158 8509 5779 8101 5498 7766 5314 7304 4910 6912 4538 6341 4440 6319 4078 6013 3887 5576 3724 5330 3398 5019 3247 4808 3167 4522 2965 4304 2885 3958 2610 3825 2555 3688 2399 3450 2329 3261 2114 3147 2125 2947 2042 2877 1874 2642 1735 2550 1734 2378 1574 2208 1561 2096 1457 2126 1384 1965 1310 1828 1228 1703 1120 1665 1112 1566 1034 1528 1029 1426 920 1355 982 1285 887 1282 882 1133 789 1097 751 1074 672 1012 675 975 589 893 595 853 594 812 552 738 499 746 482 674 462 664 437 631 432 632 418 611 391 528 386 503 356 534 320 494 331 494 296 461 326 428 296 391 265 404 244 372 264 351 198 346 189 322 203 322 170 263 181 257 174 273 145 214 151 213 119 219 102 204 114 148 117 163 88 152 82 149 81 124 71 140 71 123 84 130 67 109 78 116 78 86 72 104 63 99 73 82 42 67 62 64 44 64 30 63 37 52 32 54 30 60 38 46 37 50 23 39 39 42 33 42 25 35 23 45 19 28 19 38 21 26 25 28 5 22 16 24 17 15 10 24 9 19 15 30 5 14 8 10 12 11 6 20 4 16 2 10 2 11 8 9 4 12 3 11 2 11 6 10 3 7 1 11 1 8 1 13 1 2 2 4 2 3 2 1 4 2 2 2 5 4 1 5 1 3 1 4 2 1 4 1 2 1 4 1 2 2 4 3 1 2 1 1 5 4 1 2 3 2 1 1 3 1 1 1 1
217 1093 4756 10558 31571 53129 118911 173805 341548 427111 806867 905417 1590602 1718863 2883679 2846802 4940187 4565431 7706970 7331880 12281196 11036565 19218631 16756171 28342752 25351225 42676638 35717121 63521651 52208001 88521771 74337293 126836384 101845349 179197072 144942405 253104174 204279933 346159943 280442211 484251598 382699398 668527417 528732942 902766582 698002283 1201916243 881893444 1549742287 1244086237 2117291681 1556760186 2845907952 2034034921 3567643998 2670849582 4769673201 3354336681 6031912787 4391053740 7865289987 5768235851 9781923521 7128409000 12474297473 9322599419 14942312677 11047000453 19823919485 14965072770 24725293077 17439672998 31298764925 23428307868 38520382557 27583514478 48725058881 35911628569 59705489179 43902485273 73104346574 52899725798 88282933458 63787412636 107571610110 82153398573 131690559678 94108733196 155030572284 117094266819 187081845303 140366585297 247912635990 172575407394 287910641690 205597105951 339635991498 251889620787 394858096842 274098912591 493464083944 350773931710 582743022245 409379308609 706913828704 520850650385 838199579193 582550429724 1017584187830 763832001275 1186812683414 851535574542 1487475383164 1074514140555 1582642786570 1223761271520 1949067585023 1389341828241 2346862643926 1545330141968 2798241618639 2025169667355 3260375543221 2104210689087 3669444719698 2518048749591 4477143661811 3287170841343 5103952024998 3697348615416 5845625243468 3991005907051 7314564219351 4763778873854 7662985007802 5479353990681 9319988488813 6658513813757 10757057056733 7865985322101 13821761850224 8874080681463 15756172264156 10210706570228 16916467170246 12973111176861 18240298402681 14413654875259 23844864387718 14486072971473 27420422310996 19211049623113 32005300481544 20703923297099 35537270901167 26920351401336 40517505562993 28606109874566 45467247362542 31407225910506 54683812100266 35704976270000 63344379686900 46822093178004 70905104521163 43052289960470 84579868938322 47703442066261 99436483044718 66056384024875 111687307856066 66526568927582 113099681085290 76401988510512 126995982676486 88368784706763 160125198398394 97181800617901 153030025844800 108766546755260 180467687932197 103920601991880 216524705575337 107312317356771 247875945394709 140111085355605 211651067216712 191661856660854 282092825066476 148192456763515 311149491204563 171148005850338 378729553864512 195444049973497 353124389774234 206439546691248 449443707261702 265441306109808 462589593624772 352451374118684 622793247051958 340648160060135 567735242173850 448525191776898 716104030237600 542415118947584 660448815959476 552324676053616 863773580591136 560514163797449 1066449958014526 827397042624349 973986707324139 548873104694097 963830877756093 1006964703030910 1132037228976350 773474171586715 1348110790563894 678660181052102 1671642518636756 975522151220158 1507209803496482 842842602795915 1751578312414315 1022713969492923 2541056752808356 1565636114653925 2095118151171286 2071548664385825 2823724049661438 1281199716770918 2451097391294408 2595716034953946 3070863676006964 2840353241720907 3706654773749328 2282921063671218 3345299612472392 2235619481915929 4920359544339160 2193367903534272 3404347668045584 2453437474689557 5367926159518728 3326235215546342 4669793344568626 4658338257810033 6090793336603208 989790359719667 5333736212212393 4000164535934733 6740972654512087 5248171287622466 4927547134818451 3411873556246595 9241349220661188 3438695457922386 8973924613782031 6925380381808933 15183094392716239 2595629058247519 8194525359564963 4487508563461667 6273876801622921 8820451261042614 9303197272439211 4674303777373002 17710756547087337 3689114694893705 17799552310753861 2100394979862234 11660928423008968 2436748699688666 16161453293994226 11317062848028580 14386705294576551 6799144804788880 26230713602489924 5699668389223928 24676966820380191 4558005457020227 28907431300282077 15066982095566201 28565071497767470 9037997455008107 23070749649394083 3397584011986773 40195383698115672 3925922161489422 38017293219716091 4534253126900886 64061160760700268 5622992691950605 11662756574046120 11662756574046120 26425872525433095 13931700288391662 22989378541964208 16650744660408065 9253082936723602 37690221202574307 19861944784807002 21314662465097678 22871084155644208 63132089847803803 53605316350453117 15142952738857194 79005265085203377 17414180133147295 54757156732348023 18671488299600364 88916205385680456 47650112806317827 26415807633566326 109441655949124658 30326181989842964 62814475341309618 34800954869440830 144150721292377814 39919565526999991 82667643562954687 112313204225748578 248861448897562188 216141461669774528 78801255302666615 168601631272450238 96450110192202760 103151466321735325 537226513919348966 464156335063634688 126108517833796355 269638361246603040 432353809583621496 308087194759152060 164637479165761044 175943559810422753 564025941156878940 214618299743286299 340122810048577428 899175348396088349 1596675274490756791
3 4 5 6 7 8 9 10 11 12 13 14 15 16 17 18 19 20 21 22 23 24 25 26 27 28 29 30 31 32 33 34 35 36 37 38 39 40 41 42 43 44 45 46 47 48 49 51 53 55 79
3 23 62 133 160 313 242 371 327 408 215 317 175 205 145 157 86 124 76 98 54 81 48 79 34 29 28 47 24 18 18 27 11 15 9 20 12 6 4 9 5 4 4 10 2 1 1 3 1 2 1
3 26 90 291 449 1719 1705 4446 5293 10681 7303 19282 12469 25970 21251 36077 22083 47766 34421 81987 38085 101155 65700 153114 77708 81690 79144 237487 105902 108944 158902 291066 131926 271679 153910 458444 277354 187434 134434 380965 248664 253412 223319 877816 195514 150350 253044 499016 173525 648395 9289091
