19 30 31 42 43 54 55 66 67
2441 11630 17900 19173 30824 6861 10700 224 244
69593 237234 374782 92260 156037 16101 25138 224 244
136477637 2875436050275522774 2644784428235353236 2521884685634609538 3728191782695043826 6102105994788087 7807738957994390 5857 4778
19 30 31 42 43
384 178 177 6 9
2789 437 339 6 13
11366930 4256888 3693455 371 14449
3 4 5 6 7 8 9 10 11 12 13 14 15 16 17 18 19 20 21 22 23 24 25 26 27 28 29 30 31 32 33 34 35 36 37 38 39 40 41 42 43 44 45 46 47 48 49 50 51 52 53 54 55 56 57 58 59 60 61 62 63 64 65 66 67 68 69 70 71 72 73 74 75 76 77 78 79 80 81 82 83 84 85 86 87 88 89 90 91 92 93 94 95 96 97 98 99 100 101 102 103 104 105 106 107 108 109 110 111 112 113 114 115 116 117 118 119 120 121 122 123 124 125 126 127 128 129 130 131 132 133 134 135 136 137 138 139 140 141 142 143 144 145 146 147 148 149 150 151 152 153 154 155 156 157 158 159 160 161 162 163 164 165 166 167 168 169 170 171 172 173 174 175 176 177 178 179 180 181 182 183 184 185 186 187 188 189 190 191 192 193 194 195 196 197 198 199 200 201 202 203 204 205 206 207 208 209 210 211 212 213 214 215 216 217 218 219 220 221 222 223 224 225 226 227 228 229 230 231 232 233 234 235 236 237 238 239 240 241 242 243 244 245 246 247 248 249 250 251 252 253 254 255 256 257 258 259 260 261 262 263 264 265 266 267 268 269 270 271 272 273 274 275 276 277 278 279 280 281 282 283 284 285 286 287 288 289 290 291 292 293 294 295 296 297 298 299 300 301 302 303 304 305 306 307 308 309 310 311 312 313 314 315 316 317 318 319 320 321 322 323 324 325 326 327 328 329 331 332 333 334 335 336 337 340 341 343 344 345 346 349 351 352 353 355 356 357 358 360 362 377
446 1856 4246 8274 13393 17629 21181 24454 25677 25888 26565 25152 24909 23844 22274 21083 20750 19235 18866 17903 17052 16335 15951 14846 14586 14368 13230 13207 13030 12152 11844 11644 11352 10818 10791 10268 10211 9836 9397 9103 9089 8498 8717 8321 8096 7911 7823 7195 7442 7250 6823 6733 6727 6244 6240 6194 6018 5820 5840 5617 5504 5215 5070 4857 4991 4796 4701 4657 4527 4240 4123 4028 4072 3960 3745 3713 3760 3525 3425 3368 3346 3157 3149 2979 3022 2996 2699 2729 2683 2645 2452 2466 2416 2343 2255 2264 2182 2183 2109 2100 2060 1897 1926 1900 1807 1721 1694 1680 1638 1649 1444 1521 1519 1515 1356 1429 1340 1300 1272 1194 1228 1232 1130 1169 1124 1087 975 1029 986 936 915 865 866 969 867 854 796 804 722 776 745 686 662 656 689 668 544 564 586 567 531 531 493 512 497 482 478 505 449 393 408 414 405 371 369 343 321 354 334 320 307 322 287 302 282 278 274 266 260 241 254 251 243 254 223 215 214 214 223 186 156 181 157 181 165 154 123 127 133 131 132 117 121 107 112 109 105 102 100 102 85 73 89 62 91 83 71 77 70 59 72 82 60 64 68 67 53 47 71 50 73 56 49 38 46 53 46 35 45 35 46 44 46 25 31 37 42 32 41 31 27 25 36 21 26 28 32 26 19 17 17 15 21 18 14 22 15 12 18 13 21 12 18 9 17 13 8 10 13 8 19 12 14 6 8 14 6 10 16 12 9 7 7 5 3 8 12 5 6 5 10 9 9 3 6 6 7 5 3 6 5 5 6 5 4 2 1 4 4 3 5 4 2 2 2 1 1 1 2 3 1 4 2 1 1 4 1 2 1 1 2 1 1 1 1 1 1 1 2 1 1
446 2002 6114 15930 37357 72941 128358 233008 369216 559343 864493 1215500 1727652 2416499 3199639 4152586 5617244 7112336 9065740 11530065 14500729 17591881 22536760 26775105 32950977 41737121 48673518 59255407 74237759 86100915 102231303 124591365 151605665 170044899 212026950 249193145 292654167 343975165 403877949 457609747 558310072 631272225 768434062 869994504 1028537583 1140878664 1394694589 1525447671 1837214995 2130712259 2375217716 2684294050 3250314730 3504318244 4104978344 4747514631 5512725932 6082378529 7155934390 8001796740 8900115608 9888178671 11355302792 12301035702 14724744270 16709555737 18446839527 21362243844 23581416275 25072023917 28589555011 32585917786 36561538508 40566341561 44376041533 48834513907 57459954579 63670522074 69250875836 76973090723 88460823620 90718113120 105319136826 115843731308 130226429673 150764970874 148575680300 169672852444 191860100903 221364916263 219446974375 251977371158 283977370008 302444521661 342514790142 401198010753 401420156024 465003587234 507913099667 554144565554 626465725693 657100074168 754277291776 806971427113 867985294109 918086802402 1010110945181 1145972258318 1184506659444 1373939107324 1348178986373 1560409611094 1770637720582 2006912699057 1898197378133 2291012639448 2396237172320 2504323770791 2723087249304 2868146450641 3260666727156 3654366231061 3812136741602 4409631159773 4567972581789 5069061334466 4939816891133 5726546432281 6138672866111 6295755576986 7150346253258 7723988226658 8117309916424 9802533077857 10494137478677 11171015310819 10943973772015 12912517631228 12122768835260 14813613976400 16051042840719 15583511437588 17204201829170 19316732199894 21126127411065 22063493559387 20873480396167 24949670627876 26266874041757 29315906356262 29918950824243 32002197731592 33792026955332 36888917768499 39849457769522 45327468076659 47121339726110 52453782311196 54717992578665 49185904315523 57422881390120 66727500692623 68180752919786 68961392080360 82223517969480 79615372370788 80442648109949 98301660216801 95810216076982 104490977270651 107700703773188 127551407927608 125683361885941 146784641347732 138142787862668 157804016115384 166069998791763 177123459857843 187709611781245 198763660722650 217241070861736 240769316437125 246613917156985 286194301941911 266641116895270 289220022865768 300282005461030 347187947283842 401548696786646 338890985752026 320073523637930 419346438487949 361783432232932 484248614688895 494279941075362 482502881343916 431887349670119 487066096238100 520720080075286 607765331103839 621766212372687 619694445131790 661518339914874 709221450894651 737900695472147 810355466569527 860932342737347 958860881862065 908519789720472 1111657332522166 862608474719781 872752441981246 1215599902235467 803141084913376 1343642706684743 1294291148268054 1225250580759922 1461760994856970 1444668554748795 1264471116320905 1748940616394493 2189687900351764 1784136391321010 1989378948370965 2299690982955501 2499318092516359 2063944401495227 2191036338890258 3259510160255886 2197942426984918 3945785089345800 3320017379481865 2945001476070746 2753722061095143 3357254491037051 4135938784290546 4330113622206017 3313322019599022 4575155137083561 3728266197409253 5770925280129579 5533423302221238 6185102485108499 3580007794139333 4966790998367992 6160976413199304 7531597648823013 6895446666593602 8829459316491324 6797767456479991 6949291092765160 6724923595977847 10181332693580847 6301376418706495 7904311814151230 10469068242196777 12323731990561671 10822029050719541 9092056350889755 8007728696332238 8460554984455561 7979174915828075 12693971858589814 12174533692596303 11217195252089826 18007092336496642 11070549854084353 9716245584506738 15569049792249474 14966681564459615 26583639356971940 14957243689100099 23786482742201916 13870505103147073 26959960993595651 23044449916806590 15474762076716826 17247830939412396 23724634859764604 19398426282866313 42831003019898233 29543819053803878 34143468702975876 15821477320779699 23099325130672400 42914681700769306 19910611782245086 41825196798671404 71857607814115328 68501474947906212 43768208277439905 37287379803920682 35191265435149352 27337720215359159 17702520456141635 62185279800889442 80715145627649514 36884110458238167 54559688775303912 42512233486803140 89367896060943135 87345083164591812 103667876964907038 34306626233466312 72781632173969429 78080307494517985 109123522241350836 75714763694285970 46525692013544051 103310687201566138 109514313464696046 97395256886931563 128748576224117346 133374308078520684 98600424603321960 52831615267132652 28305020340996003 119283566310524895 129953173405866616 104402864608322490 181425127069125891 159678262107999964 85496156071909392 91544717087156056 98011287270475750 52462044228828641 56156602112874289 64325374609114550 137669771892147700 220959863585551017 78801255302666615 337203262544900476 180350869961099246 96450110192202760 117949491546113972 504434071335185420 144117936527873832 308087194759152060 164637479165761044 175943559810422753 429236599486572598 244904537455382406 261578907351144125 279363328483702152 318555973788329084 340122810048577428 363117512048110005 387632532919029223 883245963858716874 502957566506000020 1319510599727473500
3 4 5 6 7 8 9 10 11 12 13 14 15 16 17 18 19 20 21 22 23 24 25 26 27 28 29 30 31 32 33 34 35 36 37 38 39 40 41 42 43 44 45 46 47 48 49 50 51 52 53 54 56 57 59 61 68
10 32 41 158 120 287 190 319 177 299 181 222 157 196 114 135 71 118 68 74 36 77 44 55 31 41 26 49 14 29 19 31 11 12 20 21 10 9 10 7 7 1 9 3 4 2 7 6 2 4 4 4 2 4 2 1 1
10 44 67 399 368 1583 1246 4080 2879 8519 6420 14522 12248 25076 17374 33864 21517 50628 31491 51587 30520 90823 57543 94545 59117 104136 84162 233162 63317 187133 143163 305747 108379 155025 356587 419408 243764 413797 404536 282394 310120 62370 744981 362048 493020 253044 1570483 939592 294546 735974 1471948 1199671 844767 2634068 837431 715220 1741630
