18 30 42 54 66
1594 29089 50142 18215 955
53398 640846 259025 44524 955
111803274 17689444276374594010 7205851588345796763 21507866114105112 128272
18 30 42
227 394 15
1965 846 22
20664701 3655366 2859
3 4 5 6 7 8 9 10 11 12 13 14 15 16 17 18 19 20 21 22 23 24 25 26 27 28 29 30 31 32 33 34 35 36 37 38 39 40 41 42 43 44 45 46 47 48 49 50 51 52 53 54 55 56 57 58 59 60 61 62 63 64 65 66 67 68 69 70 71 72 73 74 75 76 77 78 79 80 81 82 83 84 85 86 87 88 89 90 91 92 93 94 95 96 97 98 99 100 101 102 103 104 105 106 107 108 109 110 111 112 113 114 115 116 117 118 119 120 121 122 123 124 125 126 127 128 129 130 131 132 133 134 135 136 137 138 139 140 141 142 143 144 145 146 147 148 149 150 151 152 153 154 155 156 157 158 159 160 161 162 163 164 165 166 167 168 169 170 171 172 173 174 175 176 177 178 179 180 181 182 183 184 185 186 187 188 189 190 191 192 193 194 195 196 197 198 199 200 201 202 203 204 205 206 207 208 209 210 211 212 213 214 215 216 217 218 219 220 221 222 223 224 225 226 227 228 229 230 231 232 233 234 235 236 237 238 239 240 241 242 243 244 245 246 247 248 249 250 251 252 253 254 255 256 257 258 259 260 261 262 263 264 265 266 267 268 269 270 271 272 273 274 275 276 277 278 279 280 281 282 283 284 285 286 287 288 289 290 291 292 293 294 295 296 297 298 299 300 301 302 303 304 305 306 307 308 309 310 311 312 313 314 315 316 317 318 319 320 321 322 323 324 325 326 327 328 329 330 331 334 335 336 337 338 339 340 341 342 344 345 346 347 348 350 351 352 355 356 357 360 361 363 365 370 371 375 379 387
390 1733 4270 8347 13295 17375 21385 24378 25418 25429 26235 24482 24243 23477 22275 20919 20856 19273 18907 18050 17515 16437 16489 15204 14908 14713 14015 13281 13551 12501 12424 12249 11736 11187 11362 10634 10525 10369 9726 9687 9538 9161 8963 8757 8616 8049 8346 7719 7689 7562 7302 7010 6983 6450 6517 6479 6235 5936 6065 5701 5581 5607 5372 5189 5261 4924 4819 4764 4760 4433 4492 4334 4192 4279 4111 3755 3955 3712 3733 3659 3516 3202 3509 3201 3142 3188 3031 2852 2942 2725 2716 2612 2599 2493 2464 2360 2313 2366 2355 2166 2148 2016 1965 2006 1986 1835 1916 1728 1798 1739 1724 1567 1661 1536 1475 1429 1453 1445 1411 1282 1283 1323 1267 1147 1223 1134 1070 1082 1088 1002 1061 972 947 950 904 873 906 901 838 824 808 731 781 760 719 711 705 612 686 574 556 581 591 541 562 520 511 514 520 478 489 467 446 424 394 345 439 370 367 378 363 341 355 293 310 274 282 266 333 272 258 273 273 259 259 255 245 229 223 207 224 194 185 208 201 163 184 167 142 165 148 143 139 139 118 123 122 108 134 93 103 90 93 86 96 88 63 90 72 77 77 66 72 75 74 52 59 64 59 60 65 59 71 69 49 54 46 32 57 44 60 48 43 41 48 43 25 38 30 27 41 39 44 38 26 31 26 26 28 27 24 23 27 25 21 23 10 19 23 11 12 21 11 15 19 17 12 21 17 11 20 10 6 12 10 8 12 14 18 2 9 9 8 16 13 16 6 6 12 8 6 8 8 6 13 6 3 8 8 6 2 5 8 6 1 4 9 3 1 3 8 1 2 4 4 6 2 3 3 1 3 2 1 4 5 2 1 1 1 1 1 1 3 1 1 2 8 2 1 2 1 5 1 1 1 1 1 1
390 1909 6043 15843 36480 70995 127881 226681 358384 540810 834545 1171750 1638017 2318652 3098580 4007840 5481424 6936448 8822670 11365058 14431841 17442160 22506928 26878923 32809537 41399903 50082035 58970303 75197190 87205683 103543183 127020500 152695330 172997058 218002036 251840272 295759216 353719268 413531556 477793116 576535764 676868066 753612085 911139320 1092880696 1161613671 1452912313 1638272843 1849997414 2177703177 2492182350 2790353303 3237658020 3615309055 4132223508 4896944438 5572514577 6159763741 7285035571 8149252698 8918189216 10508131443 11913377694 12988434132 15321915334 17203068402 18349911530 21612591063 25573335980 26040186964 30372921064 34888523537 37262667234 43539543576 48475999313 50854797011 61190059947 66528344194 75122865694 84438825515 94009852420 93510000001 114481108161 125003670149 135094226521 155675413952 172265020398 178083916878 207065811196 224068404390 242360805288 269715613513 318534624911 323060792245 363194347993 407408999600 428813846718 506737551011 579482217138 571753243234 651773739436 677865448241 726814049910 830395816138 974378340368 967858063774 1138773908433 1159379358980 1342248080020 1446659276801 1621364762672 1616209548706 1893649106430 1971430168480 2132301041813 2349536720341 2698560758795 2767533835800 3077486107367 3267903034071 3415568187022 3925674667139 4306385168730 4184622393886 4960804552249 5371371529469 5356673239494 6093126491731 7171403647938 7028176140708 7948006453335 8281182391211 9229287426850 9783455638051 10818299846630 11310366623032 12600689748664 14940437600446 14661222387037 15731628583823 18571291589882 17026912103410 20479000510759 21981796077528 22533265202572 24373033317841 27597898860921 24925609500219 31182846794407 29393038746144 30279593154201 36088683017034 42313433794521 41646927579861 46981973350392 49708746521471 51402006245469 54799403428137 64298110928440 61263502253377 69217406059236 76398777378236 78706890766695 80228993484250 89769758636979 75969635951483 109667674705589 101421243047691 110341677356820 127728072746295 137643463037488 137063251961142 153320187667969 138848737701099 158405689810253 155471299052373 188648019633905 183086263747210 259939530457320 221053956017510 214233421676329 255052243546258 287608800542323 287005501615945 321768052190187 377040220814043 367470345223161 351838202925327 402910398178492 408054436036511 475803302965242 442806836934098 433883611469670 560099377809046 600860878394077 518463934463838 639363168802290 627594634714340 565275927979546 725109495514210 717146506859308 773954716945478 785602560090234 876027935052225 765392703514084 914557903671565 1004724760785899 889577255104045 1269976191418053 996440358583539 1219621371848806 1136135556751420 1250168793650287 1254965903389048 1418961535073182 1455099043715135 1146912364677856 1831219158231132 1493272419481103 1711687278649310 1820518346510625 1747497893207777 1967428097476670 2172578607616032 2658352653377451 1864533041441510 2305148776886540 2876882263106529 2805071177046564 3070644229214569 3632369374508629 3457468372531636 4107134609778255 4631919363733661 3709526489079579 4466187117373172 4079012433577956 2769296388756638 5612267062908743 4613658461744051 6706047217642740 5736789474034340 5843260284783373 5884196363088276 7766551747146806 7813134544824132 4611818641453223 7604982179079082 6377242198234736 6551305440435892 10073046642974667 9906194983978014 12117125232920108 12150942872245205 8761681538144113 10422572295046429 10001676686704941 11183621003265377 12584208057548904 13223151682972596 12820723826667078 12599521785102333 15403535817389826 16829872704212206 14076200745592186 19900007151689501 7958324181077278 17394172528384818 19846018653467787 11207492607937645 14035074495873664 26026505686463692 13761323402871202 18937899009534324 30507365965386062 28710514504141370 20378561435920068 41591955500966173 36454139695954215 23500030144914815 44594004084630276 24188066552150938 16893000906779951 31642954641559398 33824761254480520 30495338305392760 39362569346432954 59033162324196541 67950330153959995 8438777057174190 39863684347166601 42497202789963964 40425636504903024 107019151128255038 87679059900418355 116096244494765504 40836748830941500 44363675536748751 91957514167856832 66602978641632260 52988150975307304 94564497734275717 93010545732358199 66278619931112829 156998806425760962 88563525762090972 42355987995840015 120119331837280363 141770743634577091 103310687201566138 36085668432747659 98741195349908144 170224099024047182 133374308078520684 24650106150830490 103897529051529468 254745183068964027 88957384320681931 32488293351466654 102090203090348314 293248344399370122 39919565526999991 82667643562954687 262537029230974840 196022574540951500 314772265372971846 112313204225748578 176367301792207377 184536074288447638 78801255302666615 326204141877783468 180350869961099246 96450110192202760 405904509157408735 551539302126463860 228257351971406744 126108517833796355 134819180623301520 154043597379576030 164637479165761044 175943559810422753 188008647052292980 602647668863049477 229272286871217150 244904537455382406 523157814702288250 2548447790306632672 680245620097154856 363117512048110005 883245963858716874 471314064268398780 2683395351553455605 610898403751884101 843250788562528427 899175348396088349 1161537834849962850 1498478743590581081 2484305294265418180
3 4 5 6 7 8 9 10 11 12 13 14 15 16 17 18 19 20 21 22 23 24 25 26 27 28 29 30 31 32 33 34 35 36 37 38 39 40 41 42 43 44 45 46 47 48 49 50 51 52 53 54 55 56 57 58 59 60 61 63 65
2 31 41 112 108 203 165 233 179 248 173 182 122 114 77 105 72 78 37 57 36 47 45 51 23 21 20 46 20 16 17 21 9 15 7 10 3 6 8 6 5 10 4 3 2 2 7 3 4 2 2 2 2 2 3 2 2 4 2 2 2
2 42 59 303 334 1036 1010 2836 2848 7243 6054 11631 9124 14483 11891 29896 17471 30621 19958 46928 28370 72892 62240 95794 43512 68076 66870 305045 100930 117810 102564 209434 95179 158681 129788 227980 57480 180691 200254 167212 182105 446638 277202 202526 106348 106348 902100 556608 780621 211116 294546 589092 1225356 816904 893109 1126356 1544620 2522719 2107292 2860880 3865868
