24 36 48 60 72
3138 28282 40501 21167 6906
551366 771879 265474 69048 8993
2090230543074660 5266711768991728013 7403407632845330577 351047805483282850 1210955409279
24 36 48
400 633 119
3060 1643 155
22295302 18586804 272717
3 4 5 6 7 8 9 10 11 12 13 14 15 16 17 18 19 20 21 22 23 24 25 26 27 28 29 30 31 32 33 34 35 36 37 38 39 40 41 42 43 44 45 46 47 48 49 50 51 52 53 54 55 56 57 58 59 60 61 62 63 64 65 66 67 68 69 70 71 72 73 74 75 76 77 78 79 80 81 82 83 84 85 86 87 88 89 90 91 92 93 94 95 96 97 98 99 100 101 102 103 104 105 106 107 108 109 110 111 112 113 114 115 116 117 118 119 120 121 122 123 124 125 126 127 128 129 130 131 132 133 134 135 136 137 138 139 140 141 142 143 144 145 146 147 148 149 150 151 152 153 154 155 156 157 158 159 160 161 162 163 164 165 166 167 168 169 170 171 172 173 174 175 176 177 178 179 180 181 182 183 184 185 186 187 188 189 190 191 192 193 194 195 196 197 198 199 200 201 202 203 204 205 206 207 208 209 210 211 212 213 214 215 216 217 218 219 220 221 222 223 224 225 226 227 228 229 230 231 232 233 234 235 236 237 238 239 240 241 242 243 244 245 246 247 248 249 250 251 252 253 254 255 256 257 258 259 260 261 262 263 264 265 266 267 268 269 270 271 272 273 274 275 276 277 278 279 280 281 282 283 284 285 286 287 288 289 290 291 292 293 294 295 296 297 298 299 300 301 302 303 304 305 306 307 308 309 310 311 312 313 314 315 316 317 318 319 320 321 322 323 324 325 326 327 328 329 330 331 332 333 334 337 338 340 341 343 344 345 348 355 356 361 369 371 374
226 1286 3755 8802 14672 22128 31241 39946 42286 43674 44463 42527 41824 40397 39361 37545 36825 35517 34164 32809 31774 30082 29733 29008 27887 27445 26464 25131 24904 23522 22828 22468 21766 21184 20590 19863 19162 18356 18298 17828 16808 16972 16312 15510 15314 14537 13959 13990 13577 13340 12719 12446 12018 11577 11457 11158 10874 10699 10089 9846 9791 9060 8871 8844 8542 8239 8164 7663 7663 7500 6990 6872 6896 6449 6440 6137 6115 5610 5580 5372 5350 5111 4812 4723 4812 4416 4380 4216 4095 3956 4073 3711 3700 3606 3335 3218 3332 3102 2971 2991 2872 2786 2771 2647 2671 2475 2379 2429 2501 2215 2086 2100 1952 1988 1996 1782 1750 1771 1740 1591 1698 1542 1491 1494 1464 1329 1347 1260 1296 1215 1196 1141 1234 1112 1111 1077 1116 1045 1070 1013 965 892 863 836 935 804 806 794 791 762 719 694 805 730 703 670 723 658 588 597 563 543 574 495 523 479 475 426 490 456 430 483 382 405 396 345 343 355 327 337 319 335 306 313 290 416 393 257 264 246 203 253 217 216 244 209 204 222 213 189 193 180 179 182 169 160 147 147 145 136 142 138 127 111 138 115 113 112 93 103 107 82 86 95 93 88 71 80 90 71 80 55 71 67 58 71 51 48 40 45 61 43 42 51 42 39 37 22 44 39 39 35 37 47 36 29 31 36 32 29 28 25 26 31 19 25 14 21 18 23 18 15 21 29 20 22 19 17 15 21 13 11 10 13 16 16 12 11 11 14 6 9 8 9 9 7 13 11 8 11 7 11 5 3 5 7 7 7 17 7 4 7 4 9 5 7 10 4 5 1 8 7 5 4 6 1 2 2 2 1 2 1 1 1 1 2 1 1 2 1 1 1 1 1 1 2
226 1394 5289 16148 38235 83331 165358 310927 499804 801745 1243548 1801023 2583738 3633018 5013788 6646279 9042739 11838096 15032617 19721326 24995458 31023795 39627723 49326179 61204485 76254013 94000402 112973786 140376198 166257745 199384076 241929924 290829492 344067580 410021809 490520206 569953223 678706097 812678602 934812311 1073445527 1305539080 1470981340 1733278780 2027350290 2293113951 2621529334 3090207246 3532816113 4157159540 4607914848 5366890596 6177442459 7017478795 8012926012 9113809494 10435723025 12062707538 13232014921 15120699345 17390132221 19021834375 21760200753 24369997809 27467404105 31146270448 35348229382 39367136165 44339419159 50658280234 53851676628 60703234623 69999331211 74639762405 86021504128 93243166882 106579970580 115708940880 128639702554 140644796559 161512501338 171421531815 186438508268 212244997788 236174623153 257163197589 286848381276 303502057860 332167338974 374283413471 417225051073 447069842847 502868581292 551945604666 577250568955 617694964667 712167377524 754497449607 808082731415 894920233729 975099733115 1073931663102 1189972368422 1295740396624 1425936323478 1519637663746 1614866637227 1818655259993 2039800146160 2136101824566 2232885946188 2410934686790 2519264646458 2892722846240 3108360036649 3368279759909 3481620157846 3881130562945 4188782334229 4292400968943 4953921864369 5207882564721 5608497309497 6119779780037 6619279673023 6687530481556 7506653379904 7966607942181 9059175577136 9305274074462 9850667016304 10714375495512 12578318854836 12897484937770 14334371241507 14967732457919 17485569806922 18508631312260 20669915527052 21745778301393 22507628391434 23200561005827 25018358066612 27380358715203 32928837149024 30120304989399 34112370078864 36339841874727 39125565614328 42421445296241 45424674077590 47657464862533 59351499302478 58139734819410 64680642701159 69570893154807 77120392813924 78294754420208 75961007988808 88479180403853 87715546431691 95523857546390 113537840019711 104837896144520 119629231633371 118871593419332 135137551416992 133711838972490 163111977682792 168326235115864 173944017677454 203298860235736 176817393244666 210683364003457 242313623023300 226359513427713 231558121674328 256551725511044 269195615825575 289221129776150 294810981343992 344681906106007 361108978323381 403407472562990 394528248408914 589025555475321 588197640160223 446173461258810 505324910441014 511543039808923 476623529488225 646203156830690 567763187730967 661860622504881 810307748523706 699794368071356 766898797511513 926181581643967 952902918165069 957717825818062 943071266403750 1061384109819824 1064008312414671 1208806627923452 1265668606986344 1295932436385114 1442256268254482 1348990067187004 1480799879030793 1468964963825013 1645909472666356 1904914259301471 1777671711119151 1593716783333708 2159399311824946 2027271287158294 2314871461169668 2226572832436167 2098943344496019 2420226228408823 2989704573499056 2293103792985165 2301735078025778 3807027959106378 3306684010310035 3109801687012490 3101114996655869 3701085583166960 4517545319678497 3646096087976813 4045097179249073 3148035355315898 4416245268175159 5249567137406905 4795185162976942 5998696186982673 4760820606398983 4116660504520757 3785263912772346 5412441778491443 6890340422612490 5326102489125919 6387784266770466 7333540915784856 7029724617745168 7095238995100172 7318891886615236 4433064547500804 9642928110947990 9259308390357409 10483163848071861 10024369626992626 10350859144413326 15506720218202053 12834806686624764 11021965405984062 12507013528118000 16479518580809920 15238261114606865 15446445328281373 16814434361729321 13435113142032973 18295276243848310 24120036547856483 14229160921536791 19764276800685436 13164970673668032 19796156942808818 17015203404054312 24463004110292753 18699023560711994 19987819672817205 26136095595984855 37239680677463939 37616216535737590 37179478731861580 31017342337070022 31384567306548751 29889556139138777 43465527345265916 26851355711814807 28912504842826360 27235544711670730 46134174956620088 50442192983027933 53800720046447180 39583777419652396 38410212107438127 41544195823873428 67074093195776455 38289361355597646 45027666670695069 50169712617847192 74447059843142207 53941103748714725 67778133438001384 94167669898924433 86672491336238490 90305464248559464 106754220566347460 61608647250772329 116460110886122416 70969524427115183 44185746620741886 71114280291154707 99939743905492198 108167077471128535 143235206799954428 269495368327269457 117201686542760537 105742388965336839 133392295023155710 81510376325083726 196206685572444911 139650139428267175 200732252172115592 271714927165381968 173872445343669940 155955132672462200 34800954869440830 323102397454196458 266211159937740367 245174418179909356 256488468215728176 284334006536447709 52462044228828641 108618646341702930 120210699679333088 128650749218229100 68834885946073850 147306575723700678 78801255302666615 96450110192202760 103151466321735325 117949491546113972 252217035667592710 144117936527873832 154043597379576030 329274958331522088 200882556287683159 318555973788329084 340122810048577428 471314064268398780 790738119649411319 899175348396088349 2179315288848799564
3 4 5 6 7 8 9 10 11 12 13 14 15 16 17 18 19 20 21 22 23 24 25 26 27 28 29 30 31 32 33 34 35 36 37 38 39 40 41 42 43 44 45 46 47 48 49 50 51 52 53 54 55 56 57 58 59 60 62 63 64 70 72
2 27 52 157 123 326 205 411 254 404 244 349 150 225 158 216 109 177 108 142 58 118 69 80 59 71 56 55 28 47 34 55 26 43 29 31 9 23 14 19 10 15 4 8 2 10 6 1 2 2 5 2 4 6 2 3 5 1 1 2 2 1 1
2 38 83 400 352 1820 1256 4997 3721 11607 8094 22202 11170 28226 22735 48792 29499 75801 50708 100212 47587 160002 84927 155754 114606 205884 164421 326028 155414 319835 243062 585136 313421 696227 377094 689222 291347 881099 625659 1088062 494841 989236 203566 887855 169609 1332592 502397 178268 335870 490199 970644 793318 1403897 2256562 893109 2172373 3179784 2316930 715220 2630107 4524520 2679689 3087735
