26 38 50 62 74
4425 31990 38332 20500 4746
834712 715642 233964 58916 5551
314282489048266082 16201094495770978597 5688029500578765227 151802425852872610 48647110672
26 38 50
450 532 62
4007 1254 77
132670416 17727405 62750
3 4 5 6 7 8 9 10 11 12 13 14 15 16 17 18 19 20 21 22 23 24 25 26 27 28 29 30 31 32 33 34 35 36 37 38 39 40 41 42 43 44 45 46 47 48 49 50 51 52 53 54 55 56 57 58 59 60 61 62 63 64 65 66 67 68 69 70 71 72 73 74 75 76 77 78 79 80 81 82 83 84 85 86 87 88 89 90 91 92 93 94 95 96 97 98 99 100 101 102 103 104 105 106 107 108 109 110 111 112 113 114 115 116 117 118 119 120 121 122 123 124 125 126 127 128 129 130 131 132 133 134 135 136 137 138 139 140 141 142 143 144 145 146 147 148 149 150 151 152 153 154 155 156 157 158 159 160 161 162 163 164 165 166 167 168 169 170 171 172 173 174 175 176 177 178 179 180 181 182 183 184 185 186 187 188 189 190 191 192 193 194 195 196 197 198 199 200 201 202 203 204 205 206 207 208 209 210 211 212 213 214 215 216 217 218 219 220 221 222 223 224 225 226 227 228 229 230 231 232 233 234 235 236 237 238 239 240 241 242 243 244 245 246 247 248 249 250 251 252 253 254 255 256 257 258 259 260 261 262 263 264 265 266 267 268 269 270 271 272 273 274 275 276 277 278 279 280 281 282 283 284 285 286 287 288 289 290 291 292 293 294 295 296 297 298 299 300 301 302 303 304 305 306 307 308 309 310 311 312 313 314 315 316 317 318 319 320 321 322 323 324 325 326 328 330 331 332 333 334 335 336 337 338 341 342 343 345 347 348 350 354 355 356 359 360 361 362 364 366 367 368 375 385 391
282 1568 4120 9102 15711 24680 34002 42773 45157 50105 46853 48553 45475 46748 43433 43132 39398 40648 36424 36970 34016 35066 32611 32292 30256 31329 28009 28460 26331 26863 24471 24510 23230 24237 21360 22023 20310 21106 19597 19648 17999 18850 16632 17281 15755 16603 15370 15250 14148 15122 13175 13711 12678 13363 12311 12132 11504 12011 10815 10869 10022 10698 9854 9743 9126 9426 8201 8549 7844 8242 7712 7675 7232 7575 6690 6803 6160 6624 6097 5956 5700 5938 5197 5278 4955 5416 4929 4898 4580 4622 4192 4245 3846 4192 3880 3721 3629 3824 3289 3379 3231 3457 3125 3314 3123 3285 2750 2805 2619 2718 2636 2468 2444 2420 2036 2237 2138 2201 2194 2023 2021 1973 1808 1881 1823 1864 1745 1623 1726 1611 1568 1515 1431 1512 1438 1335 1423 1285 1203 1276 1188 1188 1158 1165 1096 1135 963 1010 1022 951 1019 892 946 900 818 782 806 851 832 792 826 763 648 656 701 680 662 610 652 624 518 584 543 555 530 516 497 428 447 461 471 415 445 426 432 375 345 362 375 310 352 283 377 327 269 282 278 248 275 276 303 211 209 242 225 210 246 213 229 181 197 171 179 185 231 166 176 161 127 156 191 137 164 149 181 108 104 113 156 104 152 97 131 89 107 91 102 83 95 77 91 73 60 58 73 60 58 63 65 50 67 50 58 47 64 50 56 29 48 43 43 42 43 41 61 28 34 27 34 37 43 30 34 18 24 27 23 24 31 27 26 12 14 14 20 21 15 15 15 16 11 20 19 7 7 17 9 10 7 8 10 10 5 6 12 8 1 12 5 8 11 9 8 6 8 10 5 2 2 19 6 2 3 3 4 1 4 1 4 1 3 2 2 2 1 2 1 1 1 1 1 1 1 1 1 1 3 1 1 1 1 1 1 1 1
282 1718 5713 16882 39283 90534 177552 331151 542049 902427 1317182 2020255 2807712 4146014 5538907 7581286 9779055 13659209 16766659 22414996 27369993 35891845 44422206 56197444 67809548 89038878 103422289 129815530 151789547 191642866 217334375 269717954 316464850 403156264 445352392 557057824 618871466 776527528 875105059 1048523447 1167055056 1478868398 1572324293 1931817324 2106822893 2609318213 2830987807 3405002155 3724684559 4795791410 5007478325 6035404230 6519039481 8039409349 8552118155 10053578613 11199116413 13561066584 14555155098 16818341777 18048177416 22086571234 23590817165 27097925027 29402094879 36035919250 36272135606 42883816624 45299253211 53751247125 57074140633 67135273774 73082005331 87726535265 88463802127 101785043396 107174805885 130064868894 135603073315 152832062834 164752908138 198662559729 197479223789 230822797245 240839830487 298411560482 301864221825 342032341222 365287654421 421147183466 429026360725 480534703631 494620001565 608891072605 599209196289 673389826144 735805528508 901952059345 856426382168 1001569985960 1043022778558 1296899183143 1229904154981 1520534118633 1596271498078 1961328669718 1790030542418 2033391136898 2193846496089 2547786236708 2636637783054 2836968848246 3125957693853 3667622761258 3294223756959 4054331690771 4232199469947 4897207961726 5139405798327 5494929263122 6193858940236 6836396371168 6763096886265 7607428368039 8295005664691 9838875288911 9842364549903 10010844124160 11677341308500 12880195655451 13230647311348 14005921557679 14971163958817 17520873785326 17871554292621 18633322737686 21927115730088 22728434807259 23610600822739 27587020386467 27323104290461 30845878006495 31053213912624 36757277268688 38125311524942 43620506630243 39494177765330 46580887153206 52076725593468 53237648075697 62423635401768 59022837057563 67722661534248 79149556246470 71277625429528 78923437142268 86536659445554 104795630909956 106196126026261 113477550789897 127861298556408 142783550283777 122781082451033 136229277334462 167273208954445 176606038674579 184065828281373 178543187282121 219774026391941 232014821280421 208812089046526 261147047283216 256662334514076 287646763753758 306967479615489 322215607242527 330670873454269 321798358356933 348018881892585 390197617941300 462033065584069 430004371770069 501493306970892 536691383282357 562497413079707 557639196156339 582529460075832 616902290189358 688707881039095 649050531176917 806478328631671 703075858774082 995495042143827 968990867368093 875359106201185 941885133084167 1057560833700014 1069396167294978 1215250784538954 1370645555718795 1575704086346456 1250535186002260 1392297347950477 1690378477212245 1657943013076575 1666860485069034 2181343288402833 2030130897502523 2295993358667342 2063046376724805 2661114197817454 2268728374138289 2358968875867069 2960768132828206 3855221364347183 2923212351218130 3627695857336721 3381760975642715 3003349667139279 3903462186771802 4819108244989210 4121975185232930 6051536251600755 5070595487504241 6799323468035884 4506844445269940 4491709021947696 5587854608203231 7759527740953179 6288751500525889 10782950245678119 6786248435976303 9179235147166710 6788119544025217 9975933870665457 8414994521364426 9224653885440369 8492707490965392 11456161426206314 9862749045874338 12677599368080981 10188977015745948 8717044662916364 9991588894393254 13593715042328194 12256361086738413 13896485260167031 14055777130076668 15702724963782322 13084538411475956 19594405563473930 14244877394047094 18714920791953476 15245252549847039 24291762974949750 20126995354576504 26098419157032394 14210571693206341 23920209332573722 22897178251657108 23916349668503533 25750619340309122 27160546996080473 28581623146899031 47207193771991120 23862978811261025 33617817405353172 25136931998000397 32759550189131997 39174018046632903 54965707447845744 37679094973631216 44469604176960540 27004673808651400 40254360764140726 41858184301413320 49266773207838876 45288676720713114 61772757225146585 54864864123713772 60247039464739663 33625470758954028 44265634871006897 45200946286698603 68598566283471310 80899560948634079 57676010401286944 55398132167371992 57247884469831116 64869019153514463 56111509264887399 112199924341333244 106298462332011232 39360948843654235 46651026296184480 111844121592604281 68220973390608081 91583481743175309 54009005468871456 90693723796461380 104078541966838877 102461801759639521 52560297322598857 67056830776386094 138893856816679970 100832743781320437 13162217895057704 186615484869371632 91954550230115633 164746652552931894 199099830463338659 170735271622356438 161580083375391506 130290486842251792 188950351729928155 325748484409003878 133968250875261307 58631202330838967 64976586702933308 619590235195840602 216226081938566721 79839131053999982 125415721598909383 134292795123110752 202935375728133032 60105349839666544 248861448897562188 68834885946073850 353811233561922228 78801255302666615 252902446908675357 174476250616774742 192900220384405520 199601576513938085 126108517833796355 252217035667592710 144117936527873832 164637479165761044 188008647052292980 200882556287683159 229272286871217150 298330063062758076 318555973788329084 340122810048577428 413766180933342362 441622981929358437 1413942192805196340 502957566506000020 572612058898037559 651688879997206959 695143713458946040 741433159884081684 1161537834849962850 2190401332423765131 3192707518433532826
3 4 5 6 7 8 9 10 11 12 13 14 15 16 17 18 19 20 21 22 23 24 25 26 27 28 29 30 31 32 33 34 35 36 37 38 39 40 41 42 43 44 45 46 47 48 49 50 51 52 53 54 55 56 57 58 59 60 61 62 63 64 65 66 67 68 69 70 72 74 76 84 85
4 26 55 159 118 323 210 403 235 405 223 395 214 305 186 217 146 201 111 165 85 132 81 116 69 100 47 73 38 65 37 50 25 26 27 34 15 23 10 19 14 14 6 19 7 10 9 9 7 10 4 4 3 3 1 6 2 3 3 5 1 5 4 2 2 2 1 1 4 1 1 1 1
4 35 89 388 384 1775 1287 5556 3345 11907 7650 26287 15368 42206 28027 57403 38031 93505 55843 152691 77021 190415 107874 290442 152754 391263 171190 462804 251142 663780 236823 694227 287128 536679 448161 1187908 346884 1113933 382699 1360034 672067 872035 335303 2269533 703062 1928921 843542 2212206 1488191 2505299 800208 1977610 993095 1429582 281589 4248062 772310 1580469 2822512 4766040 966467 10554095 4199557 4533246 5200624 4752628 2323520 4647040 14622583 8175936 10785566 15796476 20506255
