10 21 22 33 34 45 46
210 1122 401 968 256 95 20
3672 5876 1924 1452 386 100 21
62529 1326671 672640 270209 37738 4184 112
10 21 22 33 34 45 46
210 1122 401 968 256 95 20
3672 5876 1924 1452 386 100 21
62529 1326671 672640 270209 37738 4184 112
3 4 5 6 7 8 9 10 11 12 13 14 15 16 17 18 19 20 21 22 23 24 25 26 27 28 29 30 31 32 33 34 35 36 37 38 39 40 45 47
55 333 603 1192 1427 1637 1433 1319 1195 939 643 442 419 308 260 163 189 142 115 90 84 71 63 50 55 38 38 26 26 10 14 15 7 6 11 3 6 1 1 2
55 385 924 2587 4492 7856 10481 15511 20329 25284 26838 27208 34219 37122 36103 31716 47624 49697 47762 48329 61680 69342 72804 75426 111756 100290 108215 99878 141624 44894 84331 119902 88602 104830 173036 44906 134989 59532 53174 150350
3 4 5 6 7 8 9 10 11 12 13 14 15 16 17 18 19 20 21 22 23 24 25 26 27 28 29 30 31 32 33 34 35 36 37 38 39 40 45 47
55 333 603 1192 1427 1637 1433 1319 1195 939 643 442 419 308 260 163 189 142 115 90 84 71 63 50 55 38 38 26 26 10 14 15 7 6 11 3 6 1 1 2
55 385 924 2587 4492 7856 10481 15511 20329 25284 26838 27208 34219 37122 36103 31716 47624 49697 47762 48329 61680 69342 72804 75426 111756 100290 108215 99878 141624 44894 84331 119902 88602 104830 173036 44906 134989 59532 53174 150350
