25 37 49 61 73
3689 30369 39115 21096 5725
1457025 747034 243453 64221 6944
55117765224472341 38831186646967706387 6818563041313364418 247968964068242150 189086810596
25 37 49
357 575 98
2094 1396 120
52351023 20583604 159813
3 4 5 6 7 8 9 10 11 12 13 14 15 16 17 18 19 20 21 22 23 24 25 26 27 28 29 30 31 32 33 34 35 36 37 38 39 40 41 42 43 44 45 46 47 48 49 50 51 52 53 54 55 56 57 58 59 60 61 62 63 64 65 66 67 68 69 70 71 72 73 74 75 76 77 78 79 80 81 82 83 84 85 86 87 88 89 90 91 92 93 94 95 96 97 98 99 100 101 102 103 104 105 106 107 108 109 110 111 112 113 114 115 116 117 118 119 120 121 122 123 124 125 126 127 128 129 130 131 132 133 134 135 136 137 138 139 140 141 142 143 144 145 146 147 148 149 150 151 152 153 154 155 156 157 158 159 160 161 162 163 164 165 166 167 168 169 170 171 172 173 174 175 176 177 178 179 180 181 182 183 184 185 186 187 188 189 190 191 192 193 194 195 196 197 198 199 200 201 202 203 204 205 206 207 208 209 210 211 212 213 214 215 216 217 218 219 220 221 222 223 224 225 226 227 228 229 230 231 232 233 234 235 236 237 238 239 240 241 242 243 244 245 246 247 248 249 250 251 252 253 254 255 256 257 258 259 260 261 262 263 264 265 266 267 268 269 270 271 272 273 274 275 276 277 278 279 280 281 282 283 284 285 286 287 288 289 290 291 292 293 294 295 296 297 298 299 300 301 302 303 304 305 306 307 308 309 310 311 312 313 314 315 316 317 318 319 320 321 322 323 324 325 326 327 328 329 330 331 332 333 334 335 336 337 338 339 342 343 345 346 348 351 354 355 357 359 360 362 363 366 368 369 370 371 372 373 375 378
333 1389 4144 8322 17305 27521 42976 50285 65874 62490 68811 62198 66843 58492 63082 53750 58397 52197 52971 48372 53156 45403 49659 43115 45498 40575 42721 37340 41503 36265 38049 33450 36197 31021 32989 29749 31813 28347 30487 25758 28221 24914 25574 23240 25787 22056 24143 21092 21822 19684 20708 17916 20133 17721 18392 16242 17446 15172 16101 14336 15436 13655 14841 12230 13472 11961 11903 11067 12333 10573 11695 10003 10376 9277 9848 8506 9673 8519 8739 7952 8265 7209 7677 6903 7183 6553 7177 6014 6270 5892 5707 5215 5841 5059 5550 4951 4961 4559 4701 4116 4501 4176 4334 3873 3996 3522 3825 3270 3456 3255 3504 3008 3085 2822 2788 2505 2859 2482 2747 2480 2509 2257 2423 2063 2263 2031 2116 1951 2033 1712 1895 1642 1628 1601 1767 1467 1576 1429 1407 1313 1432 1332 1494 1336 1237 1162 1184 892 1090 988 997 937 934 804 882 758 753 735 788 692 765 563 586 586 559 534 590 533 518 520 530 425 504 466 452 506 437 405 416 381 402 377 379 353 360 341 322 324 300 295 283 286 257 265 237 230 238 225 227 210 236 196 219 191 193 151 171 173 150 152 151 155 135 149 139 126 166 107 140 125 123 95 133 103 102 98 104 105 98 90 100 93 92 73 76 75 87 78 87 70 72 60 54 63 67 48 49 60 48 52 38 54 52 36 38 40 32 37 37 30 34 42 19 38 36 27 36 32 28 26 23 26 26 25 28 23 19 20 18 31 15 14 14 13 8 12 7 8 6 11 9 7 9 9 3 16 11 10 9 15 34 6 7 14 6 5 3 3 8 5 6 13 9 2 4 6 6 4 5 4 3 3 3 4 1 1 3 6 1 1 2 1 3 1 2 2 3 3 2 2 3 2 1 5 3 1 2 2 1 3 2 1 1 3 2 1 1 2 13
333 1517 5825 15159 42974 90836 201871 341590 691102 938921 1660723 2209676 3539171 4473137 7044136 8102169 12918408 15033018 21116453 25469449 38080713 40074815 60560237 66743500 92724438 101835209 145051243 149712173 224228783 230452160 311786587 335284917 482908098 455413903 651005498 693756269 913599197 963296494 1338626755 1271934451 1858692375 1801436866 2353701392 2479183508 3483640039 3223829211 4569881103 4588158326 5884149451 5883537835 7940742112 7410303168 10733870076 10412408527 13006683078 13248074203 18074518263 16009176120 22202955398 22010585519 28096708375 27150737994 37455882471 32696813567 46761801195 43623323534 52280030138 54871712295 75253764675 64931477401 92390389002 87211691638 109859357141 104141904418 139535238324 122723398091 176000080067 165408051657 198327617415 199588507912 262133433348 226624400131 303512492194 296911473492 343748125722 350145448696 471705502966 403675169593 536275850094 516329721039 594965663882 588934059706 808551971922 698898372302 936697095952 929180209032 1053341762970 1051397177576 1347084212314 1175312158087 1541630795609 1565472830226 1820651065928 1767295967376 2317360218035 1991818996938 2609234940280 2486161480119 2890299201277 2904019921854 3784539868164 3234737009713 4098910011182 4107717061227 4446006364636 4358629258384 5922245755980 5187857470841 6834846177002 6842935255814 7992702316780 7458835445009 10310124290996 8385742652518 10837336108578 11021577570574 12551089201338 12321090965444 16390165537986 13490204758729 17585367156978 17003381191367 17617030912407 18933372968542 25876941381247 20744053422931 28491840454751 27098409896780 29969558895177 28624749837267 38296394478627 33983709446570 44472764169009 44666188955858 46407148750758 46011081336181 57103097184429 42860271668975 59655795182965 60624812588086 65544862668810 67731850753793 81916248280721 69000363157838 85169539338251 81043290251311 84669307968703 91074110802088 114685935574547 103646887376979 126655046300920 101987867970220 112510444790811 120088192041898 131727522981368 130210569816243 162558593976684 165970345325992 167834030477537 193776774074784 224276422150555 185440797760240 250080907502027 251079797306292 238970071474009 314948876127596 311014794572192 308451643131285 343104009645200 339053584986010 365199737771360 404916311933961 440161605030076 445206778158259 499876074495791 533311433700027 543604564226593 592074747706485 598613825334470 625072365656094 669058612603478 731978323938952 710515385212178 802174089457749 766179175116520 829472560540616 844982518472771 921134724265892 1041465454149003 1059854147587774 1265125180448145 1194782993621116 1412735211895807 1292164498532376 1473658277708993 1194710699641472 1510825608547703 1668052012649735 1589079000507682 1743545248537897 1675412019180132 1913673460151741 1877294938716326 2226237620076300 2223000541086252 2069764344230144 3436900648768212 2161205100557455 3285416831996873 2946586887644487 3243953018606753 2599288451462478 4116575406296165 3252474894357894 3755330244225413 3907936342759337 4311040423271203 4799167548428169 4630362733779710 4587172610006179 6189536051257029 5317896006689923 6091389465715183 5615547406693747 6118716173674667 6320182936958528 7774404989986682 8146721447895770 11020254666667108 7631326395032523 8735737468375397 7393821057251005 7305538780465361 10233606234525293 10679173689203975 9476903310486889 9847625549101919 12526057825790846 10870188731207768 13005990685726759 9764517826309045 16733187582419260 16291509134605679 12592808037489289 15102822686871141 15792850498328301 14204031387283363 17745934501288442 18594661329921325 15263995398328019 20206370998874814 26134995778297863 12244376061728849 26387976765130484 23862170268436778 22536891061459273 31748555289256673 31468640128665508 32517305785913409 31645788366231525 24924845380312204 28945330902276570 34973354744962426 41015215085443307 45617306358533527 38290135003963325 31258051838850285 38183712111337631 34316907871736652 66090010917830609 31852071461485653 40023452111250873 40718527026970632 38524504335276844 25420085093455895 36815614039690754 22374649286499089 34740380592120570 23282041643518163 48871864140459102 44083072875753696 54119093255754248 47109339627783048 53898197186324452 17702520456141635 114078672817522146 82152673678999743 106542611900196477 69518818932325080 135566948845352460 328682879093239633 66805248924104911 83079573339954698 175964775637694279 71114280291154707 87670525886262733 41399543225617714 42355987995840015 125530957098747428 114852899348125273 108257005298242977 252150917135640799 187360187237072235 65916198730193119 98600424603321960 202497953654851428 166051696631116664 143546263353826976 153793021310838510 134578496441814968 109349766422936984 117113536830748059 128244234107864088 177040873159065448 49005643635237875 52462044228828641 168469806338622867 360632099037999264 64325374609114550 68834885946073850 147306575723700678 78801255302666615 252902446908675357 90175434980549623 192900220384405520 206302932643470650 330923581275878316 404457541869904560 288235873055747664 329274958331522088 527830679431268259 401765112575366318 244904537455382406 1491650315313790380 955667921364987252 363117512048110005 827532361866684724 883245963858716874 502957566506000020 1610037210932073363 1303377759994413918 741433159884081684 790738119649411319 2529752365687585281 1798350696792176698 958728697912338045 1022141228367345362 2323075669699925700 18280696805299292702
3 4 5 6 7 8 9 10 11 12 13 14 15 16 17 18 19 20 21 22 23 24 25 26 27 28 29 30 31 32 33 34 35 36 37 38 39 40 41 42 43 44 45 46 47 48 49 50 51 52 53 54 56 57 58 59 60 62 63 64 66 67 70 78 80
7 25 48 161 130 225 127 269 170 233 149 218 131 181 78 183 74 124 71 120 56 88 49 76 33 52 38 79 29 59 20 34 18 29 10 18 13 23 10 22 7 23 6 14 5 12 3 5 2 14 3 8 7 1 2 1 4 3 1 1 1 1 3 2 1
7 31 78 333 413 1190 898 3211 2724 6755 5694 13210 10424 21944 12444 36640 21509 53209 39772 78969 49448 84289 66858 130343 70424 154268 123693 315112 137671 343239 172027 321286 193561 375677 182612 449484 314752 734910 389640 945635 355026 1187103 446436 1646173 489051 1331678 225525 762395 400899 2831692 672297 2544265 2339854 563178 2815890 772310 5085136 4050820 966467 1663640 1300156 2600312 7682898 15207764 9289091
