20 32 44 47 56 59 68 71
5206 30793 40919 2781 16225 1435 2041 597
216711 523647 193159 15844 37081 4794 2283 808
4171018592 9093126757405985909 6803129364547626982 1550167739482449831 89759168614987984 32472277703340607 243847589 406719030893
20 32 44 47
854 502 45 5
5865 1028 68 7
145280992 45243422 24261 10873
3 4 5 6 7 8 9 10 11 12 13 14 15 16 17 18 19 20 21 22 23 24 25 26 27 28 29 30 31 32 33 34 35 36 37 38 39 40 41 42 43 44 45 46 47 48 49 50 51 52 53 54 55 56 57 58 59 60 61 62 63 64 65 66 67 68 69 70 71 72 73 74 75 76 77 78 79 80 81 82 83 84 85 86 87 88 89 90 91 92 93 94 95 96 97 98 99 100 101 102 103 104 105 106 107 108 109 110 111 112 113 114 115 116 117 118 119 120 121 122 123 124 125 126 127 128 129 130 131 132 133 134 135 136 137 138 139 140 141 142 143 144 145 146 147 148 149 150 151 152 153 154 155 156 157 158 159 160 161 162 163 164 165 166 167 168 169 170 171 172 173 174 175 176 177 178 179 180 181 182 183 184 185 186 187 188 189 190 191 192 193 194 195 196 197 198 199 200 201 202 203 204 205 206 207 208 209 210 211 212 213 214 215 216 217 218 219 220 221 222 223 224 225 226 227 228 229 230 231 232 233 234 235 236 237 238 239 240 241 242 243 244 245 246 247 248 249 250 251 252 253 254 255 256 257 258 259 260 261 262 263 264 265 266 267 268 269 270 271 272 273 274 275 276 277 278 279 280 281 282 283 284 285 286 287 288 289 290 291 292 293 294 295 296 297 298 299 300 301 302 303 304 305 306 307 308 309 310 311 312 313 315 316 317 318 319 320 321 322 323 325 326 327 328 329 331 332 333 335 336 337 338 339 341 343 350 351 353 355 357 358 359 361 362 364 365 366 368 375 379 383
368 1201 3792 7142 13551 17177 24923 26018 32828 30041 35278 29865 32257 26663 29048 23537 25852 20749 23045 18623 20736 16742 19104 15049 17314 13761 15704 12744 14379 11419 13293 10351 12113 9871 11367 9124 10549 8367 9914 7814 9102 7331 8588 6786 7916 6381 7560 5976 7024 5537 6685 5180 6440 4909 5893 4648 5632 4511 5388 4287 5021 3923 4841 3907 4574 3649 4437 3541 4177 3249 3990 3037 3791 2885 3594 2817 3390 2578 3253 2457 3032 2378 2917 2263 2842 2110 2721 2096 2540 1897 2383 1871 2343 1824 2164 1690 2115 1601 2010 1578 1921 1437 1824 1349 1746 1298 1672 1321 1492 1231 1480 1135 1424 1129 1313 1089 1328 1032 1270 1007 1200 926 1128 902 1073 832 992 786 921 773 892 726 876 703 831 643 750 599 725 591 693 560 656 532 644 505 641 511 588 528 559 429 513 387 508 410 457 373 446 353 493 313 458 326 420 312 393 297 356 297 357 277 336 237 315 240 265 229 283 226 259 204 261 189 239 190 218 173 221 162 205 147 174 131 161 151 167 118 160 110 167 123 156 99 126 107 128 80 102 101 107 94 102 83 90 56 101 73 86 84 82 71 72 67 79 66 83 61 65 53 63 48 58 51 65 43 57 44 58 31 49 37 63 29 44 37 47 16 43 17 31 29 28 28 40 16 26 32 36 15 34 33 36 17 20 24 27 19 21 16 19 11 22 12 21 20 12 10 15 20 14 20 14 8 10 7 14 8 12 10 15 10 4 6 4 5 4 3 2 6 2 4 5 1 7 5 2 2 3 5 4 3 3 12 3 4 6 2 2 4 4 2 3 2 6 4 1 1 2 2 2 2 1 2 1 1 1 3 1 1 1 1 1 1 2 2 1 1 1 1 1
368 1315 5198 13267 35706 66328 143163 225675 433552 590510 1074035 1326042 2146147 2562362 4071383 4477938 6976685 7456032 11420901 11912016 17994729 18432570 28009083 27289375 41374462 41194494 61291111 59667923 87948126 84135866 125656895 116000378 172527862 165929942 239960439 226136320 328669219 307708508 453020002 412600555 597292656 563604444 801784313 728076245 1043561276 985331089 1412111750 1243939291 1814049238 1648331637 2459726354 2107828399 3179423249 2789005021 3953130862 3509244039 5196754337 4643073458 6711094358 5910741875 8459119677 7417803145 11059974022 9597176363 13694672846 12265068783 17652703601 15592968108 22450403787 19318851086 28423831898 23095281201 35232701142 30819413973 44582156108 37627436987 52515492880 45785662800 66557981085 55421339731 81922792808 68093669616 100633809377 85213711517 124783450165 104741550733 154231299043 129918537186 186625966198 152703763630 219140490620 190711086890 279050624399 242585691010 324859615631 279096719805 404493527402 346394464979 502548246393 412713887804 592774573503 477268823381 711608638111 569113943470 844533406169 672987891118 1014436948360 873479293843 1112273013385 1026037489237 1396952243334 1132890716175 1627205739768 1479447763552 1920363132216 1724714862821 2453579879217 2043081432818 2862316034495 2536141431845 3338135532455 2776866322517 4018432944496 3378545303995 4562437922806 3880539448008 5352760377052 4556199825909 5890239161162 5283220342797 7326359046594 6126984199363 8463470744813 7581956101145 10094503043715 8477012296673 10893916697822 9305935741451 12804546178336 11587435187229 15275440935599 12849868243007 17261805403058 15549471335297 19853206195791 17368850684989 25636849094216 22144966544495 28260377547097 24916652842585 31255306311815 27764734412253 35945337177302 30616768876803 43775122143625 36406874987996 45499770287235 41908373340085 55890661575897 44902303814698 72787175325419 50105998314116 81016351634976 64758787484253 90084160861845 69083565075542 102069356426061 82367429647923 108350443916404 96667585151054 134926573643717 103811989646054 147202951954640 110486049148491 158759555221844 132902740451067 161015509985610 149356784501085 221416612613265 171696541116115 217976185745676 186708857067121 280368222119829 211694584245119 309270419945093 243495850271029 305234116867109 266497875811166 398550350447554 287957438588992 427758024915129 334637226824918 430157907437198 349029244045238 446634804230507 453668947137546 538819837949120 439298180658465 680897536866342 502155175323473 762375483623843 610332905204094 951320943569054 590910528988773 800258085515457 774889530176254 975436150557426 674360307039064 956644361847624 966842392892158 1174156484278997 1070185202864346 1255209798874200 1235697812278127 1446535364708297 959043467259650 1873343524048527 1413842473703299 1769812129370828 1768563441889412 2080339026865543 1747340031224526 2071682447468036 2081847317268315 2604140589624276 2574944525127454 3259721233851342 2433468069024678 2950846758411124 2967011140244416 3485284001750178 2852833932676377 3762430371859963 3610472487323711 4933747505076810 3518447968732810 4847210599325772 4269788979213106 6329603647468603 3361428982522197 5965567813363439 4858916579035477 8660507348048074 4193743800552641 7382364369399022 6163894708747872 9113391546252407 3526455419490509 9347593689048956 3928498408912069 7844776809962416 7591262860765115 9128831871532270 8191342757896328 12948961076850509 5320187777028600 9108805737230765 13412809111245735 17283239505269344 7783037784523094 17281730666996552 19175170084796875 21349454550629182 10930858859577073 13430110503765496 16213891235102719 20430036802395359 17770652576978716 20719598695161408 14626162023675728 21009641325459023 12856848709237865 29037470191857501 17351356460868618 34912476109903984 28702981340820880 20262247959434072 18518842504823375 30533080871367701 42495599416178183 31130762716568198 53565452772299621 37857009380667336 20916569649664945 27946901666621410 24617478717533650 45240428934292064 31377597938626805 51755592361167836 44378984286453638 66439473911944335 46063941790666070 20575151265733100 32572091285112831 23742284338237150 31122778955283384 26425872525433095 21924980301216999 14959130157021168 56801986585123265 18506165873447204 37690221202574307 51107579642308181 11435542077822104 84217174251791533 64025089723632042 27280880560337709 29261615404137199 47622525810516520 84722113471101211 73428645031948387 61492949562506781 65916198730193119 280950378351877503 75716019935227306 113220081363984012 173872445343669940 64976586702933308 67289248220907484 144150721292377814 170992312143818784 88520436579532724 147016930905713625 104924088457657282 333245054793200086 257301498436458200 64325374609114550 73653287861850339 163102070938891734 180350869961099246 192900220384405520 199601576513938085 110307860425292772 244058009379910327 144117936527873832 229272286871217150 244904537455382406 838089985451106456 318555973788329084 363117512048110005 387632532919029223 413766180933342362 471314064268398780 502957566506000020 1145224117796075118 1221796807503768202 651688879997206959 741433159884081684 1161537834849962850 1498478743590581081 1930656072350465812
3 4 5 6 7 8 9 10 11 12 13 14 15 16 17 18 19 20 21 22 23 24 25 26 27 28 29 30 31 32 33 34 35 36 37 38 39 40 41 42 43 44 45 46 47 48 49 50 51 52 53 54 55 56 57 58 59 60 61 62 63 64 65 66 67 68 69 73 76 79 83 85 88
3 83 73 257 201 525 332 701 306 585 348 496 178 400 211 326 129 208 139 173 72 153 72 121 49 96 58 91 31 62 40 50 23 40 23 27 17 43 16 26 14 13 14 15 6 13 9 11 7 9 6 7 2 4 9 6 3 5 6 2 1 3 3 5 1 1 2 2 1 1 1 1 1
3 103 107 543 572 2722 2304 8596 4729 16109 12271 33185 12607 50495 32584 77808 37186 87995 76915 129157 61405 171209 101819 242302 120067 298150 198412 388902 146515 472321 313797 500873 259987 717062 418229 612845 432116 1467378 409027 1337442 671367 752117 1002932 1107946 540879 1737531 1340477 2147892 1083643 2154868 1171069 1667742 408452 1522950 4657012 2897902 2703085 4396308 3724178 4929804 715220 4832335 3566779 8487098 1505499 1741630 4647040 8175936 5392783 14179000 13848650 20506255 53087320
