31 43 55 67 79
17786 41636 25624 14910 42
1172568 532842 130462 29038 42
22275010862779028998 8437336561113261903 2585511380111269373 2413891686698943 83
31 43 55
1004 240 15
3665 435 17
160961942 6205072 458
3 4 5 6 7 8 9 10 11 12 13 14 15 16 17 18 19 20 21 22 23 24 25 26 27 28 29 30 31 32 33 34 35 36 37 38 39 40 41 42 43 44 45 46 47 48 49 50 51 52 53 54 55 56 57 58 59 60 61 62 63 64 65 66 67 68 69 70 71 72 73 74 75 76 77 78 79 80 81 82 83 84 85 86 87 88 89 90 91 92 93 94 95 96 97 98 99 100 101 102 103 104 105 106 107 108 109 110 111 112 113 114 115 116 117 118 119 120 121 122 123 124 125 126 127 128 129 130 131 132 133 134 135 136 137 138 139 140 141 142 143 144 145 146 147 148 149 150 151 152 153 154 155 156 157 158 159 160 161 162 163 164 165 166 167 168 169 170 171 172 173 174 175 176 177 178 179 180 181 182 183 184 185 186 187 188 189 190 191 192 193 194 195 196 197 198 199 200 201 202 203 204 205 206 207 208 209 210 211 212 213 214 215 216 217 218 219 220 221 222 223 224 225 226 227 228 229 230 231 232 233 234 235 236 237 238 239 240 241 242 243 244 245 246 247 248 249 250 251 252 253 254 255 256 257 258 259 260 261 262 263 264 265 266 267 268 269 270 271 272 273 274 275 276 277 278 279 280 281 282 283 284 285 286 287 288 289 290 291 292 293 294 295 296 297 298 299 300 301 302 303 304 305 306 307 308 309 310 311 312 313 314 315 316 317 318 319 320 321 322 323 324 325 326 327 328 329 330 331 332 333 334 336 337 338 340 341 342 343 344 345 346 347 348 351 355 358 361 363 369 370 375 381 385 391 393
273 1445 4080 9727 17813 26189 35192 40077 44500 45166 45606 44284 44519 41770 41576 39082 38537 36748 36263 34636 34375 33382 32772 30403 30132 28654 28348 27498 27164 25875 25673 24054 23839 23191 22266 21608 21619 20857 20547 19227 19127 18196 17991 17153 16906 16687 16395 15451 15437 14545 14359 13916 13654 13436 12872 12567 12051 12152 11598 10932 10969 10705 10403 10007 9742 9487 9165 9008 8690 8562 8362 8004 7788 7763 7172 7298 7052 6930 6755 6491 6292 6223 5898 5805 5697 5726 5450 5263 5194 5006 4803 4733 4758 4748 4556 4352 4156 4263 3877 3819 3856 3787 3646 3542 3463 3259 3184 3055 3260 3161 3002 2852 2858 2817 2497 2608 2517 2547 2657 2300 2310 2247 2138 2177 2036 2071 1928 1960 1861 1819 1701 1671 1616 1840 1551 1567 1471 1531 1397 1419 1317 1327 1245 1296 1209 1286 1139 1157 1189 1077 1007 1019 1040 1038 931 950 951 946 874 891 900 830 799 763 739 740 736 637 701 681 620 602 625 587 522 541 537 544 547 458 468 478 481 468 463 437 450 416 398 403 399 347 365 374 320 346 315 339 297 304 304 296 339 293 296 247 233 265 246 236 251 230 221 225 174 199 167 191 176 163 159 179 140 139 129 152 123 120 123 122 117 120 124 105 107 118 100 101 98 79 75 89 63 83 83 74 75 39 57 62 55 60 47 48 46 48 41 46 49 49 40 31 33 41 42 38 39 44 36 23 23 25 17 30 23 21 18 17 23 23 14 18 23 21 18 20 15 18 15 21 13 16 17 12 12 14 9 9 9 7 10 13 9 6 12 12 11 7 10 13 6 3 3 12 4 6 6 4 6 8 4 6 5 4 2 2 1 7 6 3 8 3 2 4 1 3 1 1 3 3 5 3 1 4 1 1 1 3 1 1 1 2 1 2 1 1
273 1595 5837 18163 45744 96869 191571 331955 557557 867825 1332692 1924490 2843163 3789374 5449083 7078197 9572718 12447992 16691220 20990387 27702076 34729003 44403647 53143306 68612906 81264956 104899518 126027678 156189827 185598945 231390801 266501739 328915257 392372841 464903490 550342708 669948992 774119559 940809340 1060017306 1265349311 1449476299 1749601931 1948203428 2341880023 2696222567 3157520846 3535289160 4223690111 4691463215 5526754804 6337868616 7184443916 8240367957 9481794882 10653440113 12136631317 13983137382 15774742456 17338653079 20265456053 22514567496 25726827459 28472115419 31948828641 35835744335 40766561391 45750907729 50657567807 57237178524 65056842258 69916886193 78323381182 87231679704 96759763030 109805704419 122344279119 132444460560 151804010236 166980859062 185623792643 206668289721 223309160784 246714680194 280220338385 312258380218 345258903875 367074734472 406114940007 444639349081 503369512134 548129914546 628128883867 684495308945 760315565738 815755650805 893414756734 995786023385 1040509861852 1151541030766 1315614187069 1437742977519 1545417261735 1635648911639 1854135145536 1906740535850 2176370983869 2269478565103 2721639474368 2869334575261 3234484517973 3240016951251 3730387214663 3881460873453 4081887289337 4668979588031 5208737256301 5670185884263 6649500267760 6395873055242 7236835713526 7470760967320 8066304332492 9249079714537 9675897337264 10849129876171 11113174695178 12210657673636 13117741609434 13916373723411 14669337432940 16460039041594 17388629917555 21069637430277 20240801274233 22666146032325 22630382411780 25892380668137 26248729430088 30317741817742 32261984871241 34944815906925 34267077355211 40318031664967 41930195794849 47892649929291 47590977942543 53650726459929 57957724586068 57915362222360 63749076237637 67350614486996 75130739766452 80375298821190 79463286399262 92831086535580 100514225413833 109056492174589 115179803593271 125010887670278 137493675868088 136737165595139 146186571407718 147622588418787 167219903832239 180448813216894 202109254112154 186009546590475 226690532928890 221524718393761 241020791451680 256868762636914 277902721000990 278403386071857 287153460054478 313255911452968 382311872356494 371258333422040 437680256565935 379492699530350 439515646965501 475858176996736 552536751136504 583389239863734 614808945885087 616535442647269 749550878838468 718812345209852 766558678906973 818924436884077 941435519085858 861998803446149 975563867222017 1061871036353285 1060292149024845 1163720467050826 1164491197536805 1369809318716430 1405161824254350 1439152402289766 1695908892295821 1742087860803844 2172414518705559 1893401878120396 2129046205170164 1985741954435957 2252265306846434 2499308643489349 2509831241721924 2424044684017680 3006729874121225 3082424087714873 3170092025761969 3360193748904527 2891902156825121 3773519750660595 3396527354032515 3948333024281191 3988864789163084 3686002258730371 4038918326886170 5414245434651147 4281019151808916 4659746998863429 4625903289856454 5926857523023263 5332176654063592 5731976698100263 5846685704158821 6380177659604276 7318453922502041 8228092825932497 8529206674618068 7676049727932519 8069765877035647 10697898479484776 9106280351649263 10127644543609846 10211131075647951 9222824040211563 10409037978862998 11837365235697539 9892441315904795 13814446358390704 13000437597334654 15901647718294868 14973676838355101 8416483091411272 13912017681507684 15102257278819866 16567922494003977 18432123222866700 14078761604291884 16488433505669988 16461645786065154 17809800927857223 18681608864158769 20249566582572970 25887121821942235 24413654142770538 23431639307844478 20344857932043830 20316013069068931 27480969302635912 33714347519489508 29787196436356019 36077167320915719 45110799987257764 34288270414074423 23129226074021731 26771790273930969 29509282308162753 23792577574100154 43994403675764800 36599237714607727 34902667403223795 33277439182603484 33271830203326118 46796443780486067 51545634687185630 35623802248420921 46478795336286488 72673767670323389 59798540874357763 56348324604647409 77533366471103062 52240566959866718 70245301656493980 70564729192359839 88484477247488907 56426373863201190 87885574721487638 86810310106122896 90538794674600156 71226853014711450 121719237186716109 62213475280645736 65774940903650997 92508197474289288 67783474422676230 90000482722201712 134288387303889721 93010545732358199 66278619931112829 153664102660131518 154374615237379492 201259047506754764 116022171542971607 154720028779489347 234403373085521074 126928493597843341 77377830124354618 62933618837282727 305039076377343812 95300225612635654 200732252172115592 188689078849823636 145567425002673937 220931719375395508 271469654401604112 181425127069125891 271501479438244195 279436958688999937 259512748723351508 98011287270475750 101467687864066516 52462044228828641 509358166742660856 381732222885239294 197485635164302950 781275754985694795 236403765907999845 174476250616774742 366976415133851629 103151466321735325 338565212396699516 126108517833796355 134819180623301520 432353809583621496 462130792138728090 823187395828805220 527830679431268259 188008647052292980 803530225150732636 244904537455382406 318555973788329084 387632532919029223 1413942192805196340 536679070310691121 790738119649411319 843250788562528427 2323075669699925700 1701169427975813525 4380802664847530262 3192707518433532826 3617712763867604423
3 4 5 6 7 8 9 10 11 12 13 14 15 16 17 18 19 20 21 22 23 24 25 26 27 28 29 30 31 32 33 34 35 36 37 38 39 40 41 42 43 44 45 46 47 48 49 50 51 52 53 54 55 56 57 58 59 60 61 62 63 64 65 66 68 69 70 71 75 76 78 79 86
10 38 49 145 155 271 179 246 212 273 172 193 167 188 115 146 118 143 97 73 81 85 66 60 67 66 45 57 44 62 35 40 32 33 22 35 23 29 18 20 14 25 12 14 10 18 7 11 8 3 13 4 5 8 7 5 5 6 3 1 1 6 3 3 1 3 3 1 3 1 1 1 1
10 47 77 382 502 1474 1180 3144 3555 7444 6239 12576 13235 21773 17743 34137 33617 55705 44752 58615 61723 100880 82932 103837 128312 196944 147235 261073 197905 394375 247226 412413 343135 542492 346111 876832 595016 887569 484628 999999 726765 2025864 901572 1216735 725262 2126348 1127625 1708786 1375621 882856 2813034 1351709 1633808 4105296 4135614 5100711 3475395 4741407 3335600 4214584 1663640 7713606 4832335 5833402 5200624 10991636 13937080 3087735 16178349 5392783 7089500 9289091 20506255
