2 3 4 5 6 7 8 9 10 11 12 13 14 15 16 17 18 19 20 21 22 23 24 25 26 27 28 29 30 31 32 33 34 35 36 37 38 39 40 41 42 43 44 45 46 47 48 49 50 51 52
7 6 15 26 17 9 24 36 34 51 43 58 92 90 90 141 152 207 962 1499 2429 3782 5299 6957 8449 4147 3345 3404 2034 756 6718 5811 5211 4583 4067 3729 3685 3012 2294 2271 1123 181 2892 2599 2286 1990 1595 1041 592 133 24
15 14 21 41 18 9 36 48 51 68 52 80 129 123 141 231 248 356 1984 3721 6894 11296 16026 19707 21543 10495 8457 8619 4752 1377 11778 10306 9244 8670 7856 7767 7654 6633 5125 4810 2295 245 4477 3832 3174 2565 1876 1149 600 133 24
116 100 95 143 57 39 147 125 198 304 359 405 2549 3134 5872 61561 220580 763590 5512085 32623198 664310465 18737395875 1274671980937 154656300123634 4075794609816712 2676649673788599 87450724916637 802791661810096 1193443666908440 7247161880958 166629534587234 29612933607472 47255304638519 52516766539054 138481480022309 2231661428807354 3688937806541843 1561908276207431 1289814434629358 13136070410738737 7690611910608273 7853693866140 2902370946891833 694691870445330 142320656675936 23246026294620 3130156291036 261432367861 11313688758 107923524 65707
15 18 19 20 21 22 23 27 28 35 36 37 39
1 1 1 2 4 3 1 1 1 2 1 1 1
1 1 2 2 4 3 1 1 1 2 1 1 1
2 42 137 12311 221 398 2 2 2 53 2 2 2
3 4 5 6 7 8 9 10 11 12 13 14 15 16 17 18 19 20 21 22 23 24 25 26 27 28 29 30 31 32 33 34 35 36 37 38 39 40 41 42 43 44 45 46 47 48 49 50 51 52 53 54 55 56 57 58 59 60 61 62 63 64 65 66 67 68 69 70 71 72 73 74 75 76 77 78 79 80 81 82 83 84 85 86 87 88 89 90 91 92 93 94 95 96 97 98 99 100 101 102 103 104 105 106 107 108 109 110 111 112 113 114 115 116 117 118 119 120 121 122 123 124 125 126 127 128 129 130 131 132 133 134 135 136 137 138 139 140 141 142 143 144 145 146 147 148 149 150 151 152 153 154 155 156 157 158 159 160 161 162 163 164 165 166 167 168 169 170 171 172 173 174 175 176 177 178 179 180 181 182 183 184 185 186 187 188 189 190 191 192 193 194 195 196 197 198 199 200 201 202 203 204 205 206 207 208 209 210 211 212 213 214 215 216 217 218 219 220 221 222 223 224 225 226 227 228 229 230 231 232 233 234 235 236 237 238 239 240 241 242 243 244 245 246 247 248 249 250 251 252 253 254 255 256 257 258 259 260 261 262 263 264 265 268 269 278 279 280 281 282 284 285 287 288
432 1399 2707 3807 4933 5472 5973 5740 5749 5420 5414 5040 5153 4730 4693 4382 4448 4075 3986 3796 3840 3654 3791 3472 3324 3148 3157 3043 3056 2772 2893 2697 2789 2516 2568 2391 2336 2168 2148 2029 2014 1996 2012 1879 1834 1738 1700 1599 1590 1539 1529 1489 1510 1383 1398 1342 1301 1201 1188 1160 1182 1120 1088 1071 1077 1017 953 979 929 885 849 870 797 838 767 752 740 714 694 650 644 604 661 621 590 572 547 511 522 502 498 489 436 459 423 439 456 390 386 341 360 323 350 311 312 327 321 290 314 266 288 261 271 244 245 256 244 239 209 183 211 198 205 208 182 176 185 160 165 146 146 166 162 129 130 121 110 130 122 110 99 116 118 96 84 92 87 82 87 81 81 88 73 64 76 66 66 62 64 58 69 66 57 67 52 57 61 49 44 41 49 45 44 49 35 44 36 41 40 32 36 26 31 29 16 25 27 18 20 20 14 12 19 15 8 14 21 19 17 15 12 15 13 14 15 12 9 16 13 10 11 15 6 5 10 10 6 10 8 5 7 6 5 3 5 3 6 6 7 3 4 4 3 4 3 2 4 5 2 2 1 1 2 4 2 1 1 4 4 2 2 3 4 4 1 2 3 1 3 2 3 2 1 1 1 1 1 1 1 1 1 1 1 1
432 1475 3881 7756 15117 25480 42415 62236 93862 130200 191148 251097 361283 458059 618304 771979 1059799 1269389 1660283 2011331 2687730 3221523 4334145 5031716 6134300 7348818 9172931 10734601 13790402 15461763 19941478 22384785 28645777 31432020 39725731 44705283 53186019 58416692 69786751 79720888 95261449 110690772 131783440 150311315 177481828 199861094 231926587 250784764 295520757 332473400 396814171 448379690 527898916 566203513 690397655 770984138 865720708 921629799 1060933181 1214393087 1434654216 1540933987 1748098845 2012165366 2407755202 2545915309 2809605123 3231186688 3535725396 3881829066 4272823569 4942142159 5257945700 6457647272 6630382704 7288218727 8162730579 9141297024 10155939263 10700997610 12270056339 12862299356 15883318728 17468597055 19326618773 20820786283 22467557730 24007801715 27491203070 29865406488 33246065691 37206342917 37612983876 45240893205 47255619322 54969593462 64459109245 59392516478 66090091052 67806234092 78021588553 80970208718 94823995858 94526930926 107508603035 130194657821 139292716356 140069223067 173308379831 162839433584 195431232145 195945151188 234930936301 231018639849 263296906635 297579719490 324175609671 353961113777 348501418844 332595205052 420801992617 455792447025 501758207684 586585581798 573751215296 608733622902 679681176457 670210040668 791472712744 758693218632 831102795545 1069944358626 1139649433998 1050100724435 1199697261482 1192769500616 1141249551174 1510252899145 1608240272865 1614519369258 1619147091277 2112653541517 2345795944861 2117033176559 2030310522269 2525097302808 2532226817493 2570005696791 3055809323965 3155253642280 3568890311613 4424739215952 3730613605686 3815371504630 4691385739795 4495806786391 5163507866099 5094493571675 5784209860680 5835763627888 7903416048455 8289527813926 7970956004643 9824989393861 8253210780429 10221846889190 12587432808067 10449129469606 10288992417106 10442131237778 13836613256900 14723255547316 15581583549534 18620987452268 14131237097425 19617101168695 17059369185720 21293632306525 22738980503770 19943398411475 24619656528686 18534798542718 25741832443149 24480512349527 15913866401183 25341402886917 31314229640033 23152756249824 28073291274066 29008890894603 21943645612622 20471649938793 36425654225209 31804005585611 18335995025632 35057675625982 57002413767849 56527955455497 55765077302194 52886847791313 45387502171815 61727173216374 58972150154463 68941405218392 81571909614815 70547218602295 56918220128460 111222489314690 98759458341546 83222037795036 99786564509965 144796281803209 62267677953586 56724484088333 123300471121248 138464557446086 90496301941692 160750193641408 141372291315854 94777933516777 145389107369125 134744042714130 123165366214293 79330691611341 142668467676480 95839172088471 205162022308752 219530786975318 275555655257158 125569062138979 183918349260350 203286395262056 168414446012841 238556554985934 192509307378879 137155771485194 302891863505455 411440308366996 180873679337634 195725867407170 105882246722733 114540884553038 247776886154518 535913037379552 289735384992890 156618412527946 169296722391554 731895559416104 790906066726688 427273839641250 461587108729362 747874353505677 1076930805010316 1162907831664448 313891991306665 677708528497360 1097248700612346 394723676655357 1277799253228068 919091500897350 1487225804282538 1069430125817218 576672674947168 722760953690372 779050629562167 1520980492851175 1637293969337171 1762278433057269 1896564103591584 2040825852575075 2362219145337711 2540952590045698 2938929793929555 3160137867148997
4 5 6 9 13 15 17 21 37
1 8 2 2 3 1 2 1 1
1 16 4 22 126 42 270 385 12310
