23 35 47 59 71
3343 22881 42581 21858 9331
914631 738152 327126 82893 13346
5681114284416 29219383549517572905 9170004372778602504 804096433015527579 19229498391606
23 35 47
681 668 147
8845 2036 201
191674827 62586237 805259
3 4 5 6 7 8 9 10 11 12 13 14 15 16 17 18 19 20 21 22 23 24 25 26 27 28 29 30 31 32 33 34 35 36 37 38 39 40 41 42 43 44 45 46 47 48 49 50 51 52 53 54 55 56 57 58 59 60 61 62 63 64 65 66 67 68 69 70 71 72 73 74 75 76 77 78 79 80 81 82 83 84 85 86 87 88 89 90 91 92 93 94 95 96 97 98 99 100 101 102 103 104 105 106 107 108 109 110 111 112 113 114 115 116 117 118 119 120 121 122 123 124 125 126 127 128 129 130 131 132 133 134 135 136 137 138 139 140 141 142 143 144 145 146 147 148 149 150 151 152 153 154 155 156 157 158 159 160 161 162 163 164 165 166 167 168 169 170 171 172 173 174 175 176 177 178 179 180 181 182 183 184 185 186 187 188 189 190 191 192 193 194 195 196 197 198 199 200 201 202 203 204 205 206 207 208 209 210 211 212 213 214 215 216 217 218 219 220 221 222 223 224 225 226 227 228 229 230 231 232 233 234 235 236 237 238 239 240 241 242 243 244 245 246 247 248 249 250 251 252 253 254 255 256 257 258 259 260 261 262 263 264 265 266 267 268 269 270 271 272 273 274 275 276 277 278 279 280 281 282 283 284 285 286 287 288 289 290 291 292 293 294 295 296 297 298 299 300 301 302 303 304 305 306 307 308 309 310 311 312 313 314 315 316 317 318 319 320 321 322 323 324 325 326 327 328 329 330 331 332 333 334 335 336 337 339 340 341 343 345 346 347 348 351 353 354 355 356 360 362 364 368 372 374 375 378 379 381 382 384 386 387 396
252 1356 3893 8955 16160 26078 38523 48054 60000 64126 67995 67862 67127 62684 61735 57277 55977 53240 50721 47381 47307 43131 42123 40275 38425 37094 35740 33054 32712 31182 29568 28587 27940 25650 25584 24170 23340 22251 21864 20160 20161 19405 18130 17488 16976 15756 15866 14720 14128 14139 13552 12475 12324 11945 11317 11006 10804 10229 10081 9537 9172 8824 8616 7942 7980 7864 7443 7299 6779 6379 6579 6107 5844 5887 5511 5344 5259 4890 4880 4877 4662 4423 4430 4252 4010 4057 3901 3719 3658 3630 3452 3623 3281 3094 3261 3030 2865 3027 2926 2736 2683 2626 2400 2501 2307 2444 2361 2182 2071 2160 2020 1926 1938 1981 1779 1956 1778 1815 1667 1656 1518 1612 1512 1489 1331 1422 1323 1374 1244 1284 1281 1189 1052 1175 1072 1095 1000 1014 931 1006 839 917 866 887 811 847 772 727 703 758 679 738 650 633 659 609 615 630 586 556 543 550 474 522 500 470 474 435 433 475 430 401 365 397 336 493 365 381 303 319 288 341 282 288 305 306 228 297 208 240 203 238 197 238 209 180 192 199 159 189 182 185 162 155 146 165 144 143 130 173 124 147 122 126 117 130 95 99 128 86 85 93 82 96 105 92 103 64 72 81 67 66 82 90 66 52 58 64 47 59 49 59 42 42 59 130 51 40 40 36 31 25 25 33 23 22 28 41 21 30 23 22 15 27 23 26 24 30 17 16 19 18 19 24 19 15 17 14 8 17 23 19 12 11 9 11 12 7 13 10 8 14 6 4 7 6 7 13 9 7 5 3 6 6 8 7 10 5 8 4 4 4 8 6 7 7 7 4 5 4 3 9 9 5 4 1 4 4 4 6 4 1 3 2 2 1 2 1 2 1 3 4 1 3 1 3 2 1 2 1 1 1 2 1 1 1 2 1 1 1 1 1 1
252 1508 5438 16691 41324 94321 192906 362645 670499 1082149 1753052 2634055 3870749 5360923 7674416 10005275 13908980 18135425 23541292 29693216 39724730 47428269 61421622 75621580 93421636 114040418 142850718 163435561 207142055 248414951 291295954 349300595 425747683 480520438 590038691 687025823 801539253 932076540 1120905765 1243934492 1508536835 1753047575 1948565023 2221869795 2624979687 2888004993 3451600260 3854440005 4283317757 5069397920 5772807183 6164703885 7222901818 8259367217 8906691880 10195429836 11849101797 12911776655 14860535350 16647651922 18233276593 19890101423 22607192777 23703341916 28638977878 32332127476 34402609757 38237424251 42535995154 45079403653 53376603316 56574144379 62013911216 68963318993 76580076388 81443750630 95580445756 99466243936 110353420841 121519305260 140055781032 146045186355 169374455727 182444337166 199505185049 217974313719 246203764236 252323732222 300502605449 325925321089 355754179839 408807167580 435833541281 451185763204 535859691926 560576030152 587963273644 698521171971 772793600485 797227783400 925892655685 940851646592 967699456707 1128382751830 1211815274312 1437820341770 1543015296162 1595438068402 1681853102434 1952541805375 2055632964187 2092510621461 2462375739290 2817463533058 2763991369663 3495717404610 3543829747628 3778532798920 4062114023277 4391603611863 4768516512025 5476510088699 5484455442712 6162940302538 6267616850845 7177796041471 7309345955179 8555197031410 8792877334340 10183845966846 10906112464742 11218432280236 11088704769934 13613716020685 13497325112060 15733608923967 15410384271306 18438874431647 18186932257711 22060776796268 20174919879199 24221480428780 25318136774062 27602399038275 27793789043043 32651628398523 32326957180854 34115310929886 36623970232756 43331394499534 42436001400992 49401081783370 49446016753914 52898866629731 60050045524985 63815738337334 68570169968261 76688706651000 75881010255707 80387064485980 87151437942820 97881190516877 91364031826697 108246965549153 113620837810877 114911795022494 126975018996690 129407897834513 132487246070683 167185945405919 166905339319558 170720866177878 169008915869593 205084095814175 185079633084600 279393511555290 221072261942502 277402045337750 229672576531435 288008107135850 272456649243659 347462135191316 302094409728223 357876531026822 389927469427401 446157364286882 351429562571535 493907391889651 401749160458728 483366054774756 447051738844009 600576645827689 474734512891848 704106324608862 646978142985396 590214420080180 747556093954229 792210876156453 653265545197393 905231285317552 940438901271583 1047152205148943 921628142218303 1099455035860526 1012988804656603 1356547240176582 1132522371525402 1381143485985758 1260035001188489 1914208652335655 1480073009287056 1991521605653558 1793843461316365 1826518514505524 1944093089876439 2308706339563932 1799977410911342 2048828835879854 2762026438333573 2033550079267517 2354747182782608 2727722344902924 2685409282309773 3165304533344034 3629865907920895 3668375579353661 4613584959731473 3070082568616120 3803151406374238 4375525708085496 4029327962609711 4013762888752858 5455752873756628 6604622886106226 5140920966654017 4323961782860674 5015860651617421 6277409224522707 4755199539394175 6434615238536617 5974128793469242 7870109300479311 6606592111475551 6660096713451297 9519455630714794 21997637996546367 9327769666153588 8477821268362932 9279261232187956 8195601410133773 7509226694939575 6687927802370091 7380644242734460 10099893525803699 7525937052853966 8243267551005183 12175891382589668 19318592786422451 8784255003588123 17658740349443520 11857685586639001 13969828204941582 8522436846171573 19142977663048654 17432123452197868 20232877849384092 20200901253666586 26193159581988687 14668876961078013 15816145062183867 22517709062145775 25400889150487768 25091992937951976 35546377467694041 27890282677138985 26511801449899350 30700732102845118 29372319946051286 16263362909118366 37961210307179208 50385163303892719 53863901315966749 31448383890327775 31451034048057561 25832198314219935 32564587269281969 47704466438546067 31342796580133797 56700901818994378 45239408346067353 35329431220265715 64492898565325998 30319227378677268 31794848040718965 40194491223944055 37132403782540236 47323422958020588 119960597254273386 83927265782913792 89513228015417410 54253324297824458 29115027721530604 62491269715002358 76935951163661668 96486392271020998 86777526010434494 149566620696746249 101903508877691602 158010530170406754 69656720532589180 73428645031948387 76031891661378037 188800856511848181 194664774954310465 167600444569783971 176082146021285102 194356716972112667 119283566310524895 155955132672462200 134578496441814968 109349766422936984 423244262295488417 413338217814773435 348033185302884232 196022574540951500 52462044228828641 217237292683405860 228575156178289411 248861448897562188 523622019546835000 284976347615848378 78801255302666615 252902446908675357 180350869961099246 192900220384405520 110307860425292772 235898983092227944 126108517833796355 288235873055747664 164637479165761044 527830679431268259 752034588209171920 200882556287683159 734713612366147218 279363328483702152 894990189188274228 637111947576658168 340122810048577428 883245963858716874 502957566506000020 572612058898037559 741433159884081684 1917457395824676090 1089657644424399782 1161537834849962850 1406207446561484054 2996957487181162162 1701169427975813525 1812356499739472950 2056513475336633805 2332821198543892336 2484305294265418180 4361106170762284114
3 4 5 6 7 8 9 10 11 12 13 14 15 16 17 18 19 20 21 22 23 24 25 26 27 28 29 30 31 32 33 34 35 36 37 38 39 40 41 42 43 44 45 46 47 48 49 50 51 52 53 54 55 56 57 58 59 60 61 62 63 64 65 66 67 68 69 70 71 72 73 75 79 87
6 45 77 311 208 590 416 911 520 964 523 758 430 636 348 577 276 386 221 354 144 337 139 217 110 192 92 159 68 138 57 137 56 90 37 58 24 72 27 53 21 35 19 26 9 31 6 19 11 20 10 16 1 11 5 15 5 9 5 3 1 13 2 6 2 5 2 1 1 1 1 4 1 1
6 61 120 740 603 3128 2707 10981 6979 27465 17206 49446 31346 83583 51423 148676 78119 188927 105893 308510 129095 431248 210146 499725 233844 781971 301610 826297 403366 1041089 473741 1596404 628483 1715690 579771 1865488 594402 2695713 1216295 3018208 1000629 2694214 1605123 2527036 723739 3711822 837570 4349116 2086066 5213024 2249136 4719993 204226 7901531 2133513 13195462 4642099 10827337 5038376 4389246 1228308 24648113 3596574 10524765 3721817 15414273 3483260 2323520 2679689 18588160 6175470 26441860 9289091 26543660
