14 26 38 50 62
1042 18927 44563 26250 9209
91325 802061 383482 88633 13199
41779425 5327836307296595342 12172880895263034085 1765791286076376655 93863206556008
14 26 38
273 1064 201
5955 3985 308
2057485 203052946 802193
3 4 5 6 7 8 9 10 11 12 13 14 15 16 17 18 19 20 21 22 23 24 25 26 27 28 29 30 31 32 33 34 35 36 37 38 39 40 41 42 43 44 45 46 47 48 49 50 51 52 53 54 55 56 57 58 59 60 61 62 63 64 65 66 67 68 69 70 71 72 73 74 75 76 77 78 79 80 81 82 83 84 85 86 87 88 89 90 91 92 93 94 95 96 97 98 99 100 101 102 103 104 105 106 107 108 109 110 111 112 113 114 115 116 117 118 119 120 121 122 123 124 125 126 127 128 129 130 131 132 133 134 135 136 137 138 139 140 141 142 143 144 145 146 147 148 149 150 151 152 153 154 155 156 157 158 159 160 161 162 163 164 165 166 167 168 169 170 171 172 173 174 175 176 177 178 179 180 181 182 183 184 185 186 187 188 189 190 191 192 193 194 195 196 197 198 199 200 201 202 203 204 205 206 207 208 209 210 211 212 213 214 215 216 217 218 219 220 221 222 223 224 225 226 227 228 229 230 231 232 233 234 235 236 237 238 239 240 241 242 243 244 245 246 247 248 249 250 251 252 253 254 255 256 257 258 259 260 261 262 263 264 265 266 267 268 269 270 271 272 273 274 275 276 277 278 279 280 281 282 283 284 285 286 287 288 289 290 291 292 293 294 295 296 297 298 299 300 301 302 303 304 305 306 307 308 309 310 311 312 313 314 315 316 317 318 319 320 321 322 323 324 325 326 327 328 329 330 331 332 333 334 335 336 337 339 340 342 343 345 346 347 348 349 351 352 356 359 361 363 370 379 382
221 1240 3926 7752 16374 20897 32927 34179 44192 40724 47548 40236 44629 36400 39816 32077 35683 28280 31561 24870 28670 22528 26358 20890 23968 18778 22393 17269 20863 15931 18863 15003 18043 13757 16927 13084 15665 12128 14946 11454 14119 10910 12898 10129 12321 9244 11624 9074 10791 8431 10445 7671 9801 7385 8709 7059 8714 6615 8351 6361 7504 5845 7319 5477 6887 5408 6398 5109 6174 4550 5887 4553 5495 4187 5272 3835 4981 3684 4486 3643 4467 3249 4329 3230 3847 3058 3905 2844 3754 2794 3428 2659 3315 2330 3182 2397 2806 2238 2843 2083 2629 2031 2471 1902 2355 1798 2325 1744 2014 1570 2020 1483 1961 1473 1721 1447 1694 1250 1602 1306 1493 1194 1475 1095 1352 1068 1238 997 1245 942 1308 853 1024 855 1100 825 1033 763 910 719 887 664 817 603 741 591 762 542 722 521 671 507 649 493 650 464 538 426 493 386 510 448 472 381 445 338 444 303 375 294 382 292 356 283 332 290 322 256 313 199 279 226 283 238 259 217 266 209 234 164 265 204 234 194 233 174 207 154 193 147 192 145 195 127 154 115 150 127 133 116 150 107 137 90 127 99 102 102 152 89 105 75 113 83 82 97 63 66 78 64 81 66 73 65 63 54 71 41 61 46 72 50 52 53 50 46 41 40 46 35 37 36 42 26 27 26 33 28 35 23 37 36 27 19 40 20 20 26 20 13 23 11 17 25 19 17 24 11 12 14 16 12 16 12 9 11 11 4 10 13 5 13 8 5 11 5 12 10 4 6 13 6 6 7 9 4 7 8 5 7 10 5 9 4 5 7 9 4 8 2 4 8 9 4 8 6 5 3 4 4 8 8 3 3 2 1 4 1 1 2 1 1 2 1 1 1 1 2 2 3 1 1 1
221 1355 5299 14070 41388 77217 177542 283330 552919 780158 1383472 1760473 2886442 3433142 5359645 6123523 9334957 10108281 15304595 15650496 24080850 24629658 36823449 37421095 54948847 54594652 82616653 78355846 119680611 114252512 170989635 164320363 247570047 229779955 343918227 318853723 480962162 438419544 667009207 606446549 916828363 844577423 1216291178 1090184798 1624083937 1441050043 2205493700 1979265222 2866518423 2559134786 3863081954 3275792962 4953233599 4293089124 6044684749 5612456579 8208550599 7110271538 10589986814 9200270082 12844621156 11612930651 17153674514 14268019554 21082698889 19168859777 26717764333 23208505593 33971046547 27923147017 41964936763 37396830027 51386565349 44279845371 64980305744 52857992578 79611085701 68837455907 93618480128 83070071455 122879009224 99797273860 151937622024 127172384544 175071719954 156474265853 229492909638 188963856227 282355173380 238844182500 329788225950 297261397722 412706765431 319278923001 496149000849 422863333023 572769210843 499113669104 716074070925 582175275517 841871104771 748954010464 1012785668098 835801720370 1194314689346 1041708439645 1505279044253 1240351023578 1623890872241 1405601515261 2057034211297 1737620421400 2460131380247 2049176023397 2593919323583 2581069689094 3301548894967 2811298192997 3802358610229 3456015190432 4434957283444 3992121898209 5589482172403 4304398560169 6037240642248 5629588134977 7060146294217 6125024040685 8524294541158 6929163459546 10990343259362 8193087924350 10447403501676 9836334922975 13641688733238 11289737837710 15891104142911 12793657698814 16791746451819 14463775628590 20460768586950 17221707342163 22095013518516 17917131891009 23282663130833 20731125889764 30284674595719 23059014436933 34229532095999 27793971802668 38182812242273 30239770345088 45682557634042 35508692072169 52012864595118 42503647775267 53631639982242 46892442211701 61787188281301 49767129096722 73205446987181 69365041822169 81887170492320 68420193333374 95475912444677 74677920644246 110379142628537 82468335773247 109154577349426 92282603121629 142332041288757 115093250458144 153006825471764 134526458591523 157146900366869 150545674033338 209018119990056 176654857596430 225171077675600 167697830056030 228051402690997 212858410165298 315976226289843 261035887031302 317493789451200 314056340256983 403661695584971 353688931104247 424449120254080 304756261223060 540244752661327 448629111321497 568886717925839 507212958183904 694210839334149 531465314001329 708715935541601 550075880930027 723690757838015 627303108674701 1023028792066003 772603792111753 1104478124091491 787606561361431 992900096284690 865209815434835 1233606494057497 1062287769587590 1317334925212021 1284914326023061 1615402744865495 1303421558914022 1983701744934111 1230699639972287 1910953793739507 1644436545754035 1798380723015017 2143080173095347 3265120070667123 2283944238523739 2821682194929588 2114783075767215 3166188115562983 2531027603753427 3133549749697153 3788834856290971 2549349140604252 3120561603113388 3561982303503806 2829610559255017 4987663502747809 3402313948722914 4679888403572813 4858173148741295 4417379157853676 4719434325903552 6212354866073266 3702937148944980 5819993715707770 5430507840927551 7924047094891290 6176024184177129 8131509260611506 7278851636184231 7576527088276277 8093253580759336 7449342608602506 8296329499876964 11158145538302754 7782075907374601 9601104578715485 9971558461100636 11581705210012527 8067910833549941 9749293763046257 8849849620148664 13318079048287659 14183156566067911 15670900092924493 11556419986984620 20795200376935061 19278204750062204 16647969401113398 15733673037182890 27589748802506360 18624017805544789 18670637911233403 22765146727073821 18433833352989756 16240237106459810 23578484268793346 12468677321263411 25139224100302035 37540905332787917 27796605226167103 34017201356012685 40998655123345355 18161231088131285 25952841054607077 26860373105147510 44363916601213486 38927256522951032 45110099650335664 37591275665355359 25214028483073875 32991851952883431 36439877624121733 13845182872031372 37071291011547268 60356164257829695 21726671839563057 60296430367996310 39700970478339848 37417840732669570 63936775562181205 31092639900444721 91771789813340718 69658501441958310 31570310233339704 48771738200180225 113964211564821056 76058331860828513 62491269715002358 75379529473115138 129959342563079949 49969871952746099 95004859576070831 143235206799954428 76811597491258439 116027292945442905 179171033997285226 97395256886931563 184478848687520343 88916205385680456 121600431258809297 176082146021285102 243409906824385965 173872445343669940 255582124088485852 64976586702933308 144150721292377814 298195246213984616 373418652287773444 256488468215728176 369412153440284071 311315864779381080 280783010564371445 172418554065415122 248861448897562188 275339543784295400 574771097147473245 614966140098884092 252902446908675357 264651685597324365 192900220384405520 103151466321735325 456514703942813488 126108517833796355 134819180623301520 308087194759152060 175943559810422753 188008647052292980 376017294104585960 214618299743286299 244904537455382406 261578907351144125 340122810048577428 827532361866684724 942628128536797560 1610037210932073363 843250788562528427 1498478743590581081 1812356499739472950
3 4 5 6 7 8 9 10 11 12 13 14 15 16 17 18 19 20 21 22 23 24 25 26 27 28 29 30 31 32 33 34 35 36 37 38 39 40 41 42 43 44 45 46 47 48 49 50 51 52 53 54 55 56 57 58 59 60 61 62 64 66 68 70 74 76 80 89 93
9 85 75 300 194 705 421 872 503 991 599 888 467 722 376 481 254 365 228 227 135 214 111 135 82 103 76 76 42 60 33 55 16 38 19 26 10 24 15 31 7 28 10 31 8 12 4 14 1 13 5 7 1 7 3 6 1 6 2 2 4 2 3 2 1 2 1 1 1
9 105 105 700 560 3629 2665 10417 6587 26845 18079 53904 32186 93415 53632 118113 71584 164771 119890 189612 113421 326404 146083 337590 168758 408851 300305 395961 255245 426341 287873 545632 149162 522985 288097 485193 185523 756635 385323 1424377 341026 1980122 670590 2291068 620841 1219851 434176 1884070 124754 4324575 1569265 2258617 281589 3556198 2367057 5482087 1319724 5355561 1430440 2262260 6920307 4105811 6966520 4647040 8175936 16971255 18578182 34262962 56634173
