20 32 44 45 56 57 68 69
4022 17770 40414 2691 22316 484 11790 495
3432199 907739 377643 34967 99751 1898 20312 890
2371252852565 14662383378572353690 9554780430803900379 11413940699930365 1193000830779670337 4715482825019047 435162753057883 17184844053462
20 32 44 45 56
1057 701 220 23 4
24702 2132 362 33 4
786546013 85108105 1297425 155630 18
3 4 5 6 7 8 9 10 11 12 13 14 15 16 17 18 19 20 21 22 23 24 25 26 27 28 29 30 31 32 33 34 35 36 37 38 39 40 41 42 43 44 45 46 47 48 49 50 51 52 53 54 55 56 57 58 59 60 61 62 63 64 65 66 67 68 69 70 71 72 73 74 75 76 77 78 79 80 81 82 83 84 85 86 87 88 89 90 91 92 93 94 95 96 97 98 99 100 101 102 103 104 105 106 107 108 109 110 111 112 113 114 115 116 117 118 119 120 121 122 123 124 125 126 127 128 129 130 131 132 133 134 135 136 137 138 139 140 141 142 143 144 145 146 147 148 149 150 151 152 153 154 155 156 157 158 159 160 161 162 163 164 165 166 167 168 169 170 171 172 173 174 175 176 177 178 179 180 181 182 183 184 185 186 187 188 189 190 191 192 193 194 195 196 197 198 199 200 201 202 203 204 205 206 207 208 209 210 211 212 213 214 215 216 217 218 219 220 221 222 223 224 225 226 227 228 229 230 231 232 233 234 235 236 237 238 239 240 241 242 243 244 245 246 247 248 249 250 251 252 253 254 255 256 257 258 259 260 261 262 263 264 265 266 267 268 269 270 271 272 273 274 275 276 277 278 279 280 281 282 283 284 285 286 287 288 289 290 291 292 293 294 295 296 297 298 299 300 301 302 303 304 305 306 307 308 309 310 311 312 313 314 315 316 317 318 319 320 321 322 323 324 325 327 328 329 330 331 332 333 334 335 336 338 339 340 341 342 346 349 354 355 357 359 362 364 367 369 379 384 386 391
328 1723 4734 10566 19253 33156 52363 67602 92750 182598 200200 204488 200400 191208 183582 171357 165559 155681 148235 138227 131662 123133 118758 111228 107204 100664 96569 89238 85211 79923 76945 72102 69911 65103 62794 58291 55600 52124 50488 46994 45538 42717 40961 38199 36614 33779 32723 30865 29750 27882 27168 25184 24065 22567 21932 20605 20048 18384 17866 17046 16244 14947 14463 13858 13258 12367 12247 11484 11175 10087 9730 9346 9130 8565 8493 7534 7511 7137 6612 6500 6289 5726 5735 5591 5347 5045 4874 4658 4488 4297 4160 4061 4108 3707 3564 3661 3502 3436 3481 3213 3127 3131 2858 2876 2943 2678 2808 2692 2657 2489 2437 2334 2337 2349 2175 2232 2268 2094 1981 2033 1877 1802 1807 1765 1767 1745 1542 1615 1596 1464 1518 1586 1410 1420 1268 1259 1197 1260 1169 1205 1263 1134 1102 1181 1063 982 1027 1011 970 999 892 865 874 813 775 784 786 769 757 692 717 690 651 656 676 566 614 590 535 535 496 521 585 515 480 473 424 439 409 399 423 383 474 348 336 363 312 338 337 305 310 299 253 247 264 273 269 252 259 242 237 236 211 212 192 176 190 169 159 190 151 146 156 165 153 138 139 114 114 99 90 115 125 92 103 89 95 98 109 102 111 88 95 78 78 65 85 72 105 118 75 58 69 52 66 58 56 41 50 46 43 34 47 32 38 34 50 28 34 25 35 23 38 25 29 18 39 23 24 22 20 18 25 19 23 22 32 27 15 17 18 15 18 16 11 18 15 5 6 11 12 9 12 10 10 13 14 4 9 6 12 60 4 5 4 9 1 5 6 5 5 5 4 6 3 6 3 2 2 7 7 1 4 6 5 4 3 1 2 3 4 3 1 3 5 2 2 1 3 4 1 1 2 2 1 1 1 1 2 1 1 1
328 1909 6819 20274 49437 122128 255578 496460 1007989 2399217 3719897 6100447 9103748 13264650 18908417 25803810 35859755 47299305 63153326 80298542 104894328 129326250 166120618 203307258 259553113 309612583 391941121 458853501 564509926 658897798 801661485 932349921 1149015310 1306064737 1590766203 1811875691 2153195368 2407309066 2888341558 3222288231 3866630525 4329639013 5095238438 5641857216 6555127359 7144346601 8236279904 9232521728 10714296928 11821968337 13906316602 15323133147 17298507605 18963035330 21643831006 23729263390 27514349523 29631103915 33902753176 37711494352 41663068278 43904628561 49200585840 54266035323 59677988477 66121843246 75400679948 81812046953 91297254425 93814360974 102386354221 113626253924 126034956707 136097984306 152250561390 158160563046 172675802567 188867456574 194293300123 212152570303 232512857214 244512951239 267972438897 299883555592 316020612850 332048291415 360870690643 381359705035 404778029193 446761674491 464964053083 502729228016 563391102278 562567837954 589416777879 690400855403 714350499763 814494511015 895569202751 897081948282 1020666063734 1158181461055 1177912699386 1320186319489 1533862762431 1569732426590 1756481689576 2010997024375 2135724943669 2237447387428 2447670097116 2635469105914 2887617452878 3443344462539 3390944177994 3823514546059 4388521041714 4526402074424 4637177965125 5480732070131 5586769960967 6013905051846 6580520304316 7242959906512 8053855512295 9095787082378 8345138163261 10261920190032 10830283887903 11271232108670 12303287366471 14585703628263 14180963581476 16236515226858 16004755471757 17545332742074 17988732287486 21912605689398 21622471187826 24496827992292 28154686318249 29198102249965 29701749378055 37076044586777 36626738786628 37171775878384 41826022672231 46080359069358 49145217376801 56692121998763 53702477599483 59135201823544 64739707137806 70415005181819 69949528246976 77781907457415 87123295075192 96677741594889 100320292548179 101431189546752 113655788111247 122388371056607 128841291912937 138504637954978 158832961467643 139978603291695 168141514132237 185943581630116 184004730370647 200175975664193 199084906055904 224949988066374 288141941773802 269024274082300 266926746720174 283366455030164 293492663527339 325111304683155 344288904470290 366100187830955 415521843172285 404833754716382 505301429488523 407748571267687 456815070168511 557894854145736 504843644215615 612685034668228 629819369004808 650328354375871 696286464983852 698592751231282 691024679360643 715103394299580 866265906338310 896900921955077 947886200856630 1043411884556205 1210581645415948 1159207919462501 1213885955860001 1320896688238806 1245572564739663 1465540464538463 1350063787464988 1469858655631162 1605438589174035 1560835113984161 1535036625306043 2116081367265809 1773180766636194 1843991840111733 2207922945078503 2502402603177908 2504087453156790 2411669301149288 2419580771154925 2314107464764202 2671675922095810 2442699362117474 2440902677198963 3261470189070992 3753489256497946 3095345608310430 3860639567819418 3570293880714560 3882898265970180 4833659208472733 5178252683365016 5526828435296190 6637820072247943 5026321668033002 6426750380890561 5528286592692618 5965355357769413 5289316666664816 7811625711237922 7664580653745658 10396427077982821 12764849606950352 8946126698671537 7696068496192065 9642030377170973 8128681894858073 10730742564725242 10131429421981179 10196048231300151 8549401871174050 11307955310307682 11339964628768203 13102409095567967 9531442041961775 14453616637328443 10410561733803831 13125927460339833 12718033966778924 21443016384434747 11978784953547182 15664194199016221 11285549224020450 19747522749436522 13251156232454231 23984056737024464 14868464289303670 21802215192705713 14247455448393117 32528657060978617 22081290580556376 25113102480844116 22994003434443920 24327229278778495 23294816276604537 36005267739198829 28510622116477534 34471602621376119 34771836985584600 55734300847379894 50162049726046424 29020771365750628 39105328220597960 43055098203679816 35844201819732052 51555626973833601 47080590775335423 33661112694739049 71640355420406530 52240566959866718 20912598399335702 22735058992681425 52524294976530155 68182742116453338 50598194917566956 65897373910818598 54313107417436730 59147325250520420 81198391937143133 102571048094470493 34384613621060422 71170868851622448 59162978147211205 125115054485320389 601721979202534167 41902966090050018 64722198240566299 48243196135510499 112208961924721663 14118662665280005 71617603399977214 111484838156862703 85896507068418843 92100133331548751 117412683649508508 102968472362436617 151748582879604683 72300218957148317 200732252172115592 109441655949124658 58631202330838967 64976586702933308 273782315919578288 251027036808007551 74548811553496154 170992312143818784 287567291628107556 307859464185790314 220931850567451508 180316049518999632 64325374609114550 137669771892147700 344174429730369250 310057053769850184 252902446908675357 90175434980549623 296051686706140845 551539302126463860 235898983092227944 252217035667592710 134819180623301520 527830679431268259 858473198973145196 298330063062758076 318555973788329084 726235024096220010 827532361866684724 502957566506000020 572612058898037559 695143713458946040 790738119649411319 2996957487181162162 2056513475336633805 2332821198543892336 3192707518433532826
3 4 5 6 7 8 9 10 11 12 13 14 15 16 17 18 19 20 21 22 23 24 25 26 27 28 29 30 31 32 33 34 35 36 37 38 39 40 41 42 43 44 45 46 47 48 49 50 51 52 53 54 55 56 57 58 59 60 61 62 63 64 65 66 67 68 69 70 71 72 73 74 75 77 80 81 83 90 95
23 134 161 568 598 1480 980 2138 1437 2050 1253 2000 1147 1803 934 1204 737 1036 499 876 451 640 379 575 304 459 211 374 188 381 152 252 151 172 90 155 78 162 76 126 60 85 35 43 35 63 29 48 42 40 18 39 21 46 20 25 16 4 9 8 8 16 9 3 8 1 11 6 2 16 5 2 5 6 6 2 4 1 2
23 169 255 1433 1756 7773 6202 24984 19616 55863 38390 123319 79383 239280 134185 336666 209110 521431 257820 804943 386194 952562 586300 1383870 711192 1712565 789058 2391352 977981 3526929 1342233 3605842 1876958 3542859 1593320 4825645 2186506 7913376 3137607 7575148 3218714 7941794 2497219 5288320 3666168 9603769 3298808 7758354 8106719 14313102 5238571 17185434 7553278 22254983 8208964 21529281 10358840 3330838 6510662 11063283 10841761 21036002 9685061 5798802 19207236 3483260 30141068 29607710 4647040 52314862 15905285 24701880 29920591 53927830 51051238 18578182 80121608 34262962 145067614
