18 30 31 42 43 54
472 1062 104 407 30 2
3177 1900 169 448 30 2
363600 313832 19704 25753 1805 20
18 30 31 42 43 54
472 1062 104 407 30 2
3177 1900 169 448 30 2
363600 313832 19704 25753 1805 20
3 4 5 6 7 8 9 10 11 12 13 14 15 16 17 18 19 20 21 22 23 24 25 26 27 28 29 30 31 32 33 34 35 36 38 39 41
23 130 298 507 663 717 612 554 467 338 258 197 203 149 109 76 81 64 42 40 46 32 16 17 31 16 6 5 8 8 4 1 3 1 1 2 1
23 146 449 1045 2131 3436 4801 6672 8454 9118 10217 12666 15975 15574 15443 13343 23038 18941 18774 19411 34298 31490 22623 27071 60178 43035 10982 16670 61066 61616 27390 13695 20526 8349 12310 47743 26015
3 4 5 6 7 8 9 10 11 12 13 14 15 16 17 18 19 20 21 22 23 24 25 26 27 28 29 30 31 32 33 34 35 36 38 39 41
23 130 298 507 663 717 612 554 467 338 258 197 203 149 109 76 81 64 42 40 46 32 16 17 31 16 6 5 8 8 4 1 3 1 1 2 1
23 146 449 1045 2131 3436 4801 6672 8454 9118 10217 12666 15975 15574 15443 13343 23038 18941 18774 19411 34298 31490 22623 27071 60178 43035 10982 16670 61066 61616 27390 13695 20526 8349 12310 47743 26015
