4 5 6 7 8 16 17 18 19 20 28 29 30 31 32 40 41 42 43 44
5 14 37 38 50 31 297 293 345 382 35 271 254 215 162 1 6 6 5 5
31 36 131 104 127 75 582 618 629 659 47 300 270 227 169 1 7 6 5 5
209 131 635 395 480 791 15132 21569 30765 165231 3942 51288 65406 103244 26571 1 767 264 422 1233
4 5 6 7 8 16 17 18 19 20 28 29 30 31 32 40 41 42 43 44
5 14 37 38 50 31 297 293 345 382 35 271 254 215 162 1 6 6 5 5
31 36 131 104 127 75 582 618 629 659 47 300 270 227 169 1 7 6 5 5
209 131 635 395 480 791 15132 21569 30765 165231 3942 51288 65406 103244 26571 1 767 264 422 1233
3 4 5 6 7 8 9 10 11 12 13 14 15 16 17 18 19 20 21 22 23 24 25 26 27 28 29 30 31 32 34 35 38 42 43 44 46
35 180 347 490 524 505 447 322 242 153 129 131 97 81 59 47 44 44 32 26 16 17 11 12 8 5 5 6 2 2 3 1 2 1 1 1 1
35 193 518 1062 1668 2452 3699 3858 4560 4088 4906 6905 7298 8329 8459 7683 10690 13609 13283 13385 10085 15651 12764 13407 12684 8641 11938 15764 6728 16605 23654 8349 45312 31185 31185 44583 63261
3 4 5 6 7 8 9 10 11 12 13 14 15 16 17 18 19 20 21 22 23 24 25 26 27 28 29 30 31 32 34 35 38 42 43 44 46
35 180 347 490 524 505 447 322 242 153 129 131 97 81 59 47 44 44 32 26 16 17 11 12 8 5 5 6 2 2 3 1 2 1 1 1 1
35 193 518 1062 1668 2452 3699 3858 4560 4088 4906 6905 7298 8329 8459 7683 10690 13609 13283 13385 10085 15651 12764 13407 12684 8641 11938 15764 6728 16605 23654 8349 45312 31185 31185 44583 63261
