12 24 36 48 60
964 14462 47748 34805 2008
11991 449717 306259 80646 2071
1375510 294835158599098 11804666001107957212 108511515202347910 194200896
12 24 36 48
163 578 130 1
736 1598 167 1
35651 50481451 1308883 770
3 4 5 6 7 8 9 10 11 12 13 14 15 16 17 18 19 20 21 22 23 24 25 26 27 28 29 30 31 32 33 34 35 36 37 38 39 40 41 42 43 44 45 46 47 48 49 50 51 52 53 54 55 56 57 58 59 60 61 62 63 64 65 66 67 68 69 70 71 72 73 74 75 76 77 78 79 80 81 82 83 84 85 86 87 88 89 90 91 92 93 94 95 96 97 98 99 100 101 102 103 104 105 106 107 108 109 110 111 112 113 114 115 116 117 118 119 120 121 122 123 124 125 126 127 128 129 130 131 132 133 134 135 136 137 138 139 140 141 142 143 144 145 146 147 148 149 150 151 152 153 154 155 156 157 158 159 160 161 162 163 164 165 166 167 168 169 170 171 172 173 174 175 176 177 178 179 180 181 182 183 184 185 186 187 188 189 190 191 192 193 194 195 196 197 198 199 200 201 202 203 204 205 206 207 208 209 210 211 212 213 214 215 216 217 218 219 220 221 222 223 224 225 226 227 228 229 230 231 232 233 234 235 236 237 238 239 240 241 242 243 244 245 246 247 248 249 250 251 252 253 254 255 256 257 258 259 260 261 262 263 264 265 266 267 268 269 270 271 272 273 274 275 276 277 278 279 280 281 282 283 284 285 286 287 288 289 290 291 292 293 294 295 296 297 298 299 300 301 302 303 304 305 306 307 308 309 310 311 312 313 314 315 316 317 318 319 320 321 322 323 324 325 326 327 329 330 331 332 333 336 337 339 341 342 344 346 351 355 356 357 358 360 364 366 372 374 381
420 1765 4126 7733 11991 16415 19877 22457 23577 23903 23956 22604 22485 20895 19913 19256 18910 17402 17377 16198 15894 15166 14697 14241 14151 13309 12956 12579 12218 11599 11300 10840 10772 10379 9980 9521 9622 9149 8815 8610 8292 8045 7945 7412 7355 7136 6904 6674 6659 6232 6080 5896 5752 5471 5385 5316 5098 5044 4798 4692 4552 4326 4243 4180 4038 3732 3860 3620 3563 3593 3329 3362 3261 3024 3030 2866 2774 2733 2668 2529 2509 2320 2419 2384 2290 2140 2037 2149 1931 1905 1961 1787 1765 1682 1622 1537 1588 1494 1469 1440 1336 1305 1310 1333 1270 1173 1138 1208 1107 1046 1019 970 1039 976 1015 926 832 869 790 841 784 750 754 732 681 660 619 616 617 591 579 559 549 546 520 521 475 494 472 446 449 405 429 451 405 383 386 396 377 373 304 303 306 297 306 270 253 263 279 265 242 264 234 233 237 214 202 225 190 189 198 178 208 184 176 175 160 154 145 143 141 132 123 140 103 119 135 115 113 98 114 108 106 105 96 99 83 79 85 88 96 93 90 96 82 87 85 64 73 65 73 67 54 58 63 42 59 63 57 56 53 62 64 51 48 45 45 56 37 35 41 29 40 39 30 36 27 35 37 28 38 27 30 31 15 30 21 28 21 15 27 16 20 19 20 22 18 26 20 10 25 22 19 17 13 12 15 8 12 14 9 17 8 18 6 8 12 14 11 14 10 16 10 9 5 6 1 6 6 8 3 5 9 5 6 7 3 8 3 2 7 6 6 5 3 3 3 4 3 1 2 3 5 4 4 4 1 2 4 2 1 2 3 1 2 1 2 1 2 1 2 1 1 2 1 1 1 2 2 1 1 1 1 1 1 1 1 1
420 1938 5771 15107 33565 68113 122382 211644 335851 519085 779167 1090896 1556683 2104060 2777563 3728535 4960717 6146027 8198312 10237680 12998170 16232650 20228559 25120896 31604712 38327077 46639212 56879385 68533779 83208912 98675668 117325511 141011188 170430074 198870304 229740629 282509060 326833813 379033535 453482041 520277367 612659478 712284537 797166089 937028723 1081185567 1248027843 1414907768 1686731070 1896577496 2125627649 2448908298 2761717911 3174394701 3636446429 4193244146 4686079332 5470322146 5966820798 6779626590 7572986953 8587255602 9547923440 11003905150 12236449900 13021462496 15671503990 16666528783 18806261415 22422256407 23715260208 27336122069 30329010995 32299336851 36375977271 40051049262 44545661885 49829970806 56882992756 60627005861 67065565696 73102419851 85080844819 93560965014 101767326181 111444257425 120670011496 143100477880 143138259686 160882403920 186183747103 187478968910 207306703133 232666283442 245930727137 259159434571 304592609787 323825086346 364033151919 411220398652 422966670453 483766478655 515450587549 584447103299 613846130746 635514599407 702027800882 824232662970 859686916009 940447491799 989386775619 1042451919323 1226190469419 1303194946745 1539003803607 1584246400013 1541713340861 1823873590716 1750593956391 2107158295783 2143198944534 2337625641603 2567163231703 2911229781793 2920750114689 3163223049035 3144023916213 3530506008501 3989644433654 4275735933107 4741623034653 4922072298239 5187817649682 5951504338084 6121281272502 6774393115638 7012807312783 7681596872334 8462548559669 9028695707763 9864382608690 9714112929826 11267366151646 12994259838961 13479548640612 13655480877962 15032914590474 17611406578339 17467810606063 19710199760083 16326337133616 18431807568802 20053295491875 20914933738913 25998803362215 24911853465324 25741357518011 28205967894366 31884324364658 36973189662987 34195079109952 41549937905583 40642931879477 42936763790187 51300354849604 46009973357671 49506787747134 58752826269976 56241238765758 66344094547008 71753124570336 68726015023306 88322319358706 85614567182152 87199482799434 97070631528571 94800688380088 103948307249530 103328334031215 123688295125660 120614773485096 120615484060652 119150230999362 155434144612998 123866884361064 162151807937153 185254234272040 174913179111939 186987546888380 192401043510794 215395786378037 220998788035936 251081834551647 256290322315412 282750798103629 286064516576646 284330813253468 292288166600892 344628818636080 396707081698972 436485967961725 484664638113016 487862539708115 601030989698965 541144790540458 600203487762264 640580660994308 521832785742415 628319093986670 637883371879370 758699342595944 782850562675807 664775696910353 797698455457947 978407398976283 661826019197976 1157532952352925 1109285944349756 1143857224925401 1207652489189095 1202016971182128 1575012642499571 1694550592982988 1554367226973996 1689949252258141 1531800552552401 1817561997780551 2331297133441176 1580673606669573 1813749456177720 2285365705604002 1754669701455156 2410583538894978 2444747432936189 2227020861829526 2899693643892450 2511299242402988 3476308950717967 3517942448021944 2945913086072395 4841905725399585 3419961731918784 4245590856095482 4803022729804951 2384537686940809 4913336920248972 3830581758477707 5648492511963218 5005758289560330 3427307948766850 7590772374215756 4163672814383012 5994541654286552 6118120744108048 6987471650348808 7645837559988254 6736012379248129 11946173053953989 8944772638296966 5541936613892268 13167184560151676 12788833538169964 11453726800727564 10699468469510041 9525450038834553 9502005756341725 12419399790687879 7855338821359169 10531379410048590 13926698816565444 10733755786107329 19250430450874050 10448648905062873 28135912312590006 8174404097968995 14359023833730930 19190356274910339 25567956237052451 21578101828732824 33395683752924856 23223886673863030 43074347340304872 27235544711670730 23636255684418630 14282535748883735 18518411056455098 3397584011986773 21404891368257758 22735058992681425 36800631288893163 13287894782388867 28556658479690108 54679417661037688 27726341837556092 34571498531993450 44512898399586470 19939198398354007 57267945956510907 23540061848396664 17240992550930050 63506407234548060 66805248924104911 70969524427115183 76935951163661668 35973978116281034 38593653809344873 41399543225617714 59547520881851587 61668644752401245 17414180133147295 37342976599200728 60052280287730835 105849810911988509 87374294767546010 96950325107978807 105663230534265304 26415807633566326 60652363979685928 127791062044242926 67289248220907484 34800954869440830 79839131053999982 128244234107864088 45772358543578028 94778002178815903 56156602112874289 120210699679333088 64325374609114550 133160260555188400 73653287861850339 180350869961099246 96450110192202760 110307860425292772 252217035667592710 134819180623301520 154043597379576030 175943559810422753 489809074910764812 637111947576658168 340122810048577428 363117512048110005 387632532919029223 441622981929358437 572612058898037559 651688879997206959 958728697912338045 1089657644424399782 1701169427975813525
3 4 5 6 7 8 9 10 11 12 13 14 15 16 17 18 19 20 21 22 23 24 25 26 27 28 29 30 31 32 33 34 35 36 37 38 39 40 41 42 43 44 45 46 47 48 49 50 51 52 53 54 56 57 58 60 63 64 65 83 86
3 40 43 115 94 226 132 247 152 187 139 161 86 123 83 88 54 53 36 54 32 29 23 40 17 27 23 22 13 20 10 16 4 12 4 11 5 12 2 4 3 8 2 9 1 5 2 5 3 6 1 5 1 2 1 1 1 1 1 1 1
3 50 71 280 295 1272 955 3391 2579 5592 5582 10966 6777 17124 14121 24858 15847 22465 18581 41117 26128 32794 29856 82314 36435 88365 85415 119326 81182 138023 75216 175659 47666 195529 57223 229695 72099 500082 83187 114791 109621 660442 146729 853948 63261 607830 300700 1308358 355066 1709316 294546 1147167 816904 1203059 1126356 614154 614154 1932934 2860880 12132164 20506255
