8 9 20 21 23 32 33 35 44 45 47
60 74 453 768 280 244 352 242 20 29 54
491 705 1025 1664 1041 286 404 332 20 29 56
5127 7875 150525 331384 254135 204544 271738 70953 422 287 4113
8 9 20 21 23 32 33 35 44 45 47
60 74 453 768 280 244 352 242 20 29 54
491 705 1025 1664 1041 286 404 332 20 29 56
5127 7875 150525 331384 254135 204544 271738 70953 422 287 4113
3 4 5 6 7 8 9 10 11 12 13 14 15 16 17 18 19 20 21 22 23 24 25 26 27 28 29 30 31 32 33 34 35 36 37 38 39 40 41 42 44 45 46
42 146 336 704 701 778 658 626 418 360 221 220 110 124 94 107 53 51 43 40 28 25 23 17 22 17 9 16 19 6 7 6 3 6 2 4 1 1 2 2 3 1 1
42 164 478 1481 2258 3811 5312 7611 7808 9489 8812 12647 8173 12988 13681 20974 13662 16907 15708 20236 19252 26508 26213 25968 53320 64115 25932 59272 91254 33740 47674 43340 30382 65619 22453 62362 17977 21637 69289 62370 133749 53174 63261
3 4 5 6 7 8 9 10 11 12 13 14 15 16 17 18 19 20 21 22 23 24 25 26 27 28 29 30 31 32 33 34 35 36 37 38 39 40 41 42 44 45 46
42 146 336 704 701 778 658 626 418 360 221 220 110 124 94 107 53 51 43 40 28 25 23 17 22 17 9 16 19 6 7 6 3 6 2 4 1 1 2 2 3 1 1
42 164 478 1481 2258 3811 5312 7611 7808 9489 8812 12647 8173 12988 13681 20974 13662 16907 15708 20236 19252 26508 26213 25968 53320 64115 25932 59272 91254 33740 47674 43340 30382 65619 22453 62362 17977 21637 69289 62370 133749 53174 63261
