18 19 30 31 42 43 54 55 66 67
2155 2535 12855 16397 19921 24076 8189 10408 1597 1860
109794 119494 281004 345421 107252 123308 21266 26509 1869 2184
608390322 771980406 13421645737800708454 5748502625928760562 5759012534501348402 2444608563775096431 111630686046804825 127416938845791165 5654531503 4956317526
18 19 30 31 42 43
424 487 376 431 38 42
4578 4140 796 952 47 57
20277046 58861735 15484244 23060944 42920 51337
3 4 5 6 7 8 9 10 11 12 13 14 15 16 17 18 19 20 21 22 23 24 25 26 27 28 29 30 31 32 33 34 35 36 37 38 39 40 41 42 43 44 45 46 47 48 49 50 51 52 53 54 55 56 57 58 59 60 61 62 63 64 65 66 67 68 69 70 71 72 73 74 75 76 77 78 79 80 81 82 83 84 85 86 87 88 89 90 91 92 93 94 95 96 97 98 99 100 101 102 103 104 105 106 107 108 109 110 111 112 113 114 115 116 117 118 119 120 121 122 123 124 125 126 127 128 129 130 131 132 133 134 135 136 137 138 139 140 141 142 143 144 145 146 147 148 149 150 151 152 153 154 155 156 157 158 159 160 161 162 163 164 165 166 167 168 169 170 171 172 173 174 175 176 177 178 179 180 181 182 183 184 185 186 187 188 189 190 191 192 193 194 195 196 197 198 199 200 201 202 203 204 205 206 207 208 209 210 211 212 213 214 215 216 217 218 219 220 221 222 223 224 225 226 227 228 229 230 231 232 233 234 235 236 237 238 239 240 241 242 243 244 245 246 247 248 249 250 251 252 253 254 255 256 257 258 259 260 261 262 263 264 265 266 267 268 269 270 271 272 273 274 275 276 277 278 279 280 281 282 283 284 285 286 287 288 289 290 291 292 293 294 295 296 297 298 299 300 301 302 303 304 305 306 307 308 309 310 311 312 313 314 315 316 317 318 319 321 322 323 324 325 327 328 329 330 331 333 334 335 336 337 339 341 345 346 347 349 352 353 354 357 358 359 362 364 365 367 369 370 371 376 377 385 387 394
197 1215 4014 7442 14578 19394 28244 30129 38322 35906 41808 36777 40027 32590 35120 28435 30215 24797 26672 21656 23818 18769 21404 17168 19193 15148 17583 13603 15918 12766 14996 11580 13537 10303 12817 9689 11496 8881 11033 8262 10073 7865 9575 7370 8921 6907 8734 6636 7952 6282 7664 5950 7321 5675 6910 5395 6500 4850 6221 5018 5719 4570 5579 4144 5206 4056 4922 3924 4754 3640 4571 3512 4142 3439 4106 3238 3818 2963 3618 2934 3544 2545 3284 2522 3138 2434 3025 2222 2924 2244 2755 2212 2515 1984 2643 1971 2322 1848 2266 1738 2203 1697 2052 1667 1970 1456 1847 1413 1755 1321 1669 1256 1670 1152 1531 1274 1496 1059 1446 1046 1298 1034 1251 1009 1215 947 1084 922 1079 833 1087 833 989 769 937 680 884 713 808 700 778 648 753 579 716 596 699 526 663 527 612 484 548 431 561 463 529 425 530 396 482 381 456 400 427 314 456 316 405 313 364 254 371 298 339 263 331 226 359 248 302 226 276 192 255 207 281 200 215 175 220 189 227 181 213 168 224 147 182 131 178 118 162 136 156 131 142 99 142 106 122 101 108 97 107 93 98 67 94 64 88 64 103 75 98 60 97 56 75 62 57 47 70 38 62 38 66 43 55 42 66 50 51 43 45 40 42 38 39 29 50 27 40 30 32 21 46 16 27 23 22 19 30 15 14 17 26 25 20 22 28 20 22 10 25 7 12 18 14 8 18 9 18 8 11 5 17 9 6 9 8 8 11 6 13 11 7 8 11 2 3 5 3 4 4 1 2 4 2 3 3 2 3 2 3 3 2 4 2 1 2 2 3 2 2 1 1 2 1 4 1 3 5 3 2 1 1 2 3 1 1 2 1 1 1 1 1 2 1 2 2 1 1 1 1 1
197 1321 5476 13791 37583 74518 160194 258979 496827 702906 1248087 1609721 2643562 3106705 4900207 5481460 8246237 9058095 13495158 14188905 21066404 21136110 32286054 32159273 46837030 45814843 69316175 65516112 98457367 95195751 141588678 131668788 193982206 175957315 273735363 241574932 358310544 326288716 503927601 435825771 662833235 586577081 891100351 785905467 1189207714 1059144831 1611904448 1407337603 2040863769 1859037813 2737668482 2390623336 3581592437 3195081232 4693065032 4168082997 6073057974 5088167081 7858678918 7205540589 9698159989 8878130325 12847836657 10228870234 15825445988 14268714898 20132866059 17624507172 25997460380 22012571587 32727977089 27935773010 39049619842 36156252484 51971698755 43506778028 62823115368 53029195066 74567326460 68072831309 97261587012 76920445606 116568024072 97247860044 142169267448 122419022879 178536449565 139203082106 216829688679 184437707765 262893275421 227032234216 306669350899 263256594838 407115439497 339901516971 450585492632 390210470829 580254958477 464479040242 697824505588 581036748423 811750133235 728308369337 992805189202 786371285471 1173290455508 943129825476 1355514686630 1122877399763 1683637578786 1330813800809 1983428682478 1504682522105 2314941595200 2025803911972 2874061796392 2103444369127 3372125471803 2661083040416 3606917262546 3119710814606 4422398702454 3859170791605 5170890564613 4490887463233 5633380889451 5203295245198 7126819941456 5892253366775 8838872550198 7287643061552 9745136648470 8071834592609 11610658223451 8729426704028 12989739299045 11536768257940 14529125767759 13733720383626 17183577858738 14961065048963 20230380729373 17422845658442 22763460543827 21809492034982 28900722403187 22440705862822 32448775110434 27558610671205 34673869486097 30728412816242 37627034802276 30583102774983 46602903863777 43402601940028 52059346444167 44828400336285 69678633792168 53079766549145 70635541278363 58634975650417 80285384776759 77892646862264 97037798839922 70673912041786 120016276791734 88479454080047 119679175277836 102428628857361 134694261083479 97237878467819 171831576816418 147989820135271 180388550109480 145417820531555 207866231801779 151032472809645 272330655634515 203820050324165 271570250541451 211997400150629 289969995777866 218609365876754 319097599607559 289717149620168 442749217399770 327686459586889 379673118089233 317858323474142 456817638604495 410583532287625 551889696629291 473911858382282 608165755001561 519149471500034 834883177087468 547801848893492 719401238123021 581084387855832 866126899861005 591896747251752 923947868325473 835592708021561 1022593837066419 903240034395865 1147604726662042 790548421926419 1320632622122762 1066431347349421 1298317584694086 1159735828490312 1415173840596663 1358431988082702 1588823887488408 1574914080022130 1780015116153499 1216343893360291 2133013423833424 1346245837010697 2116674628224621 1895487803192450 3196948196488623 2441626820205687 3544341119009152 1983733071308567 3966779193866842 2516978131013579 3703571527105332 3200838435696421 3038458209804509 2548135518408383 4363400411767166 2987610716064662 5114109047606919 2895475733807749 5668891822607591 4049923312921353 5517367664870111 4914209361680319 8000784014971940 6555666762932156 6471625740634744 6072356753345768 7752373105722423 7620262599328167 8214398338038908 7538078463134780 8696479091058530 6091053018205429 13222006738147569 6787894816847804 12683065997984582 10658978589076118 11744735508586015 8833873544963959 19227422769628214 6257110782400234 13820061908394770 10800585299713225 13070843026061283 10352072980531384 19713509243507710 11742129054115161 10744872046536708 13072389639429162 24082558881103372 22211254800998834 19287206914791267 25027244677825226 34731769190177407 24769594720490847 25179128783857703 12190285103509485 36217507597334846 10213939739247325 22181486924317817 36188806725308370 28511532304056019 17089029089222608 40736447563261709 20117887221548542 48557020074974089 25243979604542843 33853033288240886 15579481262525543 60377494050378723 31360197259380301 23282041643518163 44085517919355965 35959160416893297 37648085064749287 69080487319434692 38195083977063436 78100159277096785 70042823717757912 48281774992254074 57816199808023670 87782048927940984 16060496769886080 27759248810170806 57552165987381309 31245634857501179 45742168311288416 49076872076917860 12269218019229465 27280880560337709 58523230808274398 32479573071659326 51068146802124253 54757156732348023 57360403361777673 62933618837282727 44458102692840228 72300218957148317 77481721417963142 54720827974562329 127791062044242926 69601909738881660 37274405776748077 74548811553496154 85496156071909392 147016930905713625 104924088457657282 112313204225748578 60105349839666544 64325374609114550 147306575723700678 78801255302666615 337203262544900476 90175434980549623 289350330576608280 551539302126463860 378325553501389065 329274958331522088 175943559810422753 188008647052292980 429236599486572598 784736722053432375 279363328483702152 298330063062758076 726235024096220010 387632532919029223 413766180933342362 502957566506000020 572612058898037559 610898403751884101 1390287426917892080 790738119649411319 1686501577125056854 1798350696792176698 1238057794119125085 1319510599727473500 2190401332423765131 2484305294265418180 3850538434667429186
3 4 5 6 7 8 9 10 11 12 13 14 15 16 17 18 19 20 21 22 23 24 25 26 27 28 29 30 31 32 33 34 35 36 37 38 39 40 41 42 43 44 45 46 47 48 49 50 51 52 53 54 55 56 57 58 59 60 61 62 64 65 66 68 69 70 72 73 77 81
5 97 92 348 252 746 506 892 592 956 565 771 407 599 297 433 228 353 221 260 131 230 122 184 74 152 90 108 55 114 65 65 50 62 43 55 34 42 28 29 16 40 19 23 6 16 17 10 7 8 7 4 5 8 3 6 1 3 1 1 1 1 1 2 2 2 2 2 1 2
5 117 137 792 714 3845 3233 11066 8776 26002 18881 46405 29672 75660 44847 108895 62912 151122 109562 197899 102583 267917 156388 419444 165998 430369 319743 612808 263812 915810 474427 783774 556196 1116355 772695 1588904 719348 1543338 1009857 2056287 852046 3114748 1253440 1973006 591229 2101361 2350802 1663994 1358602 1574965 1722013 1622353 1746888 2663089 1786218 3219482 451276 1667800 715220 4214584 1121505 1300156 2600312 5224890 4647040 5359378 6175470 8175936 7089500 24264328
