6 7 18 19 20 30 31 32 42 43
58 94 311 509 125 414 585 88 11 12
755 1037 1072 1508 345 501 684 101 11 12
8426 8511 88631 464212 60611 134368 169908 5867 21 75
6 7 18 19 20 30 31 32 42 43
58 94 311 509 125 414 585 88 11 12
755 1037 1072 1508 345 501 684 101 11 12
8426 8511 88631 464212 60611 134368 169908 5867 21 75
3 4 5 6 7 8 9 10 11 12 13 14 15 16 17 18 19 20 21 22 23 24 25 26 27 28 29 30 32 33 34 35 36 37 38 40 41 45
40 168 353 684 728 880 706 642 408 316 194 180 90 104 94 82 54 45 59 35 33 17 20 16 9 9 13 7 4 6 9 3 4 2 6 3 2 1
40 186 539 1456 2316 4264 5248 7759 7823 9227 7555 10231 6185 11043 11690 16907 11584 16183 25148 21808 23980 17686 22667 24755 15194 21254 30428 32526 21131 31955 77174 22033 47654 32596 140676 64911 47652 89166
3 4 5 6 7 8 9 10 11 12 13 14 15 16 17 18 19 20 21 22 23 24 25 26 27 28 29 30 32 33 34 35 36 37 38 40 41 45
40 168 353 684 728 880 706 642 408 316 194 180 90 104 94 82 54 45 59 35 33 17 20 16 9 9 13 7 4 6 9 3 4 2 6 3 2 1
40 186 539 1456 2316 4264 5248 7759 7823 9227 7555 10231 6185 11043 11690 16907 11584 16183 25148 21808 23980 17686 22667 24755 15194 21254 30428 32526 21131 31955 77174 22033 47654 32596 140676 64911 47652 89166
