10 22 23 34 35 46 47 59
214 544 1092 359 694 30 45 2
3624 2411 4068 499 972 31 46 2
50644 708417 527500 72385 151687 1127 903 103
10 22 23 34 35 46 47 59
214 544 1092 359 694 30 45 2
3624 2411 4068 499 972 31 46 2
50644 708417 527500 72385 151687 1127 903 103
3 4 5 6 7 8 9 10 11 12 13 14 15 16 17 18 19 20 21 22 23 24 25 26 27 28 29 30 31 32 33 34 35 36 37 38 39 40 41
81 376 696 1209 1395 1476 1269 1116 893 680 454 370 297 257 159 173 122 106 85 79 53 77 38 33 33 46 19 7 16 8 7 5 3 5 2 1 5 1 1
81 458 1102 2661 4646 7669 10079 13425 16650 18598 19324 23286 25121 30667 23811 32570 34146 38208 38982 48200 38922 77287 44080 47740 60767 128055 66964 37588 78764 59823 38598 49806 23540 85405 30429 24620 189796 14883 26015
3 4 5 6 7 8 9 10 11 12 13 14 15 16 17 18 19 20 21 22 23 24 25 26 27 28 29 30 31 32 33 34 35 36 37 38 39 40 41
81 376 696 1209 1395 1476 1269 1116 893 680 454 370 297 257 159 173 122 106 85 79 53 77 38 33 33 46 19 7 16 8 7 5 3 5 2 1 5 1 1
81 458 1102 2661 4646 7669 10079 13425 16650 18598 19324 23286 25121 30667 23811 32570 34146 38208 38982 48200 38922 77287 44080 47740 60767 128055 66964 37588 78764 59823 38598 49806 23540 85405 30429 24620 189796 14883 26015
