24 36 48 60 72
4951 26388 39990 21039 7630
1705893 834351 287504 74632 10231
19628707631801953 32507940880966521950 7679876863622974748 367113769373310094 3892145395925
24 36 48
915 606 128
7447 1549 169
1464088227 35318717 302225
3 4 5 6 7 8 9 10 11 12 13 14 15 16 17 18 19 20 21 22 23 24 25 26 27 28 29 30 31 32 33 34 35 36 37 38 39 40 41 42 43 44 45 46 47 48 49 50 51 52 53 54 55 56 57 58 59 60 61 62 63 64 65 66 67 68 69 70 71 72 73 74 75 76 77 78 79 80 81 82 83 84 85 86 87 88 89 90 91 92 93 94 95 96 97 98 99 100 101 102 103 104 105 106 107 108 109 110 111 112 113 114 115 116 117 118 119 120 121 122 123 124 125 126 127 128 129 130 131 132 133 134 135 136 137 138 139 140 141 142 143 144 145 146 147 148 149 150 151 152 153 154 155 156 157 158 159 160 161 162 163 164 165 166 167 168 169 170 171 172 173 174 175 176 177 178 179 180 181 182 183 184 185 186 187 188 189 190 191 192 193 194 195 196 197 198 199 200 201 202 203 204 205 206 207 208 209 210 211 212 213 214 215 216 217 218 219 220 221 222 223 224 225 226 227 228 229 230 231 232 233 234 235 236 237 238 239 240 241 242 243 244 245 246 247 248 249 250 251 252 253 254 255 256 257 258 259 260 261 262 263 264 265 266 267 268 269 270 271 272 273 274 275 276 277 278 279 280 281 282 283 284 285 286 287 288 289 290 291 292 293 294 295 296 297 298 299 300 301 302 303 304 305 306 307 308 309 310 311 312 313 314 315 316 317 318 319 320 321 322 323 324 325 326 327 328 329 330 331 332 333 334 335 336 338 339 341 342 343 344 345 346 349 350 352 353 355 356 358 359 361 363 365 367 369 370 371 374 376 377 380 386 387 393 395
318 1389 4168 10090 22071 30380 48304 56585 74960 77114 80947 73645 79144 70692 71726 66151 66018 60905 65068 56346 58878 55496 54518 49123 52586 46412 48833 44438 45234 41354 43390 37449 39376 37194 37144 33113 35915 31954 33049 30240 30268 28223 30283 25702 27758 25966 25352 22600 24284 21646 23105 20688 21143 19736 20809 17658 18835 18128 18147 15740 17033 15315 15734 14542 14548 13716 14400 12400 13318 12399 12463 11033 11623 10865 11371 10131 10296 9734 9980 8679 9270 8948 8605 7714 8240 7743 7770 7046 7277 6834 6969 6178 6598 6191 6231 5554 5658 5461 5614 5001 5193 4970 4977 4412 4552 4415 4494 4021 4237 4025 4013 3623 3614 3735 3609 3299 3439 3327 3391 2990 3082 3098 3150 2738 2819 2778 2698 2423 2562 2542 2547 2267 2287 2292 2325 2063 2144 2140 2137 2013 2031 1889 1924 1704 1726 1708 1761 1567 1581 1554 1545 1377 1367 1369 1425 1273 1246 1232 1258 1117 1113 1098 1065 986 1042 998 989 946 888 881 866 803 834 801 804 691 678 652 690 639 620 580 622 577 525 521 514 561 495 464 479 424 442 388 388 362 352 320 303 309 316 304 268 265 276 231 219 205 189 192 179 158 186 165 276 161 136 140 131 132 137 126 136 108 119 106 104 110 130 108 121 83 86 103 87 95 91 86 94 73 82 64 69 61 70 69 48 54 56 63 53 52 53 40 41 39 57 43 29 39 33 41 36 39 33 29 36 37 36 44 39 25 22 26 24 24 24 32 28 20 15 24 18 25 25 26 9 17 9 18 12 17 16 13 14 5 12 11 13 13 13 8 9 9 8 13 11 5 11 6 8 8 8 9 13 5 7 7 9 7 7 5 5 4 4 9 11 5 3 5 3 1 3 2 1 3 1 1 2 1 1 1 3 2 2 1 1 1 1 1 1 2 1 1 1 1 2 1 2 1 1 1 1 1 1
318 1529 5787 18292 52285 102306 229123 400058 796244 1165105 1938569 2672427 4219390 5427963 8215566 10240208 14692836 18334726 25953248 30476150 43538277 51000996 68099917 80911611 109708343 120906735 170055607 184056249 247370108 282182753 363514637 392187640 537301936 564011621 727112896 815185833 1049831315 1104148603 1494806494 1554457202 1966325664 2183655449 2731524067 2791628984 3845819070 3885267510 4751768002 5185186391 6409274312 6421075344 8853040884 8792224340 10872565904 11941611769 14644867102 14511382854 19410368842 19432474198 24004349742 24997326432 31054668276 30323947741 40231499858 39775089699 48212105239 51598575383 62023095304 61239458800 80266031544 77267269372 95522589432 101794345514 120069402419 119300325183 160159350136 148912218443 182537674815 192432787341 223213327758 220995371374 287781460838 276899996159 321783775173 345167964662 397888027684 405395040505 511842861920 491699404004 594320630278 602071219564 699699156987 709756217953 894802667794 843670206227 1013454545925 1094126727367 1217114944461 1192151951062 1494219859410 1473561902120 1727848957134 1807122039145 2071205950458 2068306779258 2471798681679 2367660484159 2882286638417 3050705855203 3473780348266 3437540310486 4071607265896 4090709616889 4490628783138 4930183351193 5458886566511 5854524646970 6588315886152 6602313159653 7753196856796 8155096397986 9100516287118 9595177962519 11477675816455 11210252302561 12619769029243 13296764931164 14667829496872 15356376852158 18293937985064 18353764062480 21350491565605 22483617406307 23182617936257 25121939383401 29720433139785 29597383643688 33609607782555 35311117867174 39479869386922 43383055947504 47998858890754 46655083777694 53338242267138 57114466737568 61051548243357 62353204470973 74841738412816 74841021046700 80129114010913 86520288919375 96327931760419 98529730058333 111604517231218 108286720117574 129158811502523 137536309924469 143494115754695 144048718865567 175631067219057 170825361675767 189405885126515 192233714140773 209103096843597 229414304087998 253851231218866 253384259468886 288554962396030 329469002261845 325141675530754 325249469616925 383573692042209 388341224909851 459744520771953 453488657743511 479925716451044 496346420151848 557490688181928 513986480902145 611138820614410 670681306721180 636166458107128 685023501733732 830337240916769 831683568928269 860974726659152 865172271399703 959221020044405 1111052027702274 1085969557190507 1067519930523925 1242693490958319 1347988148359235 1460846480938296 1303406874353541 1480078767806205 1485290501916790 1522340659212896 1555065879479865 1623153316294695 1876521755404265 2063698417057715 1875901160023901 1905299340666317 2199367650197157 2178304309293168 2026782904887985 2178048860668322 2226293258742577 2274681397717234 2179376772630319 2194648153379727 2148599945441494 2570158309587973 2300277573235961 4189458643698816 3370602579318428 2682706893550507 2961295568316062 3111626725962879 3152784043625676 3476843823875066 3410561834902309 4352503852195904 3977782845793314 4563704318573947 4126560460969305 4691017552714052 4776221773292663 6457583348601685 5712327382440574 7265023937597790 5258736292190908 6308422668699243 7218677922449893 7141964123442499 8633762315387972 8980907733307885 7984009032252920 11043189544397557 8405382641995308 11322290343795778 8051274127276432 10254004435026602 9936085789842860 12174257946260049 12134336357106979 9653120899773154 11148380799297578 12448258892735952 14908488428459681 16060244019063988 14041690797471415 16519415982410076 12705856548714491 15251366466986551 16470724907194903 35652401947264817 21343012509238358 13313649759021534 19723583697696982 18156875428763175 25511226683751360 25018702260555241 28117994789971988 24765570155602123 22154405053622786 32266041765667830 36017550279496364 37820156957057376 50710899018824631 48977469139414322 33107167307995285 28329721253651054 37192361949165009 37623236849122943 40337203808562145 42295091212032809 57482533625224820 60107559635366763 51659968200821593 34891794793379516 58878710910844379 45455265928698846 74302948338212303 79750251644923653 103807980931761881 28457478875959307 63195286808436154 32871877524639477 85943155152006370 56741238461514981 101442493439675482 91678108702807952 85693045227043417 91634967831789320 42755396474490841 93209317864690947 79706641192042659 122426457788331624 132615709392742535 116494558209855364 78092000227868210 120624386389132688 98250613628759346 107921934348843102 191182269295067887 178760390797528560 72641893473554403 186102768054176204 98613112812295610 195327905963979452 170735271622356438 164461421924943398 202374328044982695 335200889139567942 125016232236888286 241520694116956288 202177465684665943 307586042621677020 269156992883629936 323102397454196458 263566000187488453 248002930688864061 177040873159065448 183089434174312112 454876395091503939 850476381313395200 288680506017955955 188756099057895644 335155407056450650 275339543784295400 78801255302666615 399505836846891579 168601631272450238 103151466321735325 323767187172320869 126108517833796355 134819180623301520 288235873055747664 154043597379576030 164637479165761044 175943559810422753 643854899229858897 458544573742434300 523157814702288250 279363328483702152 318555973788329084 340122810048577428 387632532919029223 413766180933342362 471314064268398780 1073358140621382242 610898403751884101 695143713458946040 790738119649411319 843250788562528427 1798350696792176698 1089657644424399782 2476115588238250170 1319510599727473500 1596675274490756791 2332821198543892336 2484305294265418180 3617712763867604423 4098034535626594791
3 4 5 6 7 8 9 10 11 12 13 14 15 16 17 18 19 20 21 22 23 24 25 26 27 28 29 30 31 32 33 34 35 36 37 38 39 40 41 42 43 44 45 46 47 48 49 50 51 52 53 54 55 56 57 58 59 60 61 62 63 64 65 66 67 68 69 70 72 73 74 75 76 78 79 80 82 83 84 86 88 90 92 94 95 96
10 70 72 287 201 599 319 691 391 775 400 562 353 535 216 359 206 379 141 279 155 238 117 158 89 181 67 121 68 136 56 83 55 77 52 70 28 68 30 39 25 41 29 37 16 29 20 18 17 13 15 19 7 12 7 13 3 5 6 11 2 9 1 7 4 10 2 9 2 1 6 2 2 4 4 3 5 1 2 3 2 3 1 2 1 1
10 84 111 713 598 2934 1917 8292 5483 21679 13462 33801 26260 72603 30104 92698 57881 165351 65860 271402 128124 313611 157791 343852 192892 606255 219876 709027 380939 1045823 449636 1181347 687320 1496510 886780 1834687 751521 2863632 1060671 2353566 1630508 2935873 2151743 4215790 1640967 4675954 2762499 4300714 3768623 4002408 3811846 8617924 3101263 6460091 3670436 8849813 1685288 6063235 4753191 17298131 2860880 23158761 1932934 17810282 9101092 30859334 5495818 82442540 7734775 3087735 32703744 16351872 21571132 35447500 51826091 37156364 97057312 15796476 63185904 102531275 79630980 171314810 88216218 169902519 72533807 145067614
