16 28 40 52 64
2028 24164 44704 22512 6587
128278 762436 319816 69892 8676
142218435 5174593065265386109 9548518629614834088 859356896467217919 4697137328087
16 28 40
420 1044 155
7789 3005 226
3032427 144833046 1029218
3 4 5 6 7 8 9 10 11 12 13 14 15 16 17 18 19 20 21 22 23 24 25 26 27 28 29 30 31 32 33 34 35 36 37 38 39 40 41 42 43 44 45 46 47 48 49 50 51 52 53 54 55 56 57 58 59 60 61 62 63 64 65 66 67 68 69 70 71 72 73 74 75 76 77 78 79 80 81 82 83 84 85 86 87 88 89 90 91 92 93 94 95 96 97 98 99 100 101 102 103 104 105 106 107 108 109 110 111 112 113 114 115 116 117 118 119 120 121 122 123 124 125 126 127 128 129 130 131 132 133 134 135 136 137 138 139 140 141 142 143 144 145 146 147 148 149 150 151 152 153 154 155 156 157 158 159 160 161 162 163 164 165 166 167 168 169 170 171 172 173 174 175 176 177 178 179 180 181 182 183 184 185 186 187 188 189 190 191 192 193 194 195 196 197 198 199 200 201 202 203 204 205 206 207 208 209 210 211 212 213 214 215 216 217 218 219 220 221 222 223 224 225 226 227 228 229 230 231 232 233 234 235 236 237 238 239 240 241 242 243 244 245 246 247 248 249 250 251 252 253 254 255 256 257 258 259 260 261 262 263 264 265 266 267 268 269 270 271 272 273 274 275 276 277 278 279 280 281 282 283 284 285 286 287 288 289 290 291 292 293 294 295 296 297 298 299 300 301 302 303 304 305 306 307 308 309 310 311 312 313 314 315 316 317 318 319 320 321 322 323 324 325 326 329 331 332 333 334 335 336 337 341 344 346 347 348 353 354 355 371 372 377 378
242 1225 4046 7843 15784 21338 32826 34151 43690 39384 45312 38520 42370 34021 37347 29467 32513 25644 29113 22911 26054 20872 23677 18609 21842 17030 20043 16275 18679 14608 17492 13758 16507 12834 15275 11980 14595 11291 13561 10414 12363 9786 12070 9398 11232 8929 10641 8307 10020 7819 9433 7597 8885 7070 8374 6486 7974 6166 7823 5839 7177 5576 6835 5215 6307 4872 6229 4628 5782 4433 5321 4193 5201 4034 4793 3873 4466 3561 4466 3369 4090 3285 3817 3018 3570 2808 3556 2760 3209 2462 3019 2404 2997 2316 2611 2040 2688 2115 2570 1988 2287 1819 2314 1744 2148 1641 2065 1622 1996 1525 1854 1436 1795 1365 1707 1316 1627 1288 1526 1165 1461 1141 1389 1154 1191 993 1223 953 1192 911 1053 894 1050 818 972 733 916 732 851 654 836 706 771 621 778 585 717 619 691 533 606 469 629 454 581 439 570 403 521 401 467 393 442 352 440 324 447 306 388 307 412 310 310 266 373 249 342 259 329 219 280 239 284 229 267 190 232 176 233 174 207 177 223 146 211 146 192 154 158 98 161 119 156 120 125 100 112 94 119 101 110 82 110 79 89 61 91 69 97 66 86 83 73 53 81 59 76 54 69 57 74 59 75 48 55 24 67 30 49 34 50 40 46 34 32 28 43 22 46 27 34 29 22 30 35 21 27 21 25 16 27 23 22 20 23 21 27 17 23 24 12 21 19 11 21 14 14 10 18 6 19 11 9 7 9 14 8 12 9 11 14 6 13 12 7 12 14 4 11 9 2 6 17 8 4 8 6 4 12 4 7 4 1 9 11 6 8 7 2 4 12 6 1 7 7 4 4 2 2 4 2 2 6 3 1 4 1 2 1 3 1 1 1 1
242 1319 5497 14361 40784 80664 180266 283280 558391 764865 1358298 1706140 2784080 3254721 5177367 5566515 8606290 9027682 13963825 14271606 21843124 22346294 33571745 32903203 50375248 48808432 73795853 72162639 108055804 101584624 157242752 146536788 223040273 205287570 313686839 285375585 444311360 400898838 608953751 540133737 815273763 731848982 1119381179 1023613911 1509263413 1366764852 2026567800 1779127207 2637717916 2352868526 3509583370 3167547422 4550352802 4051495136 5980482144 5179576399 7540678518 6626206320 10472801173 8483421244 12577315819 11048777414 16095723179 13717387731 20155445381 17120161356 25912134975 21598744956 31731934734 28037237121 39183665515 34797542835 50034362073 43770755633 61944829351 53763673161 73741725246 64728038993 98212335790 80579164591 114115077087 103934947377 138428771178 117576978558 164092684150 145014975860 211998270893 183647649634 248065128250 209514317928 296873349251 255596650259 366319218994 321251250056 412678125132 370728490714 527172090760 477303390518 637803933073 556356904605 732811644163 626433258073 916074716141 782667984861 1040007649183 932392586251 1292886769447 1076399637240 1523585694821 1362686061448 1764178225176 1524413192781 2088225493282 1825957653950 2573003357988 2177378112193 2947755193718 2610838532186 3669067213543 3093576028825 4124872629597 3605118027830 4973296153204 4542988137258 5413671984586 4756331958831 6713345356635 5604815199064 7846997792290 6624315431669 8903635416687 7906882426820 10865477774979 8944158217207 12672789296359 9703269223927 13628708286855 12224589216587 15963129657244 13406143139243 18214654197413 17128369754993 21491494301502 18501261330384 25978427564602 20261054330405 28199714285295 27646801620952 33817254019060 27552715672266 36538216783866 29686037292812 44697189246215 35463505751144 49714240934904 40011454835466 57717800228780 44181389026218 64499467553436 55364511172648 70289423553288 62901002852979 78380186529489 71885173188890 94593255194237 70918857241552 114382476491722 90138651875320 121377573561815 104184493491429 145815075114579 129266304182719 143009726308224 129608743410121 193166353835319 145136416911296 215880492669791 191261659288676 248545019417995 182579150209690 243098745516515 232933553990938 309045300073784 270940100506914 329509468894946 248093713460342 366520902330313 286707248823570 429869930138195 356650830229156 448925227394479 414349461540837 570146162145502 402496928572283 616506879039893 474020288750194 689570017078675 596174373862710 687237244234482 428495350047092 779176680679367 650615025183261 881319970039728 736097701611860 859235843837742 744616103180511 945929244709552 889127991313320 1152298963432898 1008361709701770 1204021151052249 1047979899369405 1496478877964998 1090338141492214 1310914854373324 1073788606464796 1516498942322430 1205457075477533 2027869430588826 1383552055628297 2144513655779037 2008398386138629 2013294146213076 1502592418626906 2568688204554296 2090419965471436 2738641533994383 2218937340319908 3185288586506708 2828027325370944 4142525172576153 3427064559197645 4543642847211472 3057875045749151 4231421606524972 1805109398962924 5540999411739044 2926388157632699 4741729800087895 3273880565897880 6150413891616334 4737738448935649 6313339703207217 4502713398114226 4857972433513777 4975809486531338 8109361931934584 3832430780885430 9936264817649296 6670637717734106 8824862683722647 8143707922987066 6628541920408677 9138629612242205 11198310038244714 7763625846861723 9547509093247505 9013420272983986 11224134936606449 8273792942725768 16217854428850518 13281997573277513 12890041541299155 14135942107504839 17248018520959972 17828945703719495 22942960267020654 17814127978051955 22380473047315440 25502986858186924 12694002242713033 24252616964486171 23867523756209405 15851949758108639 30910157022815002 21415238496277690 24484331557337880 17669964220484995 37322924469342364 12883067791987319 45384447554221873 26538813322940895 25509713319854820 19983340979743460 24801915262309835 50404222643241319 25755995226867528 41280701792009836 39940536874031392 47991465039166083 60645762391788285 27881088620547712 65148159800545032 64755560948028729 41444804794378785 75605538300031191 92250965830457461 34829250720979155 84477949089346248 73452731245531330 17873579212188627 56196387076021511 174637401392022221 86815071550937242 49076872076917860 104404743284633393 82799086451235428 57498940734697209 185005934257203735 84722113471101211 129443109930749479 76031891661378037 21458096037352891 200832417426848249 266200869173105931 153197741353190448 215104886483389962 206219788982359865 64976586702933308 136891157959789144 437399065691747936 274146639188496109 39919565526999991 302260826759306204 374623425369891783 248861448897562188 266320521110376800 147306575723700678 152454543164516954 320704581544224964 168601631272450238 186625545172752383 724015001852048598 442279470435323694 175943559810422753 739969500967301693 200882556287683159 558726656967404304 298330063062758076 955667921364987252 899175348396088349 958728697912338045 1319510599727473500 1406207446561484054
3 4 5 6 7 8 9 10 11 12 13 14 15 16 17 18 19 20 21 22 23 24 25 26 27 28 29 30 31 32 33 34 35 36 37 38 39 40 41 42 43 44 45 46 47 48 49 50 51 52 53 54 55 56 57 58 60 62 63 64 65 66 68 72 76 85 89
9 70 90 373 243 817 518 1067 565 1123 611 1008 468 696 354 545 218 362 183 275 126 195 118 139 81 142 45 118 36 61 33 49 18 36 22 29 12 20 8 13 7 12 15 12 7 9 3 7 3 7 4 6 3 7 1 5 2 2 2 1 1 2 1 1 1 1 2
9 84 140 789 742 3879 3164 11968 7838 28107 20979 59817 33389 87070 54639 136845 60950 179465 105041 237823 120451 280084 194785 327601 197787 563164 215671 597418 189841 422773 318404 463192 209468 536304 335345 591383 244344 545478 319856 595573 296505 826881 847836 961018 622438 949277 423812 1403752 778768 2471132 816904 2052292 1384141 3562894 239943 2720879 1580469 2145660 1798287 831820 2243010 3900468 1741630 6175470 10785566 20506255 68525924
