15 27 39 51
195 1190 667 67
3034 2998 812 67
124654 627643 70795 2256
15 27 39 51
195 1190 667 67
3034 2998 812 67
124654 627643 70795 2256
3 4 5 6 7 8 9 10 11 12 13 14 15 16 17 18 19 20 21 22 23 24 25 26 27 28 29 30 31 32 33 34 35 36 38 42 45
31 125 283 515 661 790 932 763 465 492 413 338 170 185 182 139 66 65 67 65 32 26 14 28 9 10 7 12 8 2 1 4 3 2 4 1 1
31 139 418 1161 2158 3608 6547 8584 8350 12930 16807 19020 13580 21514 27995 26551 19440 25451 41021 38080 23746 20569 17508 43968 18519 22218 24790 67350 25056 9130 4565 42700 27906 26841 77908 26015 53174
3 4 5 6 7 8 9 10 11 12 13 14 15 16 17 18 19 20 21 22 23 24 25 26 27 28 29 30 31 32 33 34 35 36 38 42 45
31 125 283 515 661 790 932 763 465 492 413 338 170 185 182 139 66 65 67 65 32 26 14 28 9 10 7 12 8 2 1 4 3 2 4 1 1
31 139 418 1161 2158 3608 6547 8584 8350 12930 16807 19020 13580 21514 27995 26551 19440 25451 41021 38080 23746 20569 17508 43968 18519 22218 24790 67350 25056 9130 4565 42700 27906 26841 77908 26015 53174
