2 14 26 38 50
12 939 26252 53399 19372
107 4156 273887 209581 26343
2949 665074 43411438219079207 6280783461326629105 39015682166926
2 14 26 38
1 45 352 28
6 79 627 31
410 2778 6227367 453407
3 4 5 6 7 8 9 10 11 12 13 14 15 16 17 18 19 20 21 22 23 24 25 26 27 28 29 30 31 32 33 34 35 36 37 38 39 40 41 42 43 44 45 46 47 48 49 50 51 52 53 54 55 56 57 58 59 60 61 62 63 64 65 66 67 68 69 70 71 72 73 74 75 76 77 78 79 80 81 82 83 84 85 86 87 88 89 90 91 92 93 94 95 96 97 98 99 100 101 102 103 104 105 106 107 108 109 110 111 112 113 114 115 116 117 118 119 120 121 122 123 124 125 126 127 128 129 130 131 132 133 134 135 136 137 138 139 140 141 142 143 144 145 146 147 148 149 150 151 152 153 154 155 156 157 158 159 160 161 162 163 164 165 166 167 168 169 170 171 172 173 174 175 176 177 178 179 180 181 182 183 184 185 186 187 188 189 190 191 192 193 194 195 196 197 198 199 200 201 202 203 204 205 206 207 208 209 210 211 212 213 214 215 216 217 218 219 220 221 222 223 224 225 226 227 228 229 230 231 232 233 234 235 236 237 238 239 240 241 242 243 244 245 246 247 248 249 250 251 252 253 254 255 256 257 258 259 260 261 262 263 264 265 266 267 268 269 270 271 272 273 274 275 276 277 278 279 280 281 282 283 284 285 286 287 288 289 290 291 292 294 295 296 297 298 299 300 301 302 303 304 305 306 307 308 309 310 311 314 315 316 317 318 319 320 327 328 329 330 331 332 336 338 345 346 347 350 351 352 353 354 355 356 362 363 364 365
281 1257 2980 5321 7800 9360 11089 11625 12024 11781 11868 11344 11369 10840 10785 10056 9921 9455 9354 8796 8689 8341 8338 8074 7830 7651 7538 7167 7094 6717 6515 6349 6162 6160 6039 5636 5799 5486 5420 5169 5125 4800 4887 4618 4648 4406 4463 4287 4109 4076 3952 3799 3689 3636 3557 3505 3439 3320 3246 3081 3202 2973 2897 2870 2797 2678 2692 2485 2453 2470 2305 2410 2303 2280 2171 2081 2060 2028 1832 1902 1824 1807 1735 1698 1686 1619 1628 1620 1476 1440 1392 1363 1360 1328 1362 1368 1223 1208 1148 1088 1100 1065 1048 1024 1015 1021 977 874 977 881 846 861 814 804 710 760 788 710 694 718 645 684 614 584 628 538 580 578 497 544 507 487 501 443 465 477 407 471 428 379 396 391 358 387 322 345 313 272 299 297 284 290 263 279 262 222 250 242 236 251 248 222 214 207 209 209 196 186 172 158 176 163 163 169 161 162 131 154 138 123 115 130 126 115 117 89 108 98 103 93 88 70 85 97 83 90 72 93 74 63 69 72 53 71 80 64 63 64 56 51 47 58 41 37 45 50 47 41 38 46 33 27 31 25 30 40 26 16 21 27 22 17 20 19 17 21 21 16 21 17 19 13 25 19 18 14 15 20 13 11 10 15 14 16 10 14 10 6 17 9 8 8 9 7 12 10 15 11 4 8 6 4 5 2 9 7 7 9 3 3 3 4 1 3 6 5 4 5 5 3 2 2 4 4 4 2 3 3 3 3 1 4 3 5 4 2 2 2 1 1 1 1 1 1 1 1 1 1 1 1 1 1 1 1 1 1 1 1 1 1 1 1 1 1 1 1 1
281 1354 4209 10435 22330 41025 73295 118347 184905 273312 407179 567887 814965 1103773 1521221 1912652 2613358 3314259 4332753 5385170 6890632 8550616 10986992 13618805 16890169 21015779 26109518 31102659 38447932 44803020 53732624 63754102 76264755 94540761 112027523 131183233 162518591 187176881 222150540 252503898 301529524 341401119 404214450 457941667 551777028 620114202 754497440 856895379 981203670 1140889496 1289631174 1467832118 1657058105 1913217586 2197839817 2489024894 2942489415 3255951074 3744941281 4222415393 4953975387 5318996827 6132468756 6893178347 7764721825 8456826007 9888714234 10520082733 12058105707 13940085175 15218806370 17605923138 19707236753 22262607425 23945598802 26404021462 30323597300 33870388549 35091809189 41245268634 45539619505 50402405045 55243294788 62618207317 68756883084 74968613908 84612932532 96401691816 99339530479 111281964918 120524696461 134676223927 147559129532 163621464195 188434845864 214890807322 218546447824 236871196397 251681437035 275294881130 307182431664 338670958584 377793013312 407688195078 442248122423 492351989366 560245070355 562988014157 679833471988 678240272165 740837857126 833301126880 869096563095 971373268390 944166029215 1167854548554 1327828689453 1339688989358 1443266631804 1646814137871 1662071824112 1958326873719 2000301239661 2093362817783 2481320426247 2326175668355 2794309803285 3219877765617 3051851819382 3620720420941 3703608543190 3926102088137 4633395354520 4616362866705 5177445231471 5897393470108 5566673552327 7067301813353 7060826975274 7191869233518 7927020476152 8607207973318 8573626356024 10752897037021 9729712292720 11056137179141 11359483646067 10701354524331 12859605523187 13974190935586 14899996308374 17073869013847 17384842424735 19011937607285 20643493278462 18612112612512 22745422534978 24483305476665 25717387359785 32200662267120 34783459122832 34567225921156 35587613792746 37324901288138 40776124416899 47615415243226 46909275741653 48319784396013 49479718051175 48320153961455 61000211982993 58660448405994 69698538495562 75683214846343 75263922280502 83364855401497 73536128542299 91232431430025 93225909833805 89298290054270 95160646749913 129487537102499 132623202684265 130325043428299 143492324401708 116562501643560 152494309473089 146490150870322 173536460594228 169142042977487 170489938552392 147245497929931 193508573045252 234237142130077 230638348472024 270292450468711 237433912306946 312223309154894 278881897651455 253662773737043 328712818473108 365124253828419 299562866552513 385569364661277 515336223022957 481286536262992 478965742964538 558822978587500 486236803811317 469204608470249 510156254812335 709454976776120 519435227006152 482756492207609 637461375894536 852090715685434 850677658786413 805518294996203 810161810781546 1015525223459885 750870469992082 667064372478385 849051740313207 783639534784920 902741046785137 1435108697719381 1028050013906434 709513589923121 994919169832738 1312387190710380 1271002665896576 1025822631283915 1306731767547814 1323156436785053 1194292629987926 1567744605766950 1713935097981750 1605806145056803 2009040165585013 1992912622464906 2287077260149707 1697951896430670 3313412514721075 2559971907173028 2892168328955331 2355719100677455 2655400242104116 3613935270467978 2522753874299296 2603423299450949 2700220404783566 4428779637835805 4074201632153592 5478396084603277 3293998224093484 5414645150142274 4355180889348810 2591299885042522 7296753222259268 3939042274372801 4316892675598930 4545177556814324 5562907657060477 5286797816697182 9626117416923771 8827855509201908 12624674267967094 10369902587526759 3553892055315894 8493212282988565 8024764319516476 5494110491678052 8180077065287423 2624103601632430 12513350557846580 10213939739247325 10763176926444221 15610536970075225 5421120969706122 5978215808741734 6432398475940107 9448876581350844 2540952590045698 8006698957140768 17015408932431270 15137065116086659 12877997613433764 17752460532186705 22461567667263056 15703688645957688 13602759380702658 9744076112944168 21326105901211621 22908741957947330 25052876018349206 13931700288391662 22438695235531752 23540061848396664 24680993045351105 25861488826395075 9930972392403501 40450248409759342 32750204542919782 60512414154739964 51755871704402577 28237325330560010 30285905477714388 32479573071659326 18671488299600364 20017426762576945 21458096037352891 24650106150830490 26415807633566326 28305020340996003 30326181989842964 49005643635237875 52462044228828641 56156602112874289 60105349839666544 64325374609114550 68834885946073850 90175434980549623 103151466321735325 164637479165761044 175943559810422753 188008647052292980 229272286871217150 244904537455382406 261578907351144125 279363328483702152 298330063062758076 318555973788329084 340122810048577428 502957566506000020 536679070310691121 572612058898037559 610898403751884101
4 5 6 7 8 9 10 11 12 13 14 15 16 17 18 19 20 21 22 23 24 25 26 27 28 29 30 31 32 33 34 35 36 37 38 39 40 41 42 43 44 45 47 48 51 57 59 62 69
10 18 28 25 37 51 59 38 46 38 46 41 33 25 32 26 26 14 20 11 12 8 6 7 10 8 4 4 3 6 7 2 4 2 3 5 6 1 4 3 3 2 2 2 1 1 1 1 1
12 32 72 78 211 367 651 606 1251 1307 2871 3169 4312 3008 8322 7967 10638 6944 12141 8633 10095 10847 11748 17086 26259 34870 13756 12990 22448 52994 91118 20184 107816 32559 67366 138360 163745 21637 201730 148918 227397 115544 169609 201697 89134 386155 772310 1430440 2012558
