11 23 35 47 59
447 8285 41303 38101 11860
24955 506759 477693 139116 18929
3886357 13950002800453 14509675928252522503 1685192476087256897 61857833198585
11 23 35
98 606 183
1360 2475 302
113758 18245966 869626
3 4 5 6 7 8 9 10 11 12 13 14 15 16 17 18 19 20 21 22 23 24 25 26 27 28 29 30 31 32 33 34 35 36 37 38 39 40 41 42 43 44 45 46 47 48 49 50 51 52 53 54 55 56 57 58 59 60 61 62 63 64 65 66 67 68 69 70 71 72 73 74 75 76 77 78 79 80 81 82 83 84 85 86 87 88 89 90 91 92 93 94 95 96 97 98 99 100 101 102 103 104 105 106 107 108 109 110 111 112 113 114 115 116 117 118 119 120 121 122 123 124 125 126 127 128 129 130 131 132 133 134 135 136 137 138 139 140 141 142 143 144 145 146 147 148 149 150 151 152 153 154 155 156 157 158 159 160 161 162 163 164 165 166 167 168 169 170 171 172 173 174 175 176 177 178 179 180 181 182 183 184 185 186 187 188 189 190 191 192 193 194 195 196 197 198 199 200 201 202 203 204 205 206 207 208 209 210 211 212 213 214 215 216 217 218 219 220 221 222 223 224 225 226 227 228 229 230 231 232 233 234 235 236 237 238 239 240 241 242 243 244 245 246 247 248 249 250 251 252 253 254 255 256 257 258 259 260 261 262 263 264 265 266 267 268 269 270 271 272 273 274 275 276 277 278 279 280 281 282 283 284 285 286 287 288 289 290 291 292 293 294 295 296 297 298 299 300 301 302 303 304 305 306 307 308 309 310 311 312 313 314 315 316 317 318 319 320 321 322 323 324 325 326 327 328 329 330 331 332 333 334 335 336 337 339 340 341 343 347 351 352 356 359 365 367 375 379 380 383
358 1784 4144 8554 13929 20305 25787 31535 33767 35418 34756 33800 32006 31384 29123 28471 26849 25290 24226 23713 22176 21778 20807 20127 19024 18903 17649 17591 16843 16224 15488 15686 14358 14516 13606 13393 12586 12788 11749 11700 11513 10917 10430 10450 9732 9787 9431 9049 8647 8634 8037 8057 7701 7284 7115 6973 6747 6660 6514 6213 5917 5940 5440 5568 5347 5040 4995 4807 4578 4510 4407 4167 4177 3994 3826 3895 3754 3416 3397 3349 3334 3229 3112 2956 2908 2831 2713 2701 2720 2520 2453 2365 2228 2167 2227 2060 2039 1966 1820 1869 1885 1617 1709 1711 1624 1553 1535 1398 1463 1374 1334 1308 1353 1221 1232 1141 1065 1061 1141 1016 1055 1009 933 936 966 802 889 860 796 766 816 721 698 709 674 663 668 590 580 606 542 529 609 504 523 510 495 466 483 388 439 432 376 355 394 339 375 346 339 349 374 334 322 323 264 279 301 240 278 263 255 241 269 225 232 212 212 188 230 180 205 196 187 180 200 157 179 137 154 149 168 137 152 131 122 149 161 103 140 125 105 104 148 103 119 101 104 99 109 78 83 87 65 63 80 67 69 62 78 62 65 58 76 52 71 67 71 50 64 35 42 35 49 49 41 42 38 33 45 44 37 40 33 25 29 33 37 28 23 19 18 31 31 22 27 14 27 21 28 17 22 22 17 11 17 20 18 13 44 22 17 16 9 17 10 14 20 10 15 11 6 10 11 12 6 2 14 6 11 7 8 11 6 7 8 4 6 4 6 3 2 8 5 1 8 3 7 3 6 3 2 4 4 6 5 1 3 4 6 6 1 3 4 5 6 4 4 3 5 1 3 2 6 3 2 2 1 2 1 1 1 1 1 2 1 1 1 1 1 1
358 1957 5865 16169 37596 79934 145746 273598 443861 699349 1046122 1529762 2107007 3010471 3958405 5345898 6990158 8851764 11215708 14699231 18250462 22924484 28439884 35531160 42182457 53676473 63744392 79425588 95307086 116664853 135796565 170985231 195187520 235492839 270691430 337219322 375249158 468600402 516414019 626472855 739168905 849066730 963318776 1149324381 1294670669 1538519464 1740899738 2044523050 2223207913 2651658553 2975052241 3438015348 3845799737 4439093621 4827262561 5642934269 6395784288 7341273756 8158769798 9647248769 10200878001 12247810518 12834311033 15184377324 16166000831 18786894512 20469250468 23507416866 25630203222 28693364540 31965697987 36369049630 38819492677 43959659926 47155830005 55342308316 60109712138 65194028343 70975105346 80517374558 92828959371 101965887071 107864347215 125876973614 129860478425 147708361771 159069073406 177295486499 203058961951 217863040358 230884143723 254493330990 274587229772 302146839362 339063242341 377721310868 388169459848 434560705672 450081641013 520218273383 579538414365 587041520567 678908464575 761617951394 816297585694 881274733440 915138998973 1003507529268 1069372224287 1190922533416 1321480145518 1445001662390 1604857041078 1627118192894 1762649060930 1838528984651 1975181996909 2110059358086 2548614808916 2569930923344 2856278332145 3029525998558 3160440631292 3316891876363 3857455451406 3620822039668 4446790512671 4629123045009 5045285537676 5260753131408 6101822805270 6083881917836 6212572693987 7321229089512 7782983484222 8209061833422 9303267857703 9205917102105 9881191177242 11360717083326 11344964346724 11752456330322 15210398602640 13944654067265 15765652961684 17006468886419 20072852602291 19257849210269 20958060441855 19003808041798 23595616270390 25268600330902 25260017681097 25756435208403 30973551771218 30798054747513 36496585104173 35518494811424 41368480205262 45094147537870 51890115457700 52038378057436 54006831957646 59189825400363 55706375822431 63785738460770 71365646462843 61955505728834 75939047556554 83703909747924 88435408014669 85742284289211 106158774898912 100372021268268 112286623704664 119615405832896 124716118141724 125887588382705 156255288679475 136825794623295 171571131771483 185574521760185 181676214798511 182468005352315 231709231264493 211942524975092 260875675081345 217231079232392 268525100797052 282843618334085 335636309097821 298563143111677 358439280848595 338059524640169 361150293733300 469894922928529 497955334066990 382728542047889 571742062625011 547643667431638 506349861679520 534958937062385 806593617128964 635446086323322 768575197424042 763199925985433 898584878242207 842952564259330 1056188790953223 827047737395740 993171850070128 1020007771980728 796081625705786 893016727160893 1179086780996524 1153235368405413 1207321173369282 1151003745965296 1647630385488064 1432608994212012 1588327512286558 1600737932901076 2023790637636103 1539708079236360 2241611328529479 2245440682166971 2594598327878316 1967735434530050 2933247351780337 1763818543628083 2227379113579773 2077512675007303 2869170996658650 3255696972106872 2870050480001291 3190161626938061 3370920153186959 3195700989504854 4332926280051816 5319158261891154 4645723912290876 4825890273820675 4510685017910610 3324224455915248 4587022906306443 5894742468269416 7061742411239175 6065636794894896 4372829280477052 4859278261321152 4197600784349426 8270800944361547 9451956236879048 7263318742951230 9184715589495463 6215533684167489 9995877597664680 8278283349433804 11554026634083894 9055045803855713 11718738458454161 12983898223091074 9840628160329349 6346606553942736 13471829280339835 15741588062324416 13295122391027264 11828238769706059 39541534071144372 23254596946242104 17864337714023899 19163711542845564 11748064268914695 21461783555128717 13724704594305560 21624167188312650 32654636306407193 18260202590149077 30130223859764756 24963809001555926 13174717870095096 24985813596783651 27771745045794691 31834875235061235 16823488338929433 6320275734297994 48589298731423835 24292781732075971 41544195823873428 32874709127403741 39548819748852810 52579063832479330 30319227378677268 43818076669014041 53107561368424905 25499786263332779 41315924848058243 28890830445412830 47630807003225784 24680993045351105 17873579212188627 85311414797552115 52560297322598857 11435542077822104 96486392271020998 49969871952746099 94048414805848530 58523230808274398 96341885418005509 51068146802124253 36085668432747659 76031891661378037 82951045599859672 136458129314789576 142950338418953481 26415807633566326 83025848315558332 119283566310524895 188443426023928854 206493067698670804 37274405776748077 119758696580999973 168163799634864079 225837512210266808 287567291628107556 209848176915314564 220931850567451508 176367301792207377 304746773967780726 68834885946073850 220959863585551017 157602510605333230 505804893817350714 270526304941648869 192900220384405520 206302932643470650 117949491546113972 252217035667592710 144117936527873832 188008647052292980 244904537455382406 261578907351144125 340122810048577428 827532361866684724 610898403751884101 695143713458946040 1161537834849962850 1498478743590581081 1596675274490756791 1930656072350465812
3 4 5 6 7 8 9 10 11 12 13 14 15 16 17 18 19 20 21 22 23 24 25 26 27 28 29 30 31 32 33 34 35 36 37 38 39 40 41 42 43 44 46 47 48 49 50 52 53 54 55 56 57 58 61 68 73
8 50 59 156 141 321 235 355 274 359 236 353 217 242 160 165 81 119 58 64 36 60 32 37 26 42 23 21 14 37 13 25 17 21 7 14 4 5 6 12 5 5 1 1 3 1 1 2 2 2 1 3 1 1 1 1 1
8 57 95 369 436 1759 1702 4578 4455 10031 8290 24258 17470 33588 26202 44621 25765 46901 25359 45906 26457 69258 43108 68416 54138 121362 72812 105812 69699 202673 100386 258177 172992 288266 113072 342283 111672 128357 192767 452801 253385 359858 106348 106348 452180 105558 211116 505662 377751 829035 281589 803121 563178 772310 526823 3483260 6175470
