2 3 5 6 7 8 9 10 11 12 13 14 15 16 17 18 19 20 21 22 23 24 25 26 27 28 29 30 31 32 34 35 36 37 39
1 2 7 5 9 10 11 25 40 24 11 17 17 11 25 30 33 36 34 72 88 77 20 9 9 7 8 5 4 3 5 14 9 1 1
1 3 10 7 11 15 15 32 52 30 14 24 26 15 30 41 38 40 38 96 102 92 21 9 9 7 8 5 4 3 5 15 9 1 1
2 6 25 20 28 38 37 65 226 62 34 56 86 91 175 375 722 513 677 11777 4752 17076 7138 4920 2172 1077 1234 318 34 4 22 2256 576 5 1
2 3 5 6 7 8 9 10 11 12 13 14 15 16 17 18 19 20 21 22 23 24 25 26 27 28 29 30 31 32 34 35 36 37 39
1 2 7 5 9 10 11 25 40 24 11 17 17 11 25 30 33 36 34 72 88 77 20 9 9 7 8 5 4 3 5 14 9 1 1
1 3 10 7 11 15 15 32 52 30 14 24 26 15 30 41 38 40 38 96 102 92 21 9 9 7 8 5 4 3 5 15 9 1 1
2 6 25 20 28 38 37 65 226 62 34 56 86 91 175 375 722 513 677 11777 4752 17076 7138 4920 2172 1077 1234 318 34 4 22 2256 576 5 1
3 4 5 6 7 8 9 10 11 12 13 14 15 16 17 18 19 20 21 22 23 24 25 27 28 30 31 33 37
33 59 132 178 115 74 39 42 29 22 15 13 14 17 7 9 1 5 4 5 4 1 3 2 1 2 1 1 1
33 63 193 356 369 379 322 536 523 601 650 858 946 1896 1064 1768 231 1518 1749 2240 2724 792 2796 3150 3765 5446 3718 5604 12310
3 4 5 6 7 8 9 10 11 12 13 14 15 16 17 18 19 20 21 22 23 24 25 27 28 30 31 33 37
33 59 132 178 115 74 39 42 29 22 15 13 14 17 7 9 1 5 4 5 4 1 3 2 1 2 1 1 1
33 63 193 356 369 379 322 536 523 601 650 858 946 1896 1064 1768 231 1518 1749 2240 2724 792 2796 3150 3765 5446 3718 5604 12310
