14 15 16 26 27 28 38 39 40
253 329 293 430 697 317 84 133 55
910 1323 1190 654 992 436 89 143 60
10368 21889 13658 151104 597788 77096 18313 30074 10114
14 15 16 26 27 28 38 39 40
253 329 293 430 697 317 84 133 55
910 1323 1190 654 992 436 89 143 60
10368 21889 13658 151104 597788 77096 18313 30074 10114
3 4 5 6 7 8 9 10 11 12 13 14 15 16 17 18 19 20 21 22 23 24 25 26 27 28 29 30 31 32 33 34 35 36 37 39 41 43 46 48 52
36 159 378 761 710 879 662 599 327 330 209 163 103 104 71 58 29 38 22 24 19 18 9 16 9 14 8 13 2 10 2 1 3 3 1 1 2 1 1 1 1
36 185 561 1519 2181 4146 4948 6618 5948 8130 7917 8718 7352 10626 9814 10305 6248 12683 9317 13016 12674 15997 9594 19177 15060 31540 22972 43468 6020 51292 14734 6842 34210 26841 10143 29766 86548 37338 63261 89134 173525
3 4 5 6 7 8 9 10 11 12 13 14 15 16 17 18 19 20 21 22 23 24 25 26 27 28 29 30 31 32 33 34 35 36 37 39 41 43 46 48 52
36 159 378 761 710 879 662 599 327 330 209 163 103 104 71 58 29 38 22 24 19 18 9 16 9 14 8 13 2 10 2 1 3 3 1 1 2 1 1 1 1
36 185 561 1519 2181 4146 4948 6618 5948 8130 7917 8718 7352 10626 9814 10305 6248 12683 9317 13016 12674 15997 9594 19177 15060 31540 22972 43468 6020 51292 14734 6842 34210 26841 10143 29766 86548 37338 63261 89134 173525
