3 4 5 6 7 15 16 17 18 19 27 28 29 30 31 39 40 41 42 43 51 52 53
11 63 111 160 156 387 1358 1538 1836 1950 4406 11252 11778 12096 10692 4683 11070 10243 9079 6979 50 80 11
59 587 1013 1097 993 1611 5471 6193 7715 8498 26454 62552 61050 60110 49784 11032 24525 20468 16656 12096 57 81 11
727 26075 36228 30522 28290 304734 1594304 4403155 20611724 24037768 4469515565500488 66904123562439504 68918447335739604 62821135106549775 38938025443635619 9291293159872254 32901531778667562 15668040042740313 8807156021568539 3710986600462958 5881543 691255 83
4 5 6 7 15 16 17 18 19 27 28 29 30 31 39 40
2 12 18 8 18 61 51 78 67 33 66 56 39 33 3 2
7 26 46 14 43 128 117 156 151 42 90 63 48 37 3 2
222 408 602 138 2463 12132 48408 569030 343083 788728 12603530 8258654 4640990 13742673 49 13
3 4 5 6 7 8 9 10 11 12 13 14 15 16 17 18 19 20 21 22 23 24 25 26 27 28 29 30 31 32 33 34 35 36 37 38 39 40 41 42 43 44 45 46 47 48 49 50 51 52 53 54 55 56 57 58 59 60 61 62 63 64 65 66 67 68 69 70 71 72 73 74 75 76 77 78 79 80 81 82 83 84 85 86 87 88 89 90 91 92 93 94 95 96 97 98 99 100 101 102 103 104 105 106 107 108 109 110 111 112 113 114 115 116 117 118 119 120 121 122 123 124 125 126 127 128 129 130 131 132 133 134 135 136 137 138 139 140 141 142 143 144 145 146 147 148 149 150 151 152 153 154 155 156 157 158 159 160 161 162 163 164 165 166 167 168 169 170 171 172 173 174 175 176 177 178 179 180 181 182 183 184 185 186 187 188 189 190 191 192 193 194 195 196 197 198 199 200 201 202 203 204 205 206 207 208 209 210 211 212 213 214 215 216 217 218 219 220 221 222 223 224 225 226 227 228 229 230 231 232 233 234 235 236 237 238 239 240 241 242 243 244 245 246 247 248 249 250 251 252 253 254 255 256 257 258 259 260 261 262 263 264 265 266 267 268 269 270 271 272 273 274 275 276 277 278 280 281 282 283 284 285 286 288 289 290 291 292 294 296 297 298 299 300 301 305 307 309 313 317
112 971 2359 4931 6959 9277 10334 11231 11083 11168 10457 10016 9062 9102 8477 7791 7601 7310 7079 6623 6388 6291 6208 5611 5568 5335 5301 4958 4932 4770 4900 4296 4457 4155 4259 3836 3872 3819 3799 3348 3608 3269 3342 3040 3060 3095 3062 2660 2848 2722 2758 2377 2567 2505 2444 2102 2403 2191 2221 1884 2072 2073 2016 1660 1968 1804 1805 1476 1735 1653 1653 1280 1576 1454 1487 1167 1386 1359 1360 1018 1294 1221 1239 936 1130 1114 1059 819 1109 951 1007 751 887 938 870 617 844 796 783 580 725 780 680 514 700 655 646 471 580 636 555 365 564 520 538 367 486 503 490 293 452 392 429 290 401 366 391 235 364 288 353 253 309 298 302 192 292 212 279 206 245 215 266 144 238 154 212 167 195 156 198 133 203 139 160 146 171 118 157 104 162 107 116 124 137 95 122 86 128 83 81 93 121 59 110 63 116 53 72 60 98 55 73 41 76 52 54 47 72 52 59 37 66 44 48 30 51 34 40 34 34 42 29 24 43 34 33 23 35 28 32 15 30 23 23 18 13 22 11 12 26 16 15 14 23 12 9 9 19 15 7 11 13 12 8 7 11 12 9 9 16 13 9 3 7 9 4 5 8 11 3 2 5 12 7 2 10 9 6 2 2 6 4 2 2 6 5 3 3 4 4 1 7 2 2 1 1 2 1 7 1 1 1 1 1 1 5 1 1 1 1 1 4 1 1 1 3 1 1 1
112 999 2974 8814 18452 36071 63522 102769 163215 231364 340721 450829 624132 817845 1122567 1336284 1869452 2228150 3054141 3522450 4732570 5557932 7612077 8270707 11284250 12588934 17126937 18319173 24660391 27294512 37359477 37553220 52468185 54877130 74660945 75082741 100981934 109822736 145786174 138250637 199264490 198478392 265848463 255948899 342895703 378859224 486748491 443573329 640465265 659556013 857206924 775427821 1083615180 1163984382 1451088672 1278540960 1931185968 1890248696 2441716092 2145428569 2982430846 3239663363 4053338247 3402808581 5167054775 5129042483 6447147955 5362939107 7875216321 8106777812 10337548373 8042270380 12592909062 12533150703 16531605322 12573722293 18704968664 19610275817 24829444154 18553511534 29900482072 29732808244 38327113315 29332076353 42400761415 44671035826 52501077288 42376781577 68936457608 63333746211 86015221540 62353002443 92575183346 99451884340 115440926883 85361960750 138619967638 138576647648 176309405281 127860564001 193251327027 215732716404 221013667554 182724911756 290823622645 285329787797 363641921092 268233837824 389299041198 443088703539 455597225401 324283907978 572927963335 562188066695 723271290341 482893546712 778451604369 829838062926 933367924321 616946016565 1029951586824 975474131098 1420850245991 900470174437 1500036610468 1424345134563 1678256630760 1144637505159 1986509995782 1667443278230 2605360625806 1859799437399 2521106027634 2801594158738 2998015411885 2176017029376 3535145050955 2841348996510 4652661894300 3320492088747 4451462875071 4303171389165 5916184687127 3537970045003 6608273995816 4352901365101 7608993454726 5998707213158 7825098709822 6862694025082 9095160235747 7635845085773 12685240055273 8092652074000 12266965682808 11750067822742 15439104412279 10459976430120 16070779509180 12679729669611 21361640653803 13208863992739 17480944456805 21739940556963 24691656098136 16755452392640 26081273865262 22759324716536 36108750132532 20867132504910 26640248917717 34583719927622 45849469227208 20852028052254 46300482190752 31455881458220 66596586818016 25970313939620 44233620673120 41430070487000 79381926416155 39448225465461 66337281868467 42315729343000 94690214832124 53560552211404 70411630218963 62712679018012 117920311382696 74557442672663 105666988253567 65613835280109 147361238006054 90128845065415 121467856016266 76742392293396 163589308942260 97183943212797 139118571931663 126504105007987 165418565492441 184527382678188 149147481649599 119102909991234 274672120482099 185623664462841 233626335498331 156263035749060 268452639335560 215970369204327 318349015625409 144669034840780 381533626049556 249949353133836 332587798077624 240884749143920 176194395450379 335768606575541 226040817320589 227233450672938 616569454072779 346150937525241 336860106785325 367532096056617 603240053634105 371398444162075 282533834756599 335644320719742 955790461528370 638861297858624 335989122789575 562834962366045 645703989253712 716841642225606 528583271875433 455915651259979 1020489386821989 920459004813551 739319512808121 807055821276407 1528676469083520 1368449894376381 1119432932039465 362317770707556 1165445069033476 1303809232468005 614722930080283 846483611957770 1409082448982320 2160239056670746 625000356322922 461587108729362 1458752913403598 3230792415030948 1992100192085718 627783982613330 3313655823660755 3291746101837038 2339367950147567 851866168818712 919091500897350 2974451608565076 2060913995338910 1153345349894336 1243674833019230 4022688738361020 3561491937821658 2337151888686501 2518835191100442 3619040433265440 3899337479778500 1050197489931117 7918669527570242 2436748699688666 2624103601632430 1412749565173450 1637293969337171 3524556866114538 1896564103591584 14285780968025525 2195786311682516 2362219145337711 2540952590045698 2938929793929555 3160137867148997 3397584011986773 18262154180355265 3925922161489422 4534253126900886 5234371069753672 5622992691950605 6039763882095515 25946696508316352 6965850144195831 7479565078510584 9930972392403501 34306626233466312 13162217895057704 17414180133147295 23000006655487337
4 5 6 7 8 9 10 11 12 13 14 15 16 17 18 19 20 21 22 23 24 25 26 28 29 30 31 33 34 35 37 38 39 40 41 42 45 46 47 49 50 53 55 56 57 61 69 73 77 81
13 34 78 62 99 63 87 61 81 48 52 22 37 23 30 13 14 19 21 5 10 7 13 4 6 7 2 4 7 5 5 4 2 1 5 5 2 4 2 3 1 2 1 1 1 1 1 2 2 1
19 60 204 197 496 487 1039 892 2178 1723 3320 1711 3445 3044 6284 3537 4642 7130 13295 3498 9677 7272 22310 9668 19416 29676 11748 34348 61814 54780 77462 107256 40572 29766 149953 233882 106348 408210 128349 316674 211116 408452 281589 281589 386155 715220 2323520 8175936 14179000 12132164
