20 32 44 56 68
2705 18534 42442 23461 12851
1935646 1084301 430051 103926 22452
1002927911344 73254132821904957438 14553892072929302891 2231472160643671623 491265313666107
20 32 44 56
663 853 219 6
7998 3114 350 6
42317860 126270117 686747 45
3 4 5 6 7 8 9 10 11 12 13 14 15 16 17 18 19 20 21 22 23 24 25 26 27 28 29 30 31 32 33 34 35 36 37 38 39 40 41 42 43 44 45 46 47 48 49 50 51 52 53 54 55 56 57 58 59 60 61 62 63 64 65 66 67 68 69 70 71 72 73 74 75 76 77 78 79 80 81 82 83 84 85 86 87 88 89 90 91 92 93 94 95 96 97 98 99 100 101 102 103 104 105 106 107 108 109 110 111 112 113 114 115 116 117 118 119 120 121 122 123 124 125 126 127 128 129 130 131 132 133 134 135 136 137 138 139 140 141 142 143 144 145 146 147 148 149 150 151 152 153 154 155 156 157 158 159 160 161 162 163 164 165 166 167 168 169 170 171 172 173 174 175 176 177 178 179 180 181 182 183 184 185 186 187 188 189 190 191 192 193 194 195 196 197 198 199 200 201 202 203 204 205 206 207 208 209 210 211 212 213 214 215 216 217 218 219 220 221 222 223 224 225 226 227 228 229 230 231 232 233 234 235 236 237 238 239 240 241 242 243 244 245 246 247 248 249 250 251 252 253 254 255 256 257 258 259 260 261 262 263 264 265 266 267 268 269 270 271 272 273 274 275 276 277 278 279 280 281 282 283 284 285 286 287 288 289 290 291 292 293 294 295 296 297 298 299 300 301 302 303 304 305 306 307 308 309 310 311 312 313 314 315 316 317 318 319 320 321 322 323 324 325 326 327 329 330 331 332 333 334 335 336 337 338 339 340 341 342 343 344 346 347 349 350 351 352 353 354 355 356 357 358 359 360 361 362 364 367 370 373 376 378 379 382 383 384 385 386 388 391 394
261 1448 3875 9596 17888 28545 45805 53159 69757 128365 134143 128366 127975 119487 116511 107202 107419 99293 96957 91164 89988 82893 81430 74469 74291 69683 67415 63038 62646 58068 56789 52599 51375 47901 47012 43944 43587 40588 39058 35961 35564 32877 32429 30432 29778 27923 27438 24644 24485 22992 22009 20771 20825 18886 18682 17265 16800 15713 15428 14294 14420 13523 12986 12116 12168 11013 10926 10369 10213 9492 9762 8638 8582 8035 7897 7554 7696 6798 7115 6667 6535 5963 5879 5501 5827 5368 5288 4851 5125 4461 4510 4525 4563 4230 4439 4043 4152 3933 3707 3676 3968 3476 3438 3360 3182 3178 3326 2892 3149 2970 2844 2732 2798 2599 2588 2579 2545 2382 2417 2210 2263 2184 2024 2018 2165 1920 1937 1859 1841 1723 1737 1600 1643 1681 1507 1427 1550 1403 1286 1324 1338 1292 1329 1207 1225 1210 1071 1124 1093 1029 1108 932 946 883 965 851 908 825 816 801 875 716 705 724 682 658 743 581 625 656 580 540 582 577 596 509 532 477 477 424 478 468 420 418 498 387 381 410 371 373 402 348 343 324 318 306 354 288 270 272 263 293 281 203 249 220 231 235 219 196 215 206 212 195 192 159 168 177 170 159 168 147 155 141 171 145 122 117 149 137 130 133 126 128 128 104 133 109 118 130 115 163 91 103 94 93 95 77 84 75 62 71 74 58 62 58 92 66 57 49 58 50 56 49 43 58 53 48 45 41 52 52 42 49 32 31 38 39 42 28 30 37 30 35 36 25 30 25 14 32 19 19 27 18 15 12 10 16 15 10 6 5 10 11 9 16 10 9 5 7 7 10 6 14 5 9 12 5 4 21 5 6 4 6 4 4 6 7 3 4 4 6 3 6 7 4 2 4 3 1 1 6 5 2 2 2 1 1 1 2 1 1 2 2 1 1 4 1 11 5 1 1 1 4 1 1 1 2 2 1 2 5
261 1577 5423 17807 44757 103149 221016 389698 757540 1708509 2550900 3900560 5910709 8441126 11918719 15860995 22414122 28374277 38583490 49096530 65057545 79650912 105450030 123658560 161408555 191985421 242960592 287405050 365156086 428086078 533058972 612231388 749886160 848350382 1058431062 1207737196 1487426947 1694899965 2030271442 2248936131 2712655634 2966547653 3586686319 4042285102 4801875112 5381660444 6425604742 6880205516 8092761989 8886357420 10213092444 11438608041 13515686435 14552713913 17092046426 18297720104 20768717462 22292101182 25672726378 27976893003 32405393207 35663045089 40351815048 42565195882 49129823536 51194273274 58864255086 63927941901 72100348558 77376864089 91031107856 94169131684 104565531198 109714117779 124539087103 133760489322 151911670776 157135959430 182380243756 190590998599 213703323027 213210865779 243048477929 255730888734 292898215550 305915901158 356286854981 352356718151 425198849045 409144625477 454613335737 509541747277 589516828582 587827004558 728183779387 735822795985 876080138806 921425468159 1001011002625 1070766690612 1305355096712 1321893159334 1454575977243 1576275046891 1709677736919 1820487108548 2195352066394 2182643493875 2589189650748 2710380517007 3081931633924 3108468790183 3703154494424 3829576867215 4234376628338 4724657069780 5245339464433 5166551105824 6061143864315 6274080188323 7114888226199 7498666676390 7824313765644 8653893726496 10379688527784 9958668078339 11005061464090 11620104818387 13690669730095 13487334500190 14854690016726 16040804963886 17153331226988 19047924097171 20691937415492 20898621906904 26129984690662 24818960122086 24334676616830 28076195490061 32319659218222 33199552714334 39134257270436 38075374494090 40746839696676 45546221605887 46083375263667 51640883051744 55567564375697 57351450566001 70000861125157 62583559665721 70589779527598 70490937594292 86278601755028 85122141206801 99015314923743 97160400621882 112344806115954 111514540287464 140172392967398 129015183612180 132424157569159 148807422215795 155503004161116 167132389941372 212823033805152 169703844712250 201306390727956 227805657833311 236844641511054 230079473724397 264628750159113 294354017283935 341545322734074 297361886917174 352022341210883 332102425332058 394302750790105 359950109765160 449918195658994 463058112917206 502705048204050 516862694069838 614312838587780 549303969273570 601616941062874 715397054590342 700498635621221 699318985224246 893936990295104 800492299447754 833130333022562 857885221928410 967792790153091 1040473829793043 1242993281493832 1104795644288490 1109808138696672 1231124871403044 1291987660415007 1581242066451903 1671714821577454 1235077895016878 1756646442763113 1704906941848228 1837689884237542 2107927892372093 2111909069288325 2052891482541069 2338097654471913 2570120240204120 2866489038004009 2879914751353177 3108439903060125 2733066807702926 2748633162386040 3264276014177022 3824755266886739 3911965313169653 4305954711049199 4149753482825381 4768663556225228 4431080461141893 5905524239089451 6065799225088510 4806870139495557 5347621903835850 7686143427210819 7513860428022522 7801766183512631 8082368595707143 8437864400013340 9219437634839586 9938869816806127 8793599818594423 12975331130811994 10238368491558473 12284967555449962 13686287718446894 13511020135933537 18947653753836767 14334353922318408 15307644311356882 17382749952187948 17237524358229828 19193886233625283 16061925521879448 19891451514588814 18472226053302897 16712956299470231 20005607192178995 24823495206660873 17962858242878629 23350480816828712 21988979508577403 40922975534304190 28778057900117244 25434449925717728 24418460659341178 33454940855705960 28627789215462348 37563954616306121 30972229070764821 32036491222103072 44635281160372210 52041747402242160 45508637160515922 53623207471627194 46300226282807201 56457505940979359 61756723624346884 56208237921810757 70542245946853255 47758982078535841 50826085051771375 74855326644933573 78560741235338357 89856723631318688 60769859942524096 68629495594891104 99536872368155604 75851108013890888 95629733472468622 141763396857930505 100014521770629402 113943582005165566 93333451985134567 56947101435299346 150789367661077265 107756828329661349 112795359969666789 181329507828188716 106320773710607207 90469102965198521 86851523683932401 83082830233476935 132968484425629572 115571512760488902 91874219577505350 54253324297824458 48299083050657707 106573312325488390 141658149404227967 107921934348843102 249849359763730495 146697286386079346 142210916726377239 77908431288230908 131092685883954936 128185801764296410 233479428836040435 128748576224117346 352581000306452932 119950331763466144 323982782926268042 360408413603229331 147588586651520898 123466839320995546 723882067704334902 183898577976433138 340759971491236521 165335287125909374 308309387774552868 196022574540951500 220931850567451508 404942457970496788 450277622263801850 206504657838221550 289794749531624867 383710341631700523 500305333483792210 264651685597324365 578700661153216560 715358908122614710 434075047597613641 235898983092227944 504434071335185420 404457541869904560 144117936527873832 154043597379576030 1055661358862536518 940043235261464900 429236599486572598 458544573742434300 489809074910764812 261578907351144125 279363328483702152 298330063062758076 637111947576658168 340122810048577428 363117512048110005 775265065838058446 827532361866684724 441622981929358437 471314064268398780 2011830266024000080 572612058898037559 7646580848048406440 4216253942812642135 1022141228367345362 1238057794119125085 1406207446561484054 5993914974362324324 1812356499739472950 1930656072350465812 2056513475336633805 4380802664847530262 4665642397087784672 2645418340688763701 6385415036867065652 19252692173337145930
3 4 5 6 7 8 9 10 11 12 13 14 15 16 17 18 19 20 21 22 23 24 25 26 27 28 29 30 31 32 33 34 35 36 37 38 39 40 41 42 43 44 45 46 47 48 49 50 51 52 53 54 55 56 57 58 59 60 61 62 63 65 67 68 69 70 71 72 74 75 78 80
7 29 80 236 281 684 452 992 513 1039 559 867 431 746 370 567 289 491 241 325 141 249 125 239 121 181 98 107 49 106 63 102 61 74 39 61 36 53 24 67 25 31 19 23 12 24 12 29 19 10 6 6 3 7 3 6 7 3 6 1 1 3 1 2 1 2 1 2 1 3 1 3
7 39 119 553 852 3439 2689 12240 7350 29479 18237 56616 31632 98409 56158 153736 83098 243511 117781 296141 128572 376769 166419 522571 251377 679202 310094 647599 259559 817887 448052 1122868 642768 1324702 669515 1860393 1061398 1973857 725361 3689468 1233855 2523393 1234013 2669574 1570573 3025321 1503018 5542333 4058361 3303182 2079845 1933686 1163954 4527531 1786218 3153815 4132460 3219482 5792216 1228308 1663640 5142411 1741630 4025116 3483260 4647040 5359378 6642080 4087968 18961502 7089500 31859589
