27 39 51 63 75
8245 33687 34058 20226 3778
1440991 690416 200824 55470 4290
6564940295326280215 24141721815806317265 6261709112636700733 114671707145209106 11114091859
27 39 51
812 528 56
6070 1232 69
177573524 11663871 281118
3 4 5 6 7 8 9 10 11 12 13 14 15 16 17 18 19 20 21 22 23 24 25 26 27 28 29 30 31 32 33 34 35 36 37 38 39 40 41 42 43 44 45 46 47 48 49 50 51 52 53 54 55 56 57 58 59 60 61 62 63 64 65 66 67 68 69 70 71 72 73 74 75 76 77 78 79 80 81 82 83 84 85 86 87 88 89 90 91 92 93 94 95 96 97 98 99 100 101 102 103 104 105 106 107 108 109 110 111 112 113 114 115 116 117 118 119 120 121 122 123 124 125 126 127 128 129 130 131 132 133 134 135 136 137 138 139 140 141 142 143 144 145 146 147 148 149 150 151 152 153 154 155 156 157 158 159 160 161 162 163 164 165 166 167 168 169 170 171 172 173 174 175 176 177 178 179 180 181 182 183 184 185 186 187 188 189 190 191 192 193 194 195 196 197 198 199 200 201 202 203 204 205 206 207 208 209 210 211 212 213 214 215 216 217 218 219 220 221 222 223 224 225 226 227 228 229 230 231 232 233 234 235 236 237 238 239 240 241 242 243 244 245 246 247 248 249 250 251 252 253 254 255 256 257 258 259 260 261 262 263 264 265 266 267 268 269 270 271 272 273 274 275 276 277 278 279 280 281 282 283 284 285 286 287 288 289 290 291 292 293 294 295 296 297 298 299 300 301 302 303 304 305 306 307 308 309 310 311 312 313 314 315 316 317 318 319 320 321 322 323 324 325 326 327 328 329 330 331 332 333 335 336 338 339 341 342 343 344 345 348 349 350 351 353 354 357 358 360 361 363 364 365 366 367 369 370 371 373 376 381 390
243 1578 4189 10102 18351 29938 44123 52870 61319 64705 66815 65108 64763 62625 59492 57407 56175 53565 51843 49617 48460 46486 44107 42500 41825 40293 38557 36550 36974 34692 33667 32180 31849 29973 29500 27568 27849 26290 25539 23940 24653 22549 22252 21216 21484 19959 19941 18496 18925 17701 17498 16122 16944 15685 15039 14208 14559 13388 13455 12305 13285 12149 12225 11162 11899 10895 11001 10189 10427 9563 9830 8912 9269 8620 8700 7846 8535 7701 7843 7109 7603 6766 6971 6396 6758 6165 6147 5537 6214 5296 5470 5105 5341 4754 5026 4442 4692 4305 4543 3890 4354 3939 3859 3530 3760 3345 3553 3200 3386 3104 3237 2927 3166 2742 2805 2682 2753 2429 2689 2257 2449 2291 2305 1940 2354 2029 2101 1883 1973 1732 1981 1658 1683 1644 1620 1534 1614 1419 1376 1362 1395 1256 1357 1268 1210 1211 1110 1071 1165 1071 1049 1001 992 1000 931 892 831 883 859 826 877 790 714 816 696 720 726 718 668 698 632 587 608 621 581 657 534 571 500 477 465 531 475 493 483 401 385 406 407 364 408 378 358 384 326 330 320 329 317 343 291 272 270 279 285 284 243 300 265 252 201 232 177 260 200 232 212 184 182 187 204 187 166 182 141 145 130 127 132 159 108 137 119 111 97 95 80 108 95 122 105 87 66 87 67 90 68 70 61 73 54 44 59 59 52 76 56 51 46 56 32 52 54 70 47 44 40 46 25 37 64 31 28 44 28 33 26 34 18 35 22 28 16 20 17 39 8 30 16 11 6 25 13 27 11 16 7 14 10 12 9 15 6 19 14 14 9 13 11 18 5 22 12 5 3 8 5 17 5 8 5 6 3 7 4 15 3 11 1 5 3 2 10 7 2 1 4 1 5 2 3 2 1 2 1 2 2 2 2 1 1 3 1 4 2 1 1 1 1 1 1 1
243 1724 5849 18681 45661 107231 217113 402695 683611 1118915 1743654 2615123 3720079 5429125 7322572 10028198 13320224 18107954 22747696 30533115 38271296 49393062 59904425 77853830 92006560 120414776 142082572 174216611 211214812 262014405 303531438 379713767 440049033 528225423 622381821 738198743 854024325 1034888736 1181441653 1373620700 1610454569 1923913500 2111012110 2570020616 2920087758 3350939339 3861456221 4477379789 5038757451 5943766207 6609731796 7441337347 8579089276 9981148439 10630740735 12465236003 13703191214 15859077671 17404002772 19906944927 23024632050 25969701156 29045366983 32248867653 36736280551 42173435766 46023987851 51739807099 58510127238 65136275203 72506340447 80290254358 87369989091 99432013273 111298607548 120634895433 138453161540 156216065257 171410733777 186691459038 211023091291 231157175519 256506257676 284697310763 317014726404 337001815859 378126384396 400138621439 464525548061 490934581483 545661432370 596996437344 683320913710 705484514383 814372431554 854840307687 953407060756 1018344469241 1197866115035 1180165118371 1410100939393 1504543400034 1615324082118 1691163844772 1954675506277 2005882849624 2375192175565 2441370275441 2761297099580 2887241298274 3448683038211 3446592593157 4005109946772 4032868812551 4590589448732 4890447303712 5473205484666 5510660777962 6601939400929 6383592423492 7410208496735 7830883168503 8939353550044 8127332391373 11124508896777 10714063904430 12698761400230 11606347018565 14262867722666 13338588565979 17524412701747 16039706965633 18511900318581 18893845426311 22400944479323 21972165302071 25970388597648 24683465071933 27193185432298 28304786177982 34039471250475 31890672421931 39576085049090 40693305521121 42427773178021 45060803963446 49644748577411 48537148698377 60026285330413 59845723017723 65455922617041 66507189961617 73788974976130 79953377629199 83813293673799 91051545359229 90249776684275 102791074407191 120861281039599 115721836631970 136937079417604 138480998750170 137178134041882 166204442321183 162552960444332 178594282835369 200122944497376 210051133442729 222241212992493 236101574705358 260311946881904 249958165117929 282739330653409 318774327592536 330106341702294 398738024959492 370134641774574 414696751266682 403453936732490 410265925317700 451729201550612 554834300481464 565981220564267 585413822545133 663220845225733 588967970273628 617292262662065 707246661646287 790480302935579 754190930503826 927847753334515 908709588534685 975157536161436 1107419944166369 1127382092664145 1113792416549006 1215375458859431 1306554234017543 1404293981123015 1618805387407878 1648983304827498 1504606136896615 1665435069643591 1969163406705935 2160086864146124 2266342223842724 2235757518123824 2811337190236356 2756499670547096 2787830405644690 2438226327988645 3036696787189923 2486201868389178 4140136947569252 3560215421987626 4245601477496412 4352287812307879 3941914150548996 4356611579711175 4425635190817522 5615441357794362 5265389490172989 5734874664993794 6063823647896625 5425347599429525 6138364831545178 5840690785178517 5700989623484424 6501067730324694 8975616518759909 6639387993197004 9915773735564476 8793385878415723 8127848588268916 8404255175144833 8743410474225220 7858122904950973 11837902188632150 11586620484831372 14763973593568447 15066959810679183 12549266051557416 9561446145688082 13885548742100060 11951487084695479 17327775567289615 15250726433395137 15268318727215528 14572639762641622 19416529586808713 17820422360948015 12415395325406723 19176349227645545 18420880234364466 19389051650248872 32699016043175504 23982980647190256 22203271559119341 21420145882016822 28424728265792617 20867592745559403 32287294511855901 34757333455895281 51283740154534272 35618001510204265 32601017155521117 38753317983265536 44162880330080212 26419784782460064 42931927593982507 76691152627705186 42042758665511888 36341621459025261 67282985009242094 44832785183831706 52757389765371980 53315142737873835 65802424611565750 41984837449913681 93400943195947615 59290936825916675 77776464073546067 47164054350468569 54743009991854067 58271107363547047 153294449365723467 34605260751892861 113973802881139485 63458780840299746 49165330507556775 30795178093364829 161401138878100594 65510492813826620 146380099971909273 80388982447888110 116543154739749077 46844246940903845 112994747110077555 86680682315076072 115374716841812485 80114813124219533 169944940139424331 73148600947551197 228473220955165209 162598616913731539 199879487810984396 121329295366186239 227947182791634458 172056649112291479 360798484580205482 106999697131789908 532223241629646259 267429894287380015 111916212041167793 73950318452491470 279979675072814570 137746676290120661 525659659328703742 158117244034085890 266844331365655760 186372028883740385 306130725464740358 128244234107864088 390781263338838928 196022574540951500 766192259870885019 168469806338622867 757677061554911542 64325374609114550 335155407056450650 220959863585551017 168601631272450238 1046857503700648452 695254839734017015 220615720850585544 126108517833796355 774072432581788460 144117936527873832 750366665194475754 329274958331522088 602647668863049477 429236599486572598 229272286871217150 489809074910764812 279363328483702152 596660126125516152 726235024096220010 775265065838058446 883245963858716874 471314064268398780 536679070310691121 1717836176694112677 610898403751884101 2606755519988827836 1390287426917892080 790738119649411319 843250788562528427 899175348396088349 1022141228367345362 1238057794119125085 1701169427975813525 2998964447736452194
3 4 5 6 7 8 9 10 11 12 13 14 15 16 17 18 19 20 21 22 23 24 25 26 27 28 29 30 31 32 33 34 35 36 37 38 39 40 41 42 43 44 45 46 47 48 49 50 51 52 53 54 55 56 57 58 59 60 61 62 63 64 65 66 68 69 70 71 72 73 74 78 82
2 47 72 271 146 532 262 584 290 513 235 473 227 437 196 323 153 261 131 266 106 207 86 170 76 147 48 148 51 108 55 107 41 64 23 72 26 45 30 50 15 30 18 43 13 21 11 21 11 13 9 14 1 8 4 11 4 8 2 8 1 4 2 5 1 1 2 1 1 2 2 2 1
2 67 122 666 416 2911 1792 7717 4683 15249 8694 29347 17029 59625 30232 77430 39728 119633 68567 200108 83199 291041 116234 355023 153736 498825 139765 722211 246926 795188 458863 1307308 444062 1189531 357116 1487008 612495 2015482 975182 3202178 729232 2737638 1557686 4381039 1509225 3436523 1795495 5075810 1803397 3448776 2073844 3415772 479886 3793295 2000251 6107395 1995896 6597993 2598266 9329948 715220 6690654 3233090 9329342 2012558 1741630 8130300 4647040 3087735 13284160 20526876 21268500 13848650
