10 22 34 46 58
409 7558 44509 41733 5773
10773 215949 346977 116094 6585
1111675 103431433614 18042428909400417518 508800370665537753 84547710188
10 22 34 46
78 511 217 1
737 1577 332 2
39675 26669036 3380341 99
3 4 5 6 7 8 9 10 11 12 13 14 15 16 17 18 19 20 21 22 23 24 25 26 27 28 29 30 31 32 33 34 35 36 37 38 39 40 41 42 43 44 45 46 47 48 49 50 51 52 53 54 55 56 57 58 59 60 61 62 63 64 65 66 67 68 69 70 71 72 73 74 75 76 77 78 79 80 81 82 83 84 85 86 87 88 89 90 91 92 93 94 95 96 97 98 99 100 101 102 103 104 105 106 107 108 109 110 111 112 113 114 115 116 117 118 119 120 121 122 123 124 125 126 127 128 129 130 131 132 133 134 135 136 137 138 139 140 141 142 143 144 145 146 147 148 149 150 151 152 153 154 155 156 157 158 159 160 161 162 163 164 165 166 167 168 169 170 171 172 173 174 175 176 177 178 179 180 181 182 183 184 185 186 187 188 189 190 191 192 193 194 195 196 197 198 199 200 201 202 203 204 205 206 207 208 209 210 211 212 213 214 215 216 217 218 219 220 221 222 223 224 225 226 227 228 229 230 231 232 233 234 235 236 237 238 239 240 241 242 243 244 245 246 247 248 249 250 251 252 253 254 255 256 257 258 259 260 261 262 263 264 265 266 267 268 269 270 271 272 273 274 275 276 277 278 279 280 281 282 283 284 285 286 287 288 289 290 291 292 293 294 295 296 297 298 299 300 301 302 303 304 305 306 307 308 309 310 311 312 313 314 315 316 317 318 320 321 323 324 325 326 327 328 329 330 331 335 336 337 338 339 345 347 348 351 353 354 355 356 357 361 362 364 372 376 380 381 384 387
355 1682 3780 7008 10725 14031 17147 19685 20727 21355 21361 20485 19700 18445 18097 16691 16283 15399 14557 14108 13468 12822 12491 11855 11425 10839 10634 10213 9940 9430 9147 8667 8475 8036 7901 7619 7292 6996 6826 6419 6421 5996 5973 5586 5582 5223 5123 4929 4769 4515 4401 4337 4319 3996 3912 3847 3701 3516 3541 3273 3172 3005 3058 2883 2844 2732 2640 2633 2573 2495 2421 2275 2164 2136 2127 2034 2004 1871 1857 1861 1714 1778 1721 1592 1572 1545 1488 1452 1459 1425 1322 1228 1263 1310 1198 1116 1189 1183 1171 1121 1082 990 984 958 970 923 889 901 877 818 850 811 804 771 788 697 729 700 692 665 638 623 662 626 553 533 560 576 563 562 546 495 507 485 488 432 456 419 425 416 391 378 378 391 361 353 356 354 332 301 310 302 335 285 348 261 308 295 283 286 244 257 267 256 237 238 254 214 226 192 191 217 165 205 175 210 181 201 197 143 154 153 167 176 139 142 161 149 140 121 130 135 130 115 120 128 100 105 99 110 94 99 103 101 81 86 101 76 71 77 84 83 86 69 67 57 64 61 59 68 52 63 64 59 47 51 57 40 46 43 48 63 41 44 35 32 34 31 31 43 33 31 32 38 32 36 39 28 20 30 25 28 25 23 19 28 21 24 26 25 14 22 22 25 13 16 19 15 17 14 8 17 10 19 11 13 21 8 12 11 10 18 12 12 5 7 12 13 9 9 2 6 6 9 4 4 3 6 6 4 1 6 7 6 7 3 3 4 5 6 1 4 3 3 1 2 3 3 2 4 2 1 3 1 3 3 2 1 1 2 2 2 1 1 1 1 1 2 1 1 1 1 1 1 1 1 1 1 1 1
355 1867 5348 13993 30466 60135 108093 190891 301806 474329 698904 1003702 1400674 1896441 2610596 3361276 4449565 5742960 7142270 9239890 11451598 14335921 17781235 22048337 26776014 32529400 40219392 48044050 57790359 70436380 82596018 98340063 116032735 136241800 163471885 190127061 222194770 257560519 303195297 349200031 408128863 465223400 539881373 615242449 735503193 824890931 930907186 1089124435 1204206891 1384045218 1541199764 1800065055 2101462119 2301664171 2595568077 2982574927 3415798947 3730258842 4381404963 4736518069 5267863915 5902666480 6736202315 7432944837 8440626128 9303331186 10178837850 11884120127 13207044673 14883942417 15799759486 17728655731 18647364340 21695628294 25015989762 26832018787 29953059896 32002010322 35648299344 41633732111 42432279021 50371820902 55430040065 59719958699 64278988059 72889340693 83019837430 88097375993 97635923234 114086701244 114271510998 122666861601 141496756606 163580676839 171666143073 175654209831 209798092788 233123090996 266772735826 284394087750 321115367352 311780145122 360365710646 374810632507 444085167092 455014911710 507117673299 555470035761 625037182083 662056527393 752063227719 788293644525 840940485738 939075437219 1123892758184 1072127727931 1239159209843 1286374999449 1401288111126 1601242626040 1705301745308 1691341852041 2169214353105 2140697162533 2241633048665 2276795191922 2646441915908 3156362556023 3280019368639 3839360032636 3991180078914 4080824824246 4675439351095 4867075391924 5532522447343 5266962768998 6247450559661 6248839160904 7276365505057 7810078806340 8110346739875 8178078444940 9550603413660 10631677051999 11230538099468 11489106709684 13092125646354 14088878253941 14801635397286 15185169429229 18292450358607 17736193509454 21814954999845 20842290419655 27760385071864 22143537632218 30421141416086 31285102151261 30996930846039 35021730787453 33717242999830 38068017218385 44545281991893 43293589439571 45905639101668 51002967703561 62467409240428 52828853211689 64153103894494 60584878893018 64419240884846 87735927016059 68428898887307 92958808946672 93700486802856 110304247306487 110537139957303 129225122165860 136003796497325 111027913978925 124864658643358 133011509893675 159762621559596 182942573681525 169173272742694 189891907851684 240968329067646 219481958212545 226441282744581 230855653722495 247081616456002 309181596838617 293591919561380 295423695717969 354284905289805 376731072799630 327061532600209 364525310178966 396140307741088 509149314675364 410048128242278 523019391249650 581090187458103 622119153965936 520267209279723 592475924923076 768470049721563 606538756206521 621604617619592 820772914563420 851580803334805 998271463944422 1148211706218027 949925129161043 1017820673386139 891324543120983 1166558337924099 1170414182788326 1186322410071360 1445543021863485 1167069245922014 1653580206866686 1735866349838522 1735903704476361 1530962803876975 1818083145330045 2163075151615965 1599529466844358 1964800041490685 2330714504366359 2510860361941954 3861171948146235 2323812313336980 2821491756109319 2582549274754153 2461576271180335 2732471503668838 2719287310375481 2912387513312009 4693486644432968 3891295520139950 3704160358734523 4352162023512131 5652288972040730 5111543972583397 6298399820063968 7348695026735744 5257188112527950 3780725189797210 7236474080380705 6123396047533978 8034352072690599 6797909698203863 7176663305613857 7279869384991940 9554151780770259 8559774632803654 9892388587327226 12617652763272327 13417617904352550 7895004199343225 11680430284204983 13520609763848066 16569353220202167 9528896003822661 11920746398324910 16093471080253127 15165328566509055 17322596185222446 16430756356629729 8175490559489460 20370313166770662 13605336206754462 27660415965454574 16147412667223520 20435412641815140 37341973810254985 16872877548252102 22624483572564693 21727775633408370 22481180508697675 49518218190792733 32317449891762126 36929967563946481 14282535748883735 21678548923604095 38903915128375736 49894598943066350 34239334151731322 41313486184577931 9068506253801772 27881088620547712 40063303491621436 49052447738767713 22908741957947330 25499786263332779 20897550432587493 51329525680944582 48181490309658240 33891737211338115 8620496275465025 57552165987381309 73874959787696535 76935951163661668 84217174251791533 38593653809344873 41399543225617714 72641893473554403 81198932679148315 103310687201566138 17414180133147295 97395256886931563 81510376325083726 69000019966462011 46000013310974674 52831615267132652 88957384320681931 97464880054399962 74548811553496154 151742782857244222 122587209089954678 45772358543578028 143783645814053778 52462044228828641 168469806338622867 176367301792207377 128650749218229100 84300815636225119 90175434980549623 192900220384405520 206302932643470650 220615720850585544 164637479165761044 188008647052292980 200882556287683159 244904537455382406 279363328483702152 596660126125516152 318555973788329084 340122810048577428 363117512048110005 471314064268398780 502957566506000020 572612058898037559 958728697912338045 1238057794119125085 1596675274490756791 1701169427975813525 2056513475336633805 2484305294265418180
3 4 5 6 7 8 9 10 11 12 13 14 15 16 17 18 19 20 21 22 23 24 25 26 27 28 29 30 31 32 33 34 35 36 37 38 39 40 41 42 43 44 45 46 47 48 49 50 51 52 53 54 56 58 60 61 62 64 65 66 69 80
2 48 51 98 88 207 139 251 183 235 135 203 99 134 65 108 52 65 45 48 40 27 28 27 22 30 29 13 13 22 13 21 11 8 8 8 3 7 6 4 5 3 4 1 1 7 4 3 3 2 3 1 2 2 1 3 1 2 1 1 1 1
2 62 83 256 279 1162 985 3104 2746 6583 4762 13119 7682 17851 10243 28858 13900 32624 21134 39899 27659 36207 35640 55519 45172 87436 79970 74532 68585 163493 104160 230812 110522 150718 123298 219380 64550 237896 166585 180498 171529 247876 273336 74676 112014 751303 391849 316674 561395 272027 601007 204226 761475 1158465 1053646 1957263 1430440 2087972 1121505 1300156 3483260 9289091
