21 33 45 57 69
2447 17931 43151 24002 12461
1395944 799413 414029 104232 21072
380482900525 16633546573240031475 11061249874969541291 1776780444053294992 323251361847475
21 33 45 57
580 715 214 3
10655 2011 357 3
505427672 57615834 1380476 6
3 4 5 6 7 8 9 10 11 12 13 14 15 16 17 18 19 20 21 22 23 24 25 26 27 28 29 30 31 32 33 34 35 36 37 38 39 40 41 42 43 44 45 46 47 48 49 50 51 52 53 54 55 56 57 58 59 60 61 62 63 64 65 66 67 68 69 70 71 72 73 74 75 76 77 78 79 80 81 82 83 84 85 86 87 88 89 90 91 92 93 94 95 96 97 98 99 100 101 102 103 104 105 106 107 108 109 110 111 112 113 114 115 116 117 118 119 120 121 122 123 124 125 126 127 128 129 130 131 132 133 134 135 136 137 138 139 140 141 142 143 144 145 146 147 148 149 150 151 152 153 154 155 156 157 158 159 160 161 162 163 164 165 166 167 168 169 170 171 172 173 174 175 176 177 178 179 180 181 182 183 184 185 186 187 188 189 190 191 192 193 194 195 196 197 198 199 200 201 202 203 204 205 206 207 208 209 210 211 212 213 214 215 216 217 218 219 220 221 222 223 224 225 226 227 228 229 230 231 232 233 234 235 236 237 238 239 240 241 242 243 244 245 246 247 248 249 250 251 252 253 254 255 256 257 258 259 260 261 262 263 264 265 266 267 268 269 270 271 272 273 274 275 276 277 278 279 280 281 282 283 284 285 286 287 288 289 290 291 292 293 294 295 296 297 298 299 300 301 302 303 304 305 306 307 308 309 310 311 312 313 314 315 316 317 318 319 320 321 322 323 324 325 326 327 328 329 331 332 333 334 335 336 338 339 340 341 342 343 344 345 349 353 357 361 362 363 364 366 373 375 378 381 382 393
234 1425 3711 8606 15248 29004 37587 48873 85165 93963 100808 98609 98790 90644 89687 83515 82227 74330 72335 69212 68030 61976 60506 57222 55637 50731 49276 47208 46637 42479 41409 39135 38727 34815 33819 32394 31460 29256 28447 27231 26506 24387 23324 22475 22057 20285 19691 18989 18502 16885 16224 15657 15511 14027 13719 13281 12863 11763 11338 10877 10557 9802 9464 9143 8986 8488 7991 7731 7576 6991 6726 6477 6346 6114 5576 5635 5447 5244 4937 4962 4469 4318 4279 4087 4075 3956 3848 3769 3699 3707 3427 3469 3270 3304 3197 3172 3059 2948 2723 2773 2736 2564 2485 2501 2437 2516 2253 2308 2228 2109 2022 2087 2076 2031 1901 1800 1825 1771 1755 1759 1621 1688 1518 1629 1594 1417 1406 1367 1376 1302 1232 1262 1188 1161 1091 1188 1129 1027 975 1133 1093 982 883 983 873 896 817 879 813 765 811 721 713 701 685 732 727 632 648 642 608 574 537 596 523 570 505 507 552 483 469 503 439 428 439 432 502 407 379 373 372 363 317 383 364 336 328 323 294 302 297 373 280 274 239 304 275 231 235 272 201 215 194 224 213 182 217 187 173 191 175 188 171 172 134 171 169 165 136 156 147 150 118 119 136 134 138 133 114 106 121 134 99 155 109 120 92 97 93 97 94 76 61 85 79 54 77 58 79 53 50 64 72 77 57 50 49 41 52 40 50 42 41 47 42 44 44 41 39 40 35 46 36 38 39 33 38 23 26 29 21 39 26 20 19 19 13 21 23 19 11 16 9 24 13 4 68 16 17 14 10 11 8 10 4 11 5 12 20 3 4 10 5 5 7 4 8 16 3 6 3 3 4 6 4 5 7 3 11 4 4 8 4 5 4 1 2 1 1 7 1 1 1 2 2 2 2 1 1 1 1 1 1 1 1
234 1548 5213 15912 39413 99873 185695 364969 861732 1332708 2208246 3275181 5030993 6926690 10101066 13110385 18636640 23329232 31123711 39390674 52677649 62625138 81956016 98830996 127579270 149961727 187100437 218566929 281944823 320970856 400385940 455859686 582387016 639393123 781356423 882889136 1071743070 1220306880 1475043688 1650821320 2013814469 2228328688 2594042301 2948202352 3528140183 3836513602 4568196102 5028895554 6056982322 6542464930 7535870374 8102188208 9857198341 10299858540 12174274230 13382128304 15732356719 16418216634 18834709119 20126877483 23042628454 24676511260 28740430276 30535110191 35946871766 38268620043 41775594179 45297256084 51873035818 53204396923 59060314243 63365649132 71413766825 79066955352 82230201728 90909742173 99053808219 106687114906 118792504900 133718402790 140518366726 148176707886 168274740955 172541837923 199750848767 215626572835 243999784541 258007148337 295126852074 331347209755 349045836782 409026457476 418585372305 478488849331 522801521509 579367652378 638545788924 679478284335 704158373057 801202456213 917144260325 931684608457 1030075603935 1133181947646 1281151091420 1484792019433 1502776909189 1693642540237 1768152325625 1982460049901 2104323853574 2367330625014 2713778694377 2814458768449 3064279563169 3168979005931 3566205058740 3823626608074 4383365564311 4471605253445 4919896064393 5584002571762 5649031512363 6700219872776 7225101863272 7037026844594 8003564901019 8529967058986 9519914311168 10115548265944 10680706967891 11621738907554 12378317177224 13242658042908 14078123381205 16616721669109 17218938539347 17469798861298 17897810077081 24000546881438 23858397852666 24629179325230 24721292166363 28796684728432 29526198639438 33282585569986 33033600816282 37362894172604 37418951273203 41387497737670 48937169697346 46566153373970 51946887521640 54652862892249 58934937974914 71918405551489 72525715329995 71296909238565 86744509624695 84286633162200 90011101257423 95851793525838 95806615064301 115623405787392 118633748812574 138112669580432 129718334538163 144500753753421 175414231764629 164766737477656 184166659825072 197884334129196 200363833672162 196866285470614 239311347318746 252400927808512 306551744499726 279823682939952 299933571090915 315490114971855 342474157096624 348331009804353 352608703359815 435800994522988 463140281179179 493273892490085 495672215228739 537654646850975 502935913799439 591088788946918 640264143137944 838324128343265 683394756776553 729346218853121 755510775014853 963215262015858 1017397173403443 895179034526439 983824398912610 1257373260891658 1046882634119734 1159430403406604 1127601269608470 1456834803768956 1472717233879401 1475510666369231 1965369065199391 1657495978115731 1528779284168313 2052633796268708 2088325737230249 2333581595995944 2326506057032236 2533765949781985 2161688323820889 2930115237898078 3029391895632965 3389588542352676 2853757030809259 3754075873017571 3859548020875556 4276664786341446 3477269756360238 4020805151088210 4845935812627015 5374189441447538 6046558185971265 5801638471854247 5320360231083044 5996360099838424 7412349307345842 8559102196658075 6393298853475018 10214537752077266 8664590210790614 9299458155646573 8031855709536687 9496261486012279 10398283461096777 10829038898060257 12055269734184962 11034883451189339 9061543598357587 12535182529730734 13798369091456718 8904567422460445 15669859824728110 13326297439117220 20110154040846630 13658610399614389 14818483043334795 17487198062095733 21535101551579611 23260178419909595 24234446687611894 18936934194619622 19824445390259268 15740224042934792 25400827354293815 20551450233617655 26258722660888018 24761912414623022 29350318311425856 29706951907871354 33606657141023755 34859117181534049 38422272900085406 40652650080728979 43562555036581083 39770205215536255 39923662763399637 60312676852420316 46597714176581966 51764967931788208 66457314349366101 50342214855774510 78961096766351385 45439674146135518 53424098087483764 60511264679904642 50497092869062661 93301928714431120 79236525383265353 60141943532732217 58832733127172375 79235956602740497 55825155457439738 78961174785688131 100641938859851548 92661084089953130 48617326002654582 99553305849792736 53303729859042506 128733878651663592 83680245406657117 25052876018349206 467927697599915592 145976371596985758 131007389479707120 131435213611698565 107241475273131762 103817580670999319 80900496819518684 110464366551854715 46575844252695777 149909615858238297 68680423785955423 175569692424823194 306149556168061287 66133539740636284 74685953198401456 192098636847909964 125867237674565454 130290486842251792 164300245579097665 151432039870454612 216994099190819639 467028456997864775 95302768692776272 201867744662722452 104402864608322490 114468377080496145 165335287125909374 262537029230974840 196022574540951500 251941019363370907 367234309601800487 188756099057895644 730126677385056550 294613151447401356 310057053769850184 657907844089125440 348952501233549484 509055975479144060 441231441701171088 117949491546113972 235898983092227944 134819180623301520 144117936527873832 1018751216546819022 164637479165761044 214618299743286299 279363328483702152 726235024096220010 942628128536797560 1005915133012000040 1073358140621382242 572612058898037559 651688879997206959 1022141228367345362 1161537834849962850 1406207446561484054 1701169427975813525 1812356499739472950 3617712763867604423
3 4 5 6 7 8 9 10 11 12 13 14 15 16 17 18 19 20 21 22 23 24 25 26 27 28 29 30 31 32 33 34 35 36 37 38 39 40 41 42 43 44 45 46 47 48 49 50 51 52 53 54 55 56 57 58 59 60 61 62 63 64 65 68 70 71 72 74 76 78 81 84 86 90 92
3 61 93 280 295 728 435 1063 635 1200 604 1057 523 875 398 620 388 624 266 372 203 312 150 278 149 214 109 110 82 136 54 91 68 74 46 66 20 29 20 34 17 51 10 21 6 18 5 13 6 11 9 17 5 8 3 7 3 7 1 6 3 3 2 4 2 2 1 4 4 3 1 2 2 2 2
3 70 130 661 767 3469 2509 12539 7652 29955 17555 65670 32814 105401 54053 164404 96148 279406 120309 330915 151372 427734 179452 693271 313747 743348 331011 633759 367085 1003057 410499 1087807 802332 1335916 788747 1684360 562877 1120658 907829 2082899 1075095 3049182 601037 2172059 523149 2648765 639128 3304602 1275776 2263051 2275498 7892199 1888755 4442314 1689534 3749102 1750409 4741407 1053646 7152200 2876414 3865868 3865868 6966520 9294080 5411255 3087735 16351872 43142264 21268500 18578182 31592952 82025020 68525924 176432436
