14 26 38 50 62
730 15882 48925 27085 7375
13093 660676 379021 83436 9095
2316412 3833229744853936729 17374213812434305197 413908808128405532 176902336877
14 26 38
141 482 61
966 1250 81
146288 30522666 32804
3 4 5 6 7 8 9 10 11 12 13 14 15 16 17 18 19 20 21 22 23 24 25 26 27 28 29 30 31 32 33 34 35 36 37 38 39 40 41 42 43 44 45 46 47 48 49 50 51 52 53 54 55 56 57 58 59 60 61 62 63 64 65 66 67 68 69 70 71 72 73 74 75 76 77 78 79 80 81 82 83 84 85 86 87 88 89 90 91 92 93 94 95 96 97 98 99 100 101 102 103 104 105 106 107 108 109 110 111 112 113 114 115 116 117 118 119 120 121 122 123 124 125 126 127 128 129 130 131 132 133 134 135 136 137 138 139 140 141 142 143 144 145 146 147 148 149 150 151 152 153 154 155 156 157 158 159 160 161 162 163 164 165 166 167 168 169 170 171 172 173 174 175 176 177 178 179 180 181 182 183 184 185 186 187 188 189 190 191 192 193 194 195 196 197 198 199 200 201 202 203 204 205 206 207 208 209 210 211 212 213 214 215 216 217 218 219 220 221 222 223 224 225 226 227 228 229 230 231 232 233 234 235 236 237 238 239 240 241 242 243 244 245 246 247 248 249 250 251 252 253 254 255 256 257 258 259 260 261 262 263 264 265 266 267 268 269 270 271 272 273 274 275 276 277 278 279 280 281 282 283 284 285 286 287 288 289 290 291 292 293 294 295 296 297 298 299 300 301 302 303 304 305 306 307 308 309 310 311 312 313 314 315 316 317 318 319 320 321 322 323 324 325 326 327 328 329 330 331 332 334 335 337 338 339 340 341 342 343 344 345 346 347 348 351 353 354 355 356 361 362 364 368 371 377 378
420 1920 4587 9406 15001 19693 24604 27439 28594 28965 29463 26839 27211 26314 24936 23770 23785 21723 21326 21105 20134 19162 19498 17672 17657 17514 16452 16272 16174 14797 14797 14707 13767 13327 13534 12636 12334 12425 11740 11488 11585 10293 10595 10723 9722 9712 9837 8970 8862 9082 8498 8435 8617 7721 7713 7667 7020 7008 7223 6447 6650 6730 6141 6208 5950 5466 5563 5836 5149 5308 5319 4714 4822 4799 4396 4445 4502 4021 3970 4213 3795 3824 3878 3375 3655 3569 3201 3384 3370 2902 3012 3173 2912 2816 2883 2500 2613 2553 2324 2476 2551 2112 2137 2302 1993 2018 2112 1842 1884 1918 1725 1828 1849 1504 1635 1651 1612 1570 1507 1437 1371 1398 1278 1332 1350 1209 1124 1204 1088 1103 1073 1015 973 1016 922 1075 975 854 792 884 884 839 800 754 711 794 662 762 724 644 566 693 595 569 578 536 545 552 482 555 518 440 434 447 434 428 422 401 373 370 376 412 391 347 308 346 278 276 282 269 299 234 269 266 251 236 205 255 243 248 216 223 185 177 183 194 204 166 136 183 160 158 170 145 140 130 115 153 154 116 120 105 116 110 114 109 96 106 87 114 102 89 77 82 83 72 76 74 85 88 58 80 72 62 55 72 52 53 49 48 64 33 39 57 49 38 35 34 44 37 37 26 48 19 26 45 30 32 15 31 22 26 30 22 23 22 17 27 27 29 22 28 28 13 16 9 23 15 10 30 22 23 5 18 17 13 11 15 21 10 9 14 10 12 9 10 14 5 9 14 9 9 11 8 8 10 7 8 9 4 2 3 2 5 4 6 4 3 4 7 2 1 4 3 5 3 2 3 5 7 6 3 2 2 3 1 2 3 1 1 1 2 2 2 1 2 1 1 2 1 2 1 1 3 2 1
420 2070 6536 17337 40408 78964 144493 247248 398728 595345 921355 1247672 1817798 2513820 3395022 4359235 6041958 7466569 9650056 12647456 16257483 19470231 26031169 30666621 38544311 48329989 58862637 70387014 89522242 103112552 126160787 155462852 183413007 210147241 263832583 306979681 354264348 436686531 513573611 579588946 718182089 769694571 933860601 1138714390 1258705165 1458682089 1754145285 1937641016 2215656859 2650170285 3038049302 3416682273 4157334364 4425432877 5095479256 5889722095 6471184779 7308245810 8912624490 9260256927 10996785221 12929080646 14076230316 15618997313 17403986137 18877231134 21463343976 26570371244 27352337696 31140774393 36954394204 37317993020 43714841466 49786734662 52970781726 59219347198 71425771034 71821380702 81329859940 95717066832 102474253164 112953787930 133778299935 131486068579 158559777929 179441102601 187450529808 206208283718 246246280018 242461750331 276398380792 329444004991 363909392662 371809896523 431493456952 428438241959 498434705143 547506034926 574642010704 637716394534 787712342011 728514583183 827643577370 987952611693 961342712404 1082533845037 1320482026994 1273689270884 1461256581758 1600925623246 1730276178667 1860182605667 2171271963950 2059311932280 2368811553828 2619481425461 2999742316659 3020630066708 3333423712641 3596717653184 3742685840315 4314919178188 4542329708031 5023717195966 5775002065052 5668289211684 5845371698598 6963050665076 7186789230899 7990077522940 8659687119347 9220778724383 9097824575079 10980336777127 11144203152213 13450906162823 14030211077297 14261709150697 13816245332478 17595495753804 19514752463762 19679578363431 21404436205327 22070436437326 22110428053986 27946420777635 26697077864867 30999590591217 34795999047353 33822431495946 32060382348295 42842669060321 40998633474563 41852009150840 48281284354199 49008288398239 54587821407992 60706810323492 60843340237766 70996927513454 78039901712689 71837919665184 75515816225519 82550180561109 89778018587330 94841419850516 108445010115692 106584804750766 110801605045661 120921732219685 135993546089879 156611834375930 167729622267771 166623634131397 160387060373223 196600830517716 178989814869392 198724203877995 205699477429155 218044681312340 252543505201613 222952665875985 292580909606104 286060330613686 290073081186011 338391202905598 298953904318562 420739647423291 442170959846079 475376857302783 468292182446165 523532118697568 447585122062811 513241689041024 591705223122196 579474215894600 668938313208644 650046597824358 554071735508526 845823252477084 798421498706255 811690687158898 928418725361241 995661187196959 937899934753685 1035498787609475 941423927275738 1272106879326025 1316259273396540 1313055444845250 1333231883696211 1261277245620615 1562485767675951 1580906282590660 1718003510299157 1826665317902356 1612858598382407 2268572906018350 2023684615587233 2562345113930613 2551622146508402 2402930522060341 2123827962975072 2735215306421754 2850192522763785 2821496786370442 3139635929446068 3294224647956087 3622987228353106 4963303187521166 3314892442583011 4779206260761445 4715938604238220 4261342204750392 4167319470230432 6008478999426325 4584929826709013 4969088065684703 5586205733133262 5351709314961698 7344854636201537 4564612560222732 5998801417772128 8401905784958066 7110055328216199 6884313502808013 6299369019166126 7094095439107828 8614676050719038 8501380906219934 9960427589596893 7605736970789527 14869593341772544 6788461514540399 8375346709010706 16697348483593742 12719123397976518 16148979545211132 6384703535901982 15487267769176652 12557687035908613 15072677571235379 20688866651604896 14445681039394192 18130375421479626 18854477268952138 14643972327630790 25223420817369616 26316080816038812 29342101843694597 23039962043692992 35936931413924920 34745757058902675 17270762220029046 26182460132279183 13147669797271950 39791949821273838 30919313400604767 18428498353778580 65284296894624719 48066512663474612 59997851248239728 11989829171396542 55417505242056795 46487116154068461 38678806393197943 36186193407665623 61990655405000770 83061099938633455 48871864140459102 43768208277439905 71334432299673826 49082713578002428 68824067151191602 52274018988135085 74711717810064045 94646845916041176 36370395523923414 71721552158054904 130844965721176580 80747399785478110 111714884696363123 114325208197455877 87593282396210507 93151688505391554 130729179074748801 95961304346293132 117046461616548796 139577076040632153 64959146143318652 37342976599200728 58706341824754254 40034853525153890 111916212041167793 96950325107978807 200732252172115592 107552443241694981 86936222671834970 125628950682619236 236668699532163282 69601909738881660 39919565526999991 170992312143818784 131268514615487420 228861792717890140 248484618769780141 108618646341702930 172418554065415122 308966798737228732 472825178948598350 599522237776435264 241903326241558349 192900220384405520 206302932643470650 316610793068763422 117949491546113972 252217035667592710 387036216290894230 144117936527873832 154043597379576030 164637479165761044 351887119620845506 376017294104585960 401765112575366318 244904537455382406 558726656967404304 298330063062758076 318555973788329084 680245620097154856 471314064268398780 1005915133012000040 572612058898037559 741433159884081684 2697526045188265047 2639021199454947000 1406207446561484054
3 4 5 6 7 8 9 10 11 12 13 14 15 16 17 18 19 20 21 22 23 24 25 26 27 28 29 30 31 32 33 34 35 36 37 38 39 40 41 42 43 44 46 47 48 49 50 51 52 54 55 56 58 59 60 62 74 75 78
6 24 26 110 93 169 135 177 182 220 149 148 102 125 76 72 79 64 46 31 32 19 19 31 10 14 7 19 10 12 8 5 7 10 2 6 2 4 3 10 1 2 1 2 6 1 1 1 1 4 1 2 2 1 3 1 1 1 1
6 30 40 256 271 930 813 2317 2815 6317 4834 8827 7397 17128 10707 19083 24563 26826 22639 25874 28743 25124 27269 61566 20782 31908 18237 62980 39614 61528 62392 39952 59566 110360 31494 106523 49240 122783 88020 397185 43274 114400 106348 165188 561488 212696 105558 211116 294546 1434914 204226 690041 1158465 386155 2289016 715220 4087968 8175936 8118264
