27 39 51 63 75
6233 36772 33283 20364 3343
420074 716777 198543 55835 3707
14130624445159116091 15420144926372120422 4049242993792824941 66221474934294330 4367799270
27 39 51
399 541 44
1715 1157 56
40961808 15979857 45952
3 4 5 6 7 8 9 10 11 12 13 14 15 16 17 18 19 20 21 22 23 24 25 26 27 28 29 30 31 32 33 34 35 36 37 38 39 40 41 42 43 44 45 46 47 48 49 50 51 52 53 54 55 56 57 58 59 60 61 62 63 64 65 66 67 68 69 70 71 72 73 74 75 76 77 78 79 80 81 82 83 84 85 86 87 88 89 90 91 92 93 94 95 96 97 98 99 100 101 102 103 104 105 106 107 108 109 110 111 112 113 114 115 116 117 118 119 120 121 122 123 124 125 126 127 128 129 130 131 132 133 134 135 136 137 138 139 140 141 142 143 144 145 146 147 148 149 150 151 152 153 154 155 156 157 158 159 160 161 162 163 164 165 166 167 168 169 170 171 172 173 174 175 176 177 178 179 180 181 182 183 184 185 186 187 188 189 190 191 192 193 194 195 196 197 198 199 200 201 202 203 204 205 206 207 208 209 210 211 212 213 214 215 216 217 218 219 220 221 222 223 224 225 226 227 228 229 230 231 232 233 234 235 236 237 238 239 240 241 242 243 244 245 246 247 248 249 250 251 252 253 254 255 256 257 258 259 260 261 262 263 264 265 266 267 268 269 270 271 272 273 274 275 276 277 278 279 280 281 282 283 284 285 286 287 288 289 290 291 292 293 294 295 296 297 298 299 300 301 302 303 304 305 306 307 308 309 310 311 312 313 314 315 316 317 318 319 320 321 322 323 324 325 326 327 328 329 330 331 332 333 334 335 336 338 339 341 342 343 344 345 346 348 349 350 351 352 354 355 357 359 360 363 364 366 367 371 374 377 392
296 1544 3960 8957 14706 19867 27433 30177 32336 33423 34377 31883 32390 30757 29277 28555 28582 25764 26571 25454 24352 23714 23204 21435 22036 20723 19573 19903 19342 17565 18484 17579 16301 16647 16305 14987 15501 15062 14344 14286 13929 12569 13256 12552 11779 12002 11543 10748 11275 10692 10088 10499 10049 9274 9760 9130 8912 8847 8714 8172 8305 7940 7562 7709 7450 6943 7391 7075 6542 6808 6454 6015 6288 6070 5584 6088 5652 5205 5443 5076 4843 4942 4799 4560 4600 4671 4207 4374 4213 3898 4041 4150 3576 3730 3736 3297 3349 3403 3171 3317 3076 2986 2963 2919 2866 2848 2640 2713 2671 2547 2412 2372 2357 2273 2355 2316 2212 2095 2054 1926 2007 1910 1806 1894 1755 1652 1644 1598 1549 1582 1515 1518 1515 1430 1373 1375 1289 1262 1222 1320 1155 1230 1153 1012 1048 1078 984 1097 1025 926 961 931 861 922 854 951 874 842 789 787 739 738 731 779 739 712 713 658 613 597 596 636 584 556 557 560 499 504 512 528 502 495 455 400 419 387 386 439 420 439 373 322 357 339 351 360 308 320 345 283 274 279 280 286 267 275 251 223 208 202 209 241 228 207 249 159 190 144 186 210 176 160 158 129 151 142 143 144 137 125 128 121 105 107 106 95 98 125 102 86 84 64 102 87 76 71 78 70 66 57 61 63 58 48 41 53 45 67 84 42 37 40 36 37 41 23 41 29 24 23 23 32 26 29 25 16 17 16 21 21 23 17 14 9 16 15 18 15 15 12 13 16 10 7 8 7 12 12 12 8 3 8 5 8 9 10 9 8 9 5 7 3 10 7 5 9 5 4 6 4 3 4 8 3 4 1 5 4 2 2 1 3 1 3 1 3 1 1 3 1 2 1 1 1 3 1 3 1 1 1 6 2 3 4 2 2 2 3 2 1
296 1676 5478 16458 38603 77927 155848 264581 433902 675160 1046389 1462894 2140767 2937682 4003901 5271143 7378508 9104577 12351209 15716340 20151621 25283625 31718591 38669647 49416873 59736750 72479092 89603203 111951236 127920964 160737077 191199743 220976930 272584809 328148560 371810779 458947465 546267716 633591941 746528187 880560773 975170534 1197503011 1352321983 1574864441 1828941762 2134694215 2375090498 2858077465 3221048694 3624957540 4369662132 5039156025 5492962835 6579128286 7238287237 8238668153 9365792353 11015941920 12189861836 14243809322 15858099138 17566642686 20081998754 22844509748 24432246794 30232690612 32650541325 35608242729 41853584518 45838823440 49281147132 57937144107 65627919157 68760368788 84544795517 91911621700 96795037259 112963550113 122606295750 131006051099 151717737885 170160271846 184099501984 208331207684 233600437912 244729936163 293613101356 316679010305 338031707488 387097267894 443856695274 437423241189 502411548909 585061893876 581331512589 663274412464 780242082313 787751713302 919693192303 965671736975 1064500550521 1182242092089 1338049043027 1428552064903 1598298946675 1637816742633 1832969907780 2118925094245 2198855012036 2362896909305 2618513776973 2904287482806 3123728631282 3651829261757 3838603452772 4152512565765 4315776348182 4830128346608 5031145319441 5790317922530 6236779985404 6539554912229 7321920587662 7771783441154 7898801830035 9030962059045 9588752817721 10059268556780 11954258708626 12450504124555 13592667963493 15281288847165 15630042123176 16194515817107 18797814637226 19675121334672 21557045748055 22404086480797 25577061165127 25234771240087 29112702403526 30274205006760 31236242937903 34852647165839 38903475737158 38685146109732 46366326643750 47588668364531 47790726153738 56044704653789 61516496958044 59594027952431 73896401481965 71104833539174 86172321791404 91004846298446 96212012178248 96968256598616 109643131573562 110166917706855 127428837076140 137671812887856 147383135480211 154052222205675 165994790469073 180796937863382 190671985091809 189419317524720 209942861822177 212016535745644 250036007762032 251064490261220 265551335255786 311750580540542 343828882853087 299240388307521 358590988294950 384318043248545 409852384825880 451114615099808 487194069779305 479950750434645 500244093316253 567190217707623 543429475619930 617543970378342 716507238790522 776029142334576 899029105174426 756823293744415 778933239036792 914479670419305 1018475867457118 1070162478771632 1168021130167401 1072983855559052 1283629522624079 1476206551988535 1414379728897965 1369696358218169 1612169739592763 1615290896157975 1732021498909739 1870275786810324 2037614444036604 1962674061630558 2136889701550638 2008272792361643 2266139506002565 2275534884235844 3048007893749142 3062869495685823 2988863750077364 4252543269747658 2736937258688477 3834849846151057 3130379951974924 4077995760869354 4730615912184542 4603023785959256 4486474324357410 4798959949399700 4584775486132512 5087231908859372 5585338037394285 5764221886020981 6306758054241411 7039025648562422 6926560197065085 7181115700277268 7577746907811371 7537874653726795 7826514584212291 8565782877168939 8265409587884386 9562062564220000 12541887138889128 11025440382218136 10628430951259364 10355429724026380 9171288027906297 15637072843516786 13169770487256902 13694559279309040 12989663598930354 15491322459903478 15965412609856533 16422632061087992 15167374787944990 15484808357885614 18156856486463645 20093607363740389 16414880531651960 14722777148846857 20867010025039675 17223264416735542 35576970414845391 37016739206784237 20738706680141649 19948501244662053 24308119596027826 21869247194083811 23498199131346868 30997728180650705 16974156523104705 34017486966346600 24773266224205055 21455506459106970 23399671353177353 25824316630270337 38601277799673337 35111057445384452 44938287277759642 36866229440752667 24248270789945080 30367956771003672 30596151621549960 40972465799177000 51018468083497546 56529038281865844 50250526123221756 40527492971209853 23444335090916793 52833633030212343 45853611494698861 58798288839002488 61480961756832210 66564229025534061 52797786301948524 67302343015160319 93725126904158502 64785826787263444 38583705599260369 46234255106039570 49658841791714839 80747411399782684 91583481743175309 105264594405580632 75223474917097285 27126662148912229 79447779139228008 51833938482453519 87593282396210507 106254582466028380 173555052020868988 133535068491021642 127067963987520045 141770743634577091 98613112812295610 143085365564537567 77377830124354618 228835710037002071 154832404115873575 119950331763466144 279979675072814570 139635888997550338 121304727959371856 186281314662305164 132265834923840792 109349766422936984 228936754160992290 330670574251818748 137317075630734084 238561647992869681 52462044228828641 277088452680325797 292629253744748210 240421399358666176 137669771892147700 73653287861850339 231255798467183569 84300815636225119 258777066252999861 103151466321735325 330923581275878316 126108517833796355 134819180623301520 432353809583621496 154043597379576030 329274958331522088 175943559810422753 200882556287683159 214618299743286299 687816860613651450 244904537455382406 784736722053432375 298330063062758076 318555973788329084 363117512048110005 2482597085600054172 883245963858716874 1610037210932073363 2290448235592150236 1303377759994413918 1390287426917892080 1798350696792176698 3268972933273199346 2639021199454947000 3398704041358160275
4 5 6 7 8 9 10 11 12 13 14 15 16 17 18 19 20 21 22 23 24 25 26 27 28 29 30 31 32 33 34 35 36 37 38 39 40 41 42 43 44 45 46 47 48 49 50 51 52 53 55 56 57 59 62 64 66 70 73 74 80
26 35 110 84 196 97 235 144 222 142 187 115 155 86 108 68 92 47 100 53 78 38 60 19 48 36 26 21 36 15 40 20 20 24 28 11 20 8 14 7 8 5 3 2 8 2 7 5 2 1 1 1 1 2 2 1 2 1 1 1 1
33 54 253 271 1056 748 3055 2256 6885 4859 11163 8866 19493 14296 25817 19688 41343 23768 68662 45334 91639 48134 113116 42692 138898 120384 123298 120444 294816 121199 437961 231232 387343 435000 581167 243919 621095 269488 570481 395627 479117 320456 231506 195514 1082229 152395 1378698 903522 441819 422232 281589 816904 386155 1562414 2860880 1932934 2600312 2323520 6175470 8175936 18578182
