1 2 4 13 14 15 16 24 25 26 27 28 36 37 38 39 40
3 12 13 83 109 133 104 30 206 175 175 127 3 8 9 10 5
46 50 125 160 230 255 200 36 261 223 200 143 3 8 9 10 5
431 295 1078 763 1768 2934 1895 1309 64466 38117 21747 29446 521 609 320 409 134
1 2 4 13 14 15 16 24 25 26 27 28 36 37 38 39 40
3 12 13 83 109 133 104 30 206 175 175 127 3 8 9 10 5
46 50 125 160 230 255 200 36 261 223 200 143 3 8 9 10 5
431 295 1078 763 1768 2934 1895 1309 64466 38117 21747 29446 521 609 320 409 134
3 4 5 6 7 8 9 10 11 12 13 14 15 16 17 18 19 20 21 22 23 24 25 26 27 28 29 30 32 33 34 36 37
18 112 198 269 260 272 257 139 90 57 67 32 44 21 34 13 15 7 13 8 7 4 4 4 1 5 1 3 1 2 1 1 4
18 123 319 594 907 1400 2111 1728 1892 1622 2632 1950 3359 2375 4378 2680 3504 2124 4885 4529 4147 2838 4050 5769 1575 9407 2436 10892 4565 11208 6842 10143 49240
3 4 5 6 7 8 9 10 11 12 13 14 15 16 17 18 19 20 21 22 23 24 25 26 27 28 29 30 32 33 34 36 37
18 112 198 269 260 272 257 139 90 57 67 32 44 21 34 13 15 7 13 8 7 4 4 4 1 5 1 3 1 2 1 1 4
18 123 319 594 907 1400 2111 1728 1892 1622 2632 1950 3359 2375 4378 2680 3504 2124 4885 4529 4147 2838 4050 5769 1575 9407 2436 10892 4565 11208 6842 10143 49240
