27 39 51 63 75
3366 35291 36490 20677 4171
351325 783595 217289 57483 4766
174759604778128744 16107837950763717466 6253787656179072558 126358959079421254 18248092525
27 39 51
323 561 64
2249 1245 85
12360247 7142753 41878
3 4 5 6 7 8 9 10 11 12 13 14 15 16 17 18 19 20 21 22 23 24 25 26 27 28 29 30 31 32 33 34 35 36 37 38 39 40 41 42 43 44 45 46 47 48 49 50 51 52 53 54 55 56 57 58 59 60 61 62 63 64 65 66 67 68 69 70 71 72 73 74 75 76 77 78 79 80 81 82 83 84 85 86 87 88 89 90 91 92 93 94 95 96 97 98 99 100 101 102 103 104 105 106 107 108 109 110 111 112 113 114 115 116 117 118 119 120 121 122 123 124 125 126 127 128 129 130 131 132 133 134 135 136 137 138 139 140 141 142 143 144 145 146 147 148 149 150 151 152 153 154 155 156 157 158 159 160 161 162 163 164 165 166 167 168 169 170 171 172 173 174 175 176 177 178 179 180 181 182 183 184 185 186 187 188 189 190 191 192 193 194 195 196 197 198 199 200 201 202 203 204 205 206 207 208 209 210 211 212 213 214 215 216 217 218 219 220 221 222 223 224 225 226 227 228 229 230 231 232 233 234 235 236 237 238 239 240 241 242 243 244 245 246 247 248 249 250 251 252 253 254 255 256 257 258 259 260 261 262 263 264 265 266 267 268 269 270 271 272 273 274 275 276 277 278 279 280 281 282 283 284 285 286 287 288 289 290 291 292 293 294 295 296 297 298 299 300 301 302 303 304 305 306 307 308 309 310 311 312 313 314 315 316 317 318 319 320 321 322 323 324 325 326 327 328 329 330 331 332 333 334 335 336 337 339 340 341 343 344 346 349 350 351 352 354 355 356 357 358 359 361 362 364 365 366 367 368
292 1435 3914 8268 13971 20461 28003 31727 35518 36078 36999 35385 35709 33236 32827 30823 30785 28209 29033 27032 26993 25370 25515 23588 23558 21719 21922 20825 20625 19107 19784 18445 18100 17001 16992 16321 16195 15329 15058 14290 14135 13356 13470 12639 12639 12161 12360 11254 11433 10504 10390 10003 10110 9415 9639 9231 9160 8517 8300 7937 8056 7612 7550 7114 7324 6597 6760 6508 6530 6153 6165 5868 5916 5457 5426 5068 5325 5077 5279 4696 4716 4311 4355 4123 4203 3931 3950 3777 3759 3468 3522 3271 3279 3295 3289 2900 3071 2831 2880 2695 2694 2657 2636 2411 2426 2250 2293 2203 2296 2110 2174 1996 2065 1987 1964 1748 1796 1733 1770 1722 1679 1551 1597 1446 1475 1407 1455 1349 1413 1269 1252 1128 1178 1068 1160 1063 1105 1057 982 909 943 881 906 856 844 822 816 738 717 711 746 674 705 633 638 628 620 561 606 559 558 542 522 508 514 480 487 479 472 443 413 416 353 430 411 391 396 366 333 325 321 341 315 344 300 280 272 247 267 236 277 250 231 242 230 196 216 202 226 219 185 187 194 200 175 166 172 166 199 178 161 158 166 150 164 133 153 149 148 128 119 147 154 103 131 113 123 124 80 104 102 98 106 90 78 92 89 85 90 58 80 73 79 79 63 70 78 62 63 67 70 60 58 63 63 44 62 64 46 49 53 58 78 37 46 40 42 39 41 35 35 35 27 28 70 34 31 24 32 24 19 24 17 16 17 11 21 19 14 15 10 16 15 18 8 9 17 6 12 12 10 12 7 9 13 13 8 12 11 7 10 13 10 13 9 3 29 7 8 5 3 3 5 7 2 5 9 4 6 3 4 8 1 3 3 1 2 2 4 2 1 3 1 1 1 1 2 1 1 3 1 1 1 1 1 2 2 1
292 1573 5554 15540 36427 77797 154559 267324 455911 698998 1090445 1550639 2290761 3095229 4313006 5621224 7877234 9743506 13264417 16645857 22170061 26713575 35015159 41907478 53936425 63571753 81041663 96248724 120018259 139479977 175968442 207778633 254119775 289926818 354955034 415083440 493960476 573805306 670608348 772450304 932105165 1067653160 1256262164 1412915670 1717579751 1936147634 2328353046 2561872413 3032616891 3343565506 3814396850 4322738868 5186131108 5638951725 6597816849 7653794288 8853272687 9371543611 10920929927 12180338441 14160230501 15885778888 17648746400 19893662068 23629812345 24412620548 28617095300 32367884336 37163563496 39797265349 45344507369 50753603781 58655256907 61939853068 71186516538 75146503266 92184161824 98286798654 112001722196 120091799534 136303554330 140136490285 163591091749 173415212217 199167661094 213309386606 242257802868 256185802547 288356066763 309858600230 344642269068 371258434819 421660250084 456912662952 519900258916 531003451709 617215212898 650505124687 743017953635 761630072810 876005134219 963746213328 1058951749135 1096009887838 1277363908237 1273278394771 1452444019823 1585405457531 1817452865727 1956856962931 2195242054622 2238344125297 2615630219276 2725905776991 3088084013590 3071650881685 3503076902087 3601431087117 4164979888748 4718037514176 4983074153276 5412867338307 6139208652094 6006941866221 6809155599704 7229825994385 8198627265180 8558145014093 10077350729526 9523296879878 10731501444823 11124608844296 12157558572687 12337591090319 14654122376481 14707996240675 17383305480697 18993653642484 19040654014814 19382218807651 22427375295330 22806851405957 24149316644405 26932763427758 30122891734406 32996702762333 34475904758157 32263641385872 34707180893675 38635433654117 43355740281830 45001808453140 50542532950845 49642416933199 54939174748125 62129069091519 65861236516682 65314224850864 78706786877220 79503974905850 88835064203070 92353854023283 97789776729898 104698642190888 117638813132871 116540197485684 127091385721375 135516400826478 149591768778087 155066110426295 157003577586737 164866787069807 153970816178113 213340720357716 220248736561771 236296676534555 261273916903266 246643900857815 250524537934250 287526113166690 273782424946922 339205392872482 326706347094484 413499618593343 382506999342957 408752438014354 400156951058517 417977354576243 473872910502565 466871972105574 595757411246608 621402800971665 592357774840827 677804316943915 667258283606668 640320747190056 778008636008636 774421420273644 1008617484586314 990813439009016 929912729755649 1023707065699329 1133077027916519 1349928338452291 1176089227069175 1243506647130540 1467542066769842 1531522840320191 1934351167821017 1885948300313456 1747034658500628 1952786156680079 2223280128851336 2091213617288504 2522045712107930 2387011504153013 2697825855891957 2894131233382927 3250918309280188 3091515308945706 2962343034869040 4167069713087178 4534682858943625 3201301289582934 6072372725031814 4163061860003752 4985261865344601 5809540858158070 3596830072443885 5359066973792847 5901549298176358 6200037492357283 6981453771324609 6206387584139505 6060844137012707 7752712887806596 7500697690747366 8334252257754192 9903760974349398 7613802083126347 9928053809973261 9908656375255187 11292539181171597 12935667624551765 10287984935288706 12965539266736721 14918773683519596 14178476811088164 15805203680741410 16320062211483408 19962757350898392 18193281758082680 17083754721157115 20578526268227365 24116861183986403 18049336941854780 27154427839020153 28784294321604663 20786923433176593 27765909777393348 30419799025136473 31226394261727754 54889842419838837 25808096960659428 32776356912042764 33611740224435172 36168197461802074 35593323404896375 37502658748207890 39873481253743187 38141503273050910 46335153723144613 37763214167336393 40760349152792281 105157164488705057 59425879697130780 50465395961102122 44482919061246119 58576647716121256 53720746210295020 41911938975377537 63913070119734683 40755428860129008 49429622771879284 53779099980841345 35709573673593544 77095491822238144 77584964687129094 59570147681478502 69088407682101558 48302461404340791 78771227805171052 88832780223763056 113030765442402576 63103233181891385 66884312948034238 119156014373007299 42822530733804492 99437079246367416 107934716347391430 106608888611873185 112392774152043022 79447779139228008 118008854403310494 151996750777316796 187610269791754931 109123522241350836 186615484869371632 196858385605143522 114852899348125273 195327905963979452 285456078345911784 204496275450097288 288206712194394259 234950365040902829 100366126086057796 779282910325431193 208240950631206826 249095790003614782 174004774347204150 106876315515629737 117113536830748059 205254852652909365 308309387774552868 98011287270475750 251941019363370907 539398673824469002 232523903905081666 377512198115791288 201995146501262250 280157945700071889 625262074980516644 78801255302666615 252902446908675357 289350330576608280 110307860425292772 235898983092227944 235898983092227944 557874234302350704 298161533907449862 175943559810422753 643854899229858897 229272286871217150 244904537455382406 261578907351144125 298330063062758076 637111947576658168 340122810048577428 363117512048110005 1162897598757087669 413766180933342362 471314064268398780 502957566506000020 572612058898037559 610898403751884101 1303377759994413918 1390287426917892080 741433159884081684
3 4 5 6 7 8 9 10 11 12 13 14 15 16 17 18 19 20 21 22 23 24 25 26 27 28 29 30 31 32 33 34 35 36 37 38 39 40 41 42 43 44 45 46 47 48 49 50 51 52 54 56 57 61 64 65
3 22 40 102 125 239 148 260 179 254 150 227 120 184 105 125 88 143 71 101 61 103 60 61 53 71 33 42 43 65 23 36 26 42 24 29 9 18 15 8 10 14 9 2 6 9 3 1 4 4 2 3 1 1 1 1
3 31 57 252 413 1276 997 3106 2758 6740 5338 13675 8971 22323 15989 28416 23454 49414 29950 69603 48190 113532 76286 130286 105677 205556 95212 197177 254422 419938 175039 453993 275474 621055 389542 799933 288654 564433 486375 342695 493159 864456 670594 163842 842533 1286530 300250 178268 959789 895797 1586636 1324653 408452 1228308 715220 1300156
