25 37 38 49 50 61 62 73 74
4382 25387 4121 35534 3571 19095 2170 5181 550
1437013 657827 108056 222359 21355 58189 6908 6249 657
32653473570244583634 6685324374349286828 307258144485450332 4041056807222403552 1636330982933869121 176138835304756930 16213440053923413 172124873216 12971399751
25 37 38 49 50
547 502 61 74 9
5246 1082 136 97 11
274018330 14055579 5561685 146537 231
3 4 5 6 7 8 9 10 11 12 13 14 15 16 17 18 19 20 21 22 23 24 25 26 27 28 29 30 31 32 33 34 35 36 37 38 39 40 41 42 43 44 45 46 47 48 49 50 51 52 53 54 55 56 57 58 59 60 61 62 63 64 65 66 67 68 69 70 71 72 73 74 75 76 77 78 79 80 81 82 83 84 85 86 87 88 89 90 91 92 93 94 95 96 97 98 99 100 101 102 103 104 105 106 107 108 109 110 111 112 113 114 115 116 117 118 119 120 121 122 123 124 125 126 127 128 129 130 131 132 133 134 135 136 137 138 139 140 141 142 143 144 145 146 147 148 149 150 151 152 153 154 155 156 157 158 159 160 161 162 163 164 165 166 167 168 169 170 171 172 173 174 175 176 177 178 179 180 181 182 183 184 185 186 187 188 189 190 191 192 193 194 195 196 197 198 199 200 201 202 203 204 205 206 207 208 209 210 211 212 213 214 215 216 217 218 219 220 221 222 223 224 225 226 227 228 229 230 231 232 233 234 235 236 237 238 239 240 241 242 243 244 245 246 247 248 249 250 251 252 253 254 255 256 257 258 259 260 261 262 263 264 265 266 267 268 269 270 271 272 273 274 275 276 277 278 279 280 281 282 283 284 285 286 287 288 289 290 291 292 293 294 295 296 297 298 299 300 301 302 303 304 305 306 307 308 309 310 311 312 313 314 315 316 317 318 319 320 321 322 323 324 325 326 327 328 329 330 331 332 333 334 335 336 337 338 339 340 341 342 343 344 345 346 347 358 359 361 363 366 368 369 370
284 1563 3909 9480 17975 32845 45942 57211 60509 66403 66498 67136 62014 62176 59260 58789 54763 53399 52322 51441 46613 46550 45034 44378 41481 41074 39489 39417 36394 35849 34855 34200 31764 31471 31014 30007 28276 27687 27181 26692 25157 24598 24591 24314 21978 22249 21862 21095 20139 19786 19225 19422 17619 17466 17458 17058 15570 15738 15788 15371 14434 14161 13815 13811 13028 12438 12769 12326 11401 11333 11166 11008 10518 10285 10119 10087 9351 9136 9252 8916 8297 8224 8136 7668 7397 7212 7016 7123 6879 6343 6577 6238 5898 5855 5882 5765 5483 5373 5071 4979 4787 4616 4580 4330 4196 4136 4135 3837 3781 3665 3443 3574 3405 3132 3175 3147 2895 2818 2782 2762 2584 2449 2397 2358 2321 2211 2161 2142 2002 1964 1942 1778 1698 1682 1570 1657 1590 1442 1487 1559 1444 1339 1326 1341 1235 1148 1059 1081 1029 968 919 1001 814 846 785 705 765 731 719 790 698 661 582 666 590 615 612 621 495 520 450 534 509 434 456 524 422 392 377 431 356 383 310 379 401 304 326 369 291 267 309 284 291 310 212 318 291 225 237 295 234 203 202 184 181 201 201 172 182 151 131 206 136 161 201 142 157 123 109 173 163 107 120 152 123 111 96 99 130 125 94 115 93 52 72 123 92 69 91 100 86 87 54 81 125 61 71 93 64 50 35 84 48 25 45 86 90 38 24 77 55 35 51 43 68 25 31 37 57 33 49 71 42 31 22 34 44 35 25 58 55 8 9 48 40 6 39 25 31 22 10 52 34 17 32 47 25 15 8 27 39 17 17 24 49 17 5 37 15 17 20 36 25 10 4 27 33 5 22 35 21 13 2 14 18 13 13 18 25 1 2 19 13 7 13 15 15 7 1 14 12 1 6 7 1 1 2 1 1 1 1 1 2
284 1685 5496 17374 43925 110749 211208 412609 656047 1117684 1673290 2595198 3494538 5195336 6928676 9835629 12628994 17177616 21623569 28980738 35514274 45816849 56060740 75269324 86558620 111401373 132543595 165930853 196976976 246420358 282396745 359052570 413198388 500514581 587132691 705714280 814253125 980347956 1135534821 1366977218 1537655838 1879436592 2095721068 2539536713 2797473003 3324674464 3822089015 4632517886 4987262557 5916361295 6654173031 7862258539 8407337192 10161372200 11092436281 13422418637 14179006683 17102171850 19019297280 22374689786 23986263925 27945066964 31459333484 37194152145 39550589320 46062926408 51204008181 58044409463 62461223200 70913474690 77882254260 95368528156 97403045557 114908620146 124732666284 143583843638 150525902829 175634204601 192607825951 225110295299 234050224834 270599396869 292501707054 317620141818 345456802146 384813310172 420390624204 501322256467 518906757677 577435822377 642760557930 698083111039 751085638741 847635078862 946348302873 1119182335835 1141688430479 1302541418851 1345517263448 1461125807277 1598700804345 1770584067770 1894212228642 2114805831867 2253681235931 2558329678691 2774550877659 2982644528640 3206576205070 3509384438260 3701752588471 4447114442980 4596874494537 4975962387310 5369584596207 5784682122310 6087108600692 6450336401150 7044706071581 8307284480889 8112346788856 8952689318863 9547028505196 10586739923852 11221807101692 12313018677113 13049250868056 14850516933029 15145313814394 16801856911519 17920978122553 17895409615492 19146863263820 20645997042875 21439730141749 25712776731692 26072665438388 28887591204002 29636991400534 34076532753723 35074157399346 37798264188562 39614327246431 47372373560276 44448826018332 48766856013515 49086996665779 56281975233960 56673298267568 59594469697203 56612023090349 70339441460293 63083533666235 79295143494129 71849362169159 76981836523131 81346254501313 92247899551305 100061757936309 120770634710931 111267218049511 133356835326205 116888372145379 148253591233214 141793352752939 162839491251683 164835752476748 198275775531637 172493256519471 204257115369582 190148204861709 237589831363020 237099275887715 242452865309764 259628105426900 331474819581050 297254767832319 303545159232234 298813347663525 384575948476235 331293565814187 382799868978850 357489397189826 468269051014604 510332934429831 470081339129927 500740674487374 626843309966465 502566481192394 569779443785757 681745311283835 676743097683323 743887482213493 874814035235430 669561039031984 1161365073952083 1014249611831702 953110700084192 1012956042009393 1258419857406088 1194987133659652 1275662293440379 1192411900675879 1225519442834053 1267675401047439 1523814724449705 1734873395064911 1576511210032300 1692087707632424 1700539305225239 1560442821260626 2588837568714523 2022789529384988 2624719566236674 3077853095501685 2373804371335235 2811249403511830 2540560538981573 2385741484221420 3855902432163212 3920987518624071 3311887849549451 3816217402889463 4636972624529961 4406570239183634 4630385349077849 4243249213333018 4736361741255735 6346926719519129 5772987784791125 5332310899171801 7221509830369095 5585608068148284 4170261070946902 5973343369682396 9635145017795898 7888140483411910 7597823189876458 9658039529672989 10277174575059989 8754187470888306 10416198122441820 8287375763999839 13674985476777636 19205473929277244 10619803388336403 14704253699419481 17499109981632604 15756697343249136 14547793678539652 9608621758572048 22286997265462995 13845269520613578 9398792109467355 16822348624250240 29793178742418151 36081717955475560 20709220374689165 12809735537136149 39046619534887997 30038510180868227 19005193808845568 32352556350092670 30051386615958511 52227083860114401 18367365599855247 28512870870941006 31845582160036665 52283483356605399 39344833762087946 58063925100071227 78055811992995605 56058922110026497 47629901910099334 35755573168650922 49987389419459375 67047537710745967 67387692657498309 57332909551572813 139190440464001439 116369868437275075 20261375306108229 21451006363800178 125658200473250224 112872026966977015 21014924703945769 146553572613042742 90121112080246058 158421982578147124 94515598242843801 52206985334614095 310018137277116238 166736292959895620 90538794674600156 261158290970597290 298629891692581673 164562733262560915 156330992778196800 70620185545189992 227798194231015045 364591190214565358 214854575911682543 231317800385861875 267211491658994240 633123193987252525 209469706202729144 81842641681013127 637388400084754603 229337958676802848 394452451249182440 350798218995852038 810949627660675138 740644790215346965 239122877647150693 141300238923610328 716618779856820046 873610864615118435 145567425002673937 1035414410377908156 1141715590337281242 745660757702100912 710858869508465377 85496156071909392 857985841226717252 823902453784404504 640529767851683141 1000473398231789827 1347758450708982936 1867485869799110870 68834885946073850 211323059753998039 1473065757237006780 1029915879268224499 1101785222615251051 1719607939842095974 1453453009012573965 2187649975067114166 779796654097870604 126108517833796355 2539591682254937430 1617830167479618240 154043597379576030 1848523168554912360 1163768434804989017 188008647052292980 387632532919029223 827532361866684724 471314064268398780 536679070310691121 651688879997206959 741433159884081684 790738119649411319 1686501577125056854
3 4 5 6 7 8 9 10 11 12 13 14 15 16 17 18 19 20 21 22 23 24 25 26 27 28 29 30 31 32 33 34 35 36 37 38 39 40 41 42 43 44 45 46 47 48 49 50 51 52 53 54 55 56 57 58 59 60 61 62 63 64 66 67 68 70 72 73 74 75 76 78 80 84 92
6 43 72 198 181 382 234 495 291 519 253 435 221 361 188 324 139 247 126 213 114 160 70 139 66 143 60 107 45 88 37 77 39 74 34 43 28 42 9 36 15 30 7 26 11 19 8 16 5 14 2 9 2 7 1 6 3 6 2 10 4 3 1 1 5 4 1 1 4 1 5 1 1 1 1
6 50 113 488 549 2071 1487 5713 4381 14696 8969 27910 16746 45186 25334 80824 42370 110405 63379 162464 89845 208001 94274 295964 156548 458577 215882 585445 229961 717057 256692 871831 454751 1447005 554257 1478744 669917 1421307 355393 1507601 792025 2507981 619574 2333267 926008 2233794 1578305 3031151 790283 3365253 294546 2249612 347050 4106454 563178 2638867 1186685 6178480 1140977 10590362 3640597 6688227 1505499 1300156 9542566 20899560 6175470 3554345 18526410 8175936 54448399 14179000 9289091 31592952 44108109
