7 19 31 43 55
257 3942 38724 45891 11164
7071 82438 412881 158488 15140
457605 657371954 14628501416939932456 2026736338420931076 16076507659080
7 19 31 43
44 489 387 6
271 2262 633 6
8838 12188796 12008977 24
3 4 5 6 7 8 9 10 11 12 13 14 15 16 17 18 19 20 21 22 23 24 25 26 27 28 29 30 31 32 33 34 35 36 37 38 39 40 41 42 43 44 45 46 47 48 49 50 51 52 53 54 55 56 57 58 59 60 61 62 63 64 65 66 67 68 69 70 71 72 73 74 75 76 77 78 79 80 81 82 83 84 85 86 87 88 89 90 91 92 93 94 95 96 97 98 99 100 101 102 103 104 105 106 107 108 109 110 111 112 113 114 115 116 117 118 119 120 121 122 123 124 125 126 127 128 129 130 131 132 133 134 135 136 137 138 139 140 141 142 143 144 145 146 147 148 149 150 151 152 153 154 155 156 157 158 159 160 161 162 163 164 165 166 167 168 169 170 171 172 173 174 175 176 177 178 179 180 181 182 183 184 185 186 187 188 189 190 191 192 193 194 195 196 197 198 199 200 201 202 203 204 205 206 207 208 209 210 211 212 213 214 215 216 217 218 219 220 221 222 223 224 225 226 227 228 229 230 231 232 233 234 235 236 237 238 239 240 241 242 243 244 245 246 247 248 249 250 251 252 253 254 255 256 257 258 259 260 261 262 263 264 265 266 267 268 269 270 271 272 273 274 275 276 277 278 279 280 281 282 283 284 285 286 287 288 289 290 291 292 293 294 295 296 297 298 299 300 301 302 303 304 305 306 307 308 309 310 311 312 313 314 315 316 317 318 319 320 321 322 324 325 326 327 329 330 331 332 334 335 336 337 338 339 341 343 344 345 346 347 351 352 353 355 358 359 367 374 377 379 392
363 1568 3931 7095 10569 13553 16165 17967 19028 19847 19741 19042 18267 17238 16481 15378 14819 14036 13447 12533 12036 11483 11379 10649 10405 9791 9644 9122 8805 8195 8192 7962 7707 7378 7214 6836 6717 6368 6404 6043 6065 5665 5462 5371 5229 5107 5055 4777 4798 4484 4476 4194 4207 4059 4020 3748 3897 3763 3771 3488 3517 3313 3313 3144 3144 2991 3071 2902 2788 2685 2707 2572 2571 2389 2455 2334 2327 2237 2196 2133 2097 1937 1981 1806 1907 1799 1728 1731 1745 1615 1680 1520 1516 1527 1485 1351 1359 1311 1309 1258 1274 1166 1229 1128 1164 1169 1148 1091 1098 1015 1046 903 945 907 910 852 843 827 843 774 853 787 757 739 730 703 664 669 652 622 644 547 589 600 568 538 507 517 558 539 479 478 518 460 516 365 441 405 426 404 438 347 348 346 340 349 317 382 348 306 342 286 311 298 291 259 272 254 250 247 224 210 231 210 216 206 213 196 215 195 214 207 169 160 210 166 162 174 136 166 147 142 142 156 114 137 109 125 133 115 105 143 119 119 114 103 93 86 106 93 109 89 72 93 75 79 91 91 81 70 77 57 62 80 53 78 51 49 62 56 71 53 60 40 44 57 48 67 53 51 43 37 43 40 38 24 37 29 29 34 28 31 39 37 21 22 29 25 32 30 25 17 21 11 21 15 14 20 19 12 17 18 22 11 11 13 14 19 17 8 9 15 11 18 14 12 9 7 11 9 6 4 4 11 3 4 6 7 6 6 7 13 6 2 2 4 7 9 3 4 4 7 7 5 3 4 4 1 2 2 2 2 2 3 4 2 2 3 4 3 5 2 1 2 1 1 1 1 1 1 1 1 1 1 1 1 1 1 1 1 1
363 1728 5621 14124 30289 58645 105129 178764 285663 448509 661633 952427 1315758 1791125 2429804 3117057 4124756 5305134 6750813 8396350 10529864 13028500 16337179 19701855 24357615 29591700 36543039 43387993 51419881 59555535 72780487 87832006 103151797 120563596 143027599 169936411 193588737 223947281 270670411 313987765 365296748 423575928 475213224 571637308 627050172 745888179 865547022 973384253 1127585200 1263459479 1491334295 1664015005 1907291753 2162579319 2501740022 2765186534 3423887108 3673744809 4344816719 4700027372 5529717779 5965840971 6962232316 7605556288 8655087861 9820797931 11584441608 12922364893 13860499841 15413781425 17755141866 19197263578 21399132080 23818767351 28243020487 30958691337 34687390801 37566235748 42257328280 48304506565 52501773538 54435161957 63150219468 66352640592 78391242445 83678060537 93496287247 102695445975 119085973759 127489178031 146966107016 150037772189 165007456935 192486747761 209891239917 214597107604 247976560424 263285346247 297591785787 333798084120 365663897326 378526692144 440132698767 457446984561 540601220025 586606542679 656247234366 687646711257 804613347070 843317104007 938328043013 925853616099 1027821968668 1179141532078 1275101818043 1321441609046 1497409805714 1574244290232 1770868159578 1913336880961 2265594591843 2230905650159 2510941324304 2681533816077 2847404512577 3157562909128 3365511970427 3809762913697 3980608773872 4436031060676 4816313996727 4546015876366 5136172928269 6207039812685 6502938057036 6735081414488 7097487227561 8065321923442 9151387473446 10338422605314 10069297951557 10930538500275 12998833652633 13264625261718 16079153374598 11762471918097 16765039334957 16672276148798 19091703888855 19889074013688 22561561175370 20463440623298 23341171032192 24589713189944 27681792385588 29872590866579 31816425711643 40436140784719 39221718368860 39664454987575 46617922594913 42573346470398 48978458197726 53164366705537 59480471919161 57536613031588 69990674062715 66037435828318 71542924278742 80430828461399 81217129129227 82333589661561 90798396159842 99331851349240 102047305444958 112826911896095 131502257792734 125197603135370 146189318757330 153081478144765 176306174068281 187790388763080 170067151848613 177127489188219 249375907495387 222777233568154 224295909094006 290603613586668 226416296132220 296567058892149 306695688055609 294818716245666 323752737576671 416385381443677 334706512446948 433851578722251 374809254688013 462317719641376 516438966998663 495129098340164 510954495523166 728929196392004 650438082529354 710998453350938 764678278642729 735410038375234 705707197970343 705423392616140 955761670237691 985460958005557 1143763873886628 1049784145495148 930677964608056 1247838538086099 1179471468959534 1394137374759129 1549121657158898 1734200625121137 1715394793967688 1470194449155348 1899701134410883 1525647963434153 1682747209375833 2563623806111838 1905001527485058 2765759445401943 1964569072082614 2151565295645678 2704455568873270 2772337381032477 3615721640742572 3052918285240557 3454418740409180 2785496211319443 3324772152916825 4270784839235424 4294114478569556 5788668934464795 4990726786856414 5468716324025485 5459380922744547 4421017830538269 5745937484125427 5929593049254727 5833598302694878 4201223698700556 6432353385726744 6102672866886856 5824018691211962 7159084130942815 7067288683564475 8072979396825156 12098627336116230 12049005204562351 7367517188373092 7447770735634354 12007906969574919 10838530317529278 15048591504412957 14331902888679260 12211896874942155 9159970538417398 12189276472156580 8344405898635034 16904061483801255 11145672614004336 11026190713937337 16736244100431945 17383157286027093 12946938562942100 19738643333926657 24420376886522146 27064115741456662 14995202002019524 18282068073840481 20211417623139200 23628901728169597 33879410547458404 33466725511976937 17501862179274729 21028100362180514 33447565550751079 27414278156378717 48040193742844608 42847607246651205 36594405966471312 33263501685354402 34995227416204850 48612855173265343 36507164921795490 26575789564777734 18812582366745940 20212818252451512 69989932017782401 17285749265996725 25499786263332779 41795100865174986 57781660890825660 54559688775303912 49952233981224195 63506407234548060 135644166215249519 63943987395293034 22871084155644208 24538436038458930 50862871828574338 95961304346293132 148356657167840373 48719359607488989 67307933337953916 73428645031948387 154755660248709236 147325333711918345 113458122659302239 73950318452491470 105663230534265304 111330868656554335 30326181989842964 60652363979685928 99777541572374138 77193971303748068 85496156071909392 131268514615487420 147016930905713625 273393894796280149 120210699679333088 184536074288447638 197485635164302950 315205021210666460 252902446908675357 439127936214099107 192900220384405520 103151466321735325 220615720850585544 126108517833796355 144117936527873832 154043597379576030 164637479165761044 175943559810422753 188008647052292980 244904537455382406 261578907351144125 279363328483702152 318555973788329084 387632532919029223 413766180933342362 695143713458946040 1089657644424399782 1319510599727473500 1498478743590581081 3398704041358160275
3 4 5 6 7 8 9 10 11 12 13 14 15 16 17 18 19 20 21 22 23 24 25 26 27 28 29 30 31 32 33 34 35 36 37 38 39 40 41 42 43 44 45 46 47 48 49 50 51 52 53 54 58 59 61 62 64 68 75
4 44 45 156 119 256 191 274 185 249 153 195 110 137 87 128 74 101 81 72 40 63 33 34 23 24 24 32 19 19 15 20 18 20 16 9 6 9 8 11 9 7 8 3 1 5 5 6 2 3 3 5 1 3 2 2 1 1 1
4 52 73 409 376 1376 1308 3407 3120 7662 5516 12853 9050 17539 12292 32784 23251 43521 38696 62102 32155 71474 41757 64355 45549 90915 72766 136582 106990 123088 105868 242634 162600 332200 258120 192834 154295 244483 227913 498273 464001 403339 644455 358616 126522 577572 699009 915022 230312 691327 818854 1881182 1126356 1223586 1053646 2107292 966467 1741630 4697205
