2 3 4 5 6 7 8 14 15 16 17 18 19 20 26 27 28 29 30 31 32
5 6 10 21 20 41 21 33 31 56 57 63 61 44 18 10 10 11 8 11 5
12 13 29 44 31 68 27 60 52 88 94 91 75 54 18 10 11 14 8 11 5
44 43 95 113 76 163 59 210 312 436 899 967 744 2139 137 25 98 363 121 319 192
2 3 4 5 6 7 8 14 15 16 17 18 19 20 26 27 28 29 30 31 32
5 6 10 21 20 41 21 33 31 56 57 63 61 44 18 10 10 11 8 11 5
12 13 29 44 31 68 27 60 52 88 94 91 75 54 18 10 11 14 8 11 5
44 43 95 113 76 163 59 210 312 436 899 967 744 2139 137 25 98 363 121 319 192
3 4 5 6 7 8 9 10 11 12 13 14 15 16 17 18 19 20 23 27
17 81 158 177 128 93 51 36 18 14 10 8 7 2 5 5 1 2 1 1
17 85 246 359 384 472 362 429 320 297 308 356 410 154 412 776 176 352 385 1255
3 4 5 6 7 8 9 10 11 12 13 14 15 16 17 18 19 20 23 27
17 81 158 177 128 93 51 36 18 14 10 8 7 2 5 5 1 2 1 1
17 85 246 359 384 472 362 429 320 297 308 356 410 154 412 776 176 352 385 1255
