23 35 47 59 71
2854 22719 42990 21951 9479
2458941 906596 336457 84096 14022
532962006891624 28567909903517083674 7183149004206213476 860805954328406198 26508521327739
23 35 47 59
499 701 157 1
6773 2038 240 1
598899205 41708692 1124702 5
3 4 5 6 7 8 9 10 11 12 13 14 15 16 17 18 19 20 21 22 23 24 25 26 27 28 29 30 31 32 33 34 35 36 37 38 39 40 41 42 43 44 45 46 47 48 49 50 51 52 53 54 55 56 57 58 59 60 61 62 63 64 65 66 67 68 69 70 71 72 73 74 75 76 77 78 79 80 81 82 83 84 85 86 87 88 89 90 91 92 93 94 95 96 97 98 99 100 101 102 103 104 105 106 107 108 109 110 111 112 113 114 115 116 117 118 119 120 121 122 123 124 125 126 127 128 129 130 131 132 133 134 135 136 137 138 139 140 141 142 143 144 145 146 147 148 149 150 151 152 153 154 155 156 157 158 159 160 161 162 163 164 165 166 167 168 169 170 171 172 173 174 175 176 177 178 179 180 181 182 183 184 185 186 187 188 189 190 191 192 193 194 195 196 197 198 199 200 201 202 203 204 205 206 207 208 209 210 211 212 213 214 215 216 217 218 219 220 221 222 223 224 225 226 227 228 229 230 231 232 233 234 235 236 237 238 239 240 241 242 243 244 245 246 247 248 249 250 251 252 253 254 255 256 257 258 259 260 261 262 263 264 265 266 267 268 269 270 271 272 273 274 275 276 277 278 279 280 281 282 283 284 285 286 287 288 289 290 291 292 293 294 295 296 297 298 299 300 301 302 303 304 305 306 307 308 309 310 311 312 313 314 315 316 317 318 319 320 321 322 323 324 325 326 327 328 329 330 331 332 333 334 335 336 338 339 341 342 343 344 345 347 350 351 352 353 355 357 358 361 362 363 365 368 371 373 375 377 379 385 389 391 395
252 1389 4005 9215 17757 25957 74734 84746 90992 94756 102312 98235 96675 92278 91080 87066 83335 78559 80472 77092 74010 70178 69889 66722 63919 61278 62318 59926 58796 54549 55116 52692 49801 47944 49546 47666 46679 43899 43856 41892 40265 37895 39236 38161 37017 34683 35232 33372 32136 30321 31229 30570 29964 27555 27844 27072 25326 24089 25132 24657 24078 22615 22428 21559 20897 19474 20309 19948 19050 17789 17693 17241 16584 15758 15841 15804 15281 14144 14155 13762 12951 12448 12743 12493 12197 11322 11096 10881 10484 9714 9831 9955 9499 8912 8532 8358 8157 7570 7638 7664 7527 6773 6561 6391 6135 5766 5737 5831 5661 5179 5027 4939 4651 4234 4273 4394 4076 3846 3677 3500 3433 3140 3047 3124 2958 2748 2741 2513 2380 2252 2191 2143 2129 1977 1788 1790 1745 1529 1467 1490 1372 1285 1212 1060 1111 985 995 944 942 792 774 705 743 679 692 657 647 606 668 596 615 545 568 583 525 523 520 452 504 443 446 467 437 424 428 400 346 350 381 375 326 349 367 324 452 314 296 304 275 270 287 258 242 237 231 244 234 231 216 200 201 188 177 165 149 168 145 155 181 127 197 136 124 126 128 129 127 93 113 118 114 85 111 79 101 92 84 93 81 86 97 74 125 60 71 84 69 65 79 55 65 51 62 65 57 46 54 30 62 44 46 38 48 116 35 29 42 29 34 45 39 28 35 20 53 30 27 36 21 28 32 22 30 30 20 22 12 31 20 21 18 16 10 18 10 17 9 16 11 6 10 10 12 11 6 10 13 11 13 8 9 11 6 8 18 4 8 8 4 8 5 3 8 6 6 7 3 3 9 8 7 7 6 5 11 7 3 3 8 3 4 3 3 5 2 4 1 3 2 1 1 3 1 1 1 2 1 1 2 3 1 1 1 1 1 1 1 1 1 1 1 1 1
252 1528 5607 17095 43702 93800 303266 474431 852147 1354369 2219581 3208053 4910462 6639104 9411087 12612815 17034385 21936875 29751758 37476829 50013553 61440586 77199324 95880700 121806379 145454573 186389698 224607308 284989310 332788604 410589489 477724148 580342330 681641226 838389148 996293482 1239332726 1382349383 1674724529 1924374234 2263835857 2589772608 3151020417 3582348674 4417391883 4854522777 5777730357 6405682335 7578485509 8223410009 10103774638 11395163574 13876509734 14972078511 17491536992 19132568803 21924796323 24215096459 28733880659 33033528600 39415899181 42337625920 49031485006 53525271087 61241094301 66408956828 79353074047 85892267116 103847240294 111280323338 122556629915 138033052249 154325071414 165580396200 191149197150 217207881638 249857004146 269718116569 308548769794 328533844313 365237344100 399019048083 449178141408 510942127811 603257454604 618969684181 692696935105 759085404194 827123644724 909203401149 1015066822173 1134637661079 1310641064398 1402638838387 1474705724580 1642589725393 1813289634057 1886776908179 2183182237370 2403744398877 2793229992280 2876873494250 3099109961290 3238131486925 3576583625863 3836510526939 4125703145408 4794362777621 5458953886955 5652574118215 6153425796741 6583571764146 6842122414718 7283890875894 8204179871697 8888144968544 10190905443625 10704686161209 10949924176227 11832606472579 12645658385041 12844931385748 14261441047579 16115435998998 17124141026042 18890236649054 20217616791072 19619198091783 21439174164645 22645926879856 23411473993379 25928564515273 29856748613003 31099262941658 31195735956921 32497035650781 33880386091870 35235218558487 36807839847026 40265097840819 41739846612042 45696459950290 44825962595368 43280135593711 47733401500357 46245377368436 51930772748518 52062453899968 56103748541934 56876867196274 52440522653404 50546736229227 57114059530570 54972580486842 63464410003153 65218182499652 74788090103279 72728026437431 86652880131938 83465047146736 100969564919478 93526988910221 105002955098706 115786630625895 120052273082211 125186126864981 151239530913730 130612225783835 168561764899311 153299798421576 171078891502669 194534943799437 211827011798083 208608681347270 244149928810311 236850211991727 226868040006732 240642453300865 320280685814920 319618588875185 308896047944154 365727427765814 419684733151337 384836909554099 586767987038923 462853688836075 482649892584801 541395735654000 558581572174298 545860105807517 647970705775078 638202378109987 666409315867979 719732206281678 715051311428575 832655271369996 884761609843012 952670709319551 1037602297570625 996740699882416 1029410967195060 1103817705208006 1109317919147995 1171197717679428 1140164210861262 1309762094901888 1345352740110829 1467153440302252 1809273742146208 1577935526050635 2306230719986880 1806151038407878 1747355441289516 1879766647956723 2128342009264576 2495030601876514 2257179198456978 2052884698789309 2512738511972681 2785020942066125 3153437253162865 2400591512968355 3469859964417924 2563260121272345 3748006001920469 3526143284352554 3560229303736382 4010874124521732 4079645101619308 4691880080896956 6178045008132873 4358337234546644 7985983535826584 4655011915169207 6027281872356739 6572665266575715 6473419795976169 6330861951450518 8469935603799985 5667792782756712 8163787859420413 6558250542938505 9570292144606580 9603998830345018 9479895982528206 8246015048553579 11207256919441103 5790434899429828 14789629930376066 10630956932924081 12805658376024860 10454616259420499 15136098009502132 35291005011609558 13180217594957082 10781162993951980 18951857146125057 13549364431518718 17947849227564062 22179762746995672 21531398010516844 19097223828501349 25060659872593800 14100398754514056 46585382369965419 26645694840682462 21827222724387494 32750026416140978 24475380532783353 32680845230446977 39062129956441951 29682720124219725 41829637118805075 43833215194085656 32749739449745611 40027577352169950 22847037588000709 62428865170873616 39488059914002578 48443886989572389 47435972116920898 46168874418071606 31269650445619788 49455997069466984 33440920067476846 54670400876487526 32599877465696076 56162672639624832 41270704498455059 24435932070229551 48302461404340791 55470232974039040 66959824866952972 80070052535092812 34154727341848540 68225043682984957 88160171788962088 91583481743175309 108018010937742912 82073227520996355 89367896060943135 122323746544446523 63217628555147696 99807035319305876 236213925029108329 62239089971975564 136404402801688545 119095041763703174 79005265085203377 150855653211737495 89585516998642613 94703379960978401 181597510137968451 194664774954310465 144600437914296634 204263655137587264 84915061022988009 90978545969528892 288070417439952506 269156992883629936 355429901416330041 268856319687992281 250831443197818766 265561309738598172 529362224712637084 454876395091503939 168469806338622867 168469806338622867 617933597474457464 201995146501262250 289794749531624867 236403765907999845 252902446908675357 439127936214099107 206302932643470650 426918653494056194 126108517833796355 404457541869904560 288235873055747664 154043597379576030 164637479165761044 564025941156878940 229272286871217150 244904537455382406 261578907351144125 558726656967404304 318555973788329084 363117512048110005 775265065838058446 1413942192805196340 502957566506000020 536679070310691121 610898403751884101 741433159884081684 899175348396088349 1022141228367345362 1161537834849962850 1319510599727473500 1498478743590581081 2190401332423765131 2816759503217942792 3192707518433532826 4098034535626594791
3 4 5 6 7 8 9 10 11 12 13 14 15 16 17 18 19 20 21 22 23 24 25 26 27 28 29 30 31 32 33 34 35 36 37 38 39 40 41 42 43 44 45 46 47 48 49 50 51 52 53 54 55 56 57 58 59 60 61 62 63 64 65 69 70 74 75 78 81 86 90 93 109
3 52 47 256 165 556 308 793 403 810 418 719 334 525 241 476 219 323 195 319 141 213 103 174 86 153 69 121 48 102 34 86 38 64 36 72 15 53 16 46 14 31 19 38 11 13 5 18 4 9 5 14 1 7 1 5 1 3 4 3 1 1 1 1 1 2 1 1 1 1 1 1 1
3 57 79 594 477 2911 1838 9691 5876 22767 13353 46314 23278 68075 36285 124767 63950 170410 93031 252417 135137 300946 154481 382573 189632 469851 244965 538543 230028 808648 255945 1060591 429932 997815 599285 1696782 340960 2021745 764387 2200828 609354 2309635 1256659 3364831 908564 1865495 1076110 3663263 747773 1344262 2172830 5864243 408452 3491460 659862 2382051 659862 3160938 3876158 3373968 1430440 966467 1121505 4025116 2323520 12263904 5392783 14179000 12132164 20506255 68525924 56634173 384276336
