23 35 47 59 71
4074 23079 41802 21821 9215
2184146 866404 324898 81674 13240
16894884402641 9989233472070151815 4026491424990661476 465281780033499936 17292738406792
23 35 47
781 698 144
11002 1808 215
642828899 44800362 804628
3 4 5 6 7 8 9 10 11 12 13 14 15 16 17 18 19 20 21 22 23 24 25 26 27 28 29 30 31 32 33 34 35 36 37 38 39 40 41 42 43 44 45 46 47 48 49 50 51 52 53 54 55 56 57 58 59 60 61 62 63 64 65 66 67 68 69 70 71 72 73 74 75 76 77 78 79 80 81 82 83 84 85 86 87 88 89 90 91 92 93 94 95 96 97 98 99 100 101 102 103 104 105 106 107 108 109 110 111 112 113 114 115 116 117 118 119 120 121 122 123 124 125 126 127 128 129 130 131 132 133 134 135 136 137 138 139 140 141 142 143 144 145 146 147 148 149 150 151 152 153 154 155 156 157 158 159 160 161 162 163 164 165 166 167 168 169 170 171 172 173 174 175 176 177 178 179 180 181 182 183 184 185 186 187 188 189 190 191 192 193 194 195 196 197 198 199 200 201 202 203 204 205 206 207 208 209 210 211 212 213 214 215 216 217 218 219 220 221 222 223 224 225 226 227 228 229 230 231 232 233 234 235 236 237 238 239 240 241 242 243 244 245 246 247 248 249 250 251 252 253 254 255 256 257 258 259 260 261 262 263 264 265 266 267 268 269 270 271 272 273 274 275 276 277 278 279 280 281 282 283 284 285 286 287 288 289 290 291 292 293 294 295 296 297 298 299 300 301 302 303 304 305 306 307 308 310 311 312 313 314 315 316 317 318 319 320 321 322 323 324 325 326 327 328 329 330 331 332 333 334 335 337 338 340 345 348 349 350 355 356 359 361 367 369 375 378
269 1371 4131 9737 19464 33127 55598 80483 106402 110101 118832 116614 114782 108479 108758 99507 101542 91491 89375 83672 82219 75440 77340 70117 70615 64486 63346 57936 57726 53021 53912 49482 50882 44925 45333 41538 40782 38046 38826 34601 36604 32102 32138 29525 29225 26788 27967 24964 25994 23150 23516 20830 21656 19132 20164 18274 18818 16365 17054 15155 15287 14061 14748 13000 13949 12091 12449 11395 11368 10167 10851 9545 10065 8819 9090 8244 8231 7498 7829 7025 7185 6564 6660 6007 6039 5597 5626 5227 5347 4746 4891 4377 4308 4147 4072 3818 4054 3580 3537 3345 3169 3076 2970 2845 2822 2700 2529 2475 2402 2291 2286 2187 2056 2115 2057 2089 1897 1934 1727 1752 1679 1582 1591 1639 1394 1461 1454 1413 1285 1334 1180 1287 1165 1138 1089 1167 1055 986 1067 960 896 988 882 911 853 814 784 849 775 727 782 738 672 730 637 686 707 694 668 613 569 527 546 584 559 544 501 526 488 486 489 485 427 522 526 430 366 430 375 361 409 360 312 359 315 324 308 282 275 308 255 271 274 251 246 261 216 221 238 244 194 199 184 202 193 206 172 198 157 175 163 172 147 158 152 145 127 129 139 145 139 110 133 126 130 113 104 120 131 90 110 88 98 97 86 94 97 82 79 81 78 66 83 71 150 58 64 71 57 46 54 52 56 26 52 41 38 29 36 39 35 31 49 41 27 25 30 28 34 39 18 23 29 23 22 35 19 18 18 17 14 21 8 20 29 11 9 19 7 8 11 8 9 12 3 14 10 3 7 12 4 8 12 3 7 12 6 4 7 5 11 2 7 6 1 5 8 3 5 9 5 2 5 2 3 5 3 1 3 1 2 4 1 9 1 1 1 2 1 1 1 1 1 1 1 1 1
269 1503 5826 18340 48609 114326 263062 540074 1035327 1614041 2763450 4096777 6068978 8524568 12294714 16043729 23267167 28643469 39357734 49765153 65733045 77339549 106582615 124165015 162079536 190864976 245853939 276680936 361171708 402198938 508990684 590287635 748382497 798909892 1057605230 1149514063 1402361569 1567323040 1947086717 2067768339 2705578008 2762791715 3454131053 3765633526 4520144944 4765625273 6014401514 6267537520 7766021275 8192355844 10288494537 10236372001 13426824521 12862125356 16403990861 17027367422 20955015548 20020977467 27204320432 25439502874 32323504465 32340850938 40502418910 39338925749 53197321290 48815108348 64072143196 63525615061 78546914705 72894599142 98492292674 91270223351 118566064452 112460462703 143318543990 135277617231 173668139626 160280308684 203467727807 201535739414 247987732564 235736703997 308797515941 284987528263 359221231985 345632628020 421925756793 413399412236 524905853664 480584027531 618003566121 568908171593 692382084880 654838530093 809853604652 778496141304 974190256090 916263523955 1130101371751 1105459591557 1256461670376 1234053169812 1401897027834 1470004867917 1663683450919 1673110328320 1867347070458 1957761273212 2060599360993 2177539365097 2438809914712 2618641593728 2817809801983 3138204701684 3332603573463 3785133198749 3798905855414 4249847429137 4378620389048 4995349862180 5104423253850 5620517582040 6028146227379 7015353826870 6547887326776 7767062157376 8157141760828 9139037143426 9016202989532 10203358353590 10150461711206 12771004503634 12000078280891 13330986485866 14093781794353 16338149712522 16433229381952 18242131505826 20216845646395 19857133341629 20185875865834 25026236993034 24616557685122 28711220610183 29169201704136 29679788482211 32874724968203 38824581325093 39742991595619 41309641716317 46054230706222 49835463171437 50084797875731 60153437474522 56147121327188 67498627104774 74345283797785 78833235995304 92304208567477 85171553810774 86620623616998 88574555852902 103155623409044 121605389820371 125738052550853 129971908128145 133118852467790 153228657558261 157766683497835 173750720639174 182586035125183 194538445228698 201708712242893 253470736813144 271005607119557 267251527034359 256314114272000 319524516861152 285120173267430 314708933606935 388663514039207 376134113773261 356829866391041 419036289726865 415617483741628 482247543953807 484627483957348 473434236572580 517586690195386 658161969803924 551622557278481 666944838873315 687284634216853 740851697274916 768518846830710 893214540058917 818439667218013 921787131254245 1056322472661519 1133920078723022 958923182451513 1091565635124202 1111788695462509 1340086015063332 1332338021837746 1620100287444013 1439867101646622 1893728238407763 1612372748624743 1996589793653698 1911573958872061 2211163352570860 1990082803966067 2633807185848583 2340715578475598 2575416304760841 2380012080062467 2797914019596820 3146242087935044 3612269554875182 3443342002959771 3163678240105953 4314717960653697 4757582391974130 4793441125929952 4357325930095619 4400382962055179 5616974169600561 6575550007459809 4939605187070025 6527907963811959 5691858357001603 6449318114604385 6834722570548585 7175716062315367 7691965257439082 9112350437346828 8748458306860872 9073432521075756 9558560195545573 9781926563110813 9035943140374867 14131363393477839 11038890366915631 23230317542355802 11209882365794231 13418448449179361 14298289674386792 13181462319596610 11466232416407732 15471718998086053 15031759673994316 19288387602461656 8568046742466572 18554729189499035 15416312394127299 15323495822915761 12656493482044542 17095983058745350 18693056448215586 23458716863809570 22319597969313258 38656406246414011 28674312182754834 21812789213986761 20402410410620124 23059516464005837 29313171542392948 33569780885316903 44266985039425895 24310446269210956 27839146176276709 37744929671641679 39354619901004184 34356864230248178 57998063805316350 41212781935255559 35813853334148076 38085327192638849 38115448134611875 32850968940804441 49185352523482343 25854879598218002 56503093059098567 86726667550154321 35755028062105810 28694925020797083 71893759258383801 26406134330086567 32874709127403741 62159758922847969 47031455916864850 50169712617847192 74058438220945274 17702520456141635 98870773338446105 66336535094274279 21411265366902246 54009005468871456 101084963743492360 35747158424377254 87345083164591812 123529821749714040 53286656162744195 104587230583213658 176234051648353705 86760556138834408 62765478549373714 132267079481272568 90842825165095682 210770125147510328 41475522799929836 159458135970276913 162650146083754512 26415807633566326 139635888997550338 234524809323355868 97464880054399962 164754128275307446 318155495639581964 196952667884748041 122587209089954678 265561309738598172 98011287270475750 157386132686485923 277088452680325797 172418554065415122 60105349839666544 192976123827343650 73653287861850339 157602510605333230 326204141877783468 96450110192202760 868050991729824840 117949491546113972 164637479165761044 200882556287683159 429236599486572598 229272286871217150 318555973788329084 340122810048577428 413766180933342362 471314064268398780 695143713458946040 790738119649411319 1161537834849962850 1406207446561484054
3 4 5 6 7 8 9 10 11 12 13 14 15 16 17 18 19 20 21 22 23 24 25 26 27 28 29 30 31 32 33 34 35 36 37 38 39 40 41 42 43 44 45 46 47 48 49 50 51 52 53 54 55 56 57 58 59 60 61 62 63 64 65 66 67 68 69 70 72 73 74 75 76 77 80 81 84 85 88 89 91 92
8 54 92 299 289 665 466 1005 564 920 546 1014 478 728 402 708 319 544 257 484 209 331 181 329 131 227 123 222 92 126 92 135 67 110 57 79 55 82 31 65 18 39 26 46 17 30 17 28 16 20 19 20 2 9 8 7 7 12 8 11 4 7 4 10 7 11 6 3 3 3 2 2 2 3 2 2 1 2 2 1 1 1
8 70 151 768 913 3807 3059 12417 8378 26843 17643 64765 35259 102021 61110 183934 93199 269758 136603 415874 187608 482052 260727 771632 340095 831119 464156 1293432 519329 983614 780354 1717399 866422 2020758 925282 2116037 1455687 3154632 919343 3570901 854031 3236858 1806869 4608446 1813179 4268797 2300118 4388982 2557141 5682788 4884678 10427923 408452 3450205 3145821 4505424 4420336 11234344 5268230 15829323 5257787 6592101 5142411 25507418 12553564 26934600 19157930 11613560 13941120 9263205 12350940 16351872 16351872 26963915 27867273 30710346 15796476 47389428 53087320 53087320 44108109 88216218
