11 23 24 35 36 47 48 59 60
862 9361 2745 36941 10319 29036 7874 2261 590
12618 331745 87931 242390 70286 70377 18392 2360 609
1161013 44113452358467 3413590164439 9015373070291189016 1546339450590384455 134986612409466275 33040173808080543 906637642 158798171
11 23 24 35 36 47 48
138 458 150 116 38 3 1
693 1280 447 150 51 3 1
37135 23018523 9750222 797987 303543 43 3
3 4 5 6 7 8 9 10 11 12 13 14 15 16 17 18 19 20 21 22 23 24 25 26 27 28 29 30 31 32 33 34 35 36 37 38 39 40 41 42 43 44 45 46 47 48 49 50 51 52 53 54 55 56 57 58 59 60 61 62 63 64 65 66 67 68 69 70 71 72 73 74 75 76 77 78 79 80 81 82 83 84 85 86 87 88 89 90 91 92 93 94 95 96 97 98 99 100 101 102 103 104 105 106 107 108 109 110 111 112 113 114 115 116 117 118 119 120 121 122 123 124 125 126 127 128 129 130 131 132 133 134 135 136 137 138 139 140 141 142 143 144 145 146 147 148 149 150 151 152 153 154 155 156 157 158 159 160 161 162 163 164 165 166 167 168 169 170 171 172 173 174 175 176 177 178 179 180 181 182 183 184 185 186 187 188 189 190 191 192 193 194 195 196 197 198 199 200 201 202 203 204 205 206 207 208 209 210 211 212 213 214 215 216 217 218 219 220 221 222 223 224 225 226 227 228 229 230 231 232 233 234 235 236 237 238 239 240 241 242 243 244 245 246 247 248 249 250 251 252 253 254 255 256 257 258 259 260 261 262 263 264 265 266 267 268 269 270 271 272 273 274 275 276 277 278 279 280 281 282 283 284 285 286 287 288 289 290 291 292 293 294 295 296 297 298 299 300 301 302 303 304 305 306 307 308 309 310 311 312 313 314 315 316 317 318 319 320 321 322 324 325 327 328 329 331 332 333 334 341 343 344 346 348 350 353 359 360 365 370 376 377 380
386 1729 4056 7617 11614 16407 19930 22865 24347 24343 23808 23274 22216 21010 20502 19595 18633 17947 16923 16492 16380 15186 14876 14257 13993 13245 13103 12632 12025 11848 11274 10872 10585 10076 9886 9508 9231 8989 8702 8406 8287 7955 7626 7320 7187 6850 6684 6461 6222 5971 5932 5762 5384 5405 5241 4973 4937 4786 4497 4501 4401 4159 4166 3914 3767 3761 3648 3422 3378 3287 3169 3005 2981 2768 2727 2609 2605 2530 2476 2379 2323 2176 2162 2146 2144 2045 1993 2002 1868 1849 1730 1630 1639 1615 1385 1373 1421 1332 1259 1268 1250 1195 1237 1169 1123 1059 1059 1040 1022 1010 1004 881 898 895 830 767 778 782 738 700 650 650 672 651 653 613 566 565 550 602 547 487 495 478 474 449 405 453 415 417 411 336 336 354 352 341 302 306 354 332 312 306 318 312 276 255 262 258 250 221 225 233 211 231 197 204 205 195 186 163 167 178 168 177 165 154 153 168 156 126 138 143 161 112 125 116 104 116 111 127 111 105 107 96 103 92 99 88 84 88 87 82 81 86 70 81 80 76 56 73 79 77 68 52 63 57 48 46 55 53 62 55 49 58 53 44 36 47 46 40 40 37 43 52 30 26 24 28 28 28 34 23 30 38 28 21 26 26 25 17 23 31 14 32 18 18 21 13 16 9 12 15 12 19 16 16 18 18 24 6 16 8 6 12 11 10 12 11 9 6 6 5 8 13 8 8 8 8 10 8 7 6 5 1 5 8 2 10 4 7 4 1 4 3 6 4 1 3 3 4 2 1 1 4 3 1 4 2 1 2 1 5 1 2 1 1 1 1 1 2 1 1 1 1 1 1 1 1 1 1 1 1 1
386 1885 5748 15023 32526 67992 121972 215015 344148 526326 772660 1116939 1547007 2104224 2881585 3770232 4917705 6389669 8054154 10272885 13380923 16319113 20592480 25566353 31480091 38293231 48409220 57065296 68833886 85321481 100198172 118918861 142752390 166013725 202704991 235137143 278288777 329761233 389165037 449449398 523978827 616477850 695529948 800544367 937503423 1063703778 1257549773 1406495108 1583223428 1836057509 2137029538 2441338174 2719419706 3249483266 3642298442 4010464533 4612917681 5204938272 5767686412 6760366357 7558914293 8430288573 9858211373 10578991065 11729117404 13635953491 15122269054 16133389125 18700159309 21153802223 23135104178 25490540593 27866165691 30639303824 34200460381 36533481390 43181542508 47439136743 52391436758 58302442533 62533233969 68394732157 74871902256 87304492314 96392519152 106139667946 122755070344 136235574494 142428813816 161498622821 165593489531 173568924163 195401290669 225018831810 220737460278 239386844472 278956438340 288904628965 315288592821 346233836050 387370604218 412341929021 482139720251 519766694383 539662536372 584953388809 635609448672 682072798279 750205230953 878346547534 977767039502 919755366518 1078689675367 1188501415438 1224494396078 1214094890102 1455558511160 1615650930789 1611656866948 1861264522153 1874541830835 2050640897939 2302420180346 2406806235243 2854327595475 2955896952981 2937395856200 3270716278167 3412420926954 4401360005537 4166213339961 4124846086256 4872882786791 5042689078516 5720045315048 5744351400559 5660049813718 7082276335664 7274811064018 8131294272196 8889221475467 7596931951745 8551269299410 9625630807439 10955412276243 11919976109767 11605874225340 12931705268740 16078605283629 17555622942411 17914112765654 18114371285175 20356656969440 21553717087621 21613651685906 22784352560031 25436625260398 27383165548836 28639022257493 29332375902550 30987471205548 36111085972399 35744331189139 41767710799573 43075129536497 42514463976104 49621320591595 49781610132307 52053769399607 53165858543054 61047047531546 65091927995851 68453011657911 76789626744379 86316369822149 83216471632389 90039670015588 102372805382270 110041214889545 98402686637975 118873061009833 132468527932227 160839632044945 118261546973245 157068798185467 150743494968601 145660708384410 180326374004248 197342877379767 243686917759684 209924981244555 249422651362252 246482186200110 250293186671354 284772010821882 274145822688623 313342001226571 299484861582392 336753226869542 364612955924210 417894471191144 398085357508139 458492651534139 521509321176317 480462470130517 570043082397832 649948715616648 641688549229635 502394679246399 694329073425810 835740584020727 898987227005658 888879213352993 675143380324340 860227304576938 840274503045493 873699222736886 867050894162209 1109023761680338 1223107953371804 1638924804968348 1426650516932734 1437914352922133 1694033032459671 1773747839865288 1490685549651012 1460906990283600 1903038878757722 2159875260632083 2076180527258868 2100221419382846 2240058933015642 2666338555474632 3693793553851061 2275250170535714 1821030363336024 2015866112927403 2573085959746246 2981478929825431 3110403089270827 3756207703672242 2799428227998368 3887494778874097 5538490345231100 4830413888371320 3539884654471905 5478242026935572 5503553551700016 5499971289272520 3794413504786209 5532138438310447 8182335247121623 3940227621648727 9421160962027160 5826234595411380 7108916471385674 7885932163666468 5806517693338200 7327962630013267 4656457779034237 6126630047900015 9129328241776411 6626368815096103 14033631683077372 12589472379820181 11048451200903226 14909513326023393 15537238021202641 22378615676002926 7448303651415675 16200254879005936 10519008581374161 6967797547341328 15276234354935170 17660859996754205 15562844706869420 21566766596929797 18885124908749567 16406949786466898 13564472223108070 16048782032757568 11156836766615529 19433953496825649 41449298112326216 28565071497767470 27113992365024321 26943225951056408 32107337052386637 42638161125546904 36507164921795490 30795178093364829 32753126677019796 25809522335486772 5622992691950605 39777720033799145 50999572526665558 13452524271274919 73254505982161581 31019626926907248 57982482366167235 35747158424377254 9253082936723602 50381220802162843 44185746620741886 80882470486162089 52648871580230816 14118662665280005 42355987995840015 48719359607488989 66133539740636284 37342976599200728 20017426762576945 21458096037352891 92000026621949348 72300218957148317 26415807633566326 111330868656554335 84915061022988009 32488293351466654 67289248220907484 39919565526999991 208083365161864070 49005643635237875 101467687864066516 56156602112874289 60105349839666544 68834885946073850 73653287861850339 73653287861850339 252217035667592710 144117936527873832 154043597379576030 175943559810422753 200882556287683159 229272286871217150 279363328483702152 413766180933342362 441622981929358437 610898403751884101 843250788562528427 1238057794119125085 1319510599727473500 1596675274490756791
4 5 6 7 8 9 10 11 12 13 14 15 16 17 18 19 20 21 22 23 24 25 26 27 28 29 30 31 32 33 34 35 36 37 38 39 40 41 42 43 44 45 46 47 48 49 50 51 52 53 54 55 56 58 60 61 62 63 64 65 73 74 76
36 37 114 109 207 145 238 161 213 122 159 133 140 76 84 51 55 55 36 40 37 25 38 21 24 16 37 15 22 11 17 15 11 11 10 19 8 13 10 2 4 6 5 3 3 2 2 1 4 1 2 2 4 2 3 1 1 1 1 1 1 1 1
44 53 281 360 1194 1008 3203 2421 6430 4107 10207 9847 18220 11086 21693 13503 22615 27111 26107 31796 45570 30810 84644 41688 64797 47380 184681 61831 141856 67132 136256 155798 154473 134740 212872 353894 281105 368811 426367 68523 178736 316563 360720 281623 201697 276872 361466 147273 566573 147273 997544 648395 1456287 1456287 2598266 902552 715220 1430440 966467 966467 6175470 4087968 5392783
