30 42 54 66 78
14850 40146 27622 17012 365
1213260 548172 145501 35878 365
20928795148115696799 9586289564386827151 2389987140356911032 5727232465976477 93425
30 42 54
1030 341 23
4757 623 26
196115164 8899500 2393
3 4 5 6 7 8 9 10 11 12 13 14 15 16 17 18 19 20 21 22 23 24 25 26 27 28 29 30 31 32 33 34 35 36 37 38 39 40 41 42 43 44 45 46 47 48 49 50 51 52 53 54 55 56 57 58 59 60 61 62 63 64 65 66 67 68 69 70 71 72 73 74 75 76 77 78 79 80 81 82 83 84 85 86 87 88 89 90 91 92 93 94 95 96 97 98 99 100 101 102 103 104 105 106 107 108 109 110 111 112 113 114 115 116 117 118 119 120 121 122 123 124 125 126 127 128 129 130 131 132 133 134 135 136 137 138 139 140 141 142 143 144 145 146 147 148 149 150 151 152 153 154 155 156 157 158 159 160 161 162 163 164 165 166 167 168 169 170 171 172 173 174 175 176 177 178 179 180 181 182 183 184 185 186 187 188 189 190 191 192 193 194 195 196 197 198 199 200 201 202 203 204 205 206 207 208 209 210 211 212 213 214 215 216 217 218 219 220 221 222 223 224 225 226 227 228 229 230 231 232 233 234 235 236 237 238 239 240 241 242 243 244 245 246 247 248 249 250 251 252 253 254 255 256 257 258 259 260 261 262 263 264 265 266 267 268 269 270 271 272 273 274 275 276 277 278 279 280 281 282 283 284 285 286 287 288 289 290 291 292 293 294 295 296 297 298 299 300 301 302 303 304 305 306 307 308 309 310 311 312 313 314 315 316 317 318 319 320 321 322 323 324 325 327 328 329 330 331 332 333 334 335 336 337 339 341 342 343 344 347 349 352 353 355 359 365 367 369 370 374 379 381 385 391 397
257 1400 4207 10246 17850 27362 35733 43390 45917 48424 48742 47576 47123 45116 43792 42561 40794 39632 38300 37080 35168 34694 32758 32280 30576 30475 29574 28228 27249 26073 25805 25261 24086 23579 22774 22041 21431 20797 20183 19777 18855 18602 18372 17778 17024 16456 16292 15895 15537 15157 14872 14259 13755 13471 13033 13140 12234 12145 11877 11193 11274 10792 10859 10461 10144 9712 9834 9270 9135 8871 8619 8584 8240 8331 7864 7679 7495 7359 7193 7051 6730 6616 6522 6059 6028 5928 5756 5739 5477 5228 5193 5192 4916 4962 4650 4540 4468 4370 4261 4102 4076 3892 3926 3849 3517 3466 3542 3265 3350 3144 3088 3245 3030 2804 2870 2746 2694 2673 2610 2521 2483 2424 2354 2287 2259 2170 2053 2168 2077 1968 1954 1773 1901 1825 1587 1790 1682 1535 1575 1544 1464 1459 1386 1368 1396 1280 1293 1224 1194 1167 1077 1150 1035 1150 989 877 1010 947 879 917 917 847 882 791 806 825 723 764 738 713 682 701 655 622 661 688 609 660 546 480 566 453 473 534 446 414 441 407 423 440 318 423 376 337 337 380 343 316 282 363 287 338 267 239 276 288 205 326 237 240 248 200 203 240 181 230 200 187 173 207 181 192 149 209 139 175 152 122 134 151 105 173 110 93 125 118 84 142 85 124 96 95 88 96 76 76 71 64 57 75 49 46 50 60 43 70 37 32 53 43 35 38 40 29 46 40 36 27 34 41 29 41 31 42 38 26 31 31 13 33 25 22 22 12 15 23 20 16 18 21 10 18 12 15 12 18 12 10 11 12 11 23 4 11 6 3 9 3 5 8 2 4 8 2 6 5 3 4 6 7 3 5 1 3 2 2 6 4 4 5 2 1 5 3 35 2 1 1 1 1 2 3 2 1 1 1 1 1 1 1 1 1 1 1 1
257 1534 5825 18706 45062 100776 191809 355544 569718 923217 1402209 2079445 2979320 4163024 5736961 7803546 10377673 13738275 17725121 23091027 29080415 37090046 45635611 58062207 70107251 89390919 108755744 132049766 159064979 190731005 231922766 282458728 332938962 402936532 471331625 565278290 660125123 766533281 901772758 1070379014 1228834835 1474498798 1715092497 2014412802 2288488678 2644354853 3109048745 3578442849 4161713800 4823962005 5446521836 6326638470 7109846395 8152126928 9253932803 10786542142 11909600921 13861777140 15539417540 17426767127 20236342224 22252584711 25991270380 28953467222 33009756097 36629370891 42279776465 45609543340 52649516776 57997418381 65539345683 73924850405 81546000477 95392888663 101313560071 115609601394 128301354297 143044921758 162686925253 175549434535 193864252008 218471855876 243119014990 261064759951 285966285867 322843985453 346796491138 390602266758 434597516636 468624714590 518287830013 603404010535 612931770824 722725294211 773443324177 850301094152 907722006075 1012320654325 1106716702562 1227462133006 1346372736621 1450778788804 1610383215233 1779062780727 1837236344687 2092590957276 2276791283932 2366623828582 2793363848348 2968943023446 3165431126385 3620766741776 3790502429212 4068469128071 4500297017063 4828726897296 5331194401237 5687189222039 6551235139618 6735703383627 7274347540130 8273966063024 8632470551140 9488989616902 10588610003628 11106756240730 11941441598749 13447079546749 14362882711045 15172645901757 16429422080021 16907722014326 20236498223506 21759305034321 20423365571513 24933606921550 26518374185514 26574924466218 29826076819741 33949776556995 34822909631267 37794491151406 39985155341715 43493545360044 46803109214966 50741945652719 54022169862282 54504824809169 65526924395122 67502377215811 67170349977113 77467361259321 74640279598944 93772617666626 91636190671252 89270295010444 107155140111802 115646370579289 117895625811225 128511083400341 145309329332628 146827216033422 166340038324555 173518041134100 192145436824636 204123189743203 204400723537738 225862087542720 235089814721094 267896841320897 274082030682097 299710901043794 313786865741745 318859259882552 368120662607930 428101741361725 414708305597923 446801222675271 448300261052700 400692866438560 518160282812890 484334559612326 533568714973923 614584065773714 633086714102833 597469399692836 642605495957082 689841306888625 814425024046175 873092593239599 753861026600418 1017623358503407 932039967729848 1030488456596775 1066258917340068 1212180532019775 1319642002807605 1219835099777536 1203606457125826 1898318218277591 1455334570988764 1840740851290186 1623576384842330 1629892625236320 1915994615038184 2303752487223809 1858875818362952 2875289596311331 2430168321268450 2575108952511933 2679675590078718 2777715637994400 2743803256982750 3488151843940563 2993118191907654 3960571163110525 3591853868868453 4149364775521101 3589101821687992 4766189502384745 5263917797241974 5225771829638209 4491327587435983 7350968489102163 5054896963001792 6920107508294025 6497980068774685 5220446029823331 6065366706901487 8725239321129815 6338488112640417 11272235593820150 7644409542550890 6726411590251887 9686594921501557 10505041393589467 7940332420131865 14108192083981161 9481116395467723 14033483724413355 10949534613888561 13700078554641559 13130092776318244 15042515317268571 13234236610237471 13818625543595789 13547788759363714 15285795993542658 13134974315836564 18677563102486920 12287641677888916 14431388164943246 16428165669630188 19748704516860776 15642723325808305 29174405947781300 13894853396517833 12229157905795992 25068543868039995 25157472538615333 18234434833933221 23787186122564357 27169500447752861 21723016364942917 33172370620740144 30367827394474373 32479269933430231 24297320267633583 35585778161400573 44667727074480609 35760811246675616 48284822463033863 40971995816380126 59497810050250531 63972558430399698 46796765048285985 55126150775079855 61670287401318926 26221412395675707 71736411474021479 58505435820255520 58111985854772094 58821017854554721 42342088253618481 44592605428929189 88052745984529162 73050521662211379 65336037379248031 70564729192359839 90709526331430203 54035846463987570 94085832164987107 64497138025113026 86858910093634216 84040717460906073 122673335786360581 80715145627649514 84172994499060745 87231365621508528 117145460513378440 107241475273131762 249392719278652339 42629324930195356 153093691482050071 71947956232562068 39486653685173112 149566620696746249 58523230808274398 81198932679148315 134615866675907832 36085668432747659 112028929797602184 168783429749271236 44458102692840228 146250537409639787 153197741353190448 79247422900698978 119283566310524895 186281314662305164 269156992883629936 111823217330244231 234227073661496118 39919565526999991 189556004357631806 101467687864066516 112313204225748578 352734603584414754 257301498436458200 330645895719491350 432282923339549056 157602510605333230 84300815636225119 445002555558423611 283075655364955143 3853618720781689573 252217035667592710 134819180623301520 144117936527873832 154043597379576030 188008647052292980 429236599486572598 784736722053432375 558726656967404304 318555973788329084 413766180933342362 610898403751884101 695143713458946040 790738119649411319 843250788562528427 1089657644424399782 1498478743590581081 1701169427975813525 2190401332423765131 3192707518433532826 4640713124699623515
3 4 5 6 7 8 9 10 11 12 13 14 15 16 17 18 19 20 21 22 23 24 25 26 27 28 29 30 31 32 33 34 35 36 37 38 39 40 41 42 43 44 45 46 47 48 49 50 51 52 53 54 55 56 57 58 59 60 61 62 63 64 65 66 67 68 70 71 73 74 82 86 95
8 44 58 192 184 299 268 408 300 420 254 328 238 261 168 222 139 170 126 120 106 94 71 112 63 81 48 62 37 71 28 51 36 28 24 28 15 20 17 16 33 21 7 12 9 12 8 10 8 10 3 5 5 5 1 13 6 2 1 3 1 1 2 1 2 1 1 2 2 1 1 1 1
8 57 90 471 565 1669 1764 5087 4500 12137 9193 20743 17319 33909 25063 55713 38525 74371 58538 101229 93136 115225 109694 238551 120882 251227 189725 315909 186718 545686 247175 561541 358731 438017 444531 617878 410755 613765 659098 1074708 981232 1510033 451425 1110453 1042547 2009616 1269964 1584360 1560289 2085999 615344 2168613 1429582 2591655 281589 5736101 4085133 1053646 526823 6360244 1430440 2145660 4175944 1300156 5200624 3483260 2323520 7326729 9729815 4087968 24264328 20506255 72533807
