33 45 57 69
20868 43808 23459 11862
893235 410467 100491 19312
41019782296970825158 9193836954130236734 1014644063509392398 216132002652110
33 45 57
822 203 2
2910 329 3
62020232 1980173 12699
3 4 5 6 7 8 9 10 11 12 13 14 15 16 17 18 19 20 21 22 23 24 25 26 27 28 29 30 31 32 33 34 35 36 37 38 39 40 41 42 43 44 45 46 47 48 49 50 51 52 53 54 55 56 57 58 59 60 61 62 63 64 65 66 67 68 69 70 71 72 73 74 75 76 77 78 79 80 81 82 83 84 85 86 87 88 89 90 91 92 93 94 95 96 97 98 99 100 101 102 103 104 105 106 107 108 109 110 111 112 113 114 115 116 117 118 119 120 121 122 123 124 125 126 127 128 129 130 131 132 133 134 135 136 137 138 139 140 141 142 143 144 145 146 147 148 149 150 151 152 153 154 155 156 157 158 159 160 161 162 163 164 165 166 167 168 169 170 171 172 173 174 175 176 177 178 179 180 181 182 183 184 185 186 187 188 189 190 191 192 193 194 195 196 197 198 199 200 201 202 203 204 205 206 207 208 209 210 211 212 213 214 215 216 217 218 219 220 221 222 223 224 225 226 227 228 229 230 231 232 233 234 235 236 237 238 239 240 241 242 243 244 245 246 247 248 249 250 251 252 253 254 255 256 257 258 259 260 261 262 263 264 265 266 267 268 269 270 271 272 273 274 275 276 277 278 279 280 281 282 283 284 285 286 287 288 289 290 291 292 293 294 295 296 297 298 299 300 301 302 303 304 305 306 307 308 309 310 311 312 313 314 315 316 317 318 319 320 321 322 323 324 325 326 327 328 329 330 331 332 333 334 335 336 337 338 339 340 341 342 343 344 345 346 347 348 349 351 353 355 356 357 361 362 364 367 368 370 371 373 376 379 382 385 388
232 1357 3865 8301 14765 21568 27427 30600 33648 33247 34389 33020 33487 31497 31061 28778 28904 27384 26948 25563 25732 23958 24363 22478 22641 21388 20942 19891 20000 18820 18663 17969 17870 16663 16672 15866 15786 15119 15301 13971 14141 13501 13189 12633 12788 12037 12138 11530 11426 10744 10776 10140 10570 9738 9946 9229 9276 8821 8940 8295 8309 7937 8127 7420 7623 7110 7091 6890 6791 6482 6695 6150 6332 5751 5944 5570 5730 5427 5344 5036 5240 4794 4877 4419 4716 4499 4544 4299 4338 4012 3876 3747 3896 3684 3758 3450 3529 3344 3323 3173 3215 3047 3134 2799 2919 2738 2765 2583 2604 2529 2582 2380 2554 2307 2253 2188 2282 2075 2124 2011 1864 1895 1913 1785 1888 1835 1611 1692 1628 1576 1594 1502 1501 1431 1460 1374 1322 1347 1299 1230 1174 1167 1178 1072 1115 1062 1026 968 982 921 900 913 911 825 995 770 740 816 717 684 705 672 667 626 687 617 668 597 559 582 586 524 563 512 446 475 486 455 508 435 372 422 408 366 401 346 374 350 347 317 345 335 285 324 340 266 312 278 244 263 284 249 254 221 209 214 214 199 229 204 175 204 211 161 199 160 178 162 183 142 161 157 136 231 178 154 155 145 130 115 181 103 153 114 112 94 112 78 121 105 92 96 112 78 110 76 73 80 113 69 83 72 60 67 75 54 68 50 64 57 77 45 73 58 42 69 66 50 67 53 34 33 74 37 53 51 31 52 41 25 31 39 34 29 31 11 34 84 20 27 36 16 29 21 12 21 24 30 15 15 12 17 8 11 26 20 8 16 12 3 16 7 10 21 14 7 14 13 8 11 6 10 11 8 13 11 9 5 8 8 9 7 10 4 5 3 5 16 4 5 12 1 3 2 1 3 4 1 1 2 3 1 10 2 4 1 1 2 1 1 2 1 1 1 1
232 1492 5485 15449 38351 82340 152389 264808 439785 671048 1033274 1501316 2161406 2981900 4102750 5350994 7292325 9584942 12365187 15865900 20742012 25735204 32719433 40014652 50696141 62512171 76073612 91275671 113588655 136167793 162044993 197043838 237894399 282571953 337532302 396596558 466661155 554388923 663057237 736481705 897738534 1045937364 1188041930 1396626269 1645512956 1899005740 2204248628 2564463867 2911954174 3342579087 3866941168 4347056910 5188042807 5710055785 6831237649 7376587739 8589045525 9650619657 11106853962 12331625200 14401537174 15807490340 18756186338 19691363433 23703868515 26419958106 29322551499 32424605346 35928489581 40607451329 47689639984 51087004514 59397694807 62303886250 73804197561 79364065651 93955929192 102382832376 109248104999 118495261419 143447680141 150279784277 171122189143 177614888348 215706890375 236633464518 260728148462 279362726000 320598498125 349760003595 374664186205 403824104936 482321838721 507436351511 576406069981 616370507937 700375899411 736884140089 844831640027 881963646606 1041288920333 1102169410490 1312192071515 1228358074382 1515469265630 1572857024979 1754216246825 1847733765397 2143457674515 2337717896788 2603106705034 2645548938914 3224309588346 3170673077236 3524698028669 3867142514068 4466401052730 4647180275444 5100303059791 5440684899140 5751808185831 6252747770609 7072078566826 7257345023094 8831535736580 9547617112485 9327993040763 10461752170090 11428801792282 12492975552273 14214057960173 14229777475796 16092594856366 16388514941826 18497494852986 19597199938863 21420609570537 24164461039373 23950958931970 26650732210079 27941869476646 31047051688902 33554675528260 32925571994671 38407874444801 41599044664013 44185090554425 44870190980885 47285952693104 53405484238061 56591925378973 62865247559669 66555662311962 67830042319677 89446757126304 76336279322213 80472776402201 100418712714617 90477365144978 96153816042466 106991043374220 113235642375767 125866670516253 128757210281846 157056427335962 152862675257263 177732075048073 176509789388541 176665039499855 208842871537077 226046242999558 218682111039396 272807694810186 252612865893475 250781039183789 296194077981700 313602826957353 316144339745477 395896298492595 368606940170800 354962652323137 433909358574804 436888033730687 428539734686090 524048717115830 485209178989871 546316600485283 627136256043283 610647205850285 624523739694442 725518617671197 792000444142308 716833432034622 931468466885437 991537131185188 853639710186297 1122678079068479 1131907703974201 1057612467367440 1245390603280664 1330220864953612 1398811514461781 1490575165081112 1406389767965691 1487533843736723 1649679758957370 1753071329128443 1855057630496051 2239504450108478 2025532393971548 2067555764876102 2600296057325517 2923119143469079 2415128980791340 3134903081544086 2703859476173043 3292138269870175 3204927105307549 3810527093415663 3409083044865193 4012025903213169 4631180248752816 4099740627160281 6918495619445382 6354295563963148 6032004312668969 6803123591793374 6430222235306796 6262189168910122 6227362029923925 9562101262553472 6425080749130960 10043989219178999 7989808620425480 9202518578493614 7420381450095217 10190324850323060 7569872675663827 12663337147586203 12049553129270036 12045060149759660 12220308900555885 16497149402032462 11766581205967055 17648216000311207 12975567413008334 14220454218788042 18083146324147896 27457072449022084 17227666882627691 21091198688717204 19513345302019289 19921336874590938 22498626492874568 24962535470890146 20997544869142620 27864830759179876 21891312597492763 32555301057000612 27908554933731393 39463318850096194 29538549884852922 46543160269090777 38971352684519719 33033430431064695 52684360761173897 59816346316897458 48919102332922121 69030780441354837 64678260080027615 36364118875046008 42291559601555352 108575467990914827 54604687835674734 88072486213931551 83654531861286550 61550930627134272 105722636505557469 79523720753601053 63035965381583919 72422623802074272 99579366731263786 101490352334242527 93928822428539789 99459702534143177 38472749782815923 114795938154806666 315573572566832621 87185935420204890 128561341235873970 187742603394938154 83328401263329345 144599196924645508 127620591002903483 69559768254131810 153796114741643965 170187852671806027 234496489167295200 114396209403388584 130254717830654595 106608888611873185 162047636114060527 81626855659664022 118008854403310494 303993501554633592 263011577658788199 108167077471128535 259257378342926035 215291839734918123 49893753204806621 303584911262222429 189406759921956802 203055606175321342 508955315040460953 325300292167509024 204263655137587264 384935008529365980 462986133700170853 246933678641991092 396797504771522376 211279180123952227 380679537018236512 450429270832818721 436553621882416956 705985088703629502 556344082955570455 490631187479686009 288680506017955955 493502873025676370 716598143374178650 629150777346217628 604670205217251540 962113744632674892 354827120577873988 463426525326054389 289350330576608280 537226513919348966 1826058815771253952 479956992472138271 647963914747992105 1645726435193335176 154043597379576030 462130792138728090 351887119620845506 188008647052292980 564025941156878940 831001712061938916 244904537455382406 279363328483702152 637111947576658168 1020368430145732284 363117512048110005 4713140642683987800 1005915133012000040 2290448235592150236 695143713458946040 741433159884081684 1686501577125056854 899175348396088349 1022141228367345362 2476115588238250170 1498478743590581081 1812356499739472950 2190401332423765131 2645418340688763701
3 4 5 6 7 8 9 10 11 12 13 14 15 16 17 18 19 20 21 22 23 24 25 26 27 28 29 30 31 32 33 34 35 36 37 38 39 40 41 42 43 44 45 46 47 48 49 50 52 53 54 55 56 58 59 60 61 62 64 67 70 71 74 79
4 26 39 155 124 203 144 212 157 204 154 190 102 169 82 151 70 109 70 91 56 88 49 60 37 60 39 46 35 37 15 32 17 23 25 21 13 18 11 8 11 11 6 6 7 7 6 3 2 3 5 5 4 2 1 3 3 3 3 1 1 1 1 1
4 31 62 370 397 1115 1052 2806 2602 6012 5787 12696 8402 20301 12356 35759 18901 46652 35440 68900 46699 116179 69450 110304 69937 177073 119677 216806 166649 261939 98947 388828 244874 429779 394328 387168 304067 648280 386694 358147 463855 681208 513329 542989 617309 771224 930018 361466 374262 589092 1261389 1807333 2478575 2638867 772310 2316930 2733230 5645024 5490987 2600312 2323520 5359378 8175936 9289091
