3 15 16 27 28 39 40 51 52
20 2192 470 28052 5168 41852 7011 13244 1983
772 13537 3124 334629 62108 167527 26614 16896 2439
73345 1965657 513290 3422277111399838305 1230463324782255632 4140914048496903535 774271938069697223 7313895545158 534993335587
3 15 16 27 28 39 40
5 155 27 157 29 3 3
58 505 74 277 67 3 3
941 69100 16370 685230 91815 91 12
3 4 5 6 7 8 9 10 11 12 13 14 15 16 17 18 19 20 21 22 23 24 25 26 27 28 29 30 31 32 33 34 35 36 37 38 39 40 41 42 43 44 45 46 47 48 49 50 51 52 53 54 55 56 57 58 59 60 61 62 63 64 65 66 67 68 69 70 71 72 73 74 75 76 77 78 79 80 81 82 83 84 85 86 87 88 89 90 91 92 93 94 95 96 97 98 99 100 101 102 103 104 105 106 107 108 109 110 111 112 113 114 115 116 117 118 119 120 121 122 123 124 125 126 127 128 129 130 131 132 133 134 135 136 137 138 139 140 141 142 143 144 145 146 147 148 149 150 151 152 153 154 155 156 157 158 159 160 161 162 163 164 165 166 167 168 169 170 171 172 173 174 175 176 177 178 179 180 181 182 183 184 185 186 187 188 189 190 191 192 193 194 195 196 197 198 199 200 201 202 203 204 205 206 207 208 209 210 211 212 213 214 215 216 217 218 219 220 221 222 223 224 225 226 227 228 229 230 231 232 233 234 235 236 237 238 239 240 241 242 243 244 245 246 247 248 249 250 251 252 253 254 255 256 257 258 259 260 261 262 263 264 265 266 267 268 269 270 271 272 273 274 275 276 277 278 279 280 281 282 283 284 285 286 287 288 289 290 291 292 293 294 295 296 297 298 299 300 301 302 303 304 305 306 307 308 309 310 311 312 313 316 317 318 319 324 326 327 329 330 331 332 333 334 337 338 339 340 341 344 345 347 348 349 350 351 353 354 356 357 358 359 360 364 382
359 2086 4046 7184 10863 12143 14446 15833 14871 15057 15951 13720 14061 13634 12533 11880 12415 10748 10863 10896 9934 9826 10074 9152 9326 9408 8413 8340 8757 7626 7823 7917 7229 7205 7595 6626 6685 6696 6294 6059 6493 5572 5880 5799 5314 5178 5529 4868 4934 4929 4622 4482 4772 4060 4261 4330 3927 3843 4178 3678 3707 3672 3448 3325 3554 3013 3135 3218 2963 2815 3150 2743 2740 2923 2617 2519 2668 2219 2405 2398 2127 2100 2368 1959 2045 2080 1869 1788 2037 1685 1731 1796 1651 1608 1643 1452 1531 1547 1414 1347 1455 1287 1268 1324 1185 1169 1246 1121 1060 1179 1074 1002 1047 919 975 1046 874 856 922 840 814 849 769 736 846 685 718 727 674 587 740 582 573 597 559 489 578 481 501 563 457 395 527 376 394 430 385 327 430 334 354 356 342 317 354 284 318 327 294 267 318 235 248 300 267 217 296 213 228 219 199 180 220 166 170 186 141 143 152 158 122 142 150 128 152 131 128 124 113 105 132 97 100 129 101 95 113 76 73 92 65 69 83 73 58 55 65 42 81 64 51 63 63 56 68 68 48 60 69 44 58 46 48 42 38 35 40 44 36 38 29 30 37 30 23 27 33 28 26 20 22 24 21 20 27 22 17 23 18 15 20 20 12 15 11 11 20 19 9 14 9 4 10 13 4 14 9 5 6 8 6 9 14 8 10 8 3 12 6 5 9 11 5 7 5 7 10 3 5 7 5 4 10 4 3 8 5 2 6 4 2 6 1 2 4 5 1 2 3 2 2 1 1 2 1 1 2 1 3 2 1 2 2 1 2 1 1 1 1 1 1 1 1 1 1 1 1 1 2 1 1 1 1 1 1
359 2207 5738 13641 30816 53515 93855 158158 229101 339051 537679 684218 976327 1337988 1746384 2201202 3135524 3675631 4759476 6427409 7685888 9564724 12667880 15086234 18960390 24329505 27995715 33767800 44717387 49229753 60451759 75940681 87380103 103833799 134953890 145589840 170790015 211844590 244147804 272476357 365388705 377669329 460691972 550165933 614415243 692722361 878459271 924499997 1074993748 1286041789 1468056515 1605811634 2066115585 2097593852 2484896353 3012470298 3233067101 3507815535 4581330835 4780663360 5410520362 6268449630 7048842724 7600607045 9801724380 9308836347 10941867213 13076219371 14138097963 15113564041 19556921654 20015799184 21862213161 27496495040 28297864912 30086583184 37234453123 37315361055 42525795331 49535427272 52302854609 56612336791 71349659915 68335551765 78271275548 92511784861 97634544509 99921720022 133961277889 127089556438 139813394774 164714517901 178740381415 182035671700 221839575783 224844300221 249725805656 292671987832 302294441530 320304646913 402774677612 400517543721 405971052180 509861995021 524297099992 547089932817 668174589137 701558354415 712778581314 898493085646 926793564575 911188868390 1124431734730 1140235290130 1244355715211 1542561476066 1474278674052 1497092920565 1879867173986 1917622701471 1974171757067 2291512388235 2437821583718 2300019524577 3243104611771 2941278679873 3253898114652 3881287649838 4010784799718 3725016890444 5242938129527 4609301076184 4935619405678 5682348919279 6159969368176 5802377419930 7358703807483 7272908799716 7532386360592 9647026564460 9281089682436 8018513377709 12254809247787 10529557064520 11393484870281 13201606188823 14313001088983 11999106155097 17974621974372 16852237515978 18017875450548 18946680792814 24128288859046 21560134398136 25383727778682 23853198733266 27895493646291 30810092631478 33864439676214 31389455786130 40663766433196 34220922239419 38823525935922 53930363673974 53567544318821 43497232638551 67752676482626 56303655324823 59899987629210 61531197133737 67416041919864 61321591337232 87101901763676 74324681908787 79614735967302 90447631441981 81206547272687 84033694318010 100426360185400 121867043848715 98493010722231 130552876031318 154107924752909 131454907293316 172303837952409 176650043022438 164929353100455 184132396945610 185798706163480 193593576123633 258886108885217 209064023687918 221764369579492 308707378037508 291809595655275 275434788128781 337637442286287 279116468392944 270454289134248 381603990085452 294363286036007 353679151816098 428656068405916 461632784927235 357318344048514 376114410275570 515599265988424 356249488779465 707982515813055 605396258200990 561961557146232 705723341840484 815286748663707 748776026827136 984703845841801 1037806850595496 838922379953898 1069751833030749 1334328823573888 912112238528998 1316817872681505 1184648873806751 1260593165709480 1296124817487111 1174035995906768 1189856658332076 1550833823416075 1813003539319813 1490005612065214 2070445726314487 1358341524701723 1644771964812591 2262380323763577 2181331966762286 1597983191815212 1965036286609811 2728826009300643 2402752412627593 2495092518163241 2531409716193972 2292723697231335 2742940509012837 2904356951392414 2578667024221470 3984174036249693 3806118599401793 3065425596908337 4540484172002852 4539768500154278 3094338751648011 4692254930761797 6633775374218279 3401762219143569 4770404231265640 3853957883262175 3554458235692837 7754508201674256 8569583429925699 3679586018883633 6234367768330856 4316892675598930 2021940867191147 5556938689278885 10231520478038116 3206408495649185 10430315908473258 7396478564519105 4137497551029423 5167967138099976 7658526436300470 6225821819600210 9938023493424987 16708697514197754 11433756403458407 13624006829948325 11951382087453950 4795568431525517 20539760852554942 12738806043003828 11523646370532995 19142234968712880 25318679264094041 12168562616104529 18746271097829071 17015408932431270 24396270644314208 33738393975029954 10702445684128879 18809136831192003 32581242760306068 22041536437876848 19150367296317138 50532045631128780 22103349145605487 17702520456141635 50999572526665558 39878396796708014 14959130157021168 47630807003225784 32711241430294145 17240992550930050 59585834354421006 9930972392403501 22871084155644208 49076872076917860 64025089723632042 13162217895057704 30285905477714388 47622525810516520 49893753204806621 37342976599200728 23000006655487337 24650106150830490 52831615267132652 28305020340996003 37274405776748077 91544717087156056 49005643635237875 168469806338622867 120210699679333088 60105349839666544 137669771892147700 147306575723700678 78801255302666615 192900220384405520 103151466321735325 110307860425292772 117949491546113972 126108517833796355 154043597379576030 164637479165761044 188008647052292980 200882556287683159 214618299743286299 229272286871217150 244904537455382406 279363328483702152 298330063062758076 680245620097154856 363117512048110005 387632532919029223 413766180933342362 441622981929358437 572612058898037559 1812356499739472950
3 4 5 6 7 8 9 10 11 12 13 14 15 16 17 18 19 20 21 22 23 24 25 26 27 28 29 30 31 33 34 35 36 37 38 39 41 44 47 48 51
2 18 22 41 41 110 74 118 62 92 68 58 39 34 19 37 20 18 13 15 7 10 5 11 3 15 4 6 3 2 4 1 2 2 2 2 2 2 1 1 1
2 23 34 117 135 652 554 1376 1032 2458 2595 3283 2975 3786 2801 6987 4758 6061 5940 7869 5418 7509 8007 18451 5262 35898 15894 22818 20229 11154 26735 6842 19557 39678 32596 65192 57591 99708 75175 89134 147273
