18 30 42 54
3183 34964 47308 14537
47693 437703 183582 21869
99831887 7327641282282397395 3417639912952935735 145915943376964
18 30 42
472 424 15
2482 745 17
9415112 8782173 4789
3 4 5 6 7 8 9 10 11 12 13 14 15 16 17 18 19 20 21 22 23 24 25 26 27 28 29 30 31 32 33 34 35 36 37 38 39 40 41 42 43 44 45 46 47 48 49 50 51 52 53 54 55 56 57 58 59 60 61 62 63 64 65 66 67 68 69 70 71 72 73 74 75 76 77 78 79 80 81 82 83 84 85 86 87 88 89 90 91 92 93 94 95 96 97 98 99 100 101 102 103 104 105 106 107 108 109 110 111 112 113 114 115 116 117 118 119 120 121 122 123 124 125 126 127 128 129 130 131 132 133 134 135 136 137 138 139 140 141 142 143 144 145 146 147 148 149 150 151 152 153 154 155 156 157 158 159 160 161 162 163 164 165 166 167 168 169 170 171 172 173 174 175 176 177 178 179 180 181 182 183 184 185 186 187 188 189 190 191 192 193 194 195 196 197 198 199 200 201 202 203 204 205 206 207 208 209 210 211 212 213 214 215 216 217 218 219 220 221 222 223 224 225 226 227 228 229 230 231 232 233 234 235 236 237 238 239 240 241 242 243 244 245 246 247 248 249 250 251 252 253 254 255 256 257 258 259 260 261 262 263 264 265 266 267 268 269 270 271 272 273 274 275 276 277 278 279 280 281 282 283 284 285 286 287 288 289 290 291 292 293 294 295 296 297 298 299 300 301 302 303 304 305 306 307 308 309 310 311 312 313 314 315 316 317 318 319 320 321 322 323 324 325 326 328 329 330 331 333 334 335 336 340 341 342 344 345 347 349 354 355 356 358 361 371 380
348 1685 3812 7369 10633 13743 15692 17732 18193 18349 18742 17981 17528 16415 15670 15142 14536 13728 13114 12545 11910 11642 11215 10790 10360 9756 9535 9566 9079 8730 8519 8188 7985 7715 7523 7283 7243 7040 6715 6566 6466 6131 5960 5827 5666 5545 5433 5332 5155 4925 4781 4683 4590 4290 4219 4332 4150 4001 3937 3885 3813 3656 3516 3514 3418 3388 3234 3222 2919 2839 2823 2834 2767 2649 2539 2544 2513 2385 2326 2316 2241 2200 2084 2036 2048 1924 1909 1921 1845 1758 1724 1727 1602 1683 1519 1508 1464 1476 1279 1389 1383 1307 1260 1291 1250 1229 1168 1166 1140 1091 1036 1034 998 981 957 1022 909 907 850 933 860 861 739 764 750 721 666 696 697 682 643 648 630 610 609 612 548 552 502 568 524 481 461 518 462 431 398 452 393 412 418 353 368 405 361 367 341 368 338 340 352 292 308 290 294 271 248 306 316 278 253 262 248 234 225 241 236 251 218 214 203 188 193 206 183 180 157 176 158 151 146 146 157 145 138 145 128 134 143 152 120 159 107 128 96 102 97 114 114 104 98 102 104 86 72 89 78 89 74 73 87 71 71 66 74 74 59 71 65 65 57 64 69 63 45 54 55 46 45 39 46 44 42 46 39 41 31 33 42 33 31 30 40 26 25 27 29 25 26 30 25 19 23 16 25 17 26 21 26 22 14 18 17 19 18 13 16 9 14 13 9 16 13 12 19 10 14 13 7 9 7 9 9 13 5 7 13 9 6 6 7 7 7 7 3 10 3 3 10 3 4 4 2 3 4 1 1 4 5 1 2 2 3 3 5 3 3 1 1 1 2 1 1 1 1 1 3 1 3 1 1 1 1 1 1 1
348 1850 5405 14582 30516 59086 101351 177636 274959 419897 632517 896486 1262918 1696539 2248123 3016815 3983349 5052585 6456349 8124634 10047194 12776116 15516279 19244185 23335369 27698588 34353156 42866928 50575106 60427483 72211619 85982276 102173766 119803905 143663778 167201965 206930484 242000646 278415571 322251824 384610279 433425848 503936416 596757230 676825700 800509180 929534849 1081804759 1238890187 1405055508 1590219190 1848249526 2130970127 2323352789 2620154436 3184018108 3524008847 4039444634 4710910831 5223368172 6101196542 6733062748 7511774185 8598235468 9507000825 11129265063 12152382892 14191737267 14661363348 16049394504 18937604093 21208016773 23944092254 26441043983 28383900049 33541452892 37718406366 41218520796 44912549718 51324423947 56618338676 62556004665 69897260681 73580503312 88180628408 94461489767 105300276891 118273562615 129244080021 140111775181 148461803711 173141884968 183357877775 211480081239 222446783553 237571956455 262371493059 305935095470 296473639768 368044677020 397120600284 420966417838 452127816922 518388509402 555215970301 619329880539 699310219746 753221208600 838968338035 914372573757 933937023882 1008940908154 1116641100518 1226275350238 1318494452661 1600212338147 1590904130215 1748973686140 1827058678562 2271427862551 2230474972900 2546834162605 2376775594026 2744050329415 3142474300831 3236701167040 3396778360664 3856045330830 4197492040918 4880268224398 5099630805351 5558763109937 5657252737859 6440411264613 6903964695010 8011000783782 7829098041876 8393104871219 8408644166336 11090891702380 10789494990470 11182056043711 12074039112762 14250219060760 13786069837862 14695926692829 14677817957037 18674328900304 18344808048257 20894676749480 22513112369361 20539241865502 24378196866411 28830048548528 29031177459314 32850186210150 34521762339295 38604814977704 38725494093567 44378801681102 48138893929054 45104022944321 51957109317239 54918911301068 59520617586898 60084637304113 61972256214459 81723091456014 88804960714695 93497962093533 93477301814210 106919958715695 105427347716086 105110321638469 108377890196165 132873178372814 137785607835053 163921684470355 153710960242905 165203602508000 174033703276630 174652729760666 187851421561524 228116314495464 219313815360897 242688102887368 219322446815189 288518909908930 252656459926222 284355481964650 285547999733539 297353536693952 356060599679333 382660648785316 362651064713244 429115698789147 421177221725806 481738735680186 567765935264964 716538840707078 547552570467824 822123445108375 584510219971574 770621880348871 603252009633002 712705628174638 751901957702653 991606859204905 978267089867572 985844995491242 1043141074012730 1248478543205548 1259555435273127 1234558097990020 1163077447565722 1397073200598475 1256484245967056 1803656833915212 1465517615185161 1699168207670045 1981012361382843 1859552524094336 1961924265403206 2020079368714665 2487878474163421 2656339806266122 2285975562793735 3095916729452990 3095186717886940 3304433487811854 3365364788757594 3801939797314211 4401684055174968 4367801227837572 3162480401070788 4353734714825423 4596420553359971 4009436772892294 4641709850705864 4112163728993230 5156723643928725 5593807588399313 5557404243838055 6698140761349474 6057197471894498 7001820703123023 6021384354204737 6905150171515214 8145819670734064 7629611561121435 7059417683332728 7784009627529197 11259502669830665 7961314146128548 8731833397845480 9113485304832815 12344828204143512 11123593976533754 11915305605015828 14303096739210581 13089625154981630 10611000158387765 13589602568471204 9413836024452252 18435954591135707 11610571538623345 19916527171225795 17091067855394123 24290908985665344 21939243035513592 13884348255900680 23434186728535527 24035700616122621 28684893808288988 28358669931998395 19339822696354375 30684567005228576 14744316711268641 25343326415473341 27273206195199631 19297195427820321 42265127921124405 33989336480373473 34183907231605096 59038789737554395 30510489768230182 49301637165937163 49367504615651286 26934472479589216 36507164921795490 30795178093364829 47031455916864850 50169712617847192 72710283373160932 29365277030187755 43619077909619324 92730141847574204 72740791047846828 46529440390360872 49952233981224195 64771580557065214 68161027835464709 73874959787696535 79270583699481463 36807654057688395 129836179198920562 40443098455395413 71617603399977214 160204197764351692 52242540399441885 74685953198401456 76031891661378037 42916192074705782 69000019966462011 96950325107978807 26415807633566326 28305020340996003 119283566310524895 162441466757333270 34800954869440830 74548811553496154 79839131053999982 128244234107864088 134292795123110752 262310221144143205 164775248454577219 180316049518999632 64325374609114550 73653287861850339 78801255302666615 168601631272450238 90175434980549623 117949491546113972 117949491546113972 134819180623301520 154043597379576030 493912437497283132 188008647052292980 643854899229858897 298330063062758076 318555973788329084 340122810048577428 387632532919029223 471314064268398780 899175348396088349 1596675274490756791
3 4 5 6 7 8 9 10 11 12 13 14 15 16 17 18 19 20 21 22 23 24 25 26 27 28 29 30 31 32 33 34 35 36 37 38 39 40 41 42 43 44 45 46 47 48 50 52 54 55 56 57 58 60 62 63 65
12 30 51 143 127 227 169 263 183 247 141 192 108 159 85 153 77 118 71 110 36 84 40 55 23 43 20 43 13 34 14 25 9 22 9 22 6 12 5 9 3 11 2 5 2 6 2 6 4 1 2 1 4 2 1 1 1
12 36 82 345 420 1229 1278 3552 3104 7044 5121 12062 8453 20848 13407 34855 22036 48474 32620 79026 30176 83944 54331 103254 47630 108818 71746 201218 66814 219723 115323 268228 104928 302315 163523 524211 165574 335698 196889 446151 119560 651442 106953 296568 284680 591563 356536 1094754 1163954 408452 959772 281589 1544620 2107292 1430440 966467 1932934
