9 10 21 22 33 34 45 46
644 102 6569 2263 36612 11169 32924 9711
6866 1526 87783 36349 239626 70703 75412 21322
403704 101731 12443221453 8792691956 7205952672813717407 890039447750630519 88670590664605046 15909141539857760
9 10 21 22 33 34 45
75 13 222 90 56 15 1
166 31 511 258 81 22 1
2248 626 5885473 5686682 52965 15780 11
3 4 5 6 7 8 9 10 11 12 13 14 15 16 17 18 19 20 21 22 23 24 25 26 27 28 29 30 31 32 33 34 35 36 37 38 39 40 41 42 43 44 45 46 47 48 49 50 51 52 53 54 55 56 57 58 59 60 61 62 63 64 65 66 67 68 69 70 71 72 73 74 75 76 77 78 79 80 81 82 83 84 85 86 87 88 89 90 91 92 93 94 95 96 97 98 99 100 101 102 103 104 105 106 107 108 109 110 111 112 113 114 115 116 117 118 119 120 121 122 123 124 125 126 127 128 129 130 131 132 133 134 135 136 137 138 139 140 141 142 143 144 145 146 147 148 149 150 151 152 153 154 155 156 157 158 159 160 161 162 163 164 165 166 167 168 169 170 171 172 173 174 175 176 177 178 179 180 181 182 183 184 185 186 187 188 189 190 191 192 193 194 195 196 197 198 199 200 201 202 203 204 205 206 207 208 209 210 211 212 213 214 215 216 217 218 219 220 221 222 223 224 225 226 227 228 229 230 231 232 233 234 235 236 237 238 239 240 241 242 243 244 245 246 247 248 249 250 251 252 253 254 255 256 257 258 259 260 261 262 263 264 265 266 267 268 269 270 271 272 273 274 275 276 277 278 279 280 281 282 283 284 285 286 287 288 289 290 291 292 293 294 295 296 297 298 299 300 301 302 303 304 305 306 307 308 310 311 312 313 316 319 321 322 323 325 326 327 330 331 333 335 337 340 345 349 350 351 352 356 359 375 383
342 1889 3607 6133 9656 10684 13785 15525 15064 15288 15780 13730 13845 13492 12141 11784 12224 10324 10620 10584 9324 9066 9471 8088 8365 8319 7482 7261 7492 6438 6732 6791 6034 6023 6429 5287 5448 5661 4883 4871 5231 4388 4610 4631 4237 4089 4360 3647 3813 3905 3569 3542 3687 3177 3259 3250 2954 2904 3149 2671 2725 2747 2521 2451 2588 2237 2353 2385 2116 2135 2206 1889 1991 2030 1840 1865 2007 1593 1750 1884 1563 1529 1763 1412 1452 1562 1346 1290 1495 1199 1279 1299 1194 1103 1298 1039 1085 1171 1001 1009 1150 927 931 1055 833 831 966 789 743 860 735 713 838 688 679 757 654 573 729 627 607 662 574 552 646 470 484 587 479 447 560 439 440 511 455 370 491 344 357 423 327 343 383 278 296 361 294 280 338 271 289 298 245 251 321 246 220 264 239 243 258 201 172 227 168 167 203 155 161 164 137 126 169 139 128 164 142 126 157 135 108 128 99 101 109 91 86 98 84 74 99 77 89 101 62 86 69 63 61 78 65 69 78 69 61 74 67 43 83 72 47 71 58 40 51 36 36 50 39 31 40 35 44 32 34 29 30 34 25 30 28 23 20 20 18 22 19 10 24 19 18 17 20 15 27 17 10 20 22 15 23 12 15 12 8 12 13 5 12 14 8 9 16 12 13 13 9 12 8 11 13 7 12 9 7 11 4 6 5 5 4 7 6 7 5 1 4 2 2 7 2 7 11 2 2 4 2 1 6 3 2 5 1 2 1 5 2 5 1 7 3 2 1 2 1 2 2 1 1 2 1 2 2 1 1 4 2 1 1 1 1 1 1
342 1994 5188 11822 27844 47525 88326 153571 228771 340526 532350 689302 977092 1370954 1772575 2269162 3234209 3719998 4895272 6535289 7603350 9435407 12718544 14200695 17981705 23168194 26486175 31168938 40188135 44684917 55108750 70362619 78635553 91637706 121350971 124183854 146795634 192612768 202607119 230166814 301633001 309855376 369802934 455237382 512857858 559787661 718623056 715619513 857086344 1051251203 1153137503 1264594670 1603998794 1668201082 1914736012 2249600416 2429039221 2672041480 3459128404 3528065509 3880062480 4668743056 5077479222 5370516190 6741562635 6883840864 7771096402 9327333168 9790211723 10957954784 12973300299 13129023404 15705802273 18379777687 19352108264 21593917924 27257076290 24935904939 30489890430 37478598831 36649638116 39414854932 52418522100 47791577979 51906152210 64170109835 65849532129 67775879045 91056853872 86793663766 99731357152 112433062371 122740422517 117096728709 160950852268 150733708426 178474602020 214445360953 215157740215 236657332850 295651580545 277235613901 290788366515 371275981199 342898462689 381632898267 492208661879 477439468818 477128220703 625212710089 602408801068 627115756793 829858923211 777642997729 839606749444 1016512400750 1030277781378 972430636148 1376208936889 1418876393298 1407796681488 1720053411824 1757744225769 1761680901872 2339492763070 2066724904504 2198918917290 2904931105018 2787574902630 2645203711839 3768149717747 3448994705544 3542257186590 4598121873432 4833296616733 4173570053902 6492820038039 5104224158389 5197874985540 7165736426998 6411598535175 6859256081186 8637130506077 7606922130105 7703895330512 10967084740484 10946452419587 9657246838920 13777832040617 13011149047384 13938628885785 16473745484690 15929809092835 16992329642320 23968607576418 20119339196823 18880687310141 25113530089477 26307751881987 27344398082926 31259233649289 30304042042470 25959733161158 39236191092668 31731650152582 32410017449314 45018838234570 38715231556495 39177119276216 45170029276406 45377387272637 40961512339637 63460154778613 58502571155663 56032944149566 82784603752018 82288619260364 76987228533645 102293648414635 109539980700695 88023268265618 115775727751655 96121345711419 103505931633297 119616722929010 130107173021496 114735437074416 144183494048915 159917228842577 123457353383994 192537405273024 162372155437384 178424681615960 260104553670628 174897482781993 252304181336733 213622128843076 231827759111146 222973152782224 321356502353849 275984768841947 361623954479443 377639877194937 398344669490339 384441516776348 503971088080126 514178413318850 357580366319115 674304199812855 700908103965874 466840438180262 732080679232600 690914729669325 518435569292935 673052189373712 532306396303900 560387795025270 866797687825917 759696103168750 582015218409762 898983996974973 899677695998240 1151399227635586 955360949844186 1157727379183592 980273909690306 1052358383910916 1453772865047963 955290835357692 1266709058796772 1500724551669813 1239312908707567 1219066912241558 1613183153674552 1237814365952620 1719222430822586 1825927533989716 880980875610427 2397269418270891 2087800770041424 1984282708051044 2049593863108932 2538291157034640 2150174086100959 3922835521759991 2615510132849078 1893954439863174 3785229708057260 4431839787787636 3261402238363084 5156334502301365 3166797277975755 4377543420453643 3589108156096685 2464805863672214 4207204491248182 4936092877196408 1944644273492210 5900822231923476 7384926132257608 3821150740838084 5230231244642801 8807186678769098 7416884256552933 10150733420332276 10333094495372148 6842586638444118 11875985595712150 7947395840998602 11427567160179878 14325949259103178 7594505471540286 14359084660414815 11433756403458407 9889246956214150 16197163946294790 6549175877348684 10198717207183320 9482820517957920 10059867513891884 8473224328515182 16369101183708782 14543082372495032 21287223687874769 16809352322049250 2938929793929555 13352889903109316 7304861672142106 7578352997560475 28948786965914319 9068506253801772 32415341747448598 56491082727445628 11245985383901210 11245985383901210 25052876018349206 13452524271274919 6965850144195831 45978757083928416 24680993045351105 18506165873447204 49654861962017505 10657331232548839 22871084155644208 12269218019229465 76294307742861507 30285905477714388 80102098882175846 17414180133147295 146857290063896774 69000019966462011 54720827974562329 32488293351466654 69601909738881660 37274405776748077 85496156071909392 88520436579532724 45772358543578028 60105349839666544 128650749218229100 73653287861850339 163102070938891734 192900220384405520 117949491546113972 164637479165761044 858473198973145196 458544573742434300 244904537455382406 261578907351144125 340122810048577428 413766180933342362 1161537834849962850 1930656072350465812
3 4 5 6 7 8 9 10 11 12 13 14 15 16 17 18 19 20 21 22 23 24 25 26 27 28 29 30 31 32 33 34 35 36 37 39 40 41 42 43 46 48 49 54 58 59 60 68 75
7 23 34 70 65 108 65 123 65 81 54 45 32 31 22 26 18 22 13 30 7 24 4 16 5 10 6 6 6 5 4 3 5 1 5 4 1 1 4 4 4 1 1 3 1 1 2 1 1
7 27 56 173 199 592 471 1563 1148 2332 1996 2836 2453 3574 2990 5976 4065 8080 5177 16692 5688 25057 4776 24624 11235 19930 19002 34938 24960 22893 28388 22814 41853 8349 75141 62362 29766 21637 104060 152721 322036 75175 75175 612678 772310 526823 1053646 2012558 5392783
