16 28 40 52 64 76
1362 8368 37416 30776 19706 2360
349801 745203 672415 172680 49356 2498
588919512 4826472279530858140 25955143677109867456 1807513460707056420 48516836393904896 803473642
16 28 40 52
512 659 423 51
34135 3358 825 60
89887084 33011429 7379408 30826
3 4 5 6 7 8 9 10 11 12 13 14 15 16 17 18 19 20 21 22 23 24 25 26 27 28 29 30 31 32 33 34 35 36 37 38 39 40 41 42 43 44 45 46 47 48 49 50 51 52 53 54 55 56 57 58 59 60 61 62 63 64 65 66 67 68 69 70 71 72 73 74 75 76 77 78 79 80 81 82 83 84 85 86 87 88 89 90 91 92 93 94 95 96 97 98 99 100 101 102 103 104 105 106 107 108 109 110 111 112 113 114 115 116 117 118 119 120 121 122 123 124 125 126 127 128 129 130 131 132 133 134 135 136 137 138 139 140 141 142 143 144 145 146 147 148 149 150 151 152 153 154 155 156 157 158 159 160 161 162 163 164 165 166 167 168 169 170 171 172 173 174 175 176 177 178 179 180 181 182 183 184 185 186 187 188 189 190 191 192 193 194 195 196 197 198 199 200 201 202 203 204 205 206 207 208 209 210 211 212 213 214 215 216 217 218 219 220 221 222 223 224 225 226 227 228 229 230 231 232 233 234 235 236 237 238 239 240 241 242 243 244 245 246 247 248 249 250 251 252 253 254 255 256 257 258 259 260 261 262 263 264 265 266 267 268 269 270 271 272 273 274 275 276 277 278 279 280 281 282 283 284 285 286 287 288 289 290 291 292 293 294 295 296 297 298 299 300 301 302 303 304 305 306 307 308 309 310 311 312 313 314 315 316 317 318 319 320 321 322 323 324 325 326 327 328 329 330 331 333 334 336 337 338 339 341 342 343 344 345 347 348 349 350 351 353 354 355 356 357 358 360 363 366 367 372
271 1517 4082 9489 16013 27751 37039 49783 54528 62843 68623 68931 67405 71766 66746 62909 56942 52644 48459 45442 40890 38704 36283 34834 31759 30223 28873 27263 25526 24720 23731 23040 21685 20702 20671 19921 18593 18393 17684 17317 16817 15998 15471 15286 14409 13988 14047 13717 12974 12559 12517 11977 11669 11333 11041 10893 10238 10054 9884 9819 9032 9037 8832 8250 8226 7979 7881 7569 7259 7229 7174 6854 6514 6263 6427 6211 5921 5813 5602 5374 5267 5081 5069 4812 4622 4654 4636 4213 4162 4126 4096 3813 3756 3579 3692 3476 3448 3173 3255 3057 3096 2979 2998 2732 2788 2645 2704 2496 2357 2418 2478 2168 2150 2122 2130 2004 1951 1975 1898 1816 1862 1665 1629 1635 1629 1596 1447 1486 1467 1377 1287 1296 1239 1264 1183 1186 1129 1156 1091 1063 1033 1121 1012 1022 964 953 903 963 805 889 887 835 815 826 746 854 740 757 662 738 679 643 611 583 534 655 534 550 545 503 516 486 438 499 463 447 421 448 373 405 395 373 334 397 351 372 326 285 300 338 243 286 307 260 284 288 242 279 231 220 232 271 237 219 214 225 201 217 174 236 184 170 138 180 139 164 162 167 134 156 116 160 137 111 109 134 112 93 80 114 95 128 73 105 103 90 61 109 59 75 122 65 60 79 48 77 65 43 48 54 47 74 50 52 56 69 43 42 63 32 27 46 26 26 34 34 31 40 23 33 36 28 21 35 14 10 17 13 15 33 16 14 31 15 14 35 16 12 15 9 11 18 8 9 24 15 6 18 9 15 17 13 10 21 10 10 40 3 5 12 7 4 15 11 4 11 3 2 14 3 7 11 5 1 2 6 5 10 6 9 2 4 2 2 6 1 4 2 2 1 2 4 1 1 1 1 1 3 1 1 1 3 21 1 1 1
271 1671 5690 17776 41914 103015 194885 397436 650775 1157034 1824539 2816974 4124553 6643047 8760711 12306847 15775505 20874991 25862709 33139206 40045966 49129555 59295083 73582173 84396997 102047071 122499339 140203170 165036291 193307935 226707507 268831169 312957606 353736705 430335589 502282231 586950273 679598779 820752674 943145950 1118020858 1292380855 1490877681 1752043848 2014227001 2244870010 2767247068 3169874157 3541477974 4034157948 4796868581 5297522938 6249805252 6920830990 7975308658 9186357373 10346094182 11460006505 13416188796 15483238329 16598003647 19029206650 22204547465 23275552747 27542261609 30382932333 34729304691 37859484664 43565389721 47793667779 56193077668 60970158480 66828467890 73391133847 86701541224 93386147725 105124172342 115362637989 128481894638 139191290368 160679175652 171363862449 196219659227 209246770860 227976644257 259051010006 303468640906 301107525660 355025132773 377910921414 422811098381 456702138234 520950539226 523244149389 619607324850 656981157253 741478352400 748048076384 890253576577 909974541936 1096261130158 1120980334493 1325799276350 1289197195436 1494149259240 1562309128934 1792408432069 1877652978745 2016147402601 2193690591866 2616057575298 2477939829741 2858413635125 3042169703538 3307498725464 3611535635529 4055288244681 4279914661825 4874070286122 4932632050638 5928828891808 5638474195992 6394996092639 6957301517829 7356825979773 8113130564127 8544527102821 9166764995708 11072395243673 10407837628259 11103075602490 12306554140788 13316740791545 14639676517335 15538632583600 16928704399368 18194441016521 20042844216743 20690974475873 21730541456571 25995399653701 27644742815562 29063356436006 32732102410945 33760187971617 35022230063430 39028884421711 43686013387265 41105697743413 48287484608521 56544316583795 55239901906510 61527990652169 65435742288127 64882008724542 91839985026164 82621823541422 87029997976274 85556910869191 104409210994625 105549914420250 108494572661017 114161747166471 120114133519855 126903434784283 159744896156649 147067921180315 166092471234449 172071024993860 173173644995271 202204416080619 205158102775281 205054636004395 246750010700620 259130435007117 270624545910936 297996275799270 324849575607985 297333074238620 345672996313095 389552271421206 367809787100091 397695592694972 505945643986117 472180512270866 534625465513599 531197876678088 509976538882159 585935714973294 673848895873239 541762039640192 713984588265642 901359255092999 754243924162120 903859611516473 971087650628575 892315748765235 1138513067245209 1025343354576261 1002203365835300 1185320232570709 1543142606413022 1431007148188968 1493965338498935 1784850579663318 1803658397573917 1720570471208023 2112416087357018 1770657401748395 2562544516332371 2127059389565959 2178993592178243 2110161957692048 2777080365673534 2187493372462735 2850144383367191 3139923637343569 3434366655017829 3121185829198347 3974978120361874 3057382090377787 4410472786288775 4070261240415876 3964548452808180 4040246189395924 5825278200276505 4881820183944719 4861334639959896 4312488182141134 6267268233060264 5171152839641147 8376705196785429 5089319206023979 8171607064623484 8024360371788160 8059754411324193 5760638408728586 11480761880985337 6177959711572959 8283990430981906 15017693583740972 8602764707188468 9225390841325152 13125097554057550 8495291966972050 14174604792064806 12932063329702728 8870607789166258 11745232119673326 12863924031222302 12524641149433114 18711413551216519 13675743069781099 16734110819857100 18633257734263488 25054809842369470 18762776519528467 18227580507297524 27479165686861780 15809959597182731 16290246797474860 25923269430363201 16600042821293247 19755193690986605 27346695269753585 25753401325756058 29324350104925410 32923166868689215 24371676566362101 35460273933345603 38507741156266916 32752271580005587 27865095357467074 56552856978095658 22506276142590125 17277687565114575 30684567005228576 23564379863789088 30245907116670637 81652017238929872 33438714646862355 33946864051716664 83953405421881378 53948953320259019 47283070561836175 136136208664986986 55384466755397381 55890425136294048 63732272165718115 36213698554697817 59701168596846912 100766923580533086 39700970478339848 48663826116570780 153071116253101065 110950301102637135 40357572813824757 142913007424119891 90305464248559464 132025461502220550 149711369989198310 122323746544446523 101488800444471024 267989702504267505 115189096719628401 125371179819779367 532227384423641966 71617603399977214 81198932679148315 248294372426715473 125671185431390272 96049318423954982 353262278436791579 245290520119688477 98600424603321960 279979675072814570 84915061022988009 113220081363984012 493867357283982184 99777541572374138 255973938622622045 425889422045740331 205254852652909365 45772358543578028 98011287270475750 300946662998608782 322161381141063142 854195274873491100 373292173346343282 629150777346217628 147306575723700678 511679513161675218 180350869961099246 206302932643470650 853837306988112388 126108517833796355 521855396914195750 288235873055747664 308087194759152060 164637479165761044 376017294104585960 803530225150732636 214618299743286299 229272286871217150 244904537455382406 279363328483702152 298330063062758076 955667921364987252 340122810048577428 363117512048110005 387632532919029223 1324868945788075311 11270260476524513541 651688879997206959 695143713458946040 958728697912338045
3 4 5 6 7 8 9 10 11 12 13 14 15 16 17 18 19 20 21 22 23 24 25 26 27 28 29 30 31 32 33 34 35 36 37 38 39 40 41 42 43 44 45 46 47 48 49 50 51 52 53 54 55 56 57 58 61 62 63 64 65 66 67 70 72
7 81 70 506 415 1983 1005 3081 1908 4052 1654 3316 1823 3098 1225 2345 1060 1856 688 1215 607 1136 413 844 357 643 188 443 202 411 130 338 116 254 47 176 70 154 35 132 36 89 4 46 5 40 5 31 1 11 3 4 1 1 2 4 1 1 1 1 2 2 1 1 1
7 95 99 1081 1090 8956 5245 32170 20530 98670 39650 190437 107093 393136 151859 617704 274442 949604 317850 1101417 521254 1740206 570776 2015672 798497 2700187 637610 2566022 994118 3792572 1115694 4778221 1399738 5473306 658333 5080906 1876563 7110607 1725693 8995804 2065877 10014702 367602 7486896 603658 8180212 660092 9785466 147273 5038633 502505 1826579 204226 479886 888338 2736097 715220 1430440 1053646 966467 3865868 2805655 1121505 2323520 6175470
