1 2 3 4 8 9 10 11 12 13 14 15 16 20 21 22 23 24 25 26 27 28 32 33 34 35 36 37 38 39 40 44 45 46 47 48 49 50 51 52
2 3 4 4 33 38 40 45 38 59 72 108 92 440 920 1507 2363 3457 4537 5633 6252 4574 5828 7943 7902 7699 7248 6716 5840 5115 3074 2512 2977 2508 1774 1226 759 409 184 63
18 15 14 10 50 57 55 72 62 90 96 155 131 1130 2711 5194 8932 13710 18079 20949 22099 15119 16239 21301 20160 18555 16905 15572 13378 11959 7376 4717 5018 3753 2412 1530 824 421 184 63
544 318 285 141 256 380 292 1353 1259 1441 1115 9578 4738 1215135 15228848 322396915 16306001380 679258894924 15948588505104 664954951737411 4629849272775111 35569082878150770 41652635246271544 27433961858432252 11711770931389290 3696820612973944 22711582674286584 17832481200481086 23722745470742972 109766796757430548 129387239673473514 5513802027770904 2324345740625244 530633338837013 88068983020560 13309582191645 1311155120387 58143163451 1016125107 2676233
10 20 21 22 23 24 25 26 33 34 37
1 2 4 5 6 8 4 2 1 2 1
2 3 6 6 10 9 4 2 1 2 1
6 104 42570 8251 8480 1759 241 3 84 8 2
3 4 5 6 7 8 9 10 11 12 13 14 15 16 17 18 19 20 21 22 23 24 25 26 27 28 29 30 31 32 33 34 35 36 37 38 39 40 41 42 43 44 45 46 47 48 49 50 51 52 53 54 55 56 57 58 59 60 61 62 63 64 65 66 67 68 69 70 71 72 73 74 75 76 77 78 79 80 81 82 83 84 85 86 87 88 89 90 91 92 93 94 95 96 97 98 99 100 101 102 103 104 105 106 107 108 109 110 111 112 113 114 115 116 117 118 119 120 121 122 123 124 125 126 127 128 129 130 131 132 133 134 135 136 137 138 139 140 141 142 143 144 145 146 147 148 149 150 151 152 153 154 155 156 157 158 159 160 161 162 163 164 165 166 167 168 169 170 171 172 173 174 175 176 177 178 179 180 181 182 183 184 185 186 187 188 189 190 191 192 193 194 195 196 197 198 199 200 201 202 203 204 205 206 207 208 209 210 211 212 213 214 215 216 217 218 219 220 221 222 223 224 225 226 227 228 229 230 231 232 233 234 235 236 237 238 239 240 241 242 243 244 245 246 247 248 249 250 251 252 253 254 255 256 257 258 259 260 261 262 263 264 265 266 267 268 269 270 271 272 273 274 275 276 277 278 279 280 281 282 283 284 285 286 287 288 289 290 291 293 294 295 296 297 298 300 302 303 304 305 308 314 317 318 320 321 323 324
431 1306 2701 4039 5297 6103 6571 6483 6589 6384 6083 5936 5832 5546 5416 5111 5086 4910 4992 4650 4568 4416 4298 4185 4172 3888 3893 3709 3436 3400 3462 3428 3271 3180 3100 2917 2986 2856 2784 2700 2596 2399 2476 2350 2433 2324 2193 2138 2123 2045 2033 1937 1904 1833 1807 1731 1701 1758 1680 1569 1585 1482 1507 1466 1379 1324 1344 1237 1249 1205 1245 1195 1158 1078 1043 1059 1040 982 964 907 884 855 867 852 861 780 815 770 753 723 707 665 617 598 660 592 612 605 577 569 561 556 527 491 478 446 422 433 445 437 433 416 404 393 383 358 350 334 309 292 305 289 298 290 277 290 287 265 251 225 226 196 216 215 205 201 203 189 193 198 191 162 162 172 155 129 144 140 147 147 131 129 133 114 131 115 105 107 96 87 83 100 89 79 91 80 77 88 75 75 67 64 71 73 72 62 58 70 63 48 55 54 53 49 38 45 46 48 37 45 44 43 36 37 34 37 35 27 32 28 33 24 29 30 26 26 27 26 32 19 20 25 19 17 13 19 18 18 8 16 18 16 19 12 13 18 19 11 15 13 12 8 14 9 11 11 7 5 11 8 4 9 9 5 7 6 5 7 3 5 4 5 4 3 3 2 6 1 2 2 4 2 3 4 1 4 3 3 2 3 2 1 2 1 1 1 2 2 3 1 1 3 2 1 1 2 1 2 1 2 1 1 1 1 1 1 2 1 1 1 1 1 1 1 1 1 1 1
431 1384 3782 8306 16269 28554 46571 70390 107420 152826 212858 297091 409398 546813 724155 919755 1237401 1576264 2114821 2562837 3289638 4058406 5044411 6266762 7847696 9440945 11737658 13887556 16236478 19743792 24433857 29960495 35072069 42085167 49857242 56491745 69258516 81730574 95751329 111208489 128733638 142135410 174579957 195652151 242574129 272883600 316459735 360621024 410211819 471127144 549855547 631997148 739038477 818124582 915372854 1054534993 1205374605 1425973928 1597584218 1775646228 2030584442 2214091781 2582272437 2943745782 3215002257 3547001762 4139158514 4407814307 5087403486 5524278744 6698505949 7333497100 8092824323 8855328269 9527190205 11246275910 12521411362 13695152642 15104394621 16362303912 17880856589 19634768469 22763459922 25818087071 28746203575 31310020849 35883872589 38296754798 42153709137 46081625381 51529427982 54806858826 57334177348 61286854154 78761541840 74803264391 90530108662 102158565670 106926202544 119103450928 130517102603 146163752362 156303189141 165378645591 173210395666 184663901991 197994206420 222952930026 249076312205 290661690167 315315422428 334486469909 368904595904 386826657262 441585063391 461980877184 492630026361 526665701866 562939134820 556557208527 681624414328 687147336368 792439347069 894472827237 960262086878 1039492969982 1191520766072 1219213945020 1292749709590 1276978381397 1379901834996 1339105442994 1654879804189 1856709433784 1852142596031 2072781141240 2216177141982 2436448914811 2669361420271 2892136137046 3229047594195 3069937293729 3225566890726 3767514859933 4080009875620 3371027580616 4295098096519 4741120215960 5359728754449 5887664858190 6024694226725 6244910473921 7035663680408 6975324383594 8789625558184 8592737954576 8567603078172 9582969075085 9338959379516 9353312153844 9168145946781 12729734117493 12600895494893 11843062490872 15021184359412 14857878796870 15312031506467 19875294815561 18247207003938 19626467916696 19579500425695 21697039335167 24984264452872 28521089612287 29827260967606 27540976489965 28879796556075 39056717219060 36679622853745 30877013406970 38097715456094 40867569092885 43909810501463 46476440923904 36663216189401 49654720525986 53788904176106 63587145562994 51652957334709 72892696679980 76496617734913 82974793691870 78188230822198 82481325200586 76803848947809 97572911476480 102926565008919 81879622460137 109429251834189 105196453029031 128870361651195 109246863163743 144099513849870 156841383504478 149865450585190 176577991190879 185118671806035 193218238403650 267985653316233 164434410917949 193147418546820 279761265870379 222398757444091 198771684892650 173034025445594 268313657040136 265510033854908 306215236034335 150951104929307 305572419591667 390321918392197 377682241955837 460080401595573 342348640205475 396424317922186 562765528497063 668591905813122 436143566690585 601300164276054 560068668467743 551755047781050 406572790524112 824799842735265 584721420546380 714276544609133 767988242030177 522696127198805 411440308366996 981053764871095 760625187524376 407490360852636 1022209323147037 1086953312122668 659801480456811 981405548020444 916209035104674 833805302094162 1253462894053238 593179550045016 1052274195964172 906017582914668 1209461462235039 1056989554926296 829192360421270 918510940529442 677708528497360 2140706795980488 365749566870782 851866168818712 885478834858031 1946771554731213 1069430125817218 1688060412802945 2397020182913566 670448123060170 2838730984131286 2224572536942911 2458274090295795 1809520216632720 2854428848205610 2025031859875742 1131238503938606 2349612853782939 1218374349844333 1412749565173450 1520980492851175 3274587938674342 3524556866114538 5689692310774752 2040825852575075 2195786311682516 7086657436013133 5081905180091396 2732873183547535 2938929793929555 6320275734297994 3397584011986773 7304861672142106 3925922161489422 9068506253801772 4872038056472084 5234371069753672 5622992691950605 6039763882095515 6486674127079088 7479565078510584 17240992550930050 9253082936723602 9930972392403501 10657331232548839 13162217895057704 20017426762576945 24650106150830490 26415807633566326 30326181989842964 32488293351466654 37274405776748077 39919565526999991
4 5 6 7 8 9 10 11 12 14 15 17 18 20 21 23 24 26 29 30 32 36 38 41
1 2 6 1 1 4 1 2 2 2 3 2 2 3 1 2 2 1 2 1 2 1 1 1
1 3 12 4 3 32 5 25 52 84 210 245 270 638 231 875 1254 1002 4394 2436 7436 8349 12310 21637
