4 5 6 7 8 9 10 16 17 18 19 20 21 22 28 29 30 31 32 33 34 40 41 42 45
2 9 15 22 24 22 4 7 44 41 43 45 35 6 2 9 6 10 4 7 2 2 2 1 1
2 21 23 31 30 27 4 8 57 53 50 55 48 6 2 13 7 12 4 7 2 2 2 1 1
7 72 61 80 84 60 9 36 427 667 2499 1730 8249 39 179 14086 280 1062 35 497 58 13 2 3 3
4 5 6 7 8 9 10 16 17 18 19 20 21 22 28 29 30 31 32 33 34 40 41 42 45
2 9 15 22 24 22 4 7 44 41 43 45 35 6 2 9 6 10 4 7 2 2 2 1 1
2 21 23 31 30 27 4 8 57 53 50 55 48 6 2 13 7 12 4 7 2 2 2 1 1
7 72 61 80 84 60 9 36 427 667 2499 1730 8249 39 179 14086 280 1062 35 497 58 13 2 3 3
3 4 5 6 7 8 9 10 11 12 13 14 15 16 17 18 19 20 21 22 23 24 25 31 35
10 56 72 92 75 48 26 16 16 14 7 4 5 4 1 5 5 2 3 2 1 1 1 1 1
10 62 102 196 243 249 228 208 309 324 266 212 441 325 308 764 1203 649 1067 1084 490 792 1002 6020 13684
3 4 5 6 7 8 9 10 11 12 13 14 15 16 17 18 19 20 21 22 23 24 25 31 35
10 56 72 92 75 48 26 16 16 14 7 4 5 4 1 5 5 2 3 2 1 1 1 1 1
10 62 102 196 243 249 228 208 309 324 266 212 441 325 308 764 1203 649 1067 1084 490 792 1002 6020 13684
