32 44 56 68
17359 43943 25042 13651
914702 408418 110523 23919
40952202101300702157 10101772421474768135 1879169224975820499 677755265310546
32 44 56
670 266 6
2497 420 6
60106649 2438089 70
3 4 5 6 7 8 9 10 11 12 13 14 15 16 17 18 19 20 21 22 23 24 25 26 27 28 29 30 31 32 33 34 35 36 37 38 39 40 41 42 43 44 45 46 47 48 49 50 51 52 53 54 55 56 57 58 59 60 61 62 63 64 65 66 67 68 69 70 71 72 73 74 75 76 77 78 79 80 81 82 83 84 85 86 87 88 89 90 91 92 93 94 95 96 97 98 99 100 101 102 103 104 105 106 107 108 109 110 111 112 113 114 115 116 117 118 119 120 121 122 123 124 125 126 127 128 129 130 131 132 133 134 135 136 137 138 139 140 141 142 143 144 145 146 147 148 149 150 151 152 153 154 155 156 157 158 159 160 161 162 163 164 165 166 167 168 169 170 171 172 173 174 175 176 177 178 179 180 181 182 183 184 185 186 187 188 189 190 191 192 193 194 195 196 197 198 199 200 201 202 203 204 205 206 207 208 209 210 211 212 213 214 215 216 217 218 219 220 221 222 223 224 225 226 227 228 229 230 231 232 233 234 235 236 237 238 239 240 241 242 243 244 245 246 247 248 249 250 251 252 253 254 255 256 257 258 259 260 261 262 263 264 265 266 267 268 269 270 271 272 273 274 275 276 277 278 279 280 281 282 283 284 285 286 287 288 289 290 291 292 293 294 295 296 297 298 299 300 301 302 303 304 305 306 307 308 309 310 311 312 313 314 315 316 317 318 319 320 321 322 323 324 325 326 327 328 329 330 331 332 333 334 335 336 337 338 339 340 341 342 343 344 345 346 347 349 350 351 352 353 357 358 359 360 362 364 368 373 374 382 383 384 389 392 398
222 1420 3786 8474 14322 20608 27081 30998 33670 34796 35007 33331 33203 31780 31461 30413 29347 28116 27953 26287 26128 25204 24869 23709 23109 22275 21690 20988 20488 19935 19826 18747 18297 17652 17060 16682 16335 16000 15684 15076 14462 14155 14061 13326 13265 12959 12611 11900 11831 11299 11309 10866 10245 10251 9873 9782 9402 9401 8987 8723 8657 8055 8257 8082 7757 7371 7405 7044 6829 6766 6553 6411 6380 6150 6148 5809 5590 5413 5609 5221 5098 4956 4664 4520 4594 4420 4353 4375 4142 3862 4016 3777 3670 3567 3647 3442 3491 3312 3165 3351 2951 2865 3170 2830 2862 2797 2642 2574 2669 2484 2369 2444 2295 2215 2351 2157 2080 2010 1983 1958 2093 1885 1862 1976 1632 1630 1765 1704 1577 1686 1556 1461 1466 1383 1372 1414 1373 1225 1361 1240 1185 1219 1174 1171 1253 1017 1043 1151 985 950 1030 935 973 947 828 912 908 727 829 808 738 697 829 662 655 712 613 639 668 621 570 588 561 510 582 553 525 599 485 495 475 403 440 509 399 389 454 427 377 389 348 390 412 313 316 345 275 301 268 303 298 281 254 296 258 208 248 240 211 187 222 194 207 186 183 178 182 168 179 176 154 135 155 132 132 128 144 107 141 96 114 116 102 96 117 88 111 90 73 101 102 75 87 129 81 59 82 60 62 63 60 63 53 40 39 44 57 49 56 28 62 45 40 52 43 27 28 41 34 30 41 42 34 33 23 25 42 22 28 38 25 31 22 13 33 19 24 30 26 18 23 26 12 14 11 20 20 23 16 12 21 11 17 19 20 58 15 12 15 15 6 16 21 5 8 10 11 8 14 11 8 11 8 13 13 5 8 12 7 7 9 10 6 7 9 5 9 2 9 8 3 2 8 2 2 3 1 1 1 3 1 1 1 1 1 1 4 1 1 2 1 1 1 1 1
222 1554 5281 15886 37323 79027 151648 265515 441002 691903 1044320 1490581 2178781 2958327 4197975 5588618 7522076 9740326 13080223 16197216 21503954 26717245 34404616 42243288 52675544 64829656 80668683 96604514 120351343 143878381 178430817 207266220 255097313 296970720 353444484 427048407 502797286 598767734 716367240 821075565 961286402 1130692142 1329572400 1503220139 1820329244 2086189006 2407044673 2715814613 3166043986 3545706808 4297176574 4730203639 5335708660 6331815469 6971429982 7993167970 9123764056 10589092199 11837134937 13441652006 15470452783 16855476360 19907494201 21930204122 24842368121 27380187529 30959669632 34662162372 39090148482 42580540034 49150382584 54314064270 61675029314 69915181019 78955300946 84430475164 94086261372 102561753383 121433015176 126842346384 142132669043 160102406036 167465719803 182489621550 212909850221 234135448310 256995805092 291128696873 318723702449 338315349584 384688284877 423535320060 450312924677 485343119315 571993468134 619215917554 691611572783 738832833794 803450927843 940652353222 945843908170 1009030436710 1251829154040 1249176777241 1434280809711 1590507633974 1617448889948 1814525966182 2121035284193 2171102997505 2313007812898 2586201869422 2803945965058 3048931817439 3573743801267 3613919962809 3901983569638 4172295281072 4574385186795 5008372954490 5989386552027 6235417252941 6731948616413 7925729414065 7301925737913 7821662937456 9619751284885 10396917915559 10605666998935 12691389604528 13388685900436 13200339169246 14943422543151 15551189411445 16429401239178 19237050434078 20910681799475 21384600519748 25392444669029 25454847350225 26664621280202 30521030497735 31796359804299 34309142872498 43860655975202 38812929599819 41850829985189 52780199132203 48639321427415 50357695385174 59754177362656 64233008433534 68334496062879 76618571106697 71070921480630 88433731115956 99682099031863 86038297804689 105362727879523 112495514547903 112890913784656 119160239980914 157778772792468 132374059011693 146813712553401 176748385868218 164072428469325 184076991886341 221914118690940 225756616477747 209261068037406 244442833121051 268555257716040 252526924059256 326855794689457 348780864544338 345263898622266 450056831845257 391161463104215 426471674268205 468324934009849 420155254382364 486972876487364 640673516388322 527181218475901 596763862478171 735176201985178 747517857426781 726937798084628 824655707841142 756378351239306 984788860258177 1101003620493527 978639274244539 983756962744112 1257522554194976 994183246178362 1185005581792745 1094198580778270 1580036241081314 1556995694308485 1656034959076706 1517193635710973 1886323729539545 1771376887580594 1648158060604719 2069516758906296 2370833253073654 2060330360379127 2006523771794605 2725159911014533 2552695973647573 2771554368198341 2935055880264403 3015464267049040 3324044825015045 3390827587651282 3520919893537569 3977521399555292 4405768184532494 4096058602636333 3623783616385862 4661903564970378 4897923591427020 4605514574721903 5637007348162818 6025069568849774 4806831240034132 7070768595561796 5386726704069619 6632928613153253 7529487719076194 6711306549696010 7348198112073131 9408233990082380 7431260530406198 10128092404453967 8445202862589892 7315110721297746 11488715386710071 12194069675087983 11395102006043352 13453057611072966 17892138262477152 12719619566131223 9871163868907248 16281378600624169 12743126872008892 12676415521685920 15722719994370220 14452375085773016 16873413451558331 15836612332381446 13709621342667645 15230117450125319 16408053804081397 22362615523631909 20730399080340176 24524195042110949 13316779906234593 33777578124016458 24912346953992365 24005122961827451 35044481148385780 28104026910950541 24255566587745112 21249469726862949 37449958743111092 30686648215997025 31412215572125501 43451987267618306 57806285098379411 41016467838998187 44637062622435664 32308865961217746 39372444280740575 67753501118470214 38300025587823627 56823670489878204 87724614404409217 57939323587887205 81056973598980670 54534375009580924 32866837374679937 97533342951362271 62411452817853825 83367053341681136 123129766941516180 100039022705012543 107173763828605086 109892817591070449 123798894475866121 58826789690946596 79707719521811224 62686461991746475 154122468767272886 145102710881323651 178255973079413799 121875774481899168 122814717336233540 193446438027782012 132254718936850024 173911042551876883 206380347644794266 265518495614130475 806234510859467019 201259047506754764 185591194795794443 260720697951489705 264534158962545136 139313441065178360 373429765992007280 420365962014115845 130290486842251792 211950358385415492 276448272107342898 296241522091518617 260808668015504910 428890770581048876 522125355141440640 285827991677448381 449938029071228838 325013549233909338 616618775549105736 601507231249834058 255397419956961673 528315000172332058 794089925033824556 420737448877665808 652272768765064100 633969179261994117 894135389223836620 483806652483116698 601854948142224841 1010753810421005264 688553483604484450 942675985102732819 235898983092227944 1102340555353437663 1035000131038886335 404457541869904560 298161533907449862 1242942660822793254 329274958331522088 376017294104585960 602647668863049477 229272286871217150 244904537455382406 261578907351144125 838089985451106456 363117512048110005 387632532919029223 413766180933342362 441622981929358437 502957566506000020 572612058898037559 2965732639536326736 1022141228367345362 1089657644424399782 3624712999478945900 1930656072350465812 2056513475336633805 2816759503217942792 3398704041358160275 4937873096788191655
3 4 5 6 7 8 9 10 11 12 13 14 15 16 17 18 19 20 21 22 23 24 25 26 27 28 29 30 31 32 33 34 35 36 37 38 39 40 41 42 43 44 45 46 47 48 49 50 52 53 54 55 56 57 58 60 61 62 63 66 72 74 78
2 33 28 118 86 202 134 231 142 189 113 164 93 135 70 126 56 96 40 107 45 72 41 55 29 69 22 46 26 46 20 35 10 23 13 31 10 25 7 21 3 12 5 13 3 18 3 4 8 4 9 4 3 2 5 6 1 2 2 1 2 1 1
2 36 47 301 288 1070 927 2924 2410 5576 3935 10402 7352 16760 9881 29005 15338 35567 18002 76990 37511 76366 45686 102619 70246 208661 67810 188082 118441 271509 130549 379656 125970 300707 182151 683271 258246 701576 175064 844641 161793 869488 286398 1166733 277202 2212845 189783 762794 1759848 1170512 2703876 1332507 1776676 893109 3161697 6677389 451276 3537732 2145660 3865868 9729815 4087968 8118264
