8 9 19 20 21 31 32 33
150 34 78 566 211 15 120 43
501 170 183 1023 358 15 133 43
2816 1066 7258 50232 8739 2288 7114 1936
8 9 19 20 21 31 32 33
150 34 78 566 211 15 120 43
501 170 183 1023 358 15 133 43
2816 1066 7258 50232 8739 2288 7114 1936
3 4 5 6 7 8 9 10 11 12 13 14 15 16 17 18 19 20 21 22 23 24 25 26 27 28 29 31 35
25 119 224 383 414 321 297 190 113 80 60 33 42 31 16 15 11 15 8 3 7 5 4 2 2 1 3 1 1
25 131 363 849 1414 1670 2333 2344 2082 2271 2456 1719 3148 2912 2244 3292 2598 3672 3223 2167 5250 4115 4422 2586 2830 1958 7308 3718 8349
3 4 5 6 7 8 9 10 11 12 13 14 15 16 17 18 19 20 21 22 23 24 25 26 27 28 29 31 35
25 119 224 383 414 321 297 190 113 80 60 33 42 31 16 15 11 15 8 3 7 5 4 2 2 1 3 1 1
25 131 363 849 1414 1670 2333 2344 2082 2271 2456 1719 3148 2912 2244 3292 2598 3672 3223 2167 5250 4115 4422 2586 2830 1958 7308 3718 8349
