17 29 41 53
619 2027 548 65
5332 3950 696 66
251236 1455313 91846 1140
17 29 41 53
619 2027 548 65
5332 3950 696 66
251236 1455313 91846 1140
3 4 5 6 7 8 9 10 11 12 13 14 15 16 17 18 19 20 21 22 23 24 25 26 27 28 29 30 31 32 33 34 35 36 37 38 39 40 41 42 43 44 47 50
49 211 609 882 1165 1150 1098 945 822 642 496 360 321 239 177 136 128 109 92 62 79 51 51 23 31 28 11 11 8 9 8 4 9 5 4 3 4 4 1 2 1 1 2 1
49 237 927 1940 3832 5607 8474 11490 15431 17679 19335 20694 26536 25006 25403 27171 35434 40534 41248 41617 68604 43182 58599 26215 57490 69799 34702 34488 44366 34448 42508 26130 105441 85165 44906 47479 83697 89885 21637 62370 37338 37338 150350 124754
3 4 5 6 7 8 9 10 11 12 13 14 15 16 17 18 19 20 21 22 23 24 25 26 27 28 29 30 31 32 33 34 35 36 37 38 39 40 41 42 43 44 47 50
49 211 609 882 1165 1150 1098 945 822 642 496 360 321 239 177 136 128 109 92 62 79 51 51 23 31 28 11 11 8 9 8 4 9 5 4 3 4 4 1 2 1 1 2 1
49 237 927 1940 3832 5607 8474 11490 15431 17679 19335 20694 26536 25006 25403 27171 35434 40534 41248 41617 68604 43182 58599 26215 57490 69799 34702 34488 44366 34448 42508 26130 105441 85165 44906 47479 83697 89885 21637 62370 37338 37338 150350 124754
