25 37 49 61 73
4782 28928 38940 21139 6208
1942757 725609 251199 68065 7734
11955744462886279 19962814195276337039 4403460293331852370 228953055618809384 406203169428
25 37 49
682 639 84
6089 1525 104
218127138 16026134 126672
3 4 5 6 7 8 9 10 11 12 13 14 15 16 17 18 19 20 21 22 23 24 25 26 27 28 29 30 31 32 33 34 35 36 37 38 39 40 41 42 43 44 45 46 47 48 49 50 51 52 53 54 55 56 57 58 59 60 61 62 63 64 65 66 67 68 69 70 71 72 73 74 75 76 77 78 79 80 81 82 83 84 85 86 87 88 89 90 91 92 93 94 95 96 97 98 99 100 101 102 103 104 105 106 107 108 109 110 111 112 113 114 115 116 117 118 119 120 121 122 123 124 125 126 127 128 129 130 131 132 133 134 135 136 137 138 139 140 141 142 143 144 145 146 147 148 149 150 151 152 153 154 155 156 157 158 159 160 161 162 163 164 165 166 167 168 169 170 171 172 173 174 175 176 177 178 179 180 181 182 183 184 185 186 187 188 189 190 191 192 193 194 195 196 197 198 199 200 201 202 203 204 205 206 207 208 209 210 211 212 213 214 215 216 217 218 219 220 221 222 223 224 225 226 227 228 229 230 231 232 233 234 235 236 237 238 239 240 241 242 243 244 245 246 247 248 249 250 251 252 253 254 255 256 257 258 259 260 261 262 263 264 265 266 267 268 269 270 271 272 273 274 275 276 277 278 279 280 281 282 283 284 285 286 287 288 289 290 291 292 293 294 295 296 297 298 299 300 301 302 303 304 305 306 307 308 309 310 311 312 313 314 315 316 317 318 319 320 321 322 323 324 325 326 327 328 329 330 331 332 334 335 336 337 338 340 341 342 344 346 349 352 357 358 359 361 362 364 367 368 369 370 371 375 376 382 385 394
250 1475 4306 9583 19757 34927 50240 67567 82268 83118 91896 83958 88036 81031 81429 74925 78314 68401 69636 64608 65782 58857 62284 55399 56733 51434 51795 46889 49753 43854 45326 42460 42846 37891 39696 35221 36488 33991 34107 31305 32462 28500 28776 27059 27237 24949 26156 23778 24154 22118 22158 20098 21311 19200 19205 18478 18408 16431 16771 15395 15858 14698 14692 13585 14049 12861 12388 11549 12026 11009 11308 10512 10361 9654 9447 8751 9124 8759 8250 8181 8112 7357 7298 6715 6821 6465 6279 6256 6100 5805 5438 5238 5151 4991 4818 4935 4624 4517 4282 3957 4154 4071 3786 3799 3544 3628 3198 3289 3061 3304 3003 3021 2855 2963 2524 2587 2477 2488 2399 2514 2395 2327 2154 2076 2048 2230 1954 2072 1905 1846 1753 1678 1698 1740 1676 1659 1517 1605 1374 1370 1358 1356 1297 1349 1211 1190 1142 1113 1009 1159 1051 1035 974 906 872 931 797 825 889 891 689 732 647 637 618 654 547 643 519 543 487 457 442 471 464 449 371 372 352 356 356 331 328 319 270 317 288 271 282 268 269 244 249 239 218 213 176 212 173 221 164 150 177 157 153 171 141 163 110 126 123 114 115 144 121 128 88 106 112 104 89 111 94 85 78 84 74 92 87 77 86 70 53 65 49 71 56 64 57 59 51 49 85 50 43 56 48 56 38 46 29 31 45 43 35 36 35 38 32 33 26 28 30 34 17 26 19 28 23 29 22 28 17 35 25 13 13 18 21 14 17 14 7 10 12 16 12 17 10 12 10 4 8 15 1 10 5 7 12 6 4 13 10 5 2 6 3 6 7 5 2 5 2 4 5 4 1 5 5 5 2 1 2 1 1 2 2 3 2 1 3 2 1 3 4 1 1 1 1 2 1 1 1 1 2 1 1 1 1 1 1 1 1 1 1 1 1 1
250 1626 6087 17662 49264 117611 240702 471248 857329 1352108 2244821 3127422 4866488 6650062 9504130 12353535 18152029 21909217 30553371 37755909 51305113 60178478 83928695 94649973 127832578 149226628 191367429 216060389 295604053 316843385 413845645 478269746 603964445 655885673 864781128 911426134 1175887415 1325960563 1596640017 1747351653 2265125402 2362113745 2917716918 3264746342 3896614074 4182786746 5336795518 5582592168 6892737334 7617954037 8991281018 9445093294 12322164537 12374100544 14833991423 16565004833 19633215667 19988071219 25206296283 25290140946 31171608063 33561750126 38141003007 40181892643 50852230759 51264768029 59566444622 63442955427 77458504878 76740708358 95750801978 97148194946 113852247404 121845986056 137985392031 140195074891 175011185860 179830047534 197415429859 219507577302 257661799516 255025421622 307315152884 309001862138 357963119391 372958554660 423052691430 454311165001 537378434200 544342016225 600103534926 633683875597 733821857151 734427138581 818842374939 921880085006 1019784326410 1085907485777 1231225685938 1213779099959 1453534074956 1558443385641 1588023175427 1802019805118 1866915988163 2183942540153 2128340786885 2435973168205 2433423633222 2971605649378 3020410520568 3512194652598 3581684339112 4335099497865 3951495415209 4745323589832 4897781106717 5377645015336 5700810328085 6892108549627 7211604922722 7972006809179 8375562361527 8964197059864 9512242410120 11732364841239 11024395991314 13637192359291 13643581642022 14837439579055 15494102729090 17075381731115 18367279473480 21280516690538 22194591461685 25245084124771 24176741882976 30181433352962 27740509570160 31855214997807 33451381737615 37751616752798 38380104860759 47025088862837 44467767256563 50293125196877 54255526620388 58797524160444 54781433633020 71410028268652 69317769337092 75125538122101 78972657192524 82828942433419 87657306118871 101189866449957 95471254570113 106268527144753 118043148248765 139198788772161 122013330759013 147382524145191 140860007313666 151120654646316 156290934225729 182312094296717 156436301105030 209331315722169 196530480917132 223569212889905 225614107266126 223619196129513 219936462128041 261375483248672 275192663613026 291723330352287 271600642873630 286871637954550 292515958178445 330638810215310 374577482675027 331706829166620 392097992996014 400152610913250 385126336202919 481121082337012 499480889416486 487656246459554 525684442689741 564736567799113 609474396897936 588663659770850 708499256617539 693399958300237 718305234166713 760103826754773 657759696637760 828722918153156 786682103493114 1027973985871304 849233167782730 923584060044219 986189815980252 1036257231662076 1135781014193228 1309271437571202 1157657801305079 1457557576676670 1014287885154769 1297557257142319 1480567149194553 1430619617828294 1471939985374238 2208612618138739 1885840331252759 2221722054274572 1676435622994583 2121701926736959 2502581205374943 2507893027348750 2326001472036452 3040035619688115 2751422597008212 2585529387107424 2704445298694160 3062798603914404 2916916821818425 4060230075321342 4446319553648491 3774262039442741 4875174334507150 4067946266831503 3593285242046273 4768235435970386 4190318636424998 6266011158206747 4809811368948875 6077567064810857 5796655679414373 6409066032730726 6433790637745820 5839475096701288 14402350125555872 7327073944292152 6869599995528360 9887098737038802 9041827030326968 11902273909554030 8247806015178432 11610614623534803 7011010764499487 9101195409533902 12905199432668411 14126886238089170 12185922263146858 14604980393721838 14988507618027255 18427800644110748 17276711477061562 17356660178725351 15484910886059727 16576764082713764 17416523232908585 25682224124543751 13221647691294120 19851396445138946 15153505113558761 26045647679037562 22062048340544994 31347067194175955 26082541808857631 33210128193945536 21320787375857905 62099233851012806 34558259758962648 21546068913916885 27077203734712788 34310214815765105 43853497933062614 31210596151366290 36398604543958126 35488391403326154 17071734351487938 25985287680962491 39084451011193570 57388122597197639 38650230911919626 69480761184241140 38165256313220744 53091252669046197 44397937474067487 19488152225888336 46022340587938284 107019151128255038 5622992691950605 68225043682984957 34829250720979155 51843240615259335 94710930700019112 50542481871746180 36379745085635831 144219359696293222 113598849357310539 55621288698563990 24538436038458930 76294307742861507 42355987995840015 101903508877691602 111484838156862703 98613112812295610 34828360266294590 116066745186531927 41475522799929836 110374301423033347 141300238923610328 128547635202359958 28305020340996003 198135142386972021 155955132672462200 171692112829229974 72075360646188907 37274405776748077 85496156071909392 42748078035954696 49005643635237875 101467687864066516 108618646341702930 176367301792207377 128650749218229100 68834885946073850 236403765907999845 241903326241558349 90175434980549623 289350330576608280 405904509157408735 117949491546113972 126108517833796355 134819180623301520 154043597379576030 351887119620845506 214618299743286299 261578907351144125 363117512048110005 387632532919029223 827532361866684724 471314064268398780 502957566506000020 572612058898037559 695143713458946040 741433159884081684 790738119649411319 843250788562528427 899175348396088349 1161537834849962850 1238057794119125085 1812356499739472950 2190401332423765131 3850538434667429186
3 4 5 6 7 8 9 10 11 12 13 14 15 16 17 18 19 20 21 22 23 24 25 26 27 28 29 30 31 32 33 34 35 36 37 38 39 40 41 42 43 44 45 46 47 48 49 50 51 52 53 54 55 56 57 58 59 60 61 62 63 64 65 66 67 68 69 72 74 77 83 84 85
8 43 71 199 211 382 294 582 452 545 380 508 351 386 241 313 239 263 139 213 173 196 138 145 116 132 89 72 75 90 39 67 54 60 42 46 41 42 28 29 18 24 14 22 8 5 10 10 12 7 14 9 5 7 2 9 3 6 6 5 1 1 1 3 3 5 2 4 2 2 1 1 2
8 61 106 509 680 2173 2189 7434 7068 15824 13941 33106 26981 55012 40956 77697 71452 133853 74133 175543 165142 275833 214637 310742 284717 462781 349289 354618 427398 766773 369341 717516 695522 1010134 875670 1104739 1244856 1479522 1026507 1350206 915441 1924279 1086523 2422410 690350 914960 1180024 1873545 2525332 989196 3704119 3855350 1807333 2423146 844767 6649577 1825956 3857701 6109510 4867106 715220 1430440 1300156 6466180 6500780 11955279 5224890 12350940 16351872 16178349 12132164 15796476 63185904
