33 45 57 69
17562 45615 24539 12279
1007711 429285 105324 20581
23229388495997661681 10128778521464955350 1768181761284524464 240949672549781
33 45 57
659 207 3
1835 317 3
82104922 1537586 21
3 4 5 6 7 8 9 10 11 12 13 14 15 16 17 18 19 20 21 22 23 24 25 26 27 28 29 30 31 32 33 34 35 36 37 38 39 40 41 42 43 44 45 46 47 48 49 50 51 52 53 54 55 56 57 58 59 60 61 62 63 64 65 66 67 68 69 70 71 72 73 74 75 76 77 78 79 80 81 82 83 84 85 86 87 88 89 90 91 92 93 94 95 96 97 98 99 100 101 102 103 104 105 106 107 108 109 110 111 112 113 114 115 116 117 118 119 120 121 122 123 124 125 126 127 128 129 130 131 132 133 134 135 136 137 138 139 140 141 142 143 144 145 146 147 148 149 150 151 152 153 154 155 156 157 158 159 160 161 162 163 164 165 166 167 168 169 170 171 172 173 174 175 176 177 178 179 180 181 182 183 184 185 186 187 188 189 190 191 192 193 194 195 196 197 198 199 200 201 202 203 204 205 206 207 208 209 210 211 212 213 214 215 216 217 218 219 220 221 222 223 224 225 226 227 228 229 230 231 232 233 234 235 236 237 238 239 240 241 242 243 244 245 246 247 248 249 250 251 252 253 254 255 256 257 258 259 260 261 262 263 264 265 266 267 268 269 270 271 272 273 274 275 276 277 278 279 280 281 282 283 284 285 286 287 288 289 290 291 292 293 294 295 296 297 298 299 300 301 302 303 304 305 306 307 308 309 310 311 312 313 314 315 316 317 318 319 320 321 322 323 324 325 326 327 328 329 330 331 333 334 335 336 337 338 339 340 341 343 344 345 347 351 355 356 358 359 360 361 362 363 364 365 366 368 374 378 381 382 386 390
321 1265 3740 8188 14252 20829 28374 32063 35896 35208 36203 33938 35392 32806 32345 30722 31188 29286 29203 27678 27774 26379 25844 24413 25158 23344 23626 22201 22627 20679 20907 19834 20371 19202 18983 17903 18370 17170 17052 16216 16447 15532 15805 14752 15008 14159 13570 13133 13715 13052 12659 12107 12337 11464 11378 10855 11335 10568 10473 9852 10289 9433 9262 8840 9027 8412 8521 8137 8093 7726 7286 7135 7469 6968 6740 6398 6610 6358 5911 5749 6010 5534 5593 5303 5501 5085 5031 4886 4987 4522 4660 4334 4320 4308 3988 3769 3968 3823 3753 3429 3504 3278 3415 3130 3259 3092 2939 2865 2986 2674 2571 2552 2664 2441 2438 2304 2381 2145 1987 1975 2004 1963 1874 1896 1701 1754 1679 1622 1615 1540 1502 1415 1549 1410 1366 1339 1438 1289 1220 1181 1200 1130 1040 1072 1125 1025 963 963 917 857 941 834 851 872 894 738 850 827 731 747 655 662 666 649 611 612 578 531 625 629 546 549 493 437 467 489 443 493 465 436 395 394 427 377 386 405 366 405 310 346 281 277 308 322 264 313 296 240 251 306 219 256 215 232 194 208 194 214 186 158 204 170 151 194 153 141 141 172 150 163 140 127 124 153 153 193 200 119 124 106 104 123 116 113 96 93 84 86 64 66 84 75 79 63 62 57 51 58 71 57 48 47 62 43 54 42 46 30 31 43 42 30 26 30 34 35 39 26 31 21 23 28 24 25 31 23 34 23 28 28 18 34 14 21 17 19 22 11 12 65 8 9 15 9 9 6 7 6 14 9 10 6 8 6 4 4 8 7 5 5 5 10 5 5 8 9 7 4 5 4 3 4 4 4 2 10 4 3 10 7 1 7 5 8 1 2 4 1 3 1 1 2 2 1 1 2 1 1 1 1 1 1 1 1 1 1 1 1 2 1 2
321 1382 5293 15633 36987 78408 157001 263871 456358 679318 1057912 1470539 2238136 2973761 4242287 5431641 7580180 9644057 12991506 16156081 21973449 26681337 34550056 41884672 55005217 63802137 85174900 97536333 126686280 145276785 185489892 211198991 271991364 307275361 382821925 438413005 557587197 612063427 772301629 850529424 1074465708 1190531041 1468630204 1601608928 2055780549 2204105044 2618289182 2899916039 3663099137 3972718806 4830798485 5200007529 6321510825 6895268828 8308609343 8779778324 11192059996 11573140075 13827940504 14962782557 18898931656 19285145412 23240674934 24199173892 29179513296 31242042203 38214305923 39501529261 48162220416 50897695803 57379175574 63744793465 74780694791 77554585699 91875302083 96212665605 116363514722 126924542861 139839232576 145216641598 180065382910 178748363671 209840290975 226005687084 277239345327 284241933861 330740063772 338264755590 404395252880 414247164689 499770314498 492919473331 595450565973 648294396265 695465601243 738822037914 860690196776 872267949165 1056428721683 1046087715883 1215044166288 1297730167642 1512205927053 1511016088864 1870425394013 1844639503189 2038088603582 2182947885944 2623474939744 2476587529910 2946886915601 3008305455030 3559198549620 3698991471613 4168708343916 3986887143958 5192208584294 4829036003371 5128756308716 5577891310280 6611094884621 6694707853678 7549258634412 8267118651120 8281239365849 9272876573405 10145800874888 10173185974124 11841604277878 11722057793118 13056685828501 13519554639354 16525145691495 15842129072058 18705016070241 18526942570642 22092714597850 22825595949718 23996229744727 25252136447281 28806621651357 30100737201134 29455492742740 33818161019523 39402447646210 36988613234985 41721514661008 44020826347067 46835172798212 48387263831897 57532182335321 55877171926015 65287457293099 69711220916756 78099152440875 75175674165265 93249165167542 100222874878644 96460327963735 105290455781847 96741882224948 116487243691666 128059997137639 125921526539754 139259100152673 151062849122752 160392036393720 169685659912905 200545852873427 204507300996890 216882552244306 247850848455856 229476682214537 233692769979094 264279260981883 292489531164186 302013572599080 358106366549045 366827769172425 373020067239065 376495764185763 422464286710604 505002587264438 456663821293446 514161993605157 591551687194464 608232584030993 701169910971859 556138626376357 723090238333459 607047485887915 718441468529717 822006298266543 941811388459530 835489611299537 1141557659758862 1062692383992882 1024306235967193 1054997185393553 1487976807105138 1151925992174743 1485522978662848 1294965163379574 1689330210061927 1333806107043916 1656918937610405 1657535303683501 1872455130709347 1771499837197338 1686803549627167 2394885060473753 2130751179125271 2063057985266214 2904485817275034 2367270995727466 2541954933881365 2683391992249350 3734030877656963 3369306640232510 4138537979934308 3464075353591815 3642684443898189 3615733289556363 5110457416947315 5647660846171470 7033799368786088 7799217646199443 5520627295965255 6214401020426856 5811736501836647 5716427796269559 8046050920323201 7975561365362115 8460160372727195 7857482694974857 9097567022090554 7483653689606412 8249263670331096 7216451674278327 7428103459102100 10844741921988338 10226853252752240 12553982079417439 9428445378350253 10627330833116128 11323581630155755 10473113913225866 14042248655404201 18096849056856364 13568094037837216 12066897922346722 13349310134377372 19201496853731560 14008353130967079 19582893776019626 16054626888400517 17618655824150389 12406640354312060 16790417009413142 22177359488710352 22802117281444496 19670912019557721 15118785984792301 18647013082654716 24532618391496948 27206327481296096 35819580013006302 21596502605151740 33127504071104778 24663375127820110 27558473726916565 38385752523614629 28653885309681010 33035576132231958 49573955213928364 41014936369952990 54105089426850994 44159991593490437 55958080450651735 60380366450157505 42900137744572375 87655804908575972 36363856236763976 64344245720325198 50456328999908116 71052488514935314 84063153704576130 48330716640067662 47245398546173498 272245939871836072 39233955150539019 49315816193054385 79451037124100476 49441069360964646 53107561368424905 43619077909619324 54768449119333162 42822530733804492 122977141094764080 74042979136053315 88102722738425981 56196387076021511 82353214499809360 65500409085839564 48243196135510499 51755871704402577 134491513261243943 143235206799954428 77908431288230908 99787506409613242 105742388965336839 230787551910087273 107290480186764455 153290493497739129 236600464536245982 258860971887455752 196245929679542344 147588586651520898 153793021310838510 197242421626774100 111823217330244231 154387942607496136 242345905670954651 180065153666688780 94778002178815903 559800483549161221 217237292683405860 180316049518999632 690699021622468026 560315891400143778 78801255302666615 584606149120017329 439127936214099107 759051531114315806 103151466321735325 220615720850585544 471797966184455888 126108517833796355 432353809583621496 154043597379576030 164637479165761044 376017294104585960 489809074910764812 318555973788329084 340122810048577428 775265065838058446 413766180933342362 441622981929358437 471314064268398780 502957566506000020 536679070310691121 572612058898037559 610898403751884101 651688879997206959 741433159884081684 1089657644424399782 1406207446561484054 1701169427975813525 3624712999478945900 2332821198543892336 5997928895472904388
3 4 5 6 7 8 9 10 11 12 13 14 15 16 17 18 19 20 21 22 23 24 25 26 27 28 29 30 31 32 33 34 35 36 37 38 39 40 41 42 43 44 45 46 47 48 49 50 51 52 54 55 56 57 58 60 61 62 63 64 65 66 71 72 79 85
3 19 38 85 75 155 114 170 77 160 87 109 64 123 71 94 58 76 41 62 40 44 27 47 22 24 24 31 18 16 10 11 14 11 10 19 5 15 2 9 4 10 7 6 1 5 3 2 2 4 2 1 8 1 1 2 2 1 3 1 1 2 2 1 2 1
3 25 59 234 246 856 837 2042 1401 4607 3011 6905 4471 14365 10355 21775 16730 31889 20106 48083 39080 49689 29536 78257 42923 75411 61882 128205 96519 97206 71354 131254 132902 207866 204261 412447 133061 478187 50837 369660 203884 510028 570177 600566 106348 482223 328618 300700 249508 695060 1418127 204226 2883276 563178 386155 1544620 2130860 715220 3827347 966467 1932934 4843322 8039067 3087735 23468091 20506255
