33 45 57 69
17888 44349 24698 13062
1011624 412043 106224 22303
11395203707743681839 10070945692731023536 1233290534801679226 418910195969706
33 45 57
854 264 6
2927 437 6
55310900 2011703 12
3 4 5 6 7 8 9 10 11 12 13 14 15 16 17 18 19 20 21 22 23 24 25 26 27 28 29 30 31 32 33 34 35 36 37 38 39 40 41 42 43 44 45 46 47 48 49 50 51 52 53 54 55 56 57 58 59 60 61 62 63 64 65 66 67 68 69 70 71 72 73 74 75 76 77 78 79 80 81 82 83 84 85 86 87 88 89 90 91 92 93 94 95 96 97 98 99 100 101 102 103 104 105 106 107 108 109 110 111 112 113 114 115 116 117 118 119 120 121 122 123 124 125 126 127 128 129 130 131 132 133 134 135 136 137 138 139 140 141 142 143 144 145 146 147 148 149 150 151 152 153 154 155 156 157 158 159 160 161 162 163 164 165 166 167 168 169 170 171 172 173 174 175 176 177 178 179 180 181 182 183 184 185 186 187 188 189 190 191 192 193 194 195 196 197 198 199 200 201 202 203 204 205 206 207 208 209 210 211 212 213 214 215 216 217 218 219 220 221 222 223 224 225 226 227 228 229 230 231 232 233 234 235 236 237 238 239 240 241 242 243 244 245 246 247 248 249 250 251 252 253 254 255 256 257 258 259 260 261 262 263 264 265 266 267 268 269 270 271 272 273 274 275 276 277 278 279 280 281 282 283 284 285 286 287 288 289 290 291 292 293 294 295 296 297 298 299 300 301 302 303 304 305 306 307 308 309 310 311 312 313 314 315 316 317 318 319 320 321 322 323 324 325 326 327 328 329 330 331 332 333 334 335 337 338 339 340 341 343 345 348 351 355 357 358 363 365 367 373 381 391
243 1377 4097 8299 15270 21679 27815 32444 35899 35109 36261 34466 35063 32998 32020 31129 30565 28371 28977 27316 27510 25702 25661 24537 24395 23116 22983 21982 22224 20793 20554 19918 19640 18691 18655 17802 17837 17039 16559 16196 16195 14894 15217 14536 14522 13687 13350 13124 12940 12449 12345 11566 11967 11356 10947 10763 10626 10212 10314 9592 9990 9264 9099 8966 8624 8319 8421 7998 7961 7618 7556 7117 7050 6741 6749 6405 6496 6080 6099 5842 5872 5449 5612 5125 5214 5033 4837 4780 4949 4490 4622 4278 4416 4274 4012 3935 3849 3769 3830 3345 3608 3234 3315 3291 3205 2987 3016 2851 2899 2663 2757 2700 2592 2417 2505 2292 2325 2188 2235 2034 2026 2021 1974 1816 1897 1732 1801 1795 1684 1633 1626 1433 1504 1455 1410 1427 1448 1321 1384 1218 1334 1224 1252 1192 1094 1039 1146 1068 1096 933 978 961 949 911 924 801 876 851 890 794 815 711 772 681 723 678 668 627 695 589 653 546 609 542 512 498 522 471 566 491 461 412 438 374 401 376 429 377 396 366 329 344 312 360 323 294 331 301 299 291 261 263 257 193 234 229 198 231 216 211 226 187 201 201 172 166 141 154 157 150 153 131 139 115 122 116 129 127 126 124 111 122 103 109 105 84 137 84 80 85 83 72 77 74 76 61 60 46 56 45 61 49 43 50 70 49 51 43 48 36 42 40 39 39 41 38 36 27 33 36 28 23 29 19 37 34 30 24 31 28 30 25 20 18 18 19 18 21 12 11 21 17 13 17 9 13 8 11 62 7 4 6 6 3 4 5 7 3 8 3 6 8 3 7 5 3 3 5 5 3 2 5 7 4 4 1 2 2 4 2 5 2 6 3 1 4 2 1 3 3 2 1 1 1 1 2 1 1 2 2 1
243 1545 5806 15572 40211 81803 157019 275733 465505 694618 1084802 1524715 2265500 3039485 4230729 5604839 7650058 9577030 13212604 16399525 22040127 26196822 34784227 42706435 54713403 65558670 82958157 97941309 126438832 146428141 181822879 215983894 265552997 309442891 382086990 439846126 547849550 624111218 749211590 873782015 1051880934 1158308802 1434984584 1616209933 1976820869 2178011070 2548194111 2972874637 3469551159 3946095721 4659109013 5106892102 6252820124 6885614854 7904661126 8943604188 10603630184 11679608397 13779427868 15136708570 18217760906 19438204590 22357027979 24956404177 28293626204 31498146868 36772528408 40148134335 46646510340 51079138137 58096985234 62100356011 71407553809 78243603833 90325451455 97601251828 113031262300 119996141786 137280147213 149999891997 174900447855 181437724943 212298034912 221840388190 253664709157 278001822297 311380861769 338806010509 403241444396 410595140644 470035550342 497900468687 595325606933 617434224391 678349921042 734395794979 833204710068 885543654811 1024939579142 997451164304 1226663121882 1209866227507 1424073311286 1564001609204 1715078462332 1774395507365 2088979970609 2154063448419 2445724411750 2462707627465 2869007858514 3057176795707 3541070495353 3402088530173 3985863574959 4068972790356 4688726308720 4714477976401 5670433978023 5502228150136 6398102019278 6772328401999 7392256610421 7586276698514 8841977954161 8585625070683 10344302957183 11111026816615 11534961949932 12422935510814 13969141162331 13296733689755 15917583174758 16945161428740 18405897120551 20665875439663 22729859403755 22075597366350 26043836833067 25444819957462 30758420425670 30407178938796 36419831057305 37873998107166 37056703344467 39117662177815 47043667852084 48649502338682 56932022643285 51262082353042 60153388032224 66411172342566 70756873144472 71793858862291 82179280563904 78209198234022 95962889987520 105989334490002 119568216014641 112914885378318 129716750860965 119184809224950 148789552700571 143519875376180 162707912873161 165296207396001 192205863861870 190712189983538 246736214957641 210017639020429 256956584413376 232183603671610 305729449041249 258311552444356 297547522449251 311770678378889 359529374161760 339622416575334 445080397852150 387124096093465 444574045418928 408424870594576 529362755882323 445723346454095 557517207193540 512511707384748 668957490090542 644999342498356 730362487059401 688263239625490 767956407223822 781682696281423 852792759341438 991288012956317 1014979888407620 947671552263050 1327494770907869 1147414068539594 1418905544635650 1361565237262554 1312620412463717 1394230559674371 1627007541156764 1309729652044604 1770257241203729 1810827879675766 1785806602678772 2206188600020468 2270718894578376 2148395866815303 2650563863230140 2395763163966058 2950291912604346 2990693285391532 2783292809299910 2973132254538131 2642333598814810 3480021164276650 3583214516323991 3578619525941172 3993994102295119 3442168607349490 4472473336998823 4048433035594089 4228563336589796 4469730355860049 5512329098991958 5506629405331358 5917936317194792 6811807742272895 6279456930748006 7797077727383318 7064767253189816 7817898216039741 7971840540079154 6951475488834248 11650726007943028 7379996516500268 8388141535716899 9730053958310451 11014752554813398 10310579216088279 11714012184317673 11228084638127149 12521021708314355 10771377419576717 12483250797357140 9144668291498948 12385459539013892 10643352057037399 17096237623909931 13195190691747847 13084670683424591 16198751430510968 27573897786942864 19094091525498064 22856903614275721 18545775890411521 23068343163755010 17949238052370791 21969578113772320 25767376917772149 29865171191502004 24912911542044222 32064190012408255 28509719393104822 33093428380618606 25457122370722500 31596926474849838 38823646738491578 35475225341804329 26752539120364853 38273839578974279 28242672973694198 58953260522180853 55676053496755625 53106763431326656 46137555005051494 59635525400929022 66892337500249321 73298893006099168 61705811433504413 57149131265943374 56503093059098567 56501413971389965 65792798758222264 82766653964099619 82121312652837128 51736947859833747 48324881489622364 105949365431503992 97583810171916992 77061994533391700 89451795634755392 52718939746227972 82539122672093852 54289273102216419 86672491336238490 510155050235562774 59162978147211205 35114571763118677 57552165987381309 62491269715002358 33528415388193047 48243196135510499 74508307991205029 110079967011573137 43380278069417204 140673909837604622 66133539740636284 112028929797602184 174773087011286181 64374288112058673 199290506808713803 121600431258809297 100366126086057796 107552443241694981 202177465684665943 162441466757333270 104402864608322490 69601909738881660 199597827634999955 333499086760773453 174016592651442116 186322719265971959 49005643635237875 161080690570531571 120210699679333088 257301498436458200 137669771892147700 368266439309251695 157602510605333230 494805773150233706 289350330576608280 103151466321735325 441231441701171088 235898983092227944 126108517833796355 432353809583621496 493912437497283132 401765112575366318 244904537455382406 318555973788329084 363117512048110005 387632532919029223 1073358140621382242 610898403751884101 695143713458946040 2044282456734690724 3402338855951627050 3192707518433532826
3 4 5 6 7 8 9 10 11 12 13 14 15 16 17 18 19 20 21 22 23 24 25 26 27 28 29 30 31 32 33 34 35 36 37 38 39 40 41 42 43 44 45 46 47 48 49 50 51 52 53 54 55 56 57 58 59 60 61 62 63 65 67 68 71
2 32 45 160 130 188 154 230 175 210 161 201 120 141 114 99 110 78 66 81 93 85 54 64 41 53 42 36 40 38 31 15 15 27 13 21 11 24 11 14 10 19 6 18 6 30 6 5 3 2 3 7 1 3 4 4 2 4 1 1 1 4 1 2 2
2 35 67 368 372 1074 974 2927 2830 6343 5669 11678 8475 16045 16349 21431 31286 31043 32356 58076 63882 91723 67242 104216 99944 148373 132693 165960 180671 228467 207756 163551 159288 433109 255203 516045 253817 989564 396495 677675 497389 1203460 287490 1778063 471388 3395648 940618 1039112 377585 569505 883638 3558138 204226 2690655 1846185 1874551 1544620 3255331 526823 1430440 1228308 5953840 1505499 6942254 7734775
