25 37 49 61 73
5003 28282 39365 21099 6246
1796963 761763 241392 65472 7690
64516999319352019 20745045701894155268 4376456338967335261 199850920789824095 343794736933
25 37 49
720 568 85
6895 1335 105
396466673 16534671 105075
3 4 5 6 7 8 9 10 11 12 13 14 15 16 17 18 19 20 21 22 23 24 25 26 27 28 29 30 31 32 33 34 35 36 37 38 39 40 41 42 43 44 45 46 47 48 49 50 51 52 53 54 55 56 57 58 59 60 61 62 63 64 65 66 67 68 69 70 71 72 73 74 75 76 77 78 79 80 81 82 83 84 85 86 87 88 89 90 91 92 93 94 95 96 97 98 99 100 101 102 103 104 105 106 107 108 109 110 111 112 113 114 115 116 117 118 119 120 121 122 123 124 125 126 127 128 129 130 131 132 133 134 135 136 137 138 139 140 141 142 143 144 145 146 147 148 149 150 151 152 153 154 155 156 157 158 159 160 161 162 163 164 165 166 167 168 169 170 171 172 173 174 175 176 177 178 179 180 181 182 183 184 185 186 187 188 189 190 191 192 193 194 195 196 197 198 199 200 201 202 203 204 205 206 207 208 209 210 211 212 213 214 215 216 217 218 219 220 221 222 223 224 225 226 227 228 229 230 231 232 233 234 235 236 237 238 239 240 241 242 243 244 245 246 247 248 249 250 251 252 253 254 255 256 257 258 259 260 261 262 263 264 265 266 267 268 269 270 271 272 273 274 275 276 277 278 279 280 281 282 283 284 285 286 287 288 289 290 291 292 293 294 295 296 297 298 299 300 301 302 303 304 305 306 307 308 309 310 311 312 313 314 315 316 317 318 319 320 321 322 323 324 325 326 327 328 329 330 331 332 333 334 335 336 337 338 339 340 346 348 350 352 353 356 357 363 364 365 366 369 372 378 384 386 393
267 1425 4244 9744 18969 33214 52717 66740 73976 82758 84036 81755 80302 78733 72393 72441 70825 65129 65293 64602 57697 58174 56468 51824 52339 50961 47382 47883 45845 42137 42272 40769 38185 37643 37169 34674 34221 33204 31039 30485 30548 27606 28313 27715 25655 24980 24836 22160 23193 21895 21096 20821 20394 18669 19087 17647 17314 16863 17006 15499 15640 14688 14294 13532 13963 12470 13094 12544 11743 11226 11282 10338 10575 9919 9853 9339 9240 8300 8644 7887 7968 7556 7448 7059 6989 6554 6461 6124 6057 5745 5761 5659 5209 5251 5160 4666 4729 4654 4416 4498 4116 4087 3961 3792 3520 3674 3376 3445 3273 3154 2989 3041 2765 2713 2734 2756 2449 2477 2367 2299 2178 2118 2127 2136 1966 1868 1876 1741 1618 1655 1565 1600 1494 1471 1394 1391 1260 1270 1194 1171 1113 1089 1068 1062 983 953 931 962 851 838 828 790 659 824 814 776 685 562 604 591 544 595 547 567 469 472 519 568 446 458 419 428 448 416 423 420 401 395 394 376 362 349 355 381 352 322 339 314 279 289 285 312 281 252 235 262 241 244 237 263 214 211 218 193 213 177 190 198 178 149 184 165 158 135 142 177 156 112 157 126 139 132 156 114 101 97 93 106 116 82 103 132 86 77 84 76 75 73 70 69 72 58 57 75 58 62 60 53 39 40 39 41 38 33 41 36 33 27 41 26 19 32 26 22 22 27 18 24 19 21 36 19 15 16 25 28 19 18 13 16 13 14 15 10 9 21 7 7 11 9 8 10 9 8 7 2 10 14 5 13 8 10 5 6 8 9 5 11 3 5 9 1 10 7 2 9 3 7 5 6 4 6 1 5 4 3 1 1 1 2 2 1 2 1 1 2 3 1 1 2 1 1 1 1 1 1 1 1 2 1 3 1 1 1 1
267 1581 5936 17809 46528 113363 240529 456302 779991 1329024 2021089 3032374 4411886 6254263 8395952 12017037 15779028 20480229 27811241 36254047 44086099 58976493 71910048 89422905 114126577 140304377 168117207 218027923 252847827 302706995 371823628 446411784 519994994 637065505 746056328 872801477 1047660455 1219953668 1390972716 1709552061 1970438554 2216268035 2714748299 3089200978 3542608922 4133865715 4731649214 5197855155 6371470016 6889923663 8078465539 9137924910 10559216578 11506466797 13881123187 14922366333 17548683009 19390450822 22660076586 24048653754 29399478031 30938716027 35898798673 39473980235 46661502487 48118858156 59719028885 62845533327 71636524218 77452683958 89817527740 94387226650 111010599269 116311544754 138013736438 143381772117 166389157830 168862587606 202995116624 205628039174 248938269410 252584703533 291286492025 300276354287 351019403981 362528363163 417243612121 428456536960 507214002147 530106923053 606718288358 651392590483 703375218034 777840541107 885106862290 901086083650 1047743774822 1118884684456 1227783474888 1363615397870 1441662283695 1605553262664 1722024828409 1883239255325 2003249825585 2243711081861 2344848743198 2643630123097 2837468328416 3153861834059 3278760984836 3738347798957 3905441691609 4281417383885 4756600239800 5156965259625 5450363726026 5904450885439 6369936912247 7047407147005 7312432447752 7802310849377 8413517710033 9520888442691 9760957743949 10544574542814 11542299396917 12060536817692 12674550284518 14261788218772 14970853635619 16062958714975 17232458163137 19482475371855 19588612949522 21108903433504 21885993973813 24072434574786 24548349067084 27133130224386 27381834135020 30668509257201 32167444458033 36825928157231 37059365958542 39502518550564 40915899112782 46113544615859 45333790512103 50819183460523 52357696391664 54552804682867 48358098938984 65229432203368 66680380007824 72135929123941 70893903766476 67303029575018 75064111449163 81239441522810 82753537339434 109830620019260 103379125529786 121122168335285 107069425666976 113993421757639 137001054334128 169303218632629 144477042723476 171414602298675 159139867934173 182220875951577 208798118205327 214205872112390 226308574510966 262594098255958 260810216724821 289755961436281 307217422681260 336533992647770 325421272552161 364397423267522 386425916227274 460313042722925 453224363496743 488050411876770 512296697512021 585530485157008 542748567001566 578747217421637 624650589844474 825118165360015 734018290152859 775167149853222 761547634788458 912907270057942 846128371086530 1047409950981816 974422143323324 1480658220606368 1075760545766604 1207182362143494 1374680089844455 1322284040099162 1564707208049862 1510339154668890 1610839007698754 1895093862004360 1782920306197634 1806943334803705 2337839390506514 2157818782439045 2308483689858580 2066788168668513 2420479680543099 3480089246807386 2851189398774693 2450561287670631 3988632584003466 3081625288978819 3674753771214314 3896371395571088 4558597898724309 4100814110500773 4039755198373047 4082845128171346 4245232735407341 5019922137137533 5853289396216456 5039164315572308 6253749000027384 8302156466622368 5688357815902342 5875273520022381 6628627498480572 7042182436452465 7491790521536865 7106266501997990 7610009169753574 9007659872171464 8338321889221189 7821522202097653 12279612243952486 12332605583661013 10453021999451846 11217467791111949 11267228014921479 12457535610201463 9230339123947272 9502604050199065 12461064568149245 12158251538091492 10480156244793813 13307251714630735 13016785400295148 13907867191306091 15074143441222987 12815786490614681 19040627332237560 14758820690413425 11049766156951016 19740527444346471 18538068464407276 17734679511399076 16570678467923586 21575988522477594 15663037899486732 22799780109313896 19464302940060309 25232541579031302 34796554593447445 25626978510447244 19759964474288902 22137718014340223 37852146144168958 48798634872961865 29720906248382568 33745755096504204 23849619323484702 30932048731848484 29346364231588255 40189884944906068 37041888182437548 26177208274464328 25832198314219935 72303979640064856 25755995226867528 31342796580133797 41817687149291797 51917387200655505 47672732207713209 47369240846436048 50532045631128780 53120953941930586 41444804794378785 18119291646286545 78798441559182542 115563321781651320 46529440390360872 138875214106119620 72759490171271662 107884917405078713 50381220802162843 66278619931112829 138893856816679970 125371179819779367 66767534245510821 162475319833120378 46525692013544051 97438719214977978 161756853864137931 18671488299600364 223073032937898287 156374314734008021 92000026621949348 230679462771153590 81136635608128655 256766344717810988 153793021310838510 232043376496214930 211279180123952227 266211159937740367 42748078035954696 222813231702643476 186322719265971959 157386132686485923 56156602112874289 60105349839666544 64325374609114550 197485635164302950 147306575723700678 147306575723700678 168601631272450238 90175434980549623 96450110192202760 199601576513938085 323767187172320869 117949491546113972 175943559810422753 401765112575366318 229272286871217150 261578907351144125 279363328483702152 340122810048577428 363117512048110005 536679070310691121 572612058898037559 610898403751884101 1303377759994413918 790738119649411319 2876186093737014135 1406207446561484054 2056513475336633805 2332821198543892336 3617712763867604423
3 4 5 6 7 8 9 10 11 12 13 14 15 16 17 18 19 20 21 22 23 24 25 26 27 28 29 30 31 32 33 34 35 36 37 38 39 40 41 42 43 44 45 46 47 48 49 50 51 52 53 54 55 56 57 58 59 60 61 62 63 64 65 66 67 68 69 70 71 72 74 80 81 82 85 87
4 52 73 219 200 497 298 735 358 617 293 527 320 467 215 411 222 308 153 237 137 250 113 188 87 161 81 115 54 88 62 86 43 80 49 50 28 52 34 66 24 29 16 16 11 22 14 19 9 13 12 9 6 10 10 12 4 9 5 1 4 5 2 10 2 3 4 5 2 5 6 1 1 1 1 2
4 65 113 551 588 2673 1989 9401 5343 17537 10585 35050 23095 60312 32599 103119 62402 138743 75837 195037 107023 333942 157922 456086 187842 579795 271272 682866 258705 760392 467416 1175859 477722 1397158 779665 1743378 758446 2428086 1381570 5028686 1303881 3108501 1144298 1770029 1043303 2917048 2057879 3782219 1407312 2372264 2651265 4035674 2237948 6055643 3501927 8488242 2843753 8311195 4027641 1580469 3378908 9201734 3233090 34814786 3233090 5224890 12773300 21837619 9294080 51086565 41899936 9289091 18578182 24264328 15796476 64350979
