0 13 24 25 36 37 48 49 60 61
20 605 4786 11587 16624 31847 11453 21796 478 792
3710 6927 108069 355894 102916 192740 25723 47984 485 801
325394 713394 124655319958265 2311648302715804 7488197323449753320 4977411731466850713 21751996404803228 44084991049330266 12354657 14812648
0 13 24 25 36 37 49
2 96 156 464 39 68 1
48 410 359 1246 51 85 1
284 16262 4468669 17203598 56847 2876156 12310
3 4 5 6 7 8 9 10 11 12 13 14 15 16 17 18 19 20 21 22 23 24 25 26 27 28 29 30 31 32 33 34 35 36 37 38 39 40 41 42 43 44 45 46 47 48 49 50 51 52 53 54 55 56 57 58 59 60 61 62 63 64 65 66 67 68 69 70 71 72 73 74 75 76 77 78 79 80 81 82 83 84 85 86 87 88 89 90 91 92 93 94 95 96 97 98 99 100 101 102 103 104 105 106 107 108 109 110 111 112 113 114 115 116 117 118 119 120 121 122 123 124 125 126 127 128 129 130 131 132 133 134 135 136 137 138 139 140 141 142 143 144 145 146 147 148 149 150 151 152 153 154 155 156 157 158 159 160 161 162 163 164 165 166 167 168 169 170 171 172 173 174 175 176 177 178 179 180 181 182 183 184 185 186 187 188 189 190 191 192 193 194 195 196 197 198 199 200 201 202 203 204 205 206 207 208 209 210 211 212 213 214 215 216 217 218 219 220 221 222 223 224 225 226 227 228 229 230 231 232 233 234 235 236 237 238 239 240 241 242 243 244 245 246 247 248 249 250 251 252 253 254 255 256 257 258 259 260 261 262 263 264 265 266 267 268 269 270 271 272 273 274 275 276 277 278 279 280 281 282 283 284 285 286 287 288 289 290 291 292 293 294 295 296 297 298 299 300 301 302 304 305 306 307 308 309 310 311 312 313 314 315 316 319 320 321 322 323 324 325 326 328 329 331 332 335 339 342 344 347 348 349 350 351 352 353 354 355 359 360 361 364 372 374 377 379
405 1674 4200 7543 11999 15745 19711 21328 22886 22474 23317 21991 21929 20229 19904 18684 18464 16914 17167 15909 15780 14586 14967 13906 13816 12842 12815 12127 12075 11108 11462 10696 10345 9913 10133 9539 9725 8829 8829 8405 8324 7688 7987 7596 7497 6889 7196 6464 6544 6155 6104 5956 5900 5371 5585 5312 5175 4906 4901 4776 4664 4262 4448 4139 4114 3828 3873 3683 3698 3410 3479 3303 3227 3087 3095 2907 2969 2770 2743 2658 2557 2349 2428 2370 2354 2168 2303 2158 2120 2034 1920 1873 1833 1764 1792 1659 1621 1605 1599 1474 1515 1398 1418 1415 1390 1217 1264 1241 1207 1144 1154 1075 1069 1011 1069 938 1034 944 941 838 803 874 784 783 775 721 740 694 712 668 657 638 652 665 602 553 567 569 529 495 505 453 513 472 442 403 430 397 396 344 343 390 314 338 316 308 335 337 309 287 313 271 289 236 221 190 241 234 194 207 216 210 191 172 192 194 214 191 159 159 148 160 156 157 132 135 122 137 111 139 137 129 131 105 134 94 119 99 79 93 64 100 82 61 85 58 80 80 72 68 62 67 58 58 51 56 59 52 55 62 58 58 50 48 39 46 37 43 42 31 35 37 27 34 29 34 29 38 27 30 28 33 25 22 20 26 20 27 21 15 32 21 24 22 17 19 13 12 17 24 9 18 15 15 17 10 8 18 15 15 6 19 16 20 12 7 12 8 11 9 6 8 4 5 5 7 4 8 4 5 8 6 5 5 4 7 6 6 10 4 3 3 4 7 2 2 2 4 2 1 4 5 3 1 5 2 2 2 1 3 1 2 3 2 3 1 2 1 1 1 1 1 1 1 1 1 1 1 1 1 1 1 1 1 1 1
405 1808 5925 14747 33351 64948 120314 201760 328369 492149 752343 1066881 1519163 2038485 2786724 3621832 4893436 6054447 8067526 9905242 12955146 15570266 20354910 24550536 30946502 37076239 45646736 54603383 68350208 77739108 98731691 113960882 134780336 162537810 200563427 229793648 283889686 313226477 371428365 432388349 520624884 586435204 702679895 798238502 953319080 1046305293 1281348165 1367735952 1655364260 1838596545 2107556804 2438852263 2865311759 3029109678 3730479346 4064313867 4675336689 5176288731 5944739900 6728623882 7707031950 8201677836 9800703932 10590224905 12295364339 13161914706 15459321234 16430067723 19202038521 20536604931 23873412083 25764910348 28410284543 33093014397 37018221483 39411606005 47947012357 48253545233 55601808671 61606872020 67862554388 72061937702 82831751981 89814829289 105366372327 107188656683 130498810649 136979168058 158181101463 170614692704 176355604975 194839073607 216848835985 241020180246 269792241429 276693561580 315300079583 345666207559 379719153702 393631836646 456711731485 491466452802 531734390025 598153831212 667462002474 694285048425 761614866708 834679743424 926246938467 998888961443 1091558578672 1110251907937 1272693045029 1327889743619 1595217566306 1518242698004 1971776713946 1955793744840 2134701019930 2136441345002 2312899513028 2854996616233 2776138177595 2977474734361 3606098645944 3494519251497 3997301911951 3942167271860 4632379142975 5065290004084 5342212296053 5471650363998 6588394430813 7266046573918 7551376093029 7438836007982 8266273124626 9465552398988 9324648147853 10152650760576 11129837173662 10549627316804 13228804455487 13469137586168 15354366523531 14493806957438 16627423244651 16379065444004 19061974272994 17823947215421 20268237383188 24027761118580 21737964322570 25936091382736 26667143179904 25943683119376 36258361832883 36342184842508 37211831343628 39949432979642 47257655468282 42224517406468 51811239602078 43290708650673 47394799773377 41609769179243 63071685037858 64975523310714 58410051678367 70664676210446 76426633230233 86208488811545 80143089212927 74319886123482 103085808640071 113158368873528 134832808802033 120927888917770 116370265268385 127460801432500 132242373891771 159509089665639 161246663998509 179601358924315 178745750329189 177328077246432 170491644025176 211305083864376 191310639773966 272794096280328 281374927188001 286280145194344 311517807193889 257793443810777 400999247309647 278855929013492 434548381337028 378121488134067 305836676440046 436090147267073 292573795263687 546473428370379 484943773764177 376954137173826 574388501334271 395909105630866 700068028134162 677770141272790 649075203838143 663880955517085 748778740944702 776844717261271 724671328110922 822293433427195 757863073043240 880294115554613 959646391129212 994198211881270 1107630450221031 1349754732872190 1364438686107537 1525797552862925 1503626306657953 1496922822531528 1278185858396600 1727961107194870 1571234472653696 1904079729879231 1815272275514628 1520226930218134 1865383827753050 2056697450964836 1833721926446315 2464941247208668 2409789158079660 2463145496734859 3097715334734825 3195227485391088 2919055557608985 3206822724917011 2951481897640797 4065831824518958 3373245889516619 3389058516873549 3117366731922807 4119355424457685 4079499444383452 5506550124496608 4613531634292508 3806850578991241 7919520810224361 5247963054037350 6571446203679608 6641303916267725 5372075442833334 7253464270752620 5481257922263345 5465584621927047 8336053703302464 12038980653006525 4210887640935269 10040088911166985 9150020584829688 10615553245432923 12106575152986015 7483257139001921 6625381625440124 15952922045936926 13894413608660745 15801367411147710 7884615796259946 21744674712731735 19691113124077889 28878790315298907 19275005090642125 10221472902567815 21442370571635530 16872877548252102 23331079054975876 19831211529816786 12709836492772773 20427808139763424 11989829171396542 15821477320779699 17221465542813290 21457340850384653 13352889903109316 34485533768036290 15703688645957688 24142465703131878 35329431220265715 27881088620547712 25447189322205184 32572091285112831 23325513148092240 43619077909619324 46365070923787102 44363675536748751 78650433930133032 40151241924715200 28437138265850705 31245634857501179 42629324930195356 83383498310384172 26324435790115408 40443098455395413 30285905477714388 64959146143318652 34828360266294590 18671488299600364 77377830124354618 125867237674565454 88916205385680456 26415807633566326 147588586651520898 60652363979685928 67289248220907484 72075360646188907 39919565526999991 128244234107864088 45772358543578028 101467687864066516 168469806338622867 128650749218229100 206504657838221550 84300815636225119 220615720850585544 134819180623301520 154043597379576030 188008647052292980 200882556287683159 214618299743286299 229272286871217150 244904537455382406 261578907351144125 279363328483702152 298330063062758076 318555973788329084 413766180933342362 441622981929358437 471314064268398780 572612058898037559 958728697912338045 1089657644424399782 1319510599727473500 1498478743590581081
3 4 5 6 7 8 9 10 11 12 13 14 15 16 17 18 19 20 21 22 23 24 25 26 27 28 29 30 31 32 33 34 35 36 37 38 39 40 41 42 43 44 45 46 47 48 49 50 51 52 53 54 55 56 57 58 59 60 61 63 69 71
5 32 28 137 93 179 110 171 137 156 131 136 80 112 63 71 34 61 39 35 32 36 20 28 19 34 18 16 25 13 7 14 7 12 6 11 8 7 9 8 4 5 8 3 2 5 2 4 5 5 4 2 2 1 1 1 1 1 1 1 1 1
5 42 44 358 296 1077 799 2296 2287 4927 4517 8763 6190 15669 9524 14766 9698 28298 17944 23339 26853 43810 29155 51477 37002 101725 55413 67248 118789 99093 39792 137329 69887 173352 120110 297145 166709 198517 387131 513840 182105 447415 695828 373380 169609 757265 506088 1230718 902809 1012125 985873 762617 829035 329931 329931 1126356 1126356 1053646 526823 1430440 2323520 4647040
