1 2 3 4 5 6 7 8 9 10 11 12 13 14 15 16 17 18 19 20 21 22 23 24 25 26 27 28 29 30 31 32 33 34 35 36 37 38 39 40 41 42 43 44 45 46 47 48 49 50 51 52
1 7 16 11 23 29 21 26 30 27 30 30 24 25 27 35 40 48 73 77 123 167 172 237 319 507 598 850 1071 1333 1612 3006 4526 5522 5073 3908 4238 5513 4783 4981 5338 5340 5337 8005 9588 7795 4882 2253 1285 772 195 61
1 13 29 19 59 41 30 39 47 41 43 36 34 33 41 44 56 67 103 107 185 288 357 555 749 1079 1170 1535 1920 2403 3187 6477 9828 11785 10972 8584 9145 11231 9328 9142 9225 8761 8039 11357 12999 10054 5880 2547 1363 782 195 61
9 111 219 86 372 140 139 175 170 120 102 92 279 251 3358 6744 12925 33964 97869 173121 434494 4081232 130285221 72222689344 1392387631251 46490798468209 62664212328004 74821631472554 547484277864724 1947408637423090 239704108390824 251679940182379 50872560130607 64438523806206 96493787008871 120096697807638 1218100914010258 3021863907410371 1952449795629398 1142500672268904 4208526136549068 16108354024274054 6922673941677903 3308601239676324 1240418440657765 248833112314016 34459321622907 2608575096195 236017293993 9147483083 79791930 58562
21 30 36
1 1 1
1 2 1
1 386 2
3 4 5 6 7 8 9 10 11 12 13 14 15 16 17 18 19 20 21 22 23 24 25 26 27 28 29 30 31 32 33 34 35 36 37 38 39 40 41 42 43 44 45 46 47 48 49 50 51 52 53 54 55 56 57 58 59 60 61 62 63 64 65 66 67 68 69 70 71 72 73 74 75 76 77 78 79 80 81 82 83 84 85 86 87 88 89 90 91 92 93 94 95 96 97 98 99 100 101 102 103 104 105 106 107 108 109 110 111 112 113 114 115 116 117 118 119 120 121 122 123 124 125 126 127 128 129 130 131 132 133 134 135 136 137 138 139 140 141 142 143 144 145 146 147 148 149 150 151 152 153 154 155 156 157 158 159 160 161 162 163 164 165 166 167 168 169 170 171 172 173 174 175 176 177 178 179 180 181 182 183 184 185 186 187 188 189 190 191 192 193 194 195 196 197 198 199 200 201 202 203 204 205 206 207 208 209 210 211 212 213 214 215 216 217 218 219 220 221 222 223 224 225 226 227 228 229 230 231 232 233 234 235 236 237 238 239 240 241 242 243 244 245 246 247 248 249 250 251 252 253 254 255 256 257 258 259 260 261 262 263 264 265 266 267 268 269 270 271 272 273 274 275 276 277 278 279 280
301 1005 1964 2801 3569 3803 3959 3848 3795 3530 3604 3425 3389 3263 3247 3093 3162 2926 2949 2783 2823 2651 2700 2510 2544 2409 2385 2313 2300 2179 2176 2121 2079 1982 1960 1881 1887 1818 1801 1683 1696 1636 1620 1568 1532 1442 1420 1402 1375 1302 1293 1251 1234 1205 1182 1173 1166 1113 1120 1091 1023 1023 1024 975 940 890 865 856 838 799 792 765 749 742 762 700 721 698 707 628 657 609 635 590 585 540 560 521 545 488 501 478 491 456 472 428 453 425 443 396 401 368 381 352 350 305 342 326 315 293 294 282 274 273 256 255 258 258 243 223 217 215 225 219 209 196 185 181 170 165 157 164 161 150 143 147 142 142 137 127 129 125 129 123 119 115 118 114 109 107 108 103 105 95 100 94 99 86 90 78 85 76 71 71 74 72 73 60 59 51 54 47 51 45 41 36 45 38 37 37 38 34 34 33 31 29 26 22 25 22 27 28 27 24 25 26 27 26 23 22 25 20 21 24 22 20 20 17 17 17 14 14 13 13 11 10 13 8 10 12 11 11 9 7 9 8 6 8 7 6 5 6 5 5 5 5 6 5 5 5 5 4 4 5 4 4 5 2 4 3 4 5 4 2 2 2 1 1 1 1 1 1 1 1 2 1 1 1 1 1 1 1 2 1 1 1 1 1
301 1040 2761 5662 10936 17553 28473 41822 61852 85115 125695 168510 233058 308332 418616 537633 731755 886162 1177560 1448050 1886871 2275564 2949680 3484783 4481011 5373633 6654431 8023245 9932575 11787976 14566956 17363512 20594318 24102990 28869863 33721062 40769102 47556155 56421010 63869158 76651404 88456988 104878552 120907375 140448609 157055521 180454785 211770325 242423743 274390611 318318682 362832066 416365328 483020670 551951611 647043732 741241335 832158520 969736225 1117247317 1198320490 1397774297 1608321052 1766748901 1967118683 2156636963 2393362407 2750169982 3067531415 3381160792 3839945957 4292038673 4810052663 5472380170 6438387875 6654668395 7923894375 8727942979 10259806645 10373537300 12320789061 12944608384 15382271192 16281270147 18515465997 19126986428 22559866559 23733267615 28256404205 28314117021 32862958399 34970250769 40480966083 42022911604 49383547849 50646633754 60688818677 63923413838 74889530276 74926784069 85531998001 87995031680 103120966845 106178851665 118709142057 114834624203 145428653944 153051936315 169953324203 174037887186 194664122661 210714301434 227202053059 251774183118 266733575962 292755733743 325916005058 372179887598 385633396786 397955688361 432805227052 474833226944 549852971625 589987851632 646085325008 671116565129 713125180027 773902393502 815432501076 873587665243 907080588040 1066669147412 1135293761549 1182795371167 1234855181807 1412476004549 1517715952212 1669373313173 1814111939482 1843043729792 2046957428902 2221495760566 2504644652770 2613539010081 2772844063359 2909211277692 3331923703254 3501422795133 3750860048225 4037310299061 4536658872856 4632525893383 5285837327002 5230132460478 6199623372482 6318145212218 7372158433147 7046882191557 8162356942805 7729444374869 9324666709173 9077768639127 9341845480927 10139681070180 11572005585909 12403249218360 13828784623533 12596089883490 13341658487077 12522047784331 14743145688951 13670553969923 16585842387418 15780593968238 16012467826610 15166191283835 21131444494890 19155927193395 20974289912345 22451344796960 25078102349060 24769338465016 26608569945226 28060846206973 28886344161076 29529754259354 29062725149194 26857302731156 33301913793033 32052836943102 42921832843491 48685025369871 51324414541847 49870847541984 56584425273237 64094400941506 72721185820305 76229952368634 74178056573374 77507235470907 95074929970281 83724356138868 95530075560819 119024542892452 118878995719192 117743752851080 129233351068120 118429331021180 128854454206800 140858331682947 126118829690070 137141105848678 138134987070907 149199011885500 138317396426377 136223657899302 192633938484283 128863444285013 176002071940439 228703579355844 227033377710149 246426214254411 219340856082213 185813792148297 260486667443480 250587444060442 205162022308752 294653054140458 281869515346742 261382738048637 239131198729600 306926498939480 280690743354735 304030677191645 329257929851375 356520927574595 463175355981072 417805519629355 452184198344085 489314668517925 529411233613665 458163538212152 495553772309036 669891296724440 579470769985780 626473650111784 846483611957770 365947779708052 790906066726688 640910759461875 923174217458724 1246457255842795 1076930805010316 581453915832224 627783982613330 677708528497360 365749566870782 394723676655357 425933084409356 459545750448675 495741934760846 534715062908609 576672674947168 621837416509615 1340896246120340 722760953690372 779050629562167 839611730366814 904760108316360 974834369944625 1050197489931117 1131238503938606 2436748699688666 1312051800816215 1412749565173450 1520980492851175 1637293969337171 1762278433057269
5 21
3 1
4 385
