0 1 2 3 4 5 6 7 8 9 10 11 12 13 14 15 16 17 18 19 20
1 3 4 2 2 2 2 2 2 3 4 2 4 1 4 3 2 1 2 1 1
6 4 6 7 2 10 2 5 3 5 6 2 6 1 4 3 2 1 2 1 1
1925 138 309 1128 74 2017 88 435 399 350 967 248 2680 462 2504 7209 9317 13684 73292 281589 3087735
0 1 2 3 4 5 6 7 8 9 10 11 12 13 14 15 16 17 18 19 20
1 3 4 2 2 2 2 2 2 3 4 2 4 1 4 3 2 1 2 1 1
6 4 6 7 2 10 2 5 3 5 6 2 6 1 4 3 2 1 2 1 1
1925 138 309 1128 74 2017 88 435 399 350 967 248 2680 462 2504 7209 9317 13684 73292 281589 3087735
6 9 10 11 12 13 14 15 16 18 19 20 21 22 23 24 25 28 32 36 39 43 54 69
1 1 10 6 16 6 8 3 11 3 1 1 1 1 1 1 1 1 1 1 1 1 1 1
7 25 297 278 1028 560 1228 696 4084 1197 616 606 693 1254 1848 1881 2508 4008 7436 13684 35954 37338 281589 3087735
6 9 10 11 12 13 14 15 16 18 19 20 21 22 23 24 25 28 32 36 39 43 54 69
1 1 10 6 16 6 8 3 11 3 1 1 1 1 1 1 1 1 1 1 1 1 1 1
7 25 297 278 1028 560 1228 696 4084 1197 616 606 693 1254 1848 1881 2508 4008 7436 13684 35954 37338 281589 3087735
