8 9 10 11 20 21 22 23 32 33 34 35 44 45 46 47
251 701 408 133 2598 6497 4328 914 16981 30740 12594 2157 6051 10650 4407 589
1473 3496 1759 605 16265 46749 26214 5720 65343 112724 47053 7611 10670 16871 5913 782
43543 100312 58892 17065 236830039 2034098545 8160279204 7691377866 1728752257716383339 1075075927905456065 55687025146419111 5980681501732193 45317346180414661 31142282560838122 54933491517244 2191050816951
8 9 10 11 20 21 22 23 32 33 34 35
11 34 14 5 42 103 111 20 10 26 33 4
24 81 30 12 67 176 199 34 12 29 36 4
485 948 217 195 149303 895048 2614155 51705 411 1040451 1291392 411
3 4 5 6 7 8 9 10 11 12 13 14 15 16 17 18 19 20 21 22 23 24 25 26 27 28 29 30 31 32 33 34 35 36 37 38 39 40 41 42 43 44 45 46 47 48 49 50 51 52 53 54 55 56 57 58 59 60 61 62 63 64 65 66 67 68 69 70 71 72 73 74 75 76 77 78 79 80 81 82 83 84 85 86 87 88 89 90 91 92 93 94 95 96 97 98 99 100 101 102 103 104 105 106 107 108 109 110 111 112 113 114 115 116 117 118 119 120 121 122 123 124 125 126 127 128 129 130 131 132 133 134 135 136 137 138 139 140 141 142 143 144 145 146 147 148 149 150 151 152 153 154 155 156 157 158 159 160 161 162 163 164 165 166 167 168 169 170 171 172 173 174 175 176 177 178 179 180 181 182 183 184 185 186 187 188 189 190 191 192 193 194 195 196 197 198 199 200 201 202 203 204 205 206 207 208 209 210 211 212 213 214 215 216 217 218 219 220 221 222 223 224 225 226 227 228 229 230 231 232 233 234 235 236 237 238 239 240 241 242 243 244 245 246 247 248 249 250 251 252 253 254 255 256 257 258 259 260 261 262 263 264 265 266 267 268 269 270 271 272 273 274 275 276 277 278 279 280 281 282 283 284 285 286 287 288 289 290 291 292 293 294 295 296 297 298 299 300 301 302 303 304 305 307 308 311 312 314 315 317 318 319 320 321 322 325 326 329 331 332 334 335 336 337 341 365
346 1691 3545 5779 7958 9557 10772 11616 11852 11705 10914 10583 9826 9231 8595 8210 7921 7746 7229 6889 6538 6725 6003 5745 5717 5446 5175 5008 4845 4794 4459 4347 4256 4103 3772 3574 3586 3560 3300 3066 3144 3105 2911 2774 2806 2658 2686 2423 2436 2433 2245 2136 2196 2096 2025 1947 1871 1893 1754 1789 1670 1689 1570 1504 1564 1424 1424 1383 1387 1298 1256 1234 1238 1124 1140 1105 1144 1098 1079 961 1061 918 942 899 881 819 912 730 828 716 768 733 775 656 760 630 614 643 645 573 605 550 597 495 546 463 566 480 478 488 466 409 508 434 424 415 434 363 391 349 374 370 333 308 369 304 270 311 347 258 294 306 279 253 242 233 308 240 198 232 256 202 208 199 199 180 180 168 188 163 170 168 193 170 146 140 154 151 127 123 117 130 138 130 116 113 124 103 116 118 94 93 106 120 98 91 101 102 99 62 87 94 85 56 75 66 72 67 64 64 59 62 56 53 55 46 64 53 51 36 47 40 50 41 33 41 48 33 38 40 48 35 43 42 33 30 48 36 40 25 24 51 36 30 32 35 31 28 28 22 30 20 31 26 19 18 18 18 25 19 26 18 27 15 17 9 17 17 21 10 13 17 15 12 17 7 13 13 12 5 10 8 12 12 11 4 12 10 10 9 7 9 7 10 8 1 7 7 7 5 6 3 7 7 3 5 6 3 6 3 4 4 3 4 2 4 3 1 3 3 4 3 2 3 2 3 2 4 3 3 1 1 2 1 1 1 2 2 2 1 1 3 1 1 1 1
346 1807 4877 11036 23010 40646 70644 114282 180060 258089 369034 506318 684466 899604 1179247 1498155 1990051 2532073 3233355 3922042 4993443 6487218 7608666 9111028 11614163 13607237 17174888 19460847 24239085 29609463 35255127 40323128 49610803 56322047 64400157 73053330 90745856 107780305 124603978 133880088 164238026 195928538 221427517 240716591 295298522 324086344 407758704 420489337 501682929 592182385 661391171 703000798 869034175 959058739 1113936644 1213228381 1391525269 1595784790 1750305862 2081982344 2227545125 2573737011 2785010577 3061524306 3640633822 3929579688 4567162391 4880805146 5746241328 6229242272 6894337692 7704507078 8858137373 9113890013 11379876700 11826378755 13956910316 15090067909 17845720770 17305789970 22415732985 21065645911 25995184368 27782376845 31835044789 32178725432 41737512429 35788820982 48388343012 45032343063 58675575096 60622912333 73535412764 66488606818 94218853649 86647483159 95039961067 107121503787 132820105046 126012888073 144943256729 147145489334 183129734480 167536562611 211674490215 193875605851 285229590052 260971226420 284631624297 338451141533 355308790379 351430432751 488789090883 467372137160 513699869435 549420092726 649311006393 598530157490 713639723536 732240121867 868241485951 929328271792 927518013310 970352010701 1316949121745 1132669317163 1097838279070 1456310339212 1907881728256 1563896068003 1835532130855 2218214550580 2303078571829 2101103586102 2362461942023 2477751295868 3802049480871 3101406406134 2768912930095 3654862666897 4515516126760 3940972557603 4444755521252 4856753732928 5614316205192 4800098609958 5910294051997 5644696647417 7433395410108 6521679193001 7752813187294 8474805032063 10913998047009 10074820229171 9950376998100 10300904075063 13506199706436 13347352693854 13582463558080 13937126270103 13639729203862 17147346319829 20650772777620 21014205854876 20383031568601 19250036937993 26333106329892 23112047068530 28120817909662 30906387883442 29648499921942 29572288957210 39650879302506 45611260710168 43489090101173 41854395035061 49645723722478 56478243681190 61949465021565 40921500551925 63466729990698 71333426587650 77737421498021 52164789544787 76969335539552 69680169616803 98377582966230 91208535685651 102376261284423 114847364243640 102598706039649 124032442425792 107165392569010 120818461337934 128829576349001 121316424391014 191164537662164 179115348329722 192007493897303 132743410906024 182573098385621 193270846197394 266864277702557 231775271628236 195269275074157 253999950832029 346106625419271 238436161751390 313562871189275 360043583971312 444365170674630 389505649303682 475155150842113 491786233732470 430757905123007 424835257924268 753035974893607 627407094872914 765325576203904 526113498418116 521284966146064 1252762983098841 899158416429384 928671894341373 982564286622415 1124012947624889 1164783112425192 1319094059859990 1121797865481414 963834433484470 1411344947482215 1000456727939112 1885064246698673 1610611616666160 1247905267016512 1245307142456034 1342831518358421 1472273814353883 2202133742966778 1958582385323301 2632648719503838 1984447506293096 3214811064440815 2044980760072142 2353856440923995 1374313552657011 2897984054180997 3158756057945476 4019483208866298 2272769654954724 2880219764932461 4145465185846113 4151079925929388 3445734981666278 5375416996287374 2322055303856730 4539581948343350 4957563137812191 4986359381896276 2560405023026776 4776438426047605 4238747375121109 6710284039173221 7239432419827033 7131875820909095 2891043814761488 8954579823643439 8335556202863493 8721859193415870 9468046652933190 7049929949571851 9700578345423517 8441484603004604 12933163106218386 10798507699601425 1520980492851175 11344744308874201 11960995640240589 12873091713538143 10059867513891884 12864796951880214 7086657436013133 17429201240903912 18938191691330908 8610732771406645 15800689335744985 19910611782245086 10957292508213159 23555532968936532 12658165585761285 17507283310975962 19150367296317138 15703113209261016 26949098593162226 11662756574046120 25946696508316352 20897550432587493 7479565078510584 23540061848396664 25861488826395075 37012331746894408 29792917177210503 20588303624952340 35973978116281034 26324435790115408 48719359607488989 34828360266294590 78723768587331199 64374288112058673 73950318452491470 26415807633566326 28305020340996003 60652363979685928 32488293351466654 34800954869440830 42748078035954696 91544717087156056 112313204225748578 128650749218229100 68834885946073850 78801255302666615 252902446908675357 90175434980549623 96450110192202760 126108517833796355 610898403751884101
4 5 6 7 8 9 10 11 12 13 14 15 16 17 18 19 20 21 22 23 24 25 26 27 28 29 30 31 32 33 34 35 36 37 38 39 40 41 42 43 45 46 47 49 53 54 57 61 62
18 37 59 37 45 53 66 57 42 36 42 19 13 12 14 17 8 5 15 12 11 7 9 1 6 6 7 2 2 3 3 3 2 5 5 1 1 2 3 2 2 2 1 2 2 2 2 2 1
26 66 141 112 228 383 728 855 1118 1274 2432 1263 1450 1825 2841 3465 2874 1906 8492 6490 9595 5548 13258 792 13957 14149 29462 5676 9738 18644 21131 25696 19557 61550 106510 17977 17977 52030 95304 74676 106348 142340 75175 211116 408452 816904 772310 1430440 1430440
