16 17 18 19 20 21 22 23 24 25 26 27 28 29 30 31 32 33 34 35 36 37 38 39 40 41 42 43 44 45 46 47 48 49 50
2 3 3 2 3 21 195 866 2141 3575 4006 3435 2804 2410 2391 2493 2611 2557 2241 1891 1711 1625 1612 1502 1711 2118 2862 3317 3059 2954 2877 2529 1452 445 70
2 3 3 2 3 23 234 1111 2708 4372 4740 3987 3266 2902 2917 3101 3210 3057 2704 2272 2069 1832 1735 1629 1882 2385 3276 3590 3204 3023 2997 2544 1452 445 70
2 11 44 4 42 256 84098 14369307 702725942 5136971943 9425515650 19934611157 15459450390 28148606101 13457676178 20696459038 10808628328 3658436054 1861317252 1905556093 5418325232 11703100683 652980688 298795669 1375969142 7385500646 14813633833 5696305106 17301486208 6760051595 14499969647 2678982987 123960415 2122329 2605




3 4 5 6 7 8 9 10 11 12 13 14 15 16 17 18 19 20 21 22 23 24 25 26 27 28 29 30 31 32 33 34 35 36 37 38 39 40 41 42 43 44 45 46 47 48 49 50 51 52 53 54 55 56 57 58 59 60 61 62 63 64 65 66 67 68 69 70 71 72 73 74 75 76 77 78 79 80 81 82 83 84 85 86 87 88 89 90 91 92 93 94 95 96 97 98 99 100 101 102 103 104 105 106 107 108 109 110 111 112 113 114 115 116 117 118 119 120 121 122 123 124 125 126 127 129 130 132 136 141
818 2093 2496 2566 2623 2420 2376 2401 2139 2082 2095 1880 1877 1874 1709 1695 1678 1498 1518 1537 1395 1338 1371 1210 1182 1267 1086 1055 1124 920 936 972 859 790 839 733 730 782 640 641 728 607 570 602 509 519 507 458 435 462 402 361 422 368 333 342 290 296 303 268 259 260 223 233 238 191 202 216 160 174 168 135 132 140 133 130 120 109 92 101 85 86 79 82 69 67 54 63 67 40 49 53 43 42 46 26 35 38 25 26 30 23 22 20 11 20 15 9 10 10 10 7 2 4 6 8 3 1 5 3 3 1 2 1 1 1 1 1 1 1
818 2093 3459 5441 9130 12987 19070 28675 36604 50141 70857 88040 117208 160398 193785 253590 330667 386090 500313 664026 761532 925271 1208326 1348722 1646968 2209850 2350980 2851083 3739212 3814774 4674953 6073250 6508960 7248536 9377399 9996293 11898909 15515174 15109268 18248461 24924017 24837561 27822239 35118479 35703502 42838952 49464190 53308086 59617072 75218228 76455642 81740461 111276330 114158304 120098741 145627972 144781114 172868032 205814885 212666960 237945476 277792918 277833746 336471570 396561984 372206818 450382358 558511191 476418743 599791630 667034573 617064039 695153484 841416374 918500603 1034799040 1088932726 1132280399 1098011476 1379832304 1319326548 1526293612 1602480649 1899593388 1818691776 2003094434 1833817528 2422175133 2944802431 1988061368 2775074477 3368042283 3093689357 3444427434 4252147577 2720936894 4134000640 5062775340 3737986194 4399976750 5717078760 4933065898 5307838338 5394995429 3352815015 6846514180 5764145040 3880344501 4835028440 5419462400 6071637460 4759322421 1522004312 3405506512 5712303990 8513155608 3566724744 1327710076 7410370715 4961005995 5533048680 2056148051 4582641824 2552338241 2841940500 3519222692 3913864295 4835271870 7346629512 12292341831



