21 22 33 34 45 46 57 58
831 5031 6381 31734 8533 34056 2620 10810
17418 383461 91824 430814 35422 135556 4605 19083
3165867061 322963737233 1470628278988997828 20109190303358422660 598411487344484994 2173065308054009267 75995647162193 314083339922106
21 22 33 34 45 46
65 454 34 182 1 1
169 2078 64 334 1 1
52120 18184550 839382 1571748 5 44
3 4 5 6 7 8 9 10 11 12 13 14 15 16 17 18 19 20 21 22 23 24 25 26 27 28 29 30 31 32 33 34 35 36 37 38 39 40 41 42 43 44 45 46 47 48 49 50 51 52 53 54 55 56 57 58 59 60 61 62 63 64 65 66 67 68 69 70 71 72 73 74 75 76 77 78 79 80 81 82 83 84 85 86 87 88 89 90 91 92 93 94 95 96 97 98 99 100 101 102 103 104 105 106 107 108 109 110 111 112 113 114 115 116 117 118 119 120 121 122 123 124 125 126 127 128 129 130 131 132 133 134 135 136 137 138 139 140 141 142 143 144 145 146 147 148 149 150 151 152 153 154 155 156 157 158 159 160 161 162 163 164 165 166 167 168 169 170 171 172 173 174 175 176 177 178 179 180 181 182 183 184 185 186 187 188 189 190 191 192 193 194 195 196 197 198 199 200 201 202 203 204 205 206 207 208 209 210 211 212 213 214 215 216 217 218 219 220 221 222 223 224 225 226 227 228 229 230 231 232 233 234 235 236 237 238 239 240 241 242 243 244 245 246 247 248 249 250 251 252 253 254 255 256 257 258 259 260 261 262 263 264 265 266 267 268 269 270 271 272 273 274 275 276 277 278 279 280 281 282 283 284 285 286 287 288 289 290 291 292 293 294 295 296 297 298 299 300 301 302 303 304 305 306 307 308 309 310 311 312 313 314 315 316 317 318 319 320 321 322 323 324 325 326 327 328 329 330 331 333 334 335 336 337 338 339 341 342 343 344 345 346 348 349 351 353 354 355 357 359 361 362 364 365 368 370 373 378 381 382 386
364 1813 4188 8321 13538 17724 25432 27761 32954 31599 34765 29983 32271 28270 29416 26189 27564 23389 24967 21962 22891 20099 21962 18601 19878 17805 18380 16182 17386 14985 15971 14267 14729 13161 14057 12086 12965 11369 11952 10445 11410 9806 10420 9371 9540 8624 9189 8073 8493 7922 7762 7129 7383 6529 6886 6326 6440 5862 6226 5473 5603 5171 5230 4819 4992 4583 4626 4372 4178 4110 4141 3761 3770 3579 3490 3485 3459 3128 3129 3014 2889 2786 2926 2551 2679 2531 2447 2337 2478 2175 2275 2271 2107 1978 2103 1925 1973 1874 1847 1762 1796 1658 1644 1716 1529 1463 1538 1449 1474 1384 1364 1266 1387 1198 1164 1232 1166 1047 1140 1072 1022 1035 986 922 1090 951 847 895 869 820 868 801 820 811 747 754 765 644 692 728 616 636 672 626 590 597 531 505 566 473 468 495 506 450 497 430 436 405 416 389 438 361 340 374 346 295 355 330 313 306 283 252 276 272 204 288 254 249 219 223 198 220 210 213 208 222 175 200 184 161 173 177 169 189 159 150 168 142 122 130 143 125 125 109 122 104 103 106 105 103 75 101 94 78 86 84 80 82 83 66 61 54 59 67 70 58 49 58 71 55 49 51 69 61 46 52 56 50 42 53 60 59 33 43 33 34 31 29 27 26 36 27 28 26 21 23 30 35 15 34 25 23 23 20 19 17 24 25 18 18 13 18 17 12 16 15 17 15 10 13 14 12 13 10 12 13 6 9 10 12 8 6 6 4 5 28 11 7 24 9 7 3 5 9 6 5 5 4 2 5 4 3 4 8 4 5 5 2 2 4 5 2 2 3 2 3 3 2 4 8 6 6 2 6 4 2 4 1 2 3 2 2 1 1 1 2 1 1 1 1 1 1 1 1 1 1 1 1 1 1 1
364 1974 5888 15794 36715 70826 141472 240295 424474 615668 1017808 1333335 2036219 2660708 3889524 4802868 7029648 8136950 11467844 13568193 18874318 21086237 30329504 33338424 44791565 52149468 67928369 74138346 101870571 108486770 142921249 160148109 207617427 219609936 295492854 306838663 401896166 422935932 547329564 566196159 767737222 778074031 979175008 1041210901 1352045764 1355974890 1780372978 1824454857 2310907833 2484479369 3031507592 3059894916 3967600722 3877557965 4934693978 5254457736 6540643020 6453401530 8257446959 8477380954 9794962782 10220455551 12738861785 12986289395 15868728707 16814631796 19413975711 20720529384 23977782148 25251211729 30782701746 31760180950 35568241386 37777869900 43130829396 46717940278 54712957824 57420499411 62625006291 70710305841 78945066351 81753440413 97615156401 99541754774 114801630482 123868528328 137315172515 143409609465 172675229816 180737037740 200302438599 229561446717 237083205973 249511507394 298630173420 316243595360 357790158366 389226552385 427741744159 442933615526 522422372387 538533598395 566248747199 700813486966 718182706995 745549400578 879296446964 940742706395 1041929006696 1138537102858 1212228983487 1270416309201 1520887728117 1544738687663 1594933569371 1953738346282 2034175923862 2007850997069 2492331132373 2607177407776 2742766996361 3158643652218 3234860227953 3242220503670 4379681375417 4348081788478 4215579702986 4875804793605 5438119585994 5655090280927 6643979764381 7057309737987 7537092070654 8278364412232 8640168150036 9226555378817 10530210056181 9670362735636 11385205849714 13588118464568 12653598619237 14738279478800 17006861123269 17451687470850 17872300825858 19251982184881 20263398865960 20163909202365 25444710369710 23969571467552 24692810787084 29549363430371 34950483508914 32187978370956 39941533274712 39459124706807 40990063457665 41570801677440 49251254555388 48677461641656 62435330726626 58592152388833 55231945945606 70659013947601 74380365581156 64293963670662 86980336556440 91317575089078 87844962198274 99552914258308 102379061865377 100521283359331 120213468612077 130883791421842 100291443286515 160233418779298 157796704050689 161982820159960 160308829404085 185055540704195 164922339986144 205261016134750 211611699930541 245411679010108 253545323260081 300641879099930 242318559362491 308389872938738 315322185560266 299038854786515 350884952379006 388067616597442 395797816371641 465011694056336 443393084380780 477032209153068 575816634062815 524541257214134 479172508875959 568594681585241 667107977513557 646765132717476 680289520702672 665392129320740 806939596760723 737028984966744 772099787346092 871225134222835 946159078185712 1130001315570521 862180009481832 1118726004843997 1221269282520786 1102790943587691 1269729693443180 1452721989464325 1449365773542548 1614100100916302 1769688315863744 1584774145980005 1570829425318414 1549318782286177 1764561258228220 2077903766911572 2385747541276405 1960915966236191 1971985748863799 2503040751582862 3212168709149991 2716828395174839 2705495772368590 3003648283097503 3822549559698312 4345189594481892 3421285917988035 3929111855236505 4843615779718230 4508504668898324 4334723666161373 5697967849565136 7049360111051291 7849638200287358 4688355093080495 6284047776924878 5197974539192965 5950772121793517 5662072238854948 5960730479420246 5696622346589018 6186515437039147 8564845973317927 7719406876132439 7897668459858483 8215264617035646 7142943777174599 8635640840240817 12503147468757826 16202770150455336 6569724684456552 16502390751621319 13634480865418907 13487970989358696 14295132563424845 13144860523509942 13701098953140178 14310874651262260 18198561717129039 22081290580556376 17985111890320218 18725870520981585 14950412320906478 20775518236808107 20897297810125746 17619305603651954 22325941554031714 25661020355118530 28199925755531393 25434300786098251 18437799560592797 28756937208739094 31387190084163330 28757544383718919 31436083279274983 30683351674050213 33824761254480520 39533335760400867 20385504071920638 34740380592120570 38165256313220744 57017174830535619 34091371058226669 28218873550118910 29594561352114092 22103349145605487 34988269722138360 179392324333296599 75665999551920655 52356955549574088 192175277932200504 75813722807619270 63506407234548060 29115027721530604 62491269715002358 111242577397127980 71114280291154707 88563525762090972 70593313326400025 58523230808274398 32479573071659326 98613112812295610 73428645031948387 58706341824754254 82951045599859672 200832417426848249 96950325107978807 126781933719624122 141525101704980015 58631202330838967 64976586702933308 132265834923840792 181425127069125891 77193971303748068 85496156071909392 177040873159065448 94778002178815903 153929732092895157 168469806338622867 116261951952540833 253081473667010194 579589499063249734 457363629493550862 500305333483792210 180350869961099246 578700661153216560 412605865286941300 220615720850585544 496275045047503037 126108517833796355 288235873055747664 462130792138728090 329274958331522088 351887119620845506 200882556287683159 214618299743286299 244904537455382406 558726656967404304 298330063062758076 318555973788329084 363117512048110005 413766180933342362 471314064268398780 502957566506000020 572612058898037559 610898403751884101 741433159884081684 843250788562528427 1022141228367345362 1406207446561484054 1701169427975813525 1812356499739472950 2332821198543892336
3 4 5 6 7 8 9 10 11 12 13 14 15 16 17 18 19 20 21 22 23 24 25 26 27 28 29 30 31 32 33 34 35 36 37 38 39 40 41 42 43 44 45 46 47 48 49 50 51 52 53 54 56 57 58 59 60 61 62 72
3 19 43 133 86 185 134 259 142 200 123 185 111 125 79 107 66 81 40 66 31 52 20 38 30 31 12 21 10 28 9 19 8 16 9 18 9 14 4 14 2 11 6 6 3 6 2 5 2 3 1 4 3 1 3 1 2 4 1 1
3 22 60 325 277 978 952 3338 2284 5596 3897 11921 7712 16385 11132 23772 18120 33782 18897 42386 21854 44734 20222 62404 65376 74783 33693 90241 40690 175788 52664 159028 113343 230183 135691 264224 170084 427990 137007 674340 113580 653584 450862 757313 222783 492528 208924 729496 239484 646289 173525 1138269 1368224 329931 1335488 772310 978099 2571417 715220 3554345
