10 22 34 35 46 47
251 848 950 11 202 2
4204 3498 1368 20 210 2
67171 884829 186512 404 5395 4
10 22 34 35 46 47
251 848 950 11 202 2
4204 3498 1368 20 210 2
67171 884829 186512 404 5395 4
3 4 5 6 7 8 9 10 11 12 13 14 15 16 17 18 19 20 21 22 23 24 25 26 27 28 29 30 31 32 33 34 35 36 38 39 42 44 45
49 204 521 873 1105 1143 1103 972 872 705 390 277 189 176 124 113 79 91 46 34 43 58 19 16 22 21 12 6 8 7 5 3 7 1 2 3 1 1 1
49 233 827 1872 3645 5863 8730 11676 15710 19618 17101 17634 16591 23485 18384 22070 20018 32882 21113 25623 32004 63965 21249 25974 39086 66985 39600 32488 45698 48669 27774 23654 70310 10143 36930 147720 31185 44583 53174
3 4 5 6 7 8 9 10 11 12 13 14 15 16 17 18 19 20 21 22 23 24 25 26 27 28 29 30 31 32 33 34 35 36 38 39 42 44 45
49 204 521 873 1105 1143 1103 972 872 705 390 277 189 176 124 113 79 91 46 34 43 58 19 16 22 21 12 6 8 7 5 3 7 1 2 3 1 1 1
49 233 827 1872 3645 5863 8730 11676 15710 19618 17101 17634 16591 23485 18384 22070 20018 32882 21113 25623 32004 63965 21249 25974 39086 66985 39600 32488 45698 48669 27774 23654 70310 10143 36930 147720 31185 44583 53174
