21 32 33 44 45 56 57 68 69
4705 1873 32641 3740 38956 1309 15596 128 1045
375871 23375 547429 17316 171990 2839 33492 145 1173
25227415472 2355827833858590 11616884105476666421 12164116593003129 6515672762609007936 5891700174500314 58682269093601300 5316623 36321776
21 32 33 44 45
734 24 488 2 34
5981 38 960 5 50
237298852 24707 42789701 3230 10143
3 4 5 6 7 8 9 10 11 12 13 14 15 16 17 18 19 20 21 22 23 24 25 26 27 28 29 30 31 32 33 34 35 36 37 38 39 40 41 42 43 44 45 46 47 48 49 50 51 52 53 54 55 56 57 58 59 60 61 62 63 64 65 66 67 68 69 70 71 72 73 74 75 76 77 78 79 80 81 82 83 84 85 86 87 88 89 90 91 92 93 94 95 96 97 98 99 100 101 102 103 104 105 106 107 108 109 110 111 112 113 114 115 116 117 118 119 120 121 122 123 124 125 126 127 128 129 130 131 132 133 134 135 136 137 138 139 140 141 142 143 144 145 146 147 148 149 150 151 152 153 154 155 156 157 158 159 160 161 162 163 164 165 166 167 168 169 170 171 172 173 174 175 176 177 178 179 180 181 182 183 184 185 186 187 188 189 190 191 192 193 194 195 196 197 198 199 200 201 202 203 204 205 206 207 208 209 210 211 212 213 214 215 216 217 218 219 220 221 222 223 224 225 226 227 228 229 230 231 232 233 234 235 236 237 238 239 240 241 242 243 244 245 246 247 248 249 250 251 252 253 254 255 256 257 258 259 260 261 262 263 264 265 266 267 268 269 270 271 272 273 274 275 276 277 278 279 280 281 282 283 284 285 286 287 288 289 290 291 292 293 294 295 296 297 298 299 300 301 302 303 304 305 306 307 308 309 310 311 312 313 315 316 317 318 319 320 321 322 323 324 325 326 327 328 329 330 331 332 333 334 337 339 340 342 343 346 349 352 353 354 355 357 358 360 361 362 363 365 370 375
263 1144 3700 7114 13890 18548 28272 29899 39523 36947 43010 36019 40456 33433 36425 29585 33247 26100 29853 23806 26738 21731 24576 19408 22365 17447 19971 16015 18564 14817 16895 13418 15482 12044 14146 11142 12896 10487 11671 9364 10902 8458 10213 8028 9533 7309 8757 6717 8379 6482 7776 6017 7126 5562 6667 5179 6201 4825 5882 4649 5566 4156 5099 3916 4887 3699 4591 3521 4391 3204 4250 3139 4012 2997 3787 2794 3538 2644 3363 2539 3237 2365 3023 2319 2961 2141 2690 2043 2596 1939 2488 1855 2379 1741 2304 1665 2150 1674 1988 1544 1976 1456 1739 1401 1703 1379 1659 1310 1567 1162 1435 1116 1447 1143 1365 1059 1246 954 1223 949 1167 954 1062 804 1045 788 969 777 950 714 891 699 813 632 784 594 716 546 699 582 693 525 657 483 662 456 597 468 567 421 561 398 480 410 538 395 509 360 448 312 459 337 432 303 398 263 336 261 356 276 356 228 286 254 305 203 263 251 248 181 246 182 244 183 251 172 192 167 206 137 202 132 179 140 204 122 167 147 144 120 137 112 150 115 118 110 107 79 112 83 118 75 110 71 101 69 84 87 87 62 100 65 79 50 62 50 54 37 67 50 74 32 63 40 55 32 43 32 55 26 49 29 49 31 46 27 27 29 27 23 54 18 31 28 40 19 34 22 38 32 32 13 33 8 28 18 18 17 24 15 26 24 18 21 23 7 12 12 14 10 12 11 12 13 4 10 14 8 9 7 7 4 9 4 5 10 3 1 11 3 5 4 6 2 7 4 8 1 5 5 16 3 7 2 3 9 2 3 5 7 1 10 1 3 3 2 3 3 1 5 2 2 3 3 1 2 3 4 2 2 2 1 1 1 2 3 1 3 2 1 1
263 1232 5102 13026 35680 68613 153493 245147 489526 679076 1234603 1515409 2556376 3054381 4889935 5389442 8750669 9127463 14356929 14930983 22980260 23405230 36406301 35838463 54310814 53029377 79975054 76681263 118069204 113058031 164586467 159424554 232697538 213575335 319526264 295677794 428927803 411828154 570704607 528544285 787463792 689648375 1031457441 934711135 1383880351 1209001675 1807929797 1563883645 2340980530 2085887388 3043999297 2669960590 3871916218 3420424888 4845274456 4305506991 6163887483 5327018253 7906492433 7019388591 9909722510 8432744928 12071527746 10360301282 15674419208 13256017076 18906472751 16347961035 23838766021 19687538252 30379771252 24973095261 36721813479 32180856498 47780075174 37909057418 57938191154 47949186627 69167680021 59365472315 87923143290 71336202150 106376410456 90344294176 133434809956 107748926150 160501129888 129113572632 194826784705 158644378378 233454499029 189294767223 290961005804 232639968194 369497232582 278710246788 415065827365 354333956097 494717418847 416492469387 604827552696 506429225948 679857185169 604676542000 812928953543 724590450555 1029995559228 863402446070 1164993703207 971742616217 1351079383565 1141709886281 1760151555223 1448871720116 2053807997790 1692250125514 2332108550422 1850726960868 2829052638572 2376089384915 3189330686538 2858981118339 3789347836594 3063964974391 4495930148539 3639868140553 5227237508670 4557355068235 6189632078198 4858505394495 7066714167721 6112280821619 7922304100141 6408051253026 9562841173658 7657646689400 10490393581923 8336147188376 12099947456988 11202998071410 14613946433161 12199639446811 17632159780959 13457475477236 20224854614692 15448729232467 24289416188793 19363337484093 26052414331370 20715946956016 31819481381936 24101510834510 33170827356402 29046511517516 46448914472096 33585966148229 52443883536528 37829864330633 53576287586125 39914063400513 67730501848146 49475410769976 77311203828220 56416559685696 85502959976560 54472604083772 87600638156950 69399279549535 103698329412789 87969999137005 127126700977728 85633078272216 127315534305968 117227217756835 157187357884258 110107196437226 168757615005144 158757201131565 184534479741185 140083718785075 219371977650055 161748530884661 270193723723258 196896619078435 295393452400708 220860615065148 284365469299029 254647489182789 348439108363157 263973231586281 412830501231986 285389423271060 429881767996507 353983305496820 635657759547407 372284155567667 607736730325680 539842564567410 562952402987186 496438345437076 644411735929892 525309904035553 878868771553056 704789028808688 739945967702678 816819453140182 925800493422786 640137304896189 994333391769635 867218641141859 1335909475644976 931380228953603 1476102712166224 947463599629553 1473219153339677 1084834405416191 1410543331136870 1649562978256980 1814904828516978 1253100713062967 2465477461185386 1963960781259625 2208359883573325 1500857999373303 2144843656121778 1659908627799948 1991971961281233 1767223048643260 3233147339594182 2545476628281446 4164495669725598 1690842724068086 3875894419718547 2576093949009901 3986580463935759 2695259048944898 4006079108012976 2860975679266373 5444058401799665 3128309731089900 5625505517808095 3317976052388595 6716294172056152 4837730750992527 6747680198368123 4567906316640717 4985812939120839 5919698977032830 6402032446461372 5102420434797069 14060644014291116 4691203936768954 8565936486065373 8752177012961291 13512262289473240 6336750569774640 13348840410269935 8732514228304456 17863162196179761 15256785623472059 16644458085778014 6948717918158620 19315575747874851 4797247495351020 19645038703873538 12850544247562928 16550691035550896 14217408909331503 23298994987066497 14901533186510069 29448645921894004 28126900666325926 22377079697687260 30773099124354746 32215188510245864 10105708811569600 21225908716280080 25559285249818349 26864937127904631 21170680794372758 26573530923971775 26860206615703531 29597763857008441 34183907231605096 10945628751070323 30068073621791298 48621774874660503 27962613247393528 34512825477149691 27481455130425954 33504438324031323 22717106297019244 44935341548093520 21714727523408554 28948505840042845 67778133438001384 20418374415470750 6965850144195831 92508197474289288 24090745154829120 43735068038583702 47621193594977808 62491269715002358 22092873310370943 81716146427569450 49969871952746099 110079967011573137 15142952738857194 80102098882175846 98613112812295610 283656114796168996 62933618837282727 150206672261470237 49300212301660980 77481721417963142 247188332239245319 56610040681992006 95302768692776272 164754128275307446 258447389529929292 39919565526999991 413338217814773435 42748078035954696 147016930905713625 153929732092895157 112313204225748578 176367301792207377 188756099057895644 64325374609114550 358629635477698717 147306575723700678 180350869961099246 323767187172320869 330923581275878316 126108517833796355 278937117151175352 516524598786606550 858473198973145196 523157814702288250 558726656967404304 596660126125516152 318555973788329084 363117512048110005 387632532919029223 883245963858716874 1413942192805196340 502957566506000020 1610037210932073363 1221796807503768202 843250788562528427 1161537834849962850
3 4 5 6 7 8 9 10 11 12 13 14 15 16 17 18 19 20 21 22 23 24 25 26 27 28 29 30 31 32 33 34 35 36 37 38 39 40 41 42 43 44 45 46 47 48 49 50 51 52 53 54 55 56 57 58 59 60 61 62 64 65 66 68 69 70 76 77 78 81 82 84 85
4 55 51 250 155 509 330 636 303 626 271 492 224 426 207 311 153 219 141 204 108 180 89 146 70 122 58 95 47 54 33 55 30 52 25 37 13 43 19 21 7 17 14 13 6 10 6 7 5 8 9 4 3 6 4 8 2 11 1 1 6 1 2 2 2 2 2 1 2 1 3 3 1
4 63 74 567 427 2716 2242 7863 4446 17823 9436 32110 15838 50817 31124 79025 39700 91935 68758 163679 84871 256047 116438 326810 135518 385595 184343 555737 247792 516240 294903 637033 370187 1039496 446226 969703 296895 1625287 699644 1102001 445623 1233712 1182227 1291489 559076 1270495 902057 2363796 1021474 2185012 2659156 1645939 896933 2550009 1544620 4047470 1053646 8475431 715220 2107292 10751201 1300156 2600312 6966520 4647040 4647040 10785566 10785566 28358000 12132164 36396492 81190231 20506255
