13 25 37 49 61
604 12446 46098 31582 9266
26240 642600 416157 103240 12528
4735653 8820138610550352 16248342620460327371 802736076838571083 2251103000726
13 25 37
127 580 110
1646 1802 157
169036 23025654 342667
3 4 5 6 7 8 9 10 11 12 13 14 15 16 17 18 19 20 21 22 23 24 25 26 27 28 29 30 31 32 33 34 35 36 37 38 39 40 41 42 43 44 45 46 47 48 49 50 51 52 53 54 55 56 57 58 59 60 61 62 63 64 65 66 67 68 69 70 71 72 73 74 75 76 77 78 79 80 81 82 83 84 85 86 87 88 89 90 91 92 93 94 95 96 97 98 99 100 101 102 103 104 105 106 107 108 109 110 111 112 113 114 115 116 117 118 119 120 121 122 123 124 125 126 127 128 129 130 131 132 133 134 135 136 137 138 139 140 141 142 143 144 145 146 147 148 149 150 151 152 153 154 155 156 157 158 159 160 161 162 163 164 165 166 167 168 169 170 171 172 173 174 175 176 177 178 179 180 181 182 183 184 185 186 187 188 189 190 191 192 193 194 195 196 197 198 199 200 201 202 203 204 205 206 207 208 209 210 211 212 213 214 215 216 217 218 219 220 221 222 223 224 225 226 227 228 229 230 231 232 233 234 235 236 237 238 239 240 241 242 243 244 245 246 247 248 249 250 251 252 253 254 255 256 257 258 259 260 261 262 263 264 265 266 267 268 269 270 271 272 273 274 275 276 277 278 279 280 281 282 283 284 285 286 287 288 289 290 291 292 293 294 295 296 297 298 299 300 301 302 303 304 305 306 307 308 309 310 311 312 313 314 315 316 317 318 319 320 321 322 323 324 325 326 328 329 330 331 332 333 334 335 336 338 339 340 341 343 344 345 346 349 350 351 352 354 357 360 362 365 368 370 376 381 383
387 1752 4358 9031 14994 21258 26327 30100 32083 32980 32521 31521 30724 29754 28037 26507 25956 23901 23507 22319 21630 20890 20701 19345 19015 18489 17710 17170 17151 16238 15997 15185 14665 14357 14221 13233 13210 12851 12398 11825 12003 11262 11170 10538 10313 10281 9932 9335 9443 9260 8827 8376 8414 8249 8055 7610 7294 7165 7199 6733 6485 6462 6078 5995 5945 5822 5572 5501 5136 5274 5030 4851 4720 4737 4458 4347 4427 4189 4075 4053 3816 3682 3674 3525 3422 3508 3155 3149 3127 3098 2958 2893 2710 2825 2705 2531 2538 2486 2338 2250 2262 2177 2090 2155 1981 1965 1921 1802 1893 1878 1532 1649 1699 1541 1500 1538 1447 1535 1376 1303 1284 1391 1154 1175 1296 1141 1124 1097 1011 1062 1011 934 991 989 840 911 869 841 817 817 767 819 757 705 693 680 614 624 671 641 582 569 502 533 487 492 464 498 405 435 391 419 403 382 364 398 341 313 342 310 308 277 302 285 274 255 242 228 227 236 234 235 213 208 211 208 173 186 179 197 159 161 156 150 156 147 147 163 141 152 125 123 117 120 91 125 91 83 80 82 79 80 75 79 75 73 68 68 70 58 70 64 42 54 60 43 50 51 56 41 39 32 41 42 40 39 43 26 37 25 26 21 30 24 26 30 26 25 23 27 26 32 22 12 22 19 19 18 15 17 21 16 20 12 18 8 14 12 18 15 11 13 8 7 11 9 7 11 11 8 5 7 5 13 10 8 12 11 2 4 10 5 7 8 5 5 7 1 7 6 7 6 6 3 5 4 6 10 3 4 8 5 4 2 3 2 1 8 3 3 3 1 7 2 1 2 1 1 2 1 2 1 1 1 1 3 1 1 1 2 1 1 1 1 1 1 1 2 1 2 2 1 1 1 1
387 1874 6153 16904 39545 81784 148719 266076 428451 666460 993745 1440962 2034288 2836447 3770737 4935750 6620484 8255279 10704017 13512408 17354573 21283887 27360202 33203842 41109662 50100110 62346056 74925833 93905026 110635621 134895868 159822031 193262690 224773136 276739183 315592159 381422468 443079585 533557621 601115860 736278973 818566545 981670729 1110767174 1330907524 1506574682 1769607246 1981086144 2391551717 2697108650 3169539082 3389574998 4021507636 4637744093 5365251974 5820126990 6695520583 7416282620 8772554348 9643576467 10943408094 12250605636 13716986564 15627317851 17583171539 20131609675 22184602269 25095576291 27819555405 31390273888 35312775494 39460559446 43112427025 48421809033 54092866112 59077510997 68733027184 75287393060 83490772802 93015980075 103512794415 109446603908 125258308838 133362272278 150442512188 168288186461 182457060839 203408503758 226631864732 247869264839 273831105190 295439297654 325038660184 375297373400 407936860456 425542064236 483709366580 524320475866 583001681189 620960665573 688975420590 743995293066 809307286411 920535238219 965589188427 1066926271161 1165132868269 1192951634086 1452421537870 1545050085320 1436994889060 1776488979948 1971262330254 2030048371239 2166512754910 2522667039502 2758287145592 3154480483095 3194211664387 3348202505003 3618954809296 4236183412161 4042076751955 4677834879833 5618056229647 5484405120921 5971341181761 6254317032728 6525120373384 7761606900188 8205254064726 8527791668610 9815932224670 10274957904744 10311041829816 12310913272560 12398411642532 13598215619802 15126353504227 15840899935837 17258456660839 20299052475875 20817673470264 21466931134745 21278859751290 24091054553205 24707406624545 28401056037452 30409689390268 34203072608707 35024432118252 35896275740623 34438760104201 42465086239265 41115563120727 46707423525393 47102113125738 54876181703271 51693658166305 62080309921262 54902101472443 69875167255090 77011209785752 72808182825941 80479426319765 97290703499498 84503446596667 88004790894166 105155954852725 100398049808197 112992105136570 114777868600860 132355415837515 142427081472289 140531979158945 149204209847420 152334747989772 159592027613855 179120387312675 189965021748815 204703888086632 229105444544098 232490626226879 265559929924220 271581584020874 302798762338250 303183427122244 313335271845297 315875115954207 388737668531648 343686457130913 384197360008371 410819773075645 396933363303167 459498904241353 496499570409294 506199725506314 647813344913219 629727520004640 655985291112439 594035672794169 662896296519294 737292058308810 783899898630854 609742301151535 866005893524684 704228632370379 756788464876249 748764537772871 803421999061962 913353269660295 1014113792997990 976749878245044 1023756830714551 1109138786161624 1170622222089042 1212246842194019 1391703100243295 1431372064401406 1311431693513526 1646152057546284 1791803822188466 1313776638683832 1646270352684195 2239982293447180 1403703729925819 1916277057176250 2162639016831751 2498281769997328 1868267164284927 1973623042638716 1885038971587634 2395925710379095 3161168149343320 2647578773391771 2872636436623219 3551321530607858 2422321550528436 3633121916813640 2696880849170248 3182833124834349 2580283746344911 3830031586340939 3591582125893778 3830815761253475 5413997797534021 4746790793582381 5178637274379380 4895472074479360 6553620993058506 6091004719267351 8146970984040668 6763800611156391 3610602412760218 7278198608264920 6964534552387970 7778350953178060 9127237904959813 6509541166917978 8725144200993674 11083378822990335 8285406053338995 11904526639559055 7767733223687866 14187442144962452 7531867845552476 11018237023454151 10984355614406393 17313421630932648 16510682385615432 13060240125929039 17300761710984800 11585982240899717 8541703659042641 15238151923836245 14250792906053205 11344744308874201 18760140445029469 23849619323484702 15903797652099303 10669010640197698 18398454661736103 14709515206150227 34567748418608770 29183241328913530 27556408511463205 43456253721314721 42300089088346956 7578352997560475 16584087747250707 44083072875753696 24022405352789222 35553598448430940 49052447738767713 29782048220332665 37579314027523809 47802598975137331 7479565078510584 54009005468871456 49952233981224195 63506407234548060 66805248924104911 82353214499809360 34306626233466312 60512414154739964 64025089723632042 81842641681013127 149380947241417562 47622525810516520 68482326935271548 163014162030591000 100087133812884725 85832384149411564 44458102692840228 72300218957148317 52831615267132652 26415807633566326 238567132621049790 97464880054399962 104402864608322490 111823217330244231 37274405776748077 293579521233773462 91544717087156056 52462044228828641 112313204225748578 60105349839666544 64325374609114550 137669771892147700 68834885946073850 157602510605333230 84300815636225119 90175434980549623 103151466321735325 110307860425292772 353848474638341916 126108517833796355 144117936527873832 154043597379576030 329274958331522088 175943559810422753 214618299743286299 229272286871217150 244904537455382406 261578907351144125 298330063062758076 363117512048110005 883245963858716874 502957566506000020 1221796807503768202 1482866319768163368 843250788562528427 1238057794119125085 1701169427975813525 1930656072350465812
3 4 5 6 7 8 9 10 11 12 13 14 15 16 17 18 19 20 21 22 23 24 25 26 27 28 29 30 31 32 33 34 35 36 37 38 39 40 41 42 43 44 45 46 47 48 49 50 51 52 54 56 57 58 59 66 67 70
7 42 46 122 117 223 201 354 222 352 232 325 182 227 140 138 76 96 59 68 32 42 26 38 20 29 15 19 11 16 13 14 6 8 4 8 10 6 7 6 1 4 3 3 3 3 3 5 3 2 3 2 2 2 2 1 2 2
7 49 78 307 380 1181 1381 4356 3212 9924 8115 21697 13995 33303 24560 37114 24221 48688 42792 53447 24294 51178 33097 68269 37531 77714 41154 89496 60855 121550 95271 156179 57164 167737 89436 126506 217082 165797 196822 236303 52030 213254 179880 426554 179696 408178 469394 616924 778768 294546 793318 521532 949333 902552 978099 3865868 4105811 5359378
