25 37 49 61 73
3316 29532 39877 21174 6094
404270 772924 258957 67475 7548
40234900111971338 50360887466292434229 4319553314507820025 284817663091305508 311218174771
25 37 49
414 600 100
3644 1495 128
34198945 12029085 237915
3 4 5 6 7 8 9 10 11 12 13 14 15 16 17 18 19 20 21 22 23 24 25 26 27 28 29 30 31 32 33 34 35 36 37 38 39 40 41 42 43 44 45 46 47 48 49 50 51 52 53 54 55 56 57 58 59 60 61 62 63 64 65 66 67 68 69 70 71 72 73 74 75 76 77 78 79 80 81 82 83 84 85 86 87 88 89 90 91 92 93 94 95 96 97 98 99 100 101 102 103 104 105 106 107 108 109 110 111 112 113 114 115 116 117 118 119 120 121 122 123 124 125 126 127 128 129 130 131 132 133 134 135 136 137 138 139 140 141 142 143 144 145 146 147 148 149 150 151 152 153 154 155 156 157 158 159 160 161 162 163 164 165 166 167 168 169 170 171 172 173 174 175 176 177 178 179 180 181 182 183 184 185 186 187 188 189 190 191 192 193 194 195 196 197 198 199 200 201 202 203 204 205 206 207 208 209 210 211 212 213 214 215 216 217 218 219 220 221 222 223 224 225 226 227 228 229 230 231 232 233 234 235 236 237 238 239 240 241 242 243 244 245 246 247 248 249 250 251 252 253 254 255 256 257 258 259 260 261 262 263 264 265 266 267 268 269 270 271 272 273 274 275 276 277 278 279 280 281 282 283 284 285 286 287 288 289 290 291 292 293 294 295 296 297 298 299 300 301 302 303 304 305 306 307 308 309 310 311 312 313 314 315 316 317 318 319 320 321 322 323 324 325 326 327 328 329 330 331 333 334 336 337 338 339 340 341 342 343 344 346 347 349 351 352 353 355 356 357 358 360 361 363 364 365 367 369 370 371 373 374 376 379 384 387 390
279 1405 3869 8155 15018 21471 28642 34535 36811 36956 38905 37448 35576 35122 34148 32106 32135 30373 28787 28917 27546 25466 26247 25500 23631 23728 23155 21385 21268 20461 19701 19833 19183 18057 18211 17562 16453 16237 16237 15142 15243 14623 13840 14061 13593 12590 13129 12594 11862 12111 11651 11014 11003 10523 10163 10131 10158 9361 9454 9273 8508 8692 8488 8090 8153 7935 7295 7497 7444 6755 7156 6843 6395 6544 6199 5892 6047 5669 5447 5504 5482 5157 5032 5021 4627 4631 4718 4271 4435 4349 3994 4021 4036 3677 3755 3686 3586 3586 3280 3208 3283 3180 2904 2986 2911 2684 2776 2606 2421 2465 2437 2269 2362 2381 2093 2082 2116 1874 1915 1908 1836 1913 1770 1672 1658 1596 1487 1454 1501 1444 1438 1396 1273 1205 1208 1166 1193 1132 1074 1067 1047 917 1005 949 1016 951 888 813 843 810 739 750 981 832 654 619 621 587 533 563 557 597 519 494 495 450 483 449 419 425 423 386 382 401 389 348 436 325 319 369 306 296 286 291 292 283 250 261 260 272 276 248 224 247 219 174 201 188 163 189 180 159 189 160 161 143 149 121 129 158 134 119 116 82 129 101 116 120 115 103 89 115 89 94 110 79 102 83 69 81 72 64 84 83 63 55 63 59 60 62 49 60 60 53 59 45 50 45 43 39 48 39 37 36 27 22 42 44 29 35 29 26 33 29 52 28 30 25 28 37 28 25 47 25 26 14 14 26 17 18 28 17 19 17 11 14 13 11 12 5 10 12 9 11 7 6 11 10 8 11 15 18 7 7 30 5 9 5 4 6 5 3 3 10 7 3 5 8 5 5 5 3 4 2 5 3 1 1 6 1 2 1 2 1 4 1 3 2 3 2 1 1 3 2 1 1 4 1 2 1 2 2 1 3 1 1 2 1 2 1 1 2 13 1 1 1
279 1537 5479 15231 38987 81204 155253 285906 462139 718952 1125838 1607430 2267947 3271418 4376046 5847092 8060940 10268394 13011363 17618463 21634087 26771256 35233293 44105175 52749094 68312415 81572183 95554414 122083440 144179344 170707658 215478762 253050016 295097740 363662581 421645572 487272323 593915275 700020049 797817366 985025690 1116411034 1260905368 1554839601 1762428548 2003389159 2434710974 2728656052 3076602392 3800426896 4158039364 4596459709 5526461095 6154104226 6916322162 8151374395 9295976633 10133460388 12216178533 13621624477 14758115966 18209532603 19572707120 21426098580 25899183494 28341881211 29890588315 37018408618 40607599830 43428570592 52670018424 55839276301 62185823572 75616031367 76111751610 84430828587 102747325862 107288052545 116725177293 139271378297 148254635819 166620468726 182381962788 201932987617 218795533267 259631832486 278538139055 291505737062 358611992783 387327921474 384892861722 473523595749 508882773510 534262148383 635541249488 661189608022 731892093621 881242160841 852596746931 965512664309 1138172139992 1176034159579 1202579409878 1497294740090 1503115735336 1583621882127 1875548199611 1888818572396 1977838700474 2453022012664 2545181891088 2602227710742 3180163760092 3383944460858 3343629013679 4004270003288 4180934859898 4344954856045 4904825105806 5200585364619 5660796703407 6902906259819 6715383629977 7100190646017 8116723746321 8278447797261 8443097465034 9881261683830 10468302870646 11318454155685 13018578846750 13929129486516 13453803773530 14847885259298 15465396574607 16699626913704 20558471865105 19785834890837 21646846207328 25390381186125 24567576122215 25426553958201 29733509283749 30598927145942 35626770170955 39243158127642 37523275989810 39846107749844 46270947910940 47757587096534 45432038625512 52270776663541 71687132292808 64789778680920 59361518955350 62111638825075 66931771182310 70920397105756 67136803958408 81911855686862 93715269065896 100040864575191 99764036773064 104878760784166 106592736031113 112287957425865 140833069107454 129208854694883 141283768771604 149435272024223 163931488676921 167618336571583 182137971041288 211359906383305 215776184719327 209260178966585 285348403137650 232467428285445 259530997117040 327109788321620 293875508845711 287935235072309 304509661571085 357016371458767 377618602719270 407862163740767 385284661146519 438713313077539 466629344521884 574846292247505 637665261877885 612317171356836 585871775796726 696888447693164 709770315097337 583837102197409 756935763468132 710413560532198 665817581598915 920634691478412 898102913971550 916517991495247 1148141616846087 1028352467993272 1152051148882827 1098145981262409 1195652034169716 1090402061158672 1176037887498194 1690753694913995 1595041589559874 1464225714975742 1528171688218987 1225977216127975 1898279926104945 1688732279365901 2331796235466864 2461816549083798 2369496798838729 2383507823921721 2207575423716776 3183505373472067 2752999700840797 3079625652220356 3726278660706512 3076571498151906 4893030653209031 3888255542625934 3256725168874264 3963679440371030 4443680860744722 3973499231907798 5859138972279923 5727431212077135 4739071698283520 4295791864897829 5909119901314300 5686135001948653 6087086388157197 7146774304474616 5398923005780484 8411666943438553 8977801316258827 7511394610876201 9622479542653907 7635598552873016 9036394097238652 9065261131285028 11190593984303278 9655919200032060 12712117898012627 11867834982247643 11529098226161177 11945318345086953 11295194870390072 8871051533618513 19439532639486732 21367829004697987 16864190180468750 20580256383086334 15157232281495476 15585081169009777 21368565495944484 18842860119730965 41631227757416828 23922695890050521 26969625850623267 22077019155623524 25299373060402956 36888755649638485 31252877280168497 29682720124219725 74085974578232698 32935357076193921 41969203622385881 25459624826404060 22838955039192438 44991527903360613 33529796262159196 42032885933880182 65247755214410509 48198227896098927 53053522476730356 46915044479421286 30516126290427474 42251057481110980 57012386181628618 54158699405443600 45743609310781219 24435932070229551 59471896923397593 60972000227138706 55404083687600864 74111015438775964 41056183172181852 37132403782540236 88160171788962088 78679211323413153 84477949089346248 94235211139593290 143621220358767593 211702498076078032 80174137979373346 89149704086757037 367242864635476589 76294307742861507 150523065466968550 72641893473554403 64959146143318652 102136293604248506 89585516998642613 76031891661378037 62933618837282727 242206698883419585 185650152739241849 102131827568793632 166051696631116664 260808668015504910 158117244034085890 164754128275307446 181425127069125891 114468377080496145 170992312143818784 91544717087156056 241794933084529528 157386132686485923 56156602112874289 60105349839666544 385952247654687300 68834885946073850 157602510605333230 90175434980549623 192900220384405520 103151466321735325 441231441701171088 117949491546113972 378325553501389065 269638361246603040 432353809583621496 308087194759152060 175943559810422753 188008647052292980 643854899229858897 489809074910764812 261578907351144125 279363328483702152 1274223895153316336 340122810048577428 726235024096220010 387632532919029223 883245963858716874 942628128536797560 536679070310691121 1717836176694112677 610898403751884101 695143713458946040 1581476239298822638 843250788562528427 1798350696792176698 1022141228367345362 1089657644424399782 2476115588238250170 19480223666677554053 2056513475336633805 2484305294265418180 2998964447736452194
3 4 5 6 7 8 9 10 11 12 13 14 15 16 17 18 19 20 21 22 23 24 25 26 27 28 29 30 31 32 33 34 35 36 37 38 39 40 41 42 43 44 45 46 47 48 49 50 51 52 55 56 58 59 60 61 62 65 66 74 79
3 29 34 165 122 388 208 466 221 479 186 328 168 324 143 253 123 245 90 168 73 139 60 103 45 94 38 63 34 46 33 46 19 53 25 31 17 27 23 34 13 23 11 9 9 13 11 3 4 9 5 1 1 2 1 1 1 1 1 1 1
3 33 57 429 355 1952 1252 5824 3192 12685 6075 20873 11405 39983 19379 61289 31294 101994 42014 130817 51408 153386 67558 207127 88862 285369 97882 345338 162435 318079 218785 480887 188828 738611 405574 699006 404243 861971 721358 1883186 673027 1857925 687130 906795 1045966 1675846 1577717 742066 614297 1995363 1481260 816904 386155 837431 902552 614154 715220 1300156 1300156 8175936 9289091
