17 29 41 53 65 77
1690 14237 39660 26283 17312 813
787209 1288726 574748 144810 38101 813
6056022994 1549981503353253695 26263545331442047353 2504881994381708456 12967592212264585 4253409
17 29 41 53
563 1005 349 18
25300 4284 636 20
264180618 177779835 9226839 3249
3 4 5 6 7 8 9 10 11 12 13 14 15 16 17 18 19 20 21 22 23 24 25 26 27 28 29 30 31 32 33 34 35 36 37 38 39 40 41 42 43 44 45 46 47 48 49 50 51 52 53 54 55 56 57 58 59 60 61 62 63 64 65 66 67 68 69 70 71 72 73 74 75 76 77 78 79 80 81 82 83 84 85 86 87 88 89 90 91 92 93 94 95 96 97 98 99 100 101 102 103 104 105 106 107 108 109 110 111 112 113 114 115 116 117 118 119 120 121 122 123 124 125 126 127 128 129 130 131 132 133 134 135 136 137 138 139 140 141 142 143 144 145 146 147 148 149 150 151 152 153 154 155 156 157 158 159 160 161 162 163 164 165 166 167 168 169 170 171 172 173 174 175 176 177 178 179 180 181 182 183 184 185 186 187 188 189 190 191 192 193 194 195 196 197 198 199 200 201 202 203 204 205 206 207 208 209 210 211 212 213 214 215 216 217 218 219 220 221 222 223 224 225 226 227 228 229 230 231 232 233 234 235 236 237 238 239 240 241 242 243 244 245 246 247 248 249 250 251 252 253 254 255 256 257 258 259 260 261 262 263 264 265 266 267 268 269 270 271 272 273 274 275 276 277 278 279 280 281 282 283 284 285 286 287 288 289 290 291 292 293 294 295 296 297 298 299 300 301 302 303 304 305 306 307 308 309 310 311 312 313 314 315 316 317 318 319 320 321 322 323 324 325 326 327 328 329 330 331 332 334 335 338 341 342 343 344 346 348 349 350 351 352 353 355 356 358 362 365 366 370 373 374 376 377 382 386 388
264 1425 4303 10704 19831 33324 46942 57399 67562 88240 88991 93035 117249 110897 105128 97069 91298 84209 77868 72612 68445 62184 59049 54116 51777 47568 45289 41998 40081 36901 35660 33001 31962 29210 28748 26795 26559 24572 24131 22025 22510 20720 20795 19173 19096 17851 18036 16512 17166 15824 15726 14581 14659 14019 14323 13232 13613 12509 12813 11862 11976 11577 11438 10460 10933 10024 10259 9475 9634 9237 9307 8390 8882 8136 8261 7791 7871 7155 7416 6997 6952 6357 6696 6112 6484 6109 5981 5654 5777 5347 5655 5372 5209 4905 5068 4546 4768 4424 4321 4255 4330 3987 4023 3816 3776 3535 3603 3429 3403 3297 3276 3093 3178 2862 2930 2830 2685 2723 2693 2462 2526 2350 2352 2155 2275 2183 2211 2032 1922 1870 1924 1737 1773 1813 1700 1726 1577 1532 1489 1539 1479 1400 1464 1305 1310 1307 1201 1125 1145 1102 1069 996 1020 918 1006 956 917 895 867 842 856 797 767 721 727 695 771 658 678 689 654 589 610 557 589 536 534 493 485 436 503 458 532 440 472 445 413 392 369 366 425 321 355 329 333 310 335 295 289 265 265 224 223 225 232 225 217 224 214 230 195 177 164 161 187 167 170 156 151 149 144 143 152 127 132 136 136 103 128 96 106 126 118 89 127 85 79 74 97 67 83 71 71 55 64 64 71 45 59 51 46 53 56 35 51 37 50 38 39 41 40 28 45 23 53 35 37 19 22 22 35 24 28 15 28 23 14 20 32 19 24 15 18 19 17 17 24 11 14 11 15 8 13 8 15 14 8 6 9 4 5 5 9 9 7 10 7 11 10 5 6 5 6 4 4 4 4 4 1 3 3 1 4 4 2 1 4 1 2 2 2 2 4 2 2 1 3 1 2 2 1 1 2 1 3 1 4 1 2 1 2 3 1 1 1 1 1 1
264 1573 6021 19893 50053 119778 236803 451028 780783 1481373 2183610 3611766 6525536 8884003 12788822 17395587 23853493 31399155 40498436 51930409 65949267 80504462 100348885 120272115 149131970 178470185 215049090 252924732 302747583 349122618 411151633 473187313 560490992 631241299 747440173 847810626 995738570 1112420002 1288116335 1402673967 1688997668 1878854894 2172537017 2417764856 2834719074 3002992624 3589404288 3909751290 4620626798 5044386515 5992848078 6533603522 7621525398 8670795756 10204392029 11382136434 13581352133 14288847802 17098244534 18423160792 21668609239 24429247269 27974170345 29283981354 35913103522 37829600857 44474214504 47525626219 56008672443 59864158533 71594328290 73015380186 88395249454 92340083420 109314510643 114344367327 137069447669 139892653427 166738162117 177692883495 207109646637 205871269522 257266330485 257515446321 315390199514 325900391832 385251737491 395196540680 470413449321 478952261031 580952866438 619781663451 694817625884 707230140744 862603065975 851560698868 1041269249655 1041309553948 1187623310204 1274726213182 1464858363816 1489872704268 1744260188864 1850665006599 2103795387830 2100521975400 2485603608254 2577379105572 2903702920191 3078469727283 3528361865621 3619564271762 4301979287701 4286171579417 5035752306032 5235377839202 5611513505247 6019629265796 6842659448825 6907410214726 8133507524385 8153390060935 9226618090795 9230549500590 11042500532738 11569912105855 13292863014050 13527005351816 14379025675824 15073989721595 17467796277185 17449040817270 19499589406684 21395742780280 23260644411995 26288620099616 26821294040721 26987803812677 30499671467823 34698708139794 37763648539603 36799438092336 43638191589265 42681912484285 47385153713560 51149291427902 53264141091494 55830479542476 61564979921083 62030569835183 67805783294290 69510044346039 80024177114860 79923080984925 93483292796833 98133453068518 103899993283079 109953105957417 113781070350443 127540150569291 144892440448544 137650750887762 153522230230154 154469039533804 176656801322959 173654136739046 217403163936237 199631422558010 215184558706420 253828431324486 298975367734253 261720300407640 297166046474160 289134322166618 330830302406414 343712365265987 380513673359291 366102662782261 415645881094600 396924377498360 498438346155985 466512586608069 605359405316140 557765472083747 655273729147305 623766172732499 659654884046742 723267199422664 742460310077359 774383495143496 970619514479707 789751250669047 960984810267692 981285161017271 1127176324105477 1173707462500629 1276472357264753 1208764509710922 1253405772053863 1320787209995282 1476514548893207 1278622759923823 1501794980634500 1638970059409133 1820474481366012 1852621368714344 1730473505329677 2258467411314084 2279340829411228 2707768407097568 2445474708655167 2342481489173023 2425049999082466 2589157491944024 3087592841969331 3222900354320309 3085486667758121 3300292604576124 3368550071417303 4113837862740056 3833227490281870 3969770836516215 4725068620712895 4847521338543648 4827109526388543 5561394497976303 5878784324967588 5319047444585100 6653867766413071 5491312124913651 6400729777222361 9037589013759789 8846512568312705 6855886323624161 9756746152767453 7434713508313715 7013593819325694 7614453124759939 10757062814477170 7900444174005671 10763487825581172 9734400316399287 9821315250699642 9044974139009194 11321079669496272 11014293880739286 13680698216175736 8727452740800513 12214371685408590 12155920625323748 11949864465337257 16527898997857895 18154202407684978 10717249332748665 17678047571516103 13541834608545808 20734274913697861 17514661447528170 21475858803616548 20960994333665473 24112858628193743 16908083629194487 28851591892774214 17190343059918803 39956843439502414 27456785262208165 29781570060223179 18558246056406587 23108137130362758 26067227425719397 38066140153064418 30065213618173182 41580419244884370 25612027766995613 48342107724523192 45454580594187810 26860741879357338 37145327498898644 72383632650747067 55040263317952640 63372588531066825 40046396860346381 49976369552560697 59427886836147939 57858994142783007 57388122597197639 81564912612688932 47346130702223550 54823751543733973 52210853567753178 81513433361274441 46018101128151256 88157210364620660 54286818808521385 86040124707786692 92384099211367017 54289273102216419 43336245668119245 68968135625892624 41921985596281155 54253324297824458 47621193594977808 93736904572503537 131779029016952393 95652716329613637 130729179074748801 95004859576070831 163499609906697567 161301031561324161 117201686542760537 109514313464696046 116066745186531927 125867237674565454 90458116003814902 95300225612635654 102131827568793632 135857463582690984 121304727959371856 32488293351466654 134578496441814968 109349766422936984 39919565526999991 170992312143818784 183089434174312112 140550360722393931 49005643635237875 220931850567451508 60105349839666544 124430724448781094 137669771892147700 157602510605333230 168601631272450238 412605865286941300 252217035667592710 269638361246603040 144117936527873832 462130792138728090 175943559810422753 401765112575366318 429236599486572598 229272286871217150 244904537455382406 523157814702288250 279363328483702152 955667921364987252 340122810048577428 1550530131676116892 502957566506000020 1221796807503768202 651688879997206959 1686501577125056854 3066423685102036086 1089657644424399782 1238057794119125085 1319510599727473500 1812356499739472950 2332821198543892336 2645418340688763701
3 4 5 6 7 8 9 10 11 12 13 14 15 16 17 18 19 20 21 22 23 24 25 26 27 28 29 30 31 32 33 34 35 36 37 38 39 40 41 42 43 44 45 46 47 48 49 50 51 52 53 54 55 56 57 58 59 60 61 62 63 64 65 66 68 69 70 71 72 73 74 79 88
5 56 63 424 380 1271 991 2593 1595 2558 1456 2744 1380 2064 1257 1773 806 1256 668 1045 513 779 404 613 294 409 239 367 157 283 162 203 99 145 84 145 45 121 54 58 29 70 45 65 8 68 37 14 14 30 26 29 8 41 22 6 4 23 13 25 5 31 16 1 11 7 11 3 11 5 1 1 1
5 70 95 974 1013 5745 5215 26372 19377 64104 39233 156633 90157 256697 173879 455973 230324 637406 324166 937103 477582 1069100 567649 1417195 733886 1480838 778414 2153150 981580 2326860 1399961 3097877 1580349 2413155 1570861 3334570 1554466 4067502 1764704 3418912 2022797 4151535 2673531 6511301 1126087 7301536 4095140 3316608 2429186 4797576 3997795 7914926 2607758 14684560 6766240 3226272 2457598 11339163 8276068 27182069 5858834 43803932 18892707 2600312 17784976 10774624 48147756 10718756 54205175 23013975 8175936 14179000 26543660
