1 2 3 4 5 6 7 11 12 13 14 15 16 17 18 19 23 24 25 26 27 28 29 30 31 37 38 39 40 41 42 43
1 4 6 16 17 15 15 11 26 40 98 101 144 152 202 169 13 30 68 276 259 249 219 197 140 1 12 10 9 4 2 3
1 12 23 29 33 34 33 14 37 57 169 168 259 247 388 286 15 38 82 305 284 266 232 207 146 1 12 11 9 5 2 3
2 47 84 117 149 147 97 52 113 184 728 1194 2608 4792 132247 17986 226 4059 13260 30833 83876 156060 26242 30172 37644 1 7065 607 1082 3025 8 4
1 2 3 4 5 6 7 11 12 13 14 15 16 17 18 19 23 24 25 26 27 28 29 30 31 37 38 39 40 41 42 43
1 4 6 16 17 15 15 11 26 40 98 101 144 152 202 169 13 30 68 276 259 249 219 197 140 1 12 10 9 4 2 3
1 12 23 29 33 34 33 14 37 57 169 168 259 247 388 286 15 38 82 305 284 266 232 207 146 1 12 11 9 5 2 3
2 47 84 117 149 147 97 52 113 184 728 1194 2608 4792 132247 17986 226 4059 13260 30833 83876 156060 26242 30172 37644 1 7065 607 1082 3025 8 4
3 4 5 6 7 8 9 10 11 12 13 14 15 16 17 18 19 20 21 22 23 24 25 26 27 28 29 30 31 32 33 34 35 36 37 38 50
42 154 330 425 499 459 331 222 164 152 105 84 73 57 42 39 42 26 29 15 23 18 11 8 8 11 6 6 2 3 4 6 3 1 1 6 1
42 162 476 869 1605 2152 2452 2406 2888 3671 3817 4096 4960 5580 4946 6870 9560 8183 11660 6409 13997 13734 12654 11432 12818 24956 11748 20254 6728 12001 21377 40864 22033 10143 10143 102271 124754
3 4 5 6 7 8 9 10 11 12 13 14 15 16 17 18 19 20 21 22 23 24 25 26 27 28 29 30 31 32 33 34 35 36 37 38 50
42 154 330 425 499 459 331 222 164 152 105 84 73 57 42 39 42 26 29 15 23 18 11 8 8 11 6 6 2 3 4 6 3 1 1 6 1
42 162 476 869 1605 2152 2452 2406 2888 3671 3817 4096 4960 5580 4946 6870 9560 8183 11660 6409 13997 13734 12654 11432 12818 24956 11748 20254 6728 12001 21377 40864 22033 10143 10143 102271 124754
