29 41 53 65 77
12942 38733 28869 18292 1159
1105178 617387 163193 42716 1184
1444194676983359365 19250357410798224776 3265077399578606510 20781050417305872 25476409
29 41 53
990 378 26
4346 725 31
273849212 10085516 241118
3 4 5 6 7 8 9 10 11 12 13 14 15 16 17 18 19 20 21 22 23 24 25 26 27 28 29 30 31 32 33 34 35 36 37 38 39 40 41 42 43 44 45 46 47 48 49 50 51 52 53 54 55 56 57 58 59 60 61 62 63 64 65 66 67 68 69 70 71 72 73 74 75 76 77 78 79 80 81 82 83 84 85 86 87 88 89 90 91 92 93 94 95 96 97 98 99 100 101 102 103 104 105 106 107 108 109 110 111 112 113 114 115 116 117 118 119 120 121 122 123 124 125 126 127 128 129 130 131 132 133 134 135 136 137 138 139 140 141 142 143 144 145 146 147 148 149 150 151 152 153 154 155 156 157 158 159 160 161 162 163 164 165 166 167 168 169 170 171 172 173 174 175 176 177 178 179 180 181 182 183 184 185 186 187 188 189 190 191 192 193 194 195 196 197 198 199 200 201 202 203 204 205 206 207 208 209 210 211 212 213 214 215 216 217 218 219 220 221 222 223 224 225 226 227 228 229 230 231 232 233 234 235 236 237 238 239 240 241 242 243 244 245 246 247 248 249 250 251 252 253 254 255 256 257 258 259 260 261 262 263 264 265 266 267 268 269 270 271 272 273 274 275 276 277 278 279 280 281 282 283 284 285 286 287 288 289 290 291 292 293 294 295 296 297 298 299 300 301 302 303 304 305 306 307 308 309 310 311 312 313 314 315 316 317 318 319 320 321 322 323 324 325 326 327 328 329 330 332 334 335 336 337 338 339 340 341 342 343 344 345 346 347 350 352 353 355 356 357 358 361 371 376 377
449 1580 4169 10023 16915 26192 36147 42856 47200 48445 47321 48824 46195 45088 43889 42448 40209 40089 37926 37051 35920 35933 33437 33472 31850 30723 29557 29428 27575 28160 26534 25326 24868 24376 22659 23183 21952 21784 21272 20380 19266 19605 18371 18023 17612 17793 16824 16668 15732 15261 14698 14965 13835 14041 13515 12899 12319 12434 11570 11785 11321 11069 10843 10555 10023 10018 9407 9338 9017 9083 8630 8388 8190 7827 7583 7522 7166 7271 6984 6638 6277 6355 6094 6136 5852 5566 5425 5401 5005 4980 4708 4713 4629 4526 4376 4244 4122 4090 3782 3820 3625 3665 3486 3336 3179 3106 3122 2970 3015 2793 2844 2626 2574 2458 2428 2332 2391 2322 2319 2092 2019 1962 2015 1951 1944 1834 1813 1780 1650 1623 1550 1521 1558 1508 1358 1333 1377 1349 1271 1269 1260 1261 1210 1127 1114 1081 1034 1067 983 960 982 855 879 828 801 751 794 760 727 740 680 636 673 621 622 669 604 546 571 533 524 549 536 448 497 467 504 433 404 463 515 397 369 398 376 339 370 427 338 386 292 336 323 280 287 308 305 278 245 226 304 257 207 215 234 206 209 221 170 186 176 177 167 175 133 162 153 159 122 153 139 133 114 125 130 103 90 108 107 93 87 92 86 71 78 88 76 67 58 73 70 65 63 64 66 52 41 54 41 45 44 58 35 46 41 43 44 40 31 34 31 36 32 32 36 24 21 30 25 19 20 30 23 17 14 22 22 20 19 24 22 17 18 21 10 14 12 21 13 17 8 18 13 8 15 41 10 11 4 5 6 7 12 8 7 7 11 10 3 14 12 6 8 6 5 10 1 1 3 2 5 1 3 3 2 4 5 1 1 4 1 1 1 4 1 1 1 1 1 2 2 1 4 2 2 26 2 2 2 1 1 1 1 1
449 1686 5788 18453 43427 97041 190154 348665 576819 908861 1355405 2098592 2885580 4076932 5664931 7652262 9996398 13545545 17189776 22732347 28717929 37660594 45249045 58913381 71677091 87594353 107879771 135631624 156489820 203629761 234260685 281203433 342215962 404146798 460528304 593291594 662719809 814015926 966758462 1129514321 1261420447 1545760283 1717508391 2079294192 2389914751 2857894140 3208190764 3888319955 4198285870 4842332898 5585450796 6755617423 7105739029 8848744152 9587784091 11041400762 12427807175 14304928004 15413882541 19259234878 20383052775 23689741619 26707388609 30608631829 32818246493 39035465134 41317707971 49083233286 53017878985 62278082044 66534115775 78361258971 84330693026 91459677874 104356106140 119337227372 123345667131 151768161193 161478895392 181186205780 189836883105 218939947533 234977134937 281440409040 284357758827 319992014183 354154356686 407209154313 412920255829 465767453062 491207616968 580816380670 623326176203 698139298873 749320681604 843765243991 866547566705 989778739241 1024402668027 1208435544355 1216861587741 1484330155159 1509131511693 1661575874598 1709208547304 1866696541102 2112974726553 2382620665460 2570253290561 2746317784488 3019663098092 3221874786245 3414651591897 3689819509806 4016463636201 4403831116656 4828190861665 5292454338704 5953368397782 6044424658016 6248418792783 6756458670046 7661201997241 8558064038957 8741184432819 9602593858504 10803188258548 11580026410643 12047156072379 12748058297765 12921074308412 14574996705176 16779618217157 18492387578512 18109865069574 19800053427435 22107996731446 24207621183405 24843334201954 27680821325568 29929624796784 32755785952859 35552202443640 36551821743352 40533926692463 41367706886080 44479990704677 52677345410012 49685063765504 56871189923886 63258297190921 59856109911274 65599734630551 68265887415811 74526230970138 76087767231478 85552717416912 91444855449132 95246402535011 107370954750355 107589674546832 112529204924622 128791534830596 130833182492595 139423496554224 165161522189954 163279338207797 170891196200364 190839377086629 184846055326292 208929543839256 241225868545155 246653265434028 232124430623898 285343699313435 288209854314532 349172066104347 313023933897978 324451821775275 418691408129860 506156440167687 426696908596527 428967778211854 519191330650435 474314260617994 471390333104925 623331925676783 776712638368714 619820631922925 792141319423610 635860309586810 841666933024787 855784252934714 807021365919119 926313293483965 1104648324034189 1041239945253600 1188521497215905 1114613233017424 1145026309169361 1519349036323974 1415751495649035 1256591130391187 1477128853818626 1665339773450155 1634371686116152 1716197646289940 2201753836958625 1713390607959609 2158415294494934 2084620864274108 2367374110831728 2414452451715200 2753573262298936 2282005122759435 3155878951171543 2782495993954950 3310575990323881 2887221354010795 4103703310504293 3674522163489916 3947601767363548 3693033405398173 4111909231493532 4916480007084203 4253833300089681 4041765530530281 5622249053979828 5339794241667561 5245982113115678 5267019825316493 5731199034360237 5500868161959710 5263224097625796 6094419832898042 7242330611596445 7175079912093318 6343722569593273 6363317050135413 8283822573347171 8348135131279211 9070164827650074 8844515718774588 9135852149964221 10675610500364569 9827527720303464 8359986104714538 11247468834773034 9364344031074330 10994589160009519 10833378134828552 16594983718631510 10951989494727481 14234357521406835 15198706603739886 16149478077313148 18277201168745995 18459373385574124 13255523673751894 17194388082424205 17519602847544637 20005008509874036 21051562740497947 24603172610154869 28062308134376202 20660272439691487 18322020462437631 25366362126420429 24492798767971395 21558204535173754 22733220705388797 39958605663571419 33035041793115170 25612027766995613 19996910932085636 38831289642351950 42295091212032809 38041385673149329 43637539098717606 55597358156988252 49930980636694346 48720471146160020 57599227322697791 59811728023151613 28359014887385450 49579996201713239 42743915286801393 75766235560046126 59532858678810324 71840464375200288 35014566621951924 87501949129401626 65510492813826620 47886582872176914 96841189333595015 255457724027945922 80715145627649514 77651781454783647 30468943620474792 41921985596281155 52355564314048727 76058331860828513 125708898270150054 98250613628759346 82549822368976811 89456525637919211 190966163922363963 161451029759543189 48719359607488989 237926553877473970 221543243262298230 137430110412085453 205936944724873234 131832397460386238 121600431258809297 279979675072814570 28305020340996003 30326181989842964 95302768692776272 67289248220907484 186372028883740385 37274405776748077 125415721598909383 137317075630734084 140550360722393931 251941019363370907 280783010564371445 56156602112874289 68834885946073850 368266439309251695 84300815636225119 90175434980549623 96450110192202760 412605865286941300 110307860425292772 110307860425292772 126108517833796355 134819180623301520 144117936527873832 308087194759152060 329274958331522088 175943559810422753 752034588209171920 458544573742434300 523157814702288250 7263446540576255952 637111947576658168 680245620097154856 726235024096220010 387632532919029223 471314064268398780 899175348396088349 1238057794119125085 1319510599727473500
3 4 5 6 7 8 9 10 11 12 13 14 15 16 17 18 19 20 21 22 23 24 25 26 27 28 29 30 31 32 33 34 35 36 37 38 39 40 41 42 43 44 45 46 47 48 49 50 51 52 53 54 55 56 58 59 60 61 62 64 66 67 68 74 76 80 82 91
5 46 43 185 130 360 184 480 209 402 181 345 136 264 136 247 129 171 87 159 69 131 48 111 53 86 40 74 33 53 27 52 25 28 16 45 16 39 16 29 10 29 17 12 6 9 6 19 6 15 6 3 5 12 12 3 3 1 4 8 4 2 5 5 4 3 2 1
5 57 67 468 387 2010 1319 6339 3371 11015 6758 22213 10229 34701 20553 59559 38110 70090 42041 124254 62348 164920 67045 211564 118691 257237 134607 345735 209940 372222 195614 625336 343728 471367 219276 1195684 393895 2079068 525121 1755745 526167 1619529 1283147 965170 507729 1177642 970363 2890470 1602616 5820605 1729460 791219 2052041 5428494 11023089 1609741 1825956 1053646 3373968 9688608 9101092 5611310 10449780 29225013 43142264 27867273 48528656 44108109
