20 32 44 56 68
3090 15741 43170 24381 13610
283608 861311 471629 114130 24822
2976808315 32978269947325824516 14299361743293920555 1662280240887270300 1062957736099450
20 32 44 56
716 797 261 9
11725 2781 457 9
151067735 181125226 3367291 147
3 4 5 6 7 8 9 10 11 12 13 14 15 16 17 18 19 20 21 22 23 24 25 26 27 28 29 30 31 32 33 34 35 36 37 38 39 40 41 42 43 44 45 46 47 48 49 50 51 52 53 54 55 56 57 58 59 60 61 62 63 64 65 66 67 68 69 70 71 72 73 74 75 76 77 78 79 80 81 82 83 84 85 86 87 88 89 90 91 92 93 94 95 96 97 98 99 100 101 102 103 104 105 106 107 108 109 110 111 112 113 114 115 116 117 118 119 120 121 122 123 124 125 126 127 128 129 130 131 132 133 134 135 136 137 138 139 140 141 142 143 144 145 146 147 148 149 150 151 152 153 154 155 156 157 158 159 160 161 162 163 164 165 166 167 168 169 170 171 172 173 174 175 176 177 178 179 180 181 182 183 184 185 186 187 188 189 190 191 192 193 194 195 196 197 198 199 200 201 202 203 204 205 206 207 208 209 210 211 212 213 214 215 216 217 218 219 220 221 222 223 224 225 226 227 228 229 230 231 232 233 234 235 236 237 238 239 240 241 242 243 244 245 246 247 248 249 250 251 252 253 254 255 256 257 258 259 260 261 262 263 264 265 266 267 268 269 270 271 272 273 274 275 276 277 278 279 280 281 282 283 284 285 286 287 288 289 290 291 292 293 294 295 296 297 298 299 300 301 302 303 304 305 306 307 308 309 310 311 312 313 314 315 316 317 318 319 320 321 322 323 324 325 326 327 328 329 330 331 332 333 334 335 336 337 338 339 340 341 342 343 344 345 346 347 348 350 352 353 355 356 358 359 363 364 365 368 369 371 372 373 374 382 383 385 389 392 398
248 1501 4370 9687 16810 25427 34554 41104 49368 51473 55808 54789 56172 51328 51637 45600 46118 41029 41115 36798 36338 32907 33118 29445 29949 26778 27381 23899 25164 22481 23155 20626 21032 18507 19574 17218 18156 16319 16643 14928 16088 14117 15050 13435 13939 12577 13381 11709 12358 11102 11682 10540 11032 10037 10511 9341 9607 8624 9376 8189 8966 7924 8178 7307 7983 7159 7642 6763 7181 6493 6809 6115 6420 5880 6128 5440 5872 5298 5531 4923 5210 4623 4986 4366 4763 4166 4369 3993 4228 3828 4108 3548 3702 3562 3771 3265 3492 3094 3290 2973 3096 2892 3017 2675 2728 2529 2679 2429 2480 2327 2526 2135 2203 2113 2228 1912 2136 1941 2028 1886 1935 1736 1733 1696 1656 1627 1585 1409 1530 1406 1461 1405 1397 1301 1310 1191 1266 1151 1214 1090 1157 1087 1036 1066 1002 985 952 945 979 997 853 829 837 783 726 758 752 673 768 677 667 651 593 589 656 591 605 595 529 558 547 460 473 529 487 436 442 401 389 427 412 427 379 359 361 357 332 327 329 369 317 328 280 325 297 257 288 343 225 256 225 233 212 257 201 218 196 197 211 208 147 191 172 180 153 151 134 161 148 134 138 151 123 120 122 122 121 124 104 105 116 100 97 92 87 94 99 83 99 79 76 74 75 61 78 80 72 66 68 60 73 66 56 101 68 51 59 51 52 39 41 49 56 39 41 46 43 23 44 37 28 48 36 40 33 32 34 25 33 25 32 25 24 23 27 24 23 27 19 15 17 21 12 26 15 19 20 11 7 18 14 11 12 15 10 9 7 12 19 8 10 17 10 12 5 5 19 12 12 12 8 4 3 11 4 8 10 4 8 6 5 8 4 5 7 6 4 2 6 2 5 6 1 5 2 4 3 2 3 2 2 1 1 1 1 1 2 1 1 1 1 1 1 1 1 1 1 1
248 1661 6074 18199 43047 96925 186938 345121 604779 976018 1543733 2344784 3464877 4787477 6919343 8744692 12447740 15421563 20520800 25295126 32666557 39250389 50778911 59319283 75573787 88339567 111834154 124199413 160955852 180450432 227507895 253882763 320070034 341965203 434764466 471811975 575953189 644475883 794402887 849644187 1108630270 1169679075 1447221689 1578642184 1938904448 2061940889 2599895653 2669587154 3366594657 3589800162 4378061643 4623168666 5673837445 6076235166 7295454872 7878026520 9443843933 9665567593 12178946652 12610737426 15366918838 16416133849 19298564512 20386070009 25760003907 26629707745 31753768677 33224190767 40310148182 41542452597 50501406563 51685544155 61742052341 65382847171 77736720103 80741802590 98818133308 100398402534 118071157719 121760252804 149556319261 149992252785 184232688853 181832070183 219733507145 217178379701 264833351669 269339584228 326657899921 339929407812 404660870578 394447494681 458065948650 497728602925 591779054566 590367491945 709773036968 694031569768 831247608714 861536769273 990558654003 1027000175989 1222080651550 1238382299006 1387749930805 1443953569588 1720238242893 1738455520375 1945742456211 2049707631897 2528411161354 2374299598541 2773141897741 2989906767657 3443389946568 3302976042149 4132859770656 4127178141855 4813875627362 5012732001185 5509465649615 5754508882915 6394257378577 6717480483897 7720581351056 7873619489742 8734910646186 8473451382358 10748800245348 10560607117149 12141989000714 12754539868342 14146741403874 14497776180948 17031219778834 16502580878877 19822204010886 19682968167597 23402244934115 22444932069922 26274882000023 27236101233254 28977943763050 32466938806172 34296981069652 35702454407318 39448473331246 40633935833794 47126697310711 52206147799469 52561015047095 55048136671099 59498438544212 62357952155492 63482883561385 72319392286378 79606132928007 77072692857848 99363678116295 95469138416345 104959406958586 109512611196229 111318970602011 118134056006887 140959343793366 138908596937268 168174293382824 168481019331470 171122962313343 192506024733889 218038565604470 196125325734779 207198842664235 257523184547776 277598896713526 261237761641120 292757893516397 275711527394488 327104734679910 359545411491260 388580853316479 418086839793924 442551038974789 431433575144454 481444619646879 515477854566181 546203224184069 557104171639321 596413244609242 773073243525387 693311250853011 779578123674472 701263937781771 917639749669872 886838994254480 859953037061834 1034701588201098 1236699259386948 964354689739591 1189305717793568 1101252133460351 1328514131146457 1227404246804506 1624520430082405 1355595166262150 1656984618547319 1518435828018557 1679886685923565 1911987045029747 2312320726737999 1560637908311632 2338515352585789 2121533966141573 2511449127175158 2257002039291568 2656516686472019 2385882794354704 3297815671822078 3072007911369050 3183125136054151 3320266936154814 4141240221560553 3275474359789908 3991359487660365 4304586131673473 4684730117419330 5007901162074262 5730098375617704 4755930453302230 5552157499120713 6441281828502885 5812928221725524 6306551405425336 6821788079980460 6715275055108782 7468251073276048 8485169217763492 8547542398397744 9559532019215145 8656275472148589 8984500739592429 10629000574376715 10772288144993960 8385080683909718 12592077193477444 14453467489907679 13474278067139786 13036637726840476 15263919590418720 14042354478551978 17793401062590796 18202681087334783 15556200591746019 28716832412399690 24551758647438123 20328291696885633 25538909395962972 23671986423573560 23750572640286693 20868350827728285 22873839077550698 28488256191969733 39165115321141152 26961442310553764 29608221227979810 37456282330019045 38388793153503392 18891712686704505 39904959014843937 37419794440592291 31312373825080308 57116661230458989 54669035208102708 55689567616940388 53000168968415348 55389026530324900 60595352419096535 48222995217163570 64034973513084246 57111017405875243 72112938937301089 68149682283992274 61349669833547627 63589750495111700 80709854612432838 73203963395780046 88171348706679704 100348665474699385 73670177377594154 66820576912037390 78510706763510274 101465413770932889 59238218871648964 175118552252883464 102965401919534461 135139495685857858 138136860737127820 92610911611804815 53458322162439000 159067446109659595 149078783327939733 112392774152043022 121350745229278026 164529233559872175 117690124543850484 163071833753296001 107210632700906234 188664065016526010 321292508906918481 147332472419784599 197842522296885590 354758277692406916 224513702212674233 308122897613612704 116650132772779838 151432039870454612 511346408574908579 347744890687339880 407213034037700672 433911121158937382 320628946546889211 151742782857244222 122587209089954678 522049777954326348 196022574540951500 398957950269084532 539398673824469002 228575156178289411 485062823486780358 528131530883794300 348992831646145739 614966140098884092 320704581544224964 421504078181125595 668876096133766183 592103373412281690 419762259390498747 228257351971406744 740333054427413364 269638361246603040 701992170830224536 894484601722349586 164637479165761044 823187395828805220 363952206862715733 803530225150732636 673162873485720599 523157814702288250 838089985451106456 637111947576658168 680245620097154856 387632532919029223 413766180933342362 536679070310691121 572612058898037559 610898403751884101 1482866319768163368 790738119649411319 899175348396088349 958728697912338045 1022141228367345362 1089657644424399782 1812356499739472950 1930656072350465812 2190401332423765131 2816759503217942792 3398704041358160275 4937873096788191655
3 4 5 6 7 8 9 10 11 12 13 14 15 16 17 18 19 20 21 22 23 24 25 26 27 28 29 30 31 32 33 34 35 36 37 38 39 40 41 42 43 44 45 46 47 48 49 50 51 52 53 54 55 56 57 58 59 60 62 63 64 66 67 68 70 74 75 79 81 84 87 91 92
16 107 99 423 273 947 465 1399 596 1583 553 1401 467 1014 368 728 289 686 202 510 199 397 144 342 121 274 67 189 51 159 52 121 45 97 27 94 22 77 21 45 16 37 12 55 6 28 7 17 6 14 2 21 3 14 2 4 3 9 11 4 6 4 4 4 4 1 1 2 1 1 1 1 1
16 141 150 1092 835 4675 3003 16438 8634 43753 18544 87938 35371 139747 55033 187594 86564 309131 101245 418066 194214 549495 230525 802107 300763 1084643 233388 1030363 279593 1223134 405509 1665083 603260 1651618 538509 2409509 556907 2743889 862661 2667174 766020 2277635 973714 5680645 644568 3969377 1367978 4797627 1135142 2867131 902052 7702260 1225356 6511813 844767 4505424 2071443 7738097 11187944 4542567 13340360 16798228 7825202 8211622 21983272 8175936 4697205 18578182 12132164 15796476 26543660 44108109 44108109
