2 3 4 5 6 7 8 9 10 11 12 13 14 15 16 17 18 19 20 21 22 23 24 25 26 27 28 29 30 31 32 33 34 35 36 37 38 39 40
4 4 10 12 13 11 13 13 8 11 17 13 18 17 32 20 25 33 36 49 53 47 51 66 72 68 76 53 42 39 45 52 42 41 36 24 14 10 2
6 4 11 18 15 12 17 13 10 13 20 14 22 19 41 24 29 44 47 63 69 55 59 78 84 76 84 55 44 40 47 55 45 41 36 24 14 10 2
11 10 19 32 37 18 28 22 17 26 32 20 48 67 319 119 426 2477 12125 8869 12414 8361 6228 15603 52288 12872 39751 34741 25687 53997 25562 25917 14044 6791 2178 1342 265 74 4
2 3 4 5 6 7 8 9 10 11 12 13 14 15 16 17 18 19 20 21 22 23 24 25 26 27 28 29 30 31 32 33 34 35 36 37 38 39 40
4 4 10 12 13 11 13 13 8 11 17 13 18 17 32 20 25 33 36 49 53 47 51 66 72 68 76 53 42 39 45 52 42 41 36 24 14 10 2
6 4 11 18 15 12 17 13 10 13 20 14 22 19 41 24 29 44 47 63 69 55 59 78 84 76 84 55 44 40 47 55 45 41 36 24 14 10 2
11 10 19 32 37 18 28 22 17 26 32 20 48 67 319 119 426 2477 12125 8869 12414 8361 6228 15603 52288 12872 39751 34741 25687 53997 25562 25917 14044 6791 2178 1342 265 74 4
3 4 5 6 7 8 9 10 11 12 13 14 15 16 17 18 19 20 21 22 23 24 25 26 27 28 29 30 32 34 36 38 40 42 44
23 167 165 213 106 137 59 80 36 67 27 40 18 39 18 23 9 28 11 18 6 16 5 8 3 11 3 6 6 3 3 2 2 1 1
23 171 242 482 365 802 531 1063 706 1841 1100 2012 1358 3764 2566 3955 2476 7909 4972 8905 4547 12342 6756 9787 7530 21155 10268 18060 27390 20526 30429 29766 43274 31185 44583
3 4 5 6 7 8 9 10 11 12 13 14 15 16 17 18 19 20 21 22 23 24 25 26 27 28 29 30 32 34 36 38 40 42 44
23 167 165 213 106 137 59 80 36 67 27 40 18 39 18 23 9 28 11 18 6 16 5 8 3 11 3 6 6 3 3 2 2 1 1
23 171 242 482 365 802 531 1063 706 1841 1100 2012 1358 3764 2566 3955 2476 7909 4972 8905 4547 12342 6756 9787 7530 21155 10268 18060 27390 20526 30429 29766 43274 31185 44583
