28 40 52 64 76
9307 37295 31986 19389 2019
1081448 655981 190518 47731 2115
63443285288931769198 17566792879364208141 2687336053057716810 36721262639396137 330534462
28 40 52
726 390 46
3847 791 54
105378340 6336808 19395
3 4 5 6 7 8 9 10 11 12 13 14 15 16 17 18 19 20 21 22 23 24 25 26 27 28 29 30 31 32 33 34 35 36 37 38 39 40 41 42 43 44 45 46 47 48 49 50 51 52 53 54 55 56 57 58 59 60 61 62 63 64 65 66 67 68 69 70 71 72 73 74 75 76 77 78 79 80 81 82 83 84 85 86 87 88 89 90 91 92 93 94 95 96 97 98 99 100 101 102 103 104 105 106 107 108 109 110 111 112 113 114 115 116 117 118 119 120 121 122 123 124 125 126 127 128 129 130 131 132 133 134 135 136 137 138 139 140 141 142 143 144 145 146 147 148 149 150 151 152 153 154 155 156 157 158 159 160 161 162 163 164 165 166 167 168 169 170 171 172 173 174 175 176 177 178 179 180 181 182 183 184 185 186 187 188 189 190 191 192 193 194 195 196 197 198 199 200 201 202 203 204 205 206 207 208 209 210 211 212 213 214 215 216 217 218 219 220 221 222 223 224 225 226 227 228 229 230 231 232 233 234 235 236 237 238 239 240 241 242 243 244 245 246 247 248 249 250 251 252 253 254 255 256 257 258 259 260 261 262 263 264 265 266 267 268 269 270 271 272 273 274 275 276 277 278 279 280 281 282 283 284 285 286 287 288 289 290 291 292 293 294 295 296 297 298 299 300 301 302 303 304 305 306 307 308 309 310 311 312 313 314 315 316 317 318 319 320 321 322 323 324 325 326 327 328 329 330 331 332 333 334 335 336 337 338 339 340 341 342 343 344 345 346 347 348 349 350 351 352 353 354 356 357 359 360 361 362 363 364 365 367 368 370 371 377 379 380 384 389 392 395
328 1525 4245 9344 17432 26823 34958 43367 47462 50368 50515 48595 48040 47247 44497 44083 41988 40609 39503 37928 36679 36354 35001 33282 32479 32212 29998 29557 28405 27965 26974 26647 24732 24982 23708 22545 22260 22340 20629 21011 20158 19663 19267 18541 17777 18067 17143 16660 15949 16238 15089 14724 14386 14226 13603 13510 12568 12706 11924 11731 11212 11499 10526 11052 10359 10258 9820 9693 8913 9354 8600 8745 8116 8347 7639 7738 7409 7491 6860 7132 6330 6666 6133 6144 5794 6077 5520 5667 5217 5301 5055 5059 4624 4882 4578 4611 4094 4267 3784 4070 3778 3932 3500 3696 3258 3424 3246 3232 2863 3192 2780 3096 2711 2801 2615 2632 2319 2545 2171 2396 2095 2314 1838 2140 1842 2009 1842 1928 1601 1798 1533 1646 1462 1556 1365 1556 1410 1395 1227 1468 1229 1406 1163 1269 1139 1144 1048 1176 1008 1089 965 1091 886 932 821 847 900 847 731 826 706 727 642 651 608 700 630 640 597 578 513 539 478 523 536 492 488 440 417 397 426 404 398 396 404 313 356 302 323 333 308 310 320 289 273 312 302 264 277 258 244 260 225 215 229 206 212 201 195 170 166 206 188 202 181 158 175 136 136 147 140 142 141 137 133 121 110 124 112 124 121 131 128 82 92 111 111 116 108 93 98 99 82 89 79 75 106 99 115 73 63 71 81 73 71 66 78 48 50 56 51 70 74 40 60 50 43 55 57 59 51 50 39 45 33 33 52 44 39 39 31 23 27 44 28 32 47 17 37 20 16 34 20 30 34 25 27 28 21 25 34 36 19 38 21 11 19 19 10 22 18 15 20 12 11 10 18 8 22 17 10 15 7 6 14 12 16 7 15 1 7 10 8 10 10 5 8 7 4 10 6 8 8 3 9 4 6 2 3 2 1 7 1 4 2 1 3 4 1 1 2 1 2 1 1 3 2 1 2 4 2 1
328 1656 5856 17326 45082 98317 187730 344955 581783 917309 1417074 2041862 2971523 4203600 5779506 7794299 10411268 13581950 17927318 22960193 29985668 37067062 48305904 58235990 73849025 91036897 109961329 133066153 164891375 198463537 240492453 289404658 347433959 411727465 489062200 565550478 675198119 819632163 957959444 1126568091 1351650712 1511680267 1821613309 2100009326 2475799599 2843720047 3340414098 3804043020 4370631791 5134423276 5841957444 6484542041 7730394129 8710276220 9860624055 11302037454 12765221023 14434168333 16359195781 18368695691 20789671141 23442139327 26722811382 31085989288 35316641082 39263666127 42506285678 49657031533 54430850577 61608786347 68197236784 75773589350 85452818392 96642352980 108110261797 118094787389 134167236812 152122053752 161570754195 188312057298 195872495110 218674129220 244072602121 274806547025 294713442890 340535067786 359275374927 414146084829 446445907466 491940902902 525744619670 590545209077 646687709818 730526157735 808235522267 886809114582 877584921285 1027465549038 1036449041452 1238783485634 1298373466368 1471650511148 1504878664687 1750422162320 1742600033031 2019127231056 2171356806230 2462868121875 2360496105350 3027277817544 2912904520395 3559643973410 3586170807143 4096184869286 4146208525242 4741048660427 4749775582404 5654602354786 5586214838053 6550270891500 6500266224986 7913130969142 7053498904667 9116192133472 8786136963308 10289336642885 10447263507269 11984126962328 11492719039779 14234489741277 13255992927020 15865805540158 14899643505631 18146539622639 17128217676063 22027115137737 22495204442575 24836546585248 23206769266402 30742776019545 28385561215376 36667734094476 34210943423856 39868096627658 39798606758544 44251784661831 42936125603328 55259539599582 52491903820970 62025189484303 59679386331052 74419487214849 66048581510321 77595468558761 73720755253639 83963608889310 93685634448880 104989225197631 100915628063871 118474873021166 112149946952653 125918670960122 123885029945948 135916830455543 136134805817552 171726932557679 174825050858418 188224601977447 198618440271761 209384266159173 196479787178402 225903129018945 230327589761423 261891430062980 300838428520304 303716689004502 321869046982290 318882535671335 326335802580365 324910600648330 414937544707917 395199488843785 464253820469449 479481932855500 535010182430815 459074329443379 575353693629099 511110998582230 590482405169694 678784024927740 726655329145735 738008074851722 865499480915609 819005240492371 796774122984094 990556880898645 1058021713542998 994145184676358 1324582031866430 1222828872875476 1207835356133468 1434613959259067 1347352413069262 1286663410744291 1532853313782449 1575606550946938 1896347260997723 1806603344727266 1918026593241464 1848378352684286 1873627120687733 2530789365784765 2609941559277776 2824151266709504 2853773192707275 2773376467120176 3169037116616214 2693993612427648 2772052705229883 3374820850648733 3681798399107505 4053747233839742 4368092875847421 4375694339265795 4930988933362660 4499258614154945 4661282132231932 5448335338831202 5118030004548929 6506677870107187 7145748718120425 7977486695427411 8398312013276313 5841528056165719 6828251132320970 9131502596842982 9533666509404042 11434826676738574 11959651098606112 10224449789906179 12314539459915246 13131995905060038 11814283629617609 13446168490259025 13437929225929070 13966491001330723 19487770753431455 22635387823828054 24675281331652190 15986641062779485 16209184921421010 18098400017810625 23425585027914216 22245302782414093 25963681884619680 24321619168964452 29647352994110814 19833370516541054 20795601995535862 26383884550437194 29741163223060060 38812559734145197 46139257805676326 25441212345905055 41607237072900391 40829731086206436 35867915998394911 48118694578695694 57036697343362644 65477209565756889 57034883043573018 59155592866401739 54650750712407994 62082664021486031 47980871060196503 52138136852587590 86993175435955135 86944919774760671 75861683482790520 79510221391955188 80089185758122098 57492144018342330 75855850372884283 137826763089354753 95515184898182620 110288858887929629 157032485008695839 62448147015429818 140706811048628597 83051273167152512 75741120072334509 166273176934572678 113168422422413086 205694958209180940 208262533572250520 171347939923592285 178973609568069320 203550798984623358 166202481646530216 221538689517637960 322121295498498810 375546433114383272 192320269656393209 407313219372675677 267185847496945197 200772487686812635 259646587708319386 277473201302514796 183909100460231266 369019239761428906 323513707728275862 305473505108488729 426128639113219629 303497165759209366 262900670182419625 255329568921984080 533983790793615551 230482486025661946 682310783307911038 570802279118726526 427505262062518948 564406406151724983 285093983706909347 299236546251682872 656979445068391627 787546698757396766 865254612849577792 400993710243704533 1034451021582675266 68834885946073850 501117809285622906 751976780940952218 788012553026666150 843008156362251190 926853050652108778 495653263220078930 825211730573882600 1008054006069277348 479956992472138271 1295927829495984210 1078553444986412160 1192646135629799448 1264130424395163282 505218518141944841 1680012736228766593 764908497444562099 1246502568092908374 443890586614503449 687816860613651450 489809074910764812 279363328483702152 2088310441439306532 340122810048577428 1452470048192440020 827532361866684724 441622981929358437 1413942192805196340 2011830266024000080 536679070310691121 572612058898037559 1221796807503768202 695143713458946040 1482866319768163368 843250788562528427 899175348396088349 3958531799182420500 2996957487181162162 1596675274490756791 4113026950673267610 11267038012871771168 6797408082716320550 4098034535626594791
3 4 5 6 7 8 9 10 11 12 13 14 15 16 17 18 19 20 21 22 23 24 25 26 27 28 29 30 31 32 33 34 35 36 37 38 39 40 41 42 43 44 45 46 47 48 49 50 51 52 53 54 55 56 57 58 59 60 61 62 63 64 65 66 67 68 70 71 72 74 78
7 47 52 183 140 319 225 347 259 340 194 276 157 248 166 190 108 174 75 113 66 111 44 93 52 84 29 54 40 51 23 47 26 40 15 23 17 29 14 24 15 21 9 16 9 10 10 13 9 11 3 8 4 6 6 4 5 4 2 4 3 3 3 4 1 1 1 2 1 1 1
7 60 85 437 449 1801 1681 4425 4226 10180 7295 18718 11681 32534 26359 47105 31653 81617 36912 85662 60812 117992 61090 173766 122930 229911 118843 248864 237086 314546 165377 513366 328798 644349 245566 610062 405850 954638 545370 1070415 728207 1662290 623149 1855216 776656 1163149 1565862 3350754 1720652 3314786 1139010 2817324 1757495 2679625 2349396 1898666 4418295 5196532 1580469 5456627 3094080 2899401 5166024 9733870 1505499 3900468 3483260 6970560 3087735 4087968 14179000
