1 2 3 4 6 7 8 9 10 11 12 13 14 15 16 18 19 20 21 22 23 24 25 26 27 28 30 31 32 33 34 35 36 37 38 39 40 42 43 44 45 46 47 48 49 50 51 52
6 10 27 17 16 121 159 184 214 255 309 290 320 375 227 163 761 796 978 1369 1828 2458 3173 3652 3983 2449 4136 12187 4345 4281 4214 4279 3984 3718 3441 3137 1778 7211 16767 798 530 424 270 183 98 46 20 2
49 104 189 118 50 393 542 690 756 696 837 799 854 1030 631 353 1934 2624 3877 6092 8600 12977 16096 18659 18401 11312 19031 53542 14488 13296 12330 11067 9742 8279 7177 6101 3134 16255 35800 1400 934 667 353 223 104 46 20 2
718 3032 3959 3712 817 9364 13812 12783 16146 12118 16814 19186 24302 38050 96807 718922 12372136 24235863 164217792 13784874366 229573703684 17922881116131 1204453900498264 12823149604601255 34863052916395124 25206469401190947 2092845431399345 36642106396110263 8068702367819474 3682373591837866 9903684768823845 4634617560589173 2700722705731126 11987488621950675 15664537090825898 13556336357065968 3103693451692729 90290776810006821 143221844566477566 316697608169727 57741114057821 10602455829111 1059420064297 52886617571 2508404636 56786032 229022 4
2 3 4 7 8 9 10 11 12 13 14 15 16 18 19 20 21 22 23 24 25 26 27 28 30 31
2 2 1 3 8 7 7 3 5 3 6 5 4 9 26 16 11 5 5 6 6 5 5 1 34 75
8 5 4 6 14 14 10 3 7 3 9 7 6 11 36 18 16 6 11 12 7 11 10 3 41 98
171 67 35 57 80 57 29 4 64 11 73 47 337 52170 138582 26335 3524 56 379 184 35 1071 540 51 355519 97445
3 4 5 6 7 8 9 10 11 12 13 14 15 16 17 18 19 20 21 22 23 24 25 26 27 28 29 30 31 32 33 34 35 36 37 38 39 40 41 42 43 44 45 46 47 48 49 50 51 52 53 54 55 56 57 58 59 60 61 62 63 64 65 66 67 68 69 70 71 72 73 74 75 76 77 78 79 80 81 82 83 84 85 86 87 88 89 90 91 92 93 94 95 96 97 98 99 100 101 102 103 104 105 106 107 108 109 110 111 112 113 114 115 116 117 118 119 120 121 122 123 124 125 126 127 128 129 130 131 132 133 134 135 136 137 138 139 140 141 142 143 144 145 146 147 148 149 150 151 152 153 154 155 156 157 158 159 160 161 162 163 164 165 166 167 168 169 170 171 172 173 174 175 176 177 178 179 180 181 182 183 184 185 186 187 188 189 190 191 192 193 194 195 196 197 198 199 200 201 202 203 204 205 206 207 208 209 210 211 212 213 214 215 216 217 218 219 220 221 222 223 224 225 226 227 228 229 230 231 232 233 234 235 236 237 238 239 240 241 242 243 244 245 246 247 248 249 250 251 252 253 254 255 256 257 258 259 260 261 262 263 264 265 266 267 268 269 270 271 272 273 274 275 276 277 278 279 280 281 282 283 284 285 286 287 288 289 290 293 294 296 297 298 299 300 301 302 303 304 305 306 307 308 309 310
243 857 2780 4165 6356 6804 8999 7572 8907 7538 8035 6794 7725 5851 6635 5574 6162 4952 5905 4817 5627 4611 5145 4308 5135 4023 4687 4032 4476 3678 4417 3436 3950 3449 3927 3245 3919 3064 3374 2996 3302 2625 3301 2545 2983 2435 2745 2331 2811 2176 2662 2209 2524 2035 2477 1963 2297 1890 2194 1819 2195 1643 1910 1636 1836 1483 1820 1403 1638 1362 1533 1300 1592 1203 1528 1261 1408 1173 1414 1120 1254 1052 1208 995 1211 864 1101 897 1010 782 1029 796 934 765 832 754 870 646 866 707 711 626 778 575 671 567 608 584 666 475 603 489 533 455 580 439 506 401 454 423 478 337 444 364 393 302 412 322 375 281 327 312 348 237 305 274 292 224 289 236 284 221 244 216 249 181 232 168 202 165 226 166 191 155 181 169 187 106 177 118 156 107 172 126 134 97 122 118 111 90 134 96 116 82 106 71 93 77 86 78 76 50 93 62 70 58 103 59 63 51 67 54 37 37 71 49 41 39 65 43 48 35 41 38 35 25 52 26 32 26 33 28 33 24 28 32 24 20 36 15 23 17 25 16 20 17 17 25 13 8 25 16 13 17 27 18 14 13 15 9 6 7 16 10 3 5 13 5 3 6 6 5 6 5 13 7 8 6 6 7 2 4 3 3 3 3 7 1 2 2 6 2 3 3 4 2 3 4 4 4 3 2 7 1 2 1 1 2 3 3 1 2 1 1 3 1 2 2 1 3 2 1 1 1 1
243 914 3564 7653 17480 27589 57981 72171 133946 162821 264489 313388 530496 541345 881043 953230 1474793 1524654 2460043 2537970 4037146 4079532 6161800 6235992 9895484 9590068 14480414 14937620 21431477 21449361 32320308 30247429 44214782 45330850 65416601 64888521 97908524 91343268 121598077 125636033 173284565 161202775 241886558 217657311 316260244 295347067 412077481 391629001 583595219 528229628 773734664 718751114 1006103267 934938853 1345006672 1237358346 1750252665 1610044326 2284147200 2153386947 3062456330 2616245708 3486028146 3402301173 4569002378 4079712630 5897378187 5107372889 7118951139 6536273281 8842037413 8006869608 12101402555 10334659046 15137398662 13559020928 18645953915 17053897325 24013947587 21386306143 28110457010 25575990329 34712345021 30367279943 45300477192 35158742875 51972943669 45609478904 60574664516 51136372537 79768431333 66924937727 89079375936 81657750790 105361188628 99664172531 136162314762 112359775052 173726427699 154629547733 175715478011 174679168470 252964794194 201897512308 281187771456 249824184865 303153815737 310599290036 411751535978 336996564668 479427374879 404606607946 513887242542 476424948968 711389223498 579071507853 743411017719 656304041574 857340177452 830281653365 1082572721663 853745016050 1239088142195 1128232331818 1400799205494 1121010347731 1810713306366 1497718888701 2046931788889 1595903799258 2097466267805 2233862208283 2837275433551 2180543232896 2990763919162 2797736047686 3484159623907 2805073532496 4187380099717 3548212748218 4990856222892 4228550904071 5402297012510 4807985400875 6960978974156 5351828731923 7528963573021 5671831956186 8146585791415 7001589253971 10806556211266 8429513206250 11267522820852 9536236785827 13366818236636 12639743349886 16260227416998 9996117604231 17490449428898 11723879869501 18734147754909 13380003429764 25564201543968 20311910666912 22327139743706 18549427997216 25981180122660 26154512241330 28068746914861 25302191910713 39661545056791 29043176980892 42185286059771 31625519888294 45701079405764 32187212006886 45309490171510 42593595083680 53637581052930 48871313458905 53027108920338 38186064233721 77984223853286 55198826640369 68625050273687 65965553461533 130674992049498 76516741184743 85334876323377 80191496200692 111351463820462 99536989655434 74465216265982 76286245018403 179286723196744 132775606917432 110230339094267 133006935056398 229016325660948 157216728766790 192222554150769 166753909529490 190633032569530 211980018333039 196721162424964 157748499046848 375584265402231 200648339957575 258528396042725 229713358569642 304570207564258 279316808720790 362664476631680 303692234603865 357902640381330 432009034815653 374336427025820 330203304234132 673427666563820 293326119671592 453933785014023 368753450449687 644821263233970 413173191154800 584364645235987 518170234290599 559269055592841 875717266377884 507236316842162 335989122789575 1163064827251606 785489403629807 699569254896666 983056227880685 1771443088359999 1300253529337021 1033608840100424 1042211376313576 1294670973345741 919770943049528 619254854298102 767151640550046 1844068473454577 1260548578794664 412824211186221 736950469393670 2075001882286229 873837946882714 563674296389724 1188674652712646 1316134788011862 1173806930887105 1515689957095374 1410646276253494 3850616329808135 2273927997524162 2845310627099950 2339367950147567 2461970283194139 3082369588983449 955287685209521 2099887123486673 1604145188725827 1820347507966398 2011344369180510 2063657199810712 5228195703447989 839611730366814 1744371838683174 1949668739889250 6150458699613718 2181435993869723 3655123049532999 3936155402448645 5449602731979330 3041960985702350 4911881908011513 6924129268508978 7451970743832021 8163303410300300 6587358935047548 4724438290675422 17071734351487938 2732873183547535 5877859587859110 2938929793929555 3397584011986773 7050014848057826 12973030184075076 13940544310273856 5234371069753672 11662756574046120 6486674127079088 6965850144195831 21411265366902246 8030248384943040 16650744660408065 18506165873447204 9930972392403501 31245634857501179 22092873310370943 12269218019229465 13162217895057704 14118662665280005 15142952738857194
4 5 6 7 8 9 10 11 12 13 14 15 16 17 18 19 20 21 22 23 24 25 26 27 29 30 31 32 33 34 35 36 37 38 39 40 41 43 47 49 53
3 25 25 28 35 49 36 27 22 20 18 7 5 7 9 6 7 9 4 3 4 1 1 1 1 2 1 3 1 1 2 1 3 1 2 1 1 1 1 1 1
3 41 48 79 150 347 418 384 528 544 854 397 438 870 1718 1271 2076 3858 2618 1249 2657 980 1254 2004 2436 4946 4872 12308 7436 5604 18050 11208 42692 16698 44906 17977 26015 52030 75175 105558 204226
