26 38 50 62 74
8713 33132 34678 19387 4078
1495073 726309 214013 56473 4720
4437648949049072602 48674386737782086100 3775214011972397679 102997133176714452 28348195897
26 38 50
985 546 58
7041 1180 70
438188287 12726222 77168
3 4 5 6 7 8 9 10 11 12 13 14 15 16 17 18 19 20 21 22 23 24 25 26 27 28 29 30 31 32 33 34 35 36 37 38 39 40 41 42 43 44 45 46 47 48 49 50 51 52 53 54 55 56 57 58 59 60 61 62 63 64 65 66 67 68 69 70 71 72 73 74 75 76 77 78 79 80 81 82 83 84 85 86 87 88 89 90 91 92 93 94 95 96 97 98 99 100 101 102 103 104 105 106 107 108 109 110 111 112 113 114 115 116 117 118 119 120 121 122 123 124 125 126 127 128 129 130 131 132 133 134 135 136 137 138 139 140 141 142 143 144 145 146 147 148 149 150 151 152 153 154 155 156 157 158 159 160 161 162 163 164 165 166 167 168 169 170 171 172 173 174 175 176 177 178 179 180 181 182 183 184 185 186 187 188 189 190 191 192 193 194 195 196 197 198 199 200 201 202 203 204 205 206 207 208 209 210 211 212 213 214 215 216 217 218 219 220 221 222 223 224 225 226 227 228 229 230 231 232 233 234 235 236 237 238 239 240 241 242 243 244 245 246 247 248 249 250 251 252 253 254 255 256 257 258 259 260 261 262 263 264 265 266 267 268 269 270 271 272 273 274 275 276 277 278 279 280 281 282 283 284 285 286 287 288 289 290 291 292 293 294 295 296 297 298 299 300 301 302 303 304 305 306 307 308 309 310 311 312 313 314 315 316 317 318 319 320 321 322 323 324 325 326 327 328 329 330 331 332 333 334 335 336 337 338 340 341 342 343 346 349 351 352 355 357 358 359 361 362 363 364 365 366 367 370 371 373 378 383 386
295 1669 4354 10392 18396 32419 44965 56672 64470 69564 70475 66852 69981 64564 62152 60238 60022 54476 55540 50813 49996 48640 47453 43302 45162 41407 39506 39152 38548 34777 35906 33382 32391 32084 30749 28054 29489 27317 26112 26257 25698 23535 24467 22528 21663 21609 21108 19612 20410 18806 17927 17926 17752 16093 16584 15562 15161 15058 14408 13419 13782 12970 12464 12575 12285 11412 11585 10991 10597 10382 10156 9468 9752 9139 8713 8791 8383 8023 8107 7673 7370 7443 7073 6705 6664 6240 6150 6236 6107 5762 5846 5493 5373 5419 4996 4831 4884 4701 4425 4417 4136 4076 4051 3843 3608 3655 3494 3379 3258 3137 3055 3030 2980 2891 2829 2789 2752 2581 2442 2363 2358 2226 2196 2191 2067 2030 1944 1828 1801 1705 1817 1626 1548 1570 1510 1414 1371 1490 1347 1271 1224 1227 1178 1127 1104 1069 1002 1000 1014 957 889 871 844 868 807 799 798 818 755 774 723 718 651 654 610 639 602 606 564 571 556 532 548 554 465 517 464 488 461 441 408 486 369 369 365 363 377 373 311 338 339 297 290 360 290 282 262 286 243 244 228 268 238 235 210 234 200 221 209 206 211 181 177 189 152 150 146 161 165 181 160 163 138 127 126 141 159 104 133 131 90 109 107 130 123 85 82 99 70 84 92 77 76 75 62 59 68 68 49 82 63 45 81 54 49 65 52 57 59 52 48 55 47 37 57 45 44 44 45 48 43 32 23 34 34 24 26 27 24 25 54 21 25 18 22 22 23 22 15 23 17 13 18 20 12 12 11 8 9 10 8 11 14 11 11 11 9 9 5 8 19 13 6 14 11 8 5 7 3 7 6 6 8 6 2 5 6 5 3 5 7 4 5 3 6 8 4 4 1 3 1 4 2 2 3 1 3 1 1 2 1 1 3 1 2 2 2 16 2 2 2
295 1834 6120 19155 45675 113778 220986 424764 722958 1225554 1817030 2711155 4063185 5558431 7615177 10635812 14262837 18125965 24626026 30350001 39244573 51327460 63051165 76991756 102022254 118506307 144219155 185378242 220164986 256871935 323914698 372722537 446895825 557058385 639743263 726171237 915913204 1022271522 1185227035 1479049708 1684675838 1870630771 2350389240 2567721044 2986263602 3615227621 4047911279 4516860529 5657262346 6026709286 6849749728 8223645499 9131789338 9993721912 12187196483 13201205936 14941763736 17932877087 19440553545 21507512219 25641694767 27364624937 30483648245 36811796007 40214200956 43493677734 52046434111 56040579949 61863721262 72040597646 78466874585 83929674156 102466011079 106140823571 118172154971 140230185203 145202230451 159212569795 188298645936 197853268769 218752979492 256708806803 268549245135 291485712243 326381146485 342110595432 382392698235 456485580468 478158716782 520301281115 616685612876 637340645573 695528510658 841601084710 838115753910 924429493919 1071031991548 1134905111627 1222657614560 1443476532430 1413598478675 1565127290270 1806770461194 1905145640790 1988302233453 2360017436600 2457968582819 2724327293666 2876431704705 3090149910355 3317090972783 3825955389970 4066246065663 4351256508851 4960560182689 5187779300386 5655882038860 6309830015074 6390732649641 6899483368070 7861344421640 8022209899037 8861843102460 10032497609688 10106099923950 10840701836737 11808428425779 12227802861054 13630679195719 14400927488150 16241351841285 16017489025085 16578169765588 18767140327750 20706890053737 20537061572353 22754249241155 26386026476874 27639027673579 27745610836266 29192655557923 32576981142578 33929208500437 36364828763693 39100488862721 41409166321838 43023288926433 47935578352104 53497427323410 52262093294404 55787171983545 58601379625595 63739959967626 70292427081701 69520881425175 79366696172519 83696742924047 91124206540389 100323245816804 114953791999118 116716825495750 118822620759833 124736780224997 135168810099075 138650650346929 165798763679603 165199958052095 184386392083296 186141793423382 202201544051869 220484037267820 231881116600967 249209426658110 271245721955985 260922502430917 307555890201837 313381896847062 370618368308816 368134908320230 387206465029090 390014483414225 504757190802704 393507943751448 459751454427598 503270317891209 522382429512574 620879145236019 640717560141228 566149963266849 719105307219661 740940034119890 693130894449511 738328983044626 1018922970817532 912855758766967 994475812148313 954781979869096 1080315923663450 1065537627319501 1142790129806237 1231839133703073 1508359574441259 1405282391588937 1569640682162718 1395909914274977 1860822373191796 1641125983081833 2065823194273769 2328314072955385 2216553652544982 2491184927837522 2188332254024461 2311408709202068 2826102689179703 2425452129433599 2600294629610805 2789952413829415 3174982161864079 3882784715127755 4474328443803815 4113341381032815 4874690619624675 4195440566362009 4160103084976908 4414197110763220 5917795864201954 7592032421259576 5020477579739104 6667650541297540 6790330596246191 5147703304410652 6716907416289361 6992046455222752 9659807074048428 9680091873718297 7371779005597667 7563126948488934 10558607848354393 7507392907501738 9332915394349074 12403482395393095 10936162913934692 12095140887060165 12182991310223985 10128305491882419 11340786551287804 14131971261551438 13678302995843266 11806056979512608 21651801090203021 18774259608373338 12977239716880777 25314560001316676 18317193374889068 19291773002304557 27141367407568862 23858982790722057 24802366848295427 28730666623493614 27048494272731912 26461614101868261 35565399358278600 29487099878701606 24961283413130557 51139658083143651 33352390498257324 38797677123412552 39142295647610736 49886701240505805 50715824902503350 51923127682681105 37190506687731525 29629136617502876 54624312650873199 51781794618571015 34268348163798425 56322438484897855 49967931675752635 56083064914371833 60327098617124447 116280150074616099 56826412683721550 76183973681201278 57409070349184682 84078610467887884 96633175830260963 80919253909045467 77075271038960534 61929699895794066 127390307370247542 80883704164646859 68443263158114116 118789674589158736 133579628099220331 74349218565792595 87238155819238648 86243467720495116 69658501441958310 70069502238757536 81482979630474370 97988392336408160 112392774152043022 151143662406488529 152315480636776806 141394884640902053 150802615734066536 134491513261243943 158378159538811622 91954550230115633 164746652552931894 354570143495211245 253496855598617380 141562656612814561 351039089688318486 261250570687076472 248266762991040736 135857463582690984 234524809323355868 97464880054399962 297019963199148238 218699532845873968 375389217517732684 336327599269728158 265561309738598172 94778002178815903 258853820550552439 374623425369891783 292629253744748210 192976123827343650 335155407056450650 569952695231696756 452215662052734586 416004517847567091 264651685597324365 559876635518257149 811809018314817470 677130424793399032 488116018759820654 134819180623301520 432353809583621496 175943559810422753 858473198973145196 489809074910764812 523157814702288250 955667921364987252 363117512048110005 1162897598757087669 413766180933342362 471314064268398780 1005915133012000040 536679070310691121 572612058898037559 1832695211255652303 651688879997206959 1390287426917892080 1686501577125056854 1798350696792176698 16354259653877525792 2812414893122968108 3861312144700931624 4665642397087784672
3 4 5 6 7 8 9 10 11 12 13 14 15 16 17 18 19 20 21 22 23 24 25 26 27 28 29 30 31 32 33 34 35 36 37 38 39 40 41 42 43 44 45 46 47 48 49 50 51 52 53 54 55 56 57 58 59 60 61 62 63 64 65 66 69 70 71 74 76 78 82 105
8 41 60 239 167 512 359 637 391 661 344 605 258 427 228 356 217 302 159 249 111 208 107 203 104 143 87 132 53 95 65 104 46 74 26 77 50 36 24 42 19 39 25 18 9 19 9 25 14 11 6 18 7 3 7 10 4 2 6 3 3 1 3 7 3 2 1 4 3 1 1 1
8 47 96 606 511 2802 2363 8190 5814 18682 11977 39004 20300 59296 33154 86606 62571 141855 84116 213369 95220 279311 147880 405328 202382 519927 325750 775623 269312 770540 483679 1414906 504799 1516968 453149 1977410 1268589 1373341 838500 2001285 1119133 2748366 1694760 2015127 981657 2953020 1200659 4965294 2223090 2273273 1434357 6012827 2444360 1534808 3667460 10587577 1432172 1580469 3612214 6321876 2456616 1932934 3363374 17243514 6494258 16256560 3087735 19048611 24181603 14179000 24264328 241265379
