9 21 33 45 57
308 5980 36800 43181 13725
16708 298387 520449 179034 25761
2460169 105927919448 27607300257056438339 2863976052798978119 691546287069707
9 21 33 45
79 611 235 6
925 2923 413 6
60787 32009175 1653704 36
3 4 5 6 7 8 9 10 11 12 13 14 15 16 17 18 19 20 21 22 23 24 25 26 27 28 29 30 31 32 33 34 35 36 37 38 39 40 41 42 43 44 45 46 47 48 49 50 51 52 53 54 55 56 57 58 59 60 61 62 63 64 65 66 67 68 69 70 71 72 73 74 75 76 77 78 79 80 81 82 83 84 85 86 87 88 89 90 91 92 93 94 95 96 97 98 99 100 101 102 103 104 105 106 107 108 109 110 111 112 113 114 115 116 117 118 119 120 121 122 123 124 125 126 127 128 129 130 131 132 133 134 135 136 137 138 139 140 141 142 143 144 145 146 147 148 149 150 151 152 153 154 155 156 157 158 159 160 161 162 163 164 165 166 167 168 169 170 171 172 173 174 175 176 177 178 179 180 181 182 183 184 185 186 187 188 189 190 191 192 193 194 195 196 197 198 199 200 201 202 203 204 205 206 207 208 209 210 211 212 213 214 215 216 217 218 219 220 221 222 223 224 225 226 227 228 229 230 231 232 233 234 235 236 237 238 239 240 241 242 243 244 245 246 247 248 249 250 251 252 253 254 255 256 257 258 259 260 261 262 263 264 265 266 267 268 269 270 271 272 273 274 275 276 277 278 279 280 281 282 283 284 285 286 287 288 289 290 291 292 293 294 295 296 297 298 299 300 301 302 303 304 305 306 307 308 309 310 311 312 313 314 315 316 317 318 319 320 321 322 323 324 325 326 327 329 330 331 332 334 335 337 338 339 340 341 342 344 345 346 347 350 352 355 356 357 358 362 363 366 367 368 369 371 372 374 376 379 382 384 387
360 1728 4148 8398 13334 18493 23603 28771 31322 31851 32574 31050 30631 29307 27638 25810 24761 22903 21868 21102 20021 19115 18695 17437 16794 16306 15696 14755 14657 13756 13302 13066 12232 11945 11588 10942 10567 10725 9994 9649 9459 8990 8622 8441 8022 7819 7731 7149 7021 7140 6656 6416 6357 5988 5900 5830 5573 5455 5380 5058 4960 5052 4668 4616 4561 4223 4070 4221 3941 3821 3796 3509 3576 3419 3345 3091 3263 2972 3040 2965 2862 2804 2733 2515 2571 2518 2408 2356 2383 2153 2159 2127 2175 1967 2019 1831 1892 1838 1834 1655 1743 1650 1637 1635 1597 1537 1599 1391 1485 1415 1388 1274 1360 1281 1171 1239 1222 1138 1159 1034 1020 1020 961 908 946 891 911 807 853 838 799 801 749 767 754 718 717 674 669 636 679 622 626 567 598 569 573 510 558 499 507 470 500 483 447 411 428 423 403 365 397 359 346 392 325 303 356 292 315 315 283 255 293 261 252 244 252 235 217 209 194 215 207 219 195 183 189 180 190 167 178 140 149 147 157 137 156 155 139 152 140 114 118 136 126 116 120 102 116 92 101 95 108 89 98 76 85 77 81 64 68 65 64 66 62 59 51 51 58 56 46 50 54 46 48 28 52 47 46 32 53 38 45 58 45 44 36 44 43 31 38 26 36 27 20 22 29 28 20 30 17 22 26 20 20 19 20 22 21 22 11 12 29 15 8 21 17 20 12 9 18 12 7 10 8 10 8 7 13 8 5 10 4 11 5 4 6 6 5 3 7 8 8 5 23 6 3 17 5 3 2 2 6 4 2 3 2 4 1 2 3 2 4 4 4 2 1 3 4 5 5 3 3 4 4 3 3 1 2 2 4 2 4 2 2 1 2 2 1 1 1 2 1 1 1 1 1 1 1 1 1
360 1896 5829 15961 36150 74928 136970 254710 420031 640131 992727 1428044 2038224 2840338 3874493 4965956 6611440 8388661 10490439 13366977 16948940 20801000 26581283 32198096 39207110 48208243 59648138 69104688 86834835 102857637 120469190 145239097 172010297 200750473 241161778 279320071 322062880 389486933 453637681 518099602 618465538 704474911 798320496 921302262 1067093585 1211119537 1421346418 1565605350 1823837935 2134140134 2410414103 2644220671 3113359037 3421394833 3989611668 4498172187 5191730971 5753228877 6599547796 7379554695 8238368538 9616680265 10520830990 11993573495 13775454620 14961021443 16074779523 19124397367 20339505660 23111628618 26087939680 28714268712 32758506659 35769487652 40979872450 41891924837 50514428026 53586330742 60223942320 67116226494 74431718893 80182852071 90087022316 98282961643 109804191740 121135420608 134367475510 141990845057 164693513911 170560327668 184586127558 207039482364 251935540759 241266252405 288366462772 305394791624 334327675439 368650235266 438162616289 425752314387 501037556644 548201422332 585535116341 657221357150 746283323050 757504661413 920954403172 905578682740 1036394450427 1120013047426 1276361906477 1286192822526 1496113323708 1552221746687 1596246145217 1923694264060 2125989767434 2125630693693 2440234415994 2537254393113 2714633435228 2986489335274 3226293976212 3323639423988 3886169149622 4133215206864 4506208946084 4545832492771 5468070432643 5630855954783 5899909283527 6823766358797 7008507213741 7954100593256 8984537567439 8639727384055 9948047866679 10408181598704 10877615916969 11713271523592 14439482212648 14050419730052 15452514935996 16004475805678 18184871040042 18531054104349 21509137248942 20539746246219 24747252062811 26066825782952 26608830621599 27352747494976 32793129760226 33250392530488 36262533233593 36445871857510 40150876674398 42904167440970 48435593556127 43417291297857 56826201689988 55419807151304 56655199063919 70112923652759 69904124410766 69345593358838 85644889442801 80962793202499 94323639220741 102616575316583 100223935605540 98860151696326 119047434060138 123074277169145 125019182262283 134995034153474 159479791599967 148395669958755 149001660261475 164948236495200 167835879034044 202836637969561 220312231149908 235934558699782 232779022398839 240810681001209 253545950228677 296627216016186 325045876108116 307546197004013 355019690295979 335935538654409 346716618873966 363881268043530 442731827013628 421588532692164 470765852765834 575282585608992 529358347405639 637251969865169 644479725288261 590049979426280 658642718594054 815395383410620 786431582803571 831695265566168 881404581303755 829566965033205 1030159721477728 925056108393367 1113135024866638 1085050565168266 1341680098553904 1273376463907170 1520651897558771 1282446662177659 1439307821678086 1417308458212325 1695292789710966 1466466597833513 1647761129764448 1804061472216109 1893736596238164 2039494761732837 2167057353875129 2235104660830703 2132342935017855 2268580292686592 2693051591199921 2787707362407956 2577778760718866 3021323653844222 3573170626680525 3157273868181452 3441062682521838 2072326503916027 4634341524692721 3948564282352897 4481463378597068 3631503980289312 6358610379950353 4392684315675065 5967148727860632 8110019982042259 7026807375888965 7692769665264205 6987379038931736 9707441994117488 10035437951966102 7433042820751070 10271448869072721 7863075995517018 10799563096422085 7801105734773147 7306375971836533 7786624999883034 12504266990196037 12879971131671250 9611617658561108 15287010313901249 9134694322504410 11688761115711759 16761904301665891 13586038973769769 14659765350515570 16172684776711458 16872521709815294 20103233871764905 19262413157754258 20820613667806084 11789242134396673 16169523207046194 36393715806377405 20430764107228148 11100600992673130 32278563801591365 29628840418321385 35891657907955869 25361928829101775 18223170924192184 38439430396533201 31429684447271512 21118140696489788 25985287680962491 24830187296070201 35930781746812986 25993441371705304 27690365744062744 49122548821433903 36800631288893163 21748070070779175 47054376248122257 20212818252451512 74835681465339140 30198819410477575 25052876018349206 47323422958020588 44363675536748751 47080123696793328 25271240935873090 64771580557065214 79447779139228008 85258649860390712 67056830776386094 280524662559462973 78080307494517985 42355987995840015 257430196560572298 79005265085203377 52242540399441885 37342976599200728 57360403361777673 145884664437142399 90458116003814902 70650119461805164 79247422900698978 54720827974562329 121304727959371856 32488293351466654 69601909738881660 111823217330244231 79839131053999982 168163799634864079 222813231702643476 192789289449291653 108618646341702930 60105349839666544 188756099057895644 275339543784295400 394006276513333075 421504078181125595 289350330576608280 309454398965205975 441231441701171088 471797966184455888 378325553501389065 404457541869904560 154043597379576030 329274958331522088 351887119620845506 752034588209171920 458544573742434300 1046315629404576500 637111947576658168 680245620097154856 363117512048110005 775265065838058446 1005915133012000040 536679070310691121 651688879997206959 695143713458946040 1482866319768163368 790738119649411319 899175348396088349 958728697912338045 1089657644424399782 1238057794119125085 1498478743590581081 1812356499739472950 2056513475336633805 2484305294265418180
3 4 5 6 7 8 9 10 11 12 13 14 15 16 17 18 19 20 21 22 23 24 25 26 27 28 29 30 31 32 33 34 35 36 37 38 39 40 41 42 43 44 45 46 47 48 49 50 52 53 54 55 57 60 69 76 81
6 47 40 203 132 336 196 361 259 438 228 352 203 251 145 199 64 104 52 82 48 79 27 62 41 51 25 30 12 22 14 10 6 17 12 19 8 12 9 11 6 12 5 5 1 4 2 3 2 1 2 1 3 4 1 1 1
6 59 57 499 403 1854 1327 4717 3729 12554 7990 22658 14795 34462 22941 50645 16953 40834 26385 59659 35635 105426 33659 116870 90245 154370 80028 150718 61816 171190 106271 128834 50023 212317 204221 498298 188292 390844 279874 682842 277234 627724 324156 444202 149352 319959 225525 467024 441819 147273 408452 281589 1375948 3160938 3483260 5392783 12132164
