31 43 55 67 79
17465 40642 25832 15874 182
1485870 487058 129741 32138 182
3143231199501691548 14207436110196397107 1717267742949264361 4385195780314382 7027
31 43 55
1021 271 12
3546 441 13
119395192 4488091 688
3 4 5 6 7 8 9 10 11 12 13 14 15 16 17 18 19 20 21 22 23 24 25 26 27 28 29 30 31 32 33 34 35 36 37 38 39 40 41 42 43 44 45 46 47 48 49 50 51 52 53 54 55 56 57 58 59 60 61 62 63 64 65 66 67 68 69 70 71 72 73 74 75 76 77 78 79 80 81 82 83 84 85 86 87 88 89 90 91 92 93 94 95 96 97 98 99 100 101 102 103 104 105 106 107 108 109 110 111 112 113 114 115 116 117 118 119 120 121 122 123 124 125 126 127 128 129 130 131 132 133 134 135 136 137 138 139 140 141 142 143 144 145 146 147 148 149 150 151 152 153 154 155 156 157 158 159 160 161 162 163 164 165 166 167 168 169 170 171 172 173 174 175 176 177 178 179 180 181 182 183 184 185 186 187 188 189 190 191 192 193 194 195 196 197 198 199 200 201 202 203 204 205 206 207 208 209 210 211 212 213 214 215 216 217 218 219 220 221 222 223 224 225 226 227 228 229 230 231 232 233 234 235 236 237 238 239 240 241 242 243 244 245 246 247 248 249 250 251 252 253 254 255 256 257 258 259 260 261 262 263 264 265 266 267 268 269 270 271 272 273 274 275 276 277 278 279 280 281 282 283 284 285 286 287 288 289 290 291 292 293 294 295 296 297 298 299 300 301 302 303 304 305 306 307 308 310 311 312 313 314 315 316 317 318 319 320 321 322 323 324 325 326 327 328 329 330 331 332 333 334 335 336 337 339 341 342 344 345 346 348 350 352 357 360 362 365 366 370 385 387
261 1307 3783 9352 17620 27682 37662 46321 50879 52891 53722 50748 51651 48992 47587 46028 44795 42357 42497 40467 38924 38181 37437 35614 34825 33608 32183 32014 31418 29233 29595 28736 26896 26817 25926 24262 24385 23837 22904 22315 21639 20673 20985 20308 19200 18906 18523 17707 17765 17110 16036 16369 15910 14871 14858 14825 13773 13754 13935 12463 12722 12143 11677 12260 11365 10650 10747 10727 10116 9990 9747 9299 9303 9203 8566 8591 8556 7942 7999 7942 7086 7169 7229 6608 6569 6611 6046 6254 6229 5507 5650 5639 5363 5271 5155 4957 4778 4998 4616 4371 4454 4163 4033 4336 3856 3693 3853 3582 3476 3540 3170 3253 3325 3048 2982 2882 2779 2689 2872 2655 2472 2561 2551 2357 2364 2216 2065 2339 2127 2027 2071 1840 1831 1860 1737 1709 1784 1653 1565 1617 1470 1399 1533 1425 1246 1442 1294 1245 1381 1151 980 1191 1087 1117 1087 1039 1025 973 982 940 967 870 869 871 829 768 799 813 728 795 731 649 745 650 586 609 571 610 610 525 508 474 445 468 494 405 375 423 403 313 356 333 350 379 320 312 308 303 289 301 255 285 305 261 250 217 189 254 240 221 200 266 196 206 182 193 184 166 149 156 151 130 130 136 110 119 122 108 107 90 75 100 88 99 83 84 89 92 82 63 72 64 56 71 69 66 47 58 55 47 50 50 53 35 31 41 40 34 41 40 41 36 42 48 32 28 37 35 43 28 31 28 21 20 21 28 19 20 20 17 15 19 26 16 16 16 9 15 12 8 7 6 10 16 7 14 11 10 8 9 9 10 7 10 9 6 9 7 2 2 2 6 3 5 2 3 5 3 5 5 1 1 2 3 3 3 4 5 1 3 1 2 1 2 2 3 2 2 1 1 1 4 1 2 1 2 2 1 1 1 1
261 1445 5301 17020 43704 97829 193339 364817 611611 967719 1504485 2131582 3161150 4330694 6080602 8080092 10976741 14310424 18894334 24168583 30950814 39048963 50441224 61608526 77903148 95136714 116310364 142825915 180391000 210002187 262479496 314764605 368732301 443473952 530529123 611871974 738644463 874028392 1041857159 1199997720 1422306080 1637058872 2000147428 2264698403 2650213488 3032725372 3512299712 3959494103 4770478786 5402995751 6046814776 7172764574 8264336872 9113207065 10665612644 12213169355 13527160597 15652809430 18408943056 19619020764 23298429903 24847417615 28520619480 34229663850 37098375390 40744873805 46920589711 52523317716 58984621986 65861482322 74421205883 80344584959 94651121299 103734596601 114394178641 129455623865 147570198435 156218143604 179905641938 199104338157 209098514593 237766342752 269433966351 284341594894 319382456980 363950814417 380764882999 441500417854 494017496254 488518664245 590987866187 635675458590 701334910397 767052788906 848400633279 911630014062 1023084330695 1184348761232 1239014141061 1299698751635 1500772962352 1584205263647 1708338678134 2007558846012 2031248894374 2187760383822 2607899242450 2615160264790 2918341233814 3285225009617 3295183203013 3712771581197 4408030727690 4243579477401 5023578240152 5099512786221 5663312117613 5818531976782 7180233314475 7117066728338 7863983640338 8720777909418 9750702973078 9538912089294 11067667514232 11614334830132 12027425739430 14983150754255 15749296643947 15656926256122 18116664838062 17546090226652 19808407472208 21839368071425 22873106906338 23978554007906 29387202481109 28972188333923 30803094921780 34761476967155 35583005926389 37279371473285 45103678707096 44232663948254 44065629260843 58681838042372 56439032392559 59824374472329 74461552456458 66786219451040 60927547542962 82867697516946 83063764680846 96524826190220 103213172287510 106275238920700 114069379539532 122199127561682 133112035086438 137671591147012 166342236646020 159123695754516 177847984529421 191478981294129 193273487137470 198304701513407 232698652674836 248004310433096 250376439515315 312936949677832 296910783612104 287343126413561 367652540578436 344998701915671 350874909802740 385569666071298 397453143321984 447268362023852 517022880950285 472270764644555 514990113398544 537368329645092 507872103969174 590155614071516 738099229291528 611340526137272 676563031013750 729556171465372 790136346254541 639199907133514 860550833071076 773109215450532 1014175910706344 1129699714703879 1114579423187166 1171152614351613 1190184714514121 1254173655166169 1311435743167908 1513627187780572 1444734937305593 1771752233770639 2138496379705202 1728854990744729 1993058358886827 1845271480122401 1704891502084389 2416521038819755 2744566051877518 2714844814694467 2664870974502580 3591871121315576 2748550941510172 3246889507420047 3139391511145682 3571309410035273 3568432665806290 3551207299830971 3468319336604071 4001349458943423 3835644040372512 3594204102631798 4171182256652225 4286996067834201 3776374578529112 5095671638365257 5431258631757297 4894552447563805 5387736098925228 4838189593259224 4428715919428913 6473200048987443 5595828013566835 6752945913066064 6872457086471236 6891675005331968 7708388811888553 9168848395263689 10138966014170913 6961697013230676 8456218811169232 8972060158616114 7598576426087634 11016570502432269 12529454931673608 12489901700977339 9709870627476440 12101850271900363 11999894826701544 11138929417044876 13752348631572896 13263817229924071 16842540347756854 11682297670152426 12282965370796159 15163269276163509 18492057576526476 14822016773484659 20915969030613010 18930748368776139 22796950244898792 22907067749814770 30428701888915462 31987720643240907 24953121051828127 22660510436633056 33957220445233212 32702279590134887 42255872734965135 29201953320438067 39945734631325403 31534314168038495 27684728833757382 29849407824768236 36297144421536022 43039405684590340 35347656862651555 45288676720713114 41125353883339749 44103640021802785 34613970005536484 49173880148934589 90503862523770550 46160549254207788 52997281589953814 53815871509284602 28932371165634859 55907825815540552 49122548821433903 36507164921795490 35014566621951924 28556658479690108 55041750674319276 92481902785584821 57063469299795870 100211504073396824 75665999551920655 80220356126357412 69518818932325080 92464467468027335 99253565658925314 104495470126679218 73148600947551197 132557239862225658 110422962173065185 77187307618689746 146308077020685995 108194336765945296 33653966668976958 36085668432747659 38688915062177309 125867237674565454 87374294767546010 123250530754152450 52831615267132652 81136635608128655 173872445343669940 95302768692776272 199555083144748276 218699532845873968 39919565526999991 39919565526999991 88520436579532724 147016930905713625 153929732092895157 168469806338622867 292629253744748210 377512198115791288 64325374609114550 220959863585551017 78801255302666615 163102070938891734 168601631272450238 186625545172752383 220615720850585544 370166527213706682 269638361246603040 308087194759152060 164637479165761044 175943559810422753 200882556287683159 917089147484868600 261578907351144125 726235024096220010 441622981929358437 1005915133012000040 1221796807503768202 651688879997206959 843250788562528427 2190401332423765131 2484305294265418180
3 4 5 6 7 8 9 10 11 12 13 14 15 16 17 18 19 20 21 22 23 24 25 26 27 28 29 30 31 32 33 34 35 36 37 38 39 40 41 42 43 44 45 46 47 48 49 50 51 52 53 54 56 57 58 59 60 61 62 64 65 66 67 68 72 75 84 91
2 28 36 144 127 235 216 343 201 324 202 258 131 187 122 159 110 134 82 122 55 80 56 76 47 69 39 41 23 22 20 34 28 30 12 16 11 19 13 14 18 14 7 9 8 6 9 11 5 3 5 3 1 3 4 4 2 2 3 5 2 2 1 1 1 1 1 1
2 33 62 370 390 1422 1502 4299 3239 9300 7427 16609 9820 24283 19347 37404 31073 55695 40698 105646 47860 108521 87128 142793 98050 222596 125276 185630 125666 158886 139654 321612 336342 465580 201714 368597 244694 578919 452612 520639 929822 978430 602930 784665 948623 669663 1513105 2045249 1037141 1266696 1874593 1111450 281589 1174698 1609195 2598266 1580469 1053646 2822512 5664155 3865868 5200624 2600312 5200624 3087735 8175936 15796476 44108109
