5 6 17 18 29 30 41 42 53 54
162 194 2298 4218 17558 25942 18739 26638 2290 1950
3537 4400 16851 35725 139053 191710 53600 70679 2464 2099
227578 303388 15930760 125393135 230356517976976176 576120129342929828 66410672209446626 68247292090367979 498210984 99615718
5 6 17 18 29 30 41 42
28 33 164 306 173 231 8 9
152 116 533 889 257 312 8 9
4816 3026 921680 3109774 16661315 91304859 203 41
3 4 5 6 7 8 9 10 11 12 13 14 15 16 17 18 19 20 21 22 23 24 25 26 27 28 29 30 31 32 33 34 35 36 37 38 39 40 41 42 43 44 45 46 47 48 49 50 51 52 53 54 55 56 57 58 59 60 61 62 63 64 65 66 67 68 69 70 71 72 73 74 75 76 77 78 79 80 81 82 83 84 85 86 87 88 89 90 91 92 93 94 95 96 97 98 99 100 101 102 103 104 105 106 107 108 109 110 111 112 113 114 115 116 117 118 119 120 121 122 123 124 125 126 127 128 129 130 131 132 133 134 135 136 137 138 139 140 141 142 143 144 145 146 147 148 149 150 151 152 153 154 155 156 157 158 159 160 161 162 163 164 165 166 167 168 169 170 171 172 173 174 175 176 177 178 179 180 181 182 183 184 185 186 187 188 189 190 191 192 193 194 195 196 197 198 199 200 201 202 203 204 205 206 207 208 209 210 211 212 213 214 215 216 217 218 219 220 221 222 223 224 225 226 227 228 229 230 231 232 233 234 235 236 237 238 239 240 241 242 243 244 245 246 247 248 249 250 251 252 253 254 255 256 257 258 259 260 261 262 263 264 265 266 267 268 269 270 271 272 273 274 275 276 277 278 279 280 281 282 283 284 285 286 287 288 289 290 291 292 293 294 295 296 297 298 301 303 304 305 312 313 315 317 319 321 325 327 328 329 333
227 919 3047 5193 9661 10611 15440 14145 17092 14554 16916 13601 15256 11604 13379 10470 11928 8899 10734 8334 10154 7310 9354 7155 8547 6363 7867 6190 7448 5601 6961 5541 6602 4913 6122 4802 5931 4339 5650 4339 5348 3839 4832 3886 4633 3451 4362 3464 4210 3209 3955 3033 3804 2852 3535 2716 3405 2572 3127 2428 3131 2267 2943 2214 2815 1962 2636 1994 2604 1789 2368 1823 2342 1626 2143 1601 2102 1408 1879 1442 1867 1283 1780 1307 1657 1177 1544 1115 1445 1045 1405 1019 1251 925 1316 888 1220 831 1203 864 1067 781 1052 777 987 738 957 713 814 719 865 631 765 629 820 566 705 562 746 492 627 470 630 448 548 400 578 389 502 351 534 362 481 334 489 327 432 269 453 326 385 261 390 287 346 234 316 295 317 210 290 240 293 162 261 219 264 175 216 182 223 131 198 175 232 129 187 149 187 99 155 111 197 96 146 82 143 77 133 78 168 72 102 80 111 62 90 50 111 59 82 58 81 63 79 46 81 54 73 57 74 34 72 41 77 27 67 42 84 23 56 40 73 21 58 30 46 21 56 28 44 21 55 20 30 19 49 26 35 12 38 17 25 10 30 8 12 11 16 7 16 6 14 3 13 6 17 8 11 9 14 3 8 8 7 3 8 6 8 5 10 6 11 5 11 8 8 5 7 7 7 6 5 4 8 8 11 4 8 6 2 3 5 3 8 5 1 1 2 1 3 1 5 2 2 1 3 2 1 2 2 2 1 2 1 2 1 1 1 1 1
227 971 4096 9271 26170 41036 94590 127410 248182 305121 552175 627188 1064908 1102987 1854858 1901380 3070491 2945958 4933216 4745662 7981179 6986546 12188721 11245053 18024359 16143044 26363541 24857716 38916699 35005542 55044647 51615829 80060260 69483356 110731294 100506238 160713500 132980590 223583450 194821638 304649546 245163689 388669718 359103263 538393412 447952033 720202872 632981250 957917552 820138618 1264722771 1058960924 1661572124 1381862007 2174191545 1782699667 2803115706 2402436486 3589967506 2996395261 4681713503 3857901117 6176099989 4800948073 7468618578 6036825686 9625030385 7719237874 12296139110 9538513695 15453794505 12699022959 18738223240 15452891988 24227539907 18804857525 29141771213 22227294629 35407144981 29902920776 43356361054 34877794012 55583218979 44987310734 64849430831 52333628320 82097139501 62047090611 96193081570 76532664938 120096161895 89993151607 130236223019 107012656948 187609518593 127765183330 201362305925 153766665675 275585796748 198731973538 289264868202 229943675827 382404648827 283831730015 422147991044 333425068140 548588751386 408474015295 549365481547 516693278033 789889946193 546065856432 798004648198 695172772759 1148031673216 757929502449 1128400479428 937383599615 1597773897373 1062876653076 1566498729888 1208555073681 2177192982589 1464051073140 2065314137300 1514894067446 2949977617810 1963982831064 2857446859005 2108104297991 4086610890301 2923380534034 4139275310237 2887830296949 5559803843127 3665217521361 5472955240656 3572454326644 7321952657767 5511212148628 7160161164717 5163403140480 10011238944099 7490286784806 9187878355884 6660881214949 11171990115589 10812603556981 12379010259930 8635705716323 15610440471876 12509426039992 17209640512315 10554704597637 20188840905411 18305908935275 23533093235610 16850957748483 24408189264294 21065702702289 30971185055993 18118263007793 30875348630625 30220576113742 44549439283929 24464772214296 43769401978436 35819049182808 49141714612296 27963570520272 48074536584580 40514050058642 79545050784715 40401427343845 73773811269613 41489077474321 79870074118765 46409382138880 85425382803255 60495211294455 138503500188435 55926049515087 96514696181042 82468328520383 122349828725032 68936683675779 113962807717516 74587533340797 193475950880208 97611768058279 166143456632651 114785481724993 185373595899516 151843894770848 208432715300571 127016261792727 261116881410668 163250699421592 270619309183543 206686414163777 331256138129632 147615627217255 365568386486700 224813787820930 485279950524445 162711410388392 484188278955933 288596585565455 716074918796277 184535193979179 547763255127434 377288157423514 883508196335813 253686916546385 783972396047931 384891429521032 747634067945937 364780156559644 1107860590698508 528244394292751 997231082986888 472362856456977 1493619045866846 520464004099755 946115511391473 577959693230869 1774355381310941 1069591378476054 1411487492070541 547954380469524 1907955754985571 832227398226621 1547487279826521 595929151219242 2013197361029171 527626985787596 829704551267655 855993534674757 1479660074577416 655336159786023 2058818194964406 635932805147555 1692826275498571 371665329231777 1992692725173774 870067441858614 2811091064799955 1395405281519848 2212590223806306 1795449053274001 3358287798789497 710878559897921 2266451017161335 2196850123347698 2015265225476271 918510940529442 3342484155962944 2223471511009267 3191234118966279 2163278088086099 4742825760008286 3013424736712839 6344603466389374 2973692857860734 8629178207962148 5520523476371966 5685415658745758 4016375349420129 6203024002315428 6473469281471050 7593741033030432 6544307981609169 6091871749221665 5060852301321096 10704830248629543 11417760612385815 17196039327306909 6674160341068782 14251115548620901 11523646370532995 4391572623365032 6753791768702743 11823396337741347 7814778363638931 22275098689144320 15137065116086659 3397584011986773 3397584011986773 7578352997560475 3925922161489422 12658165585761285 4534253126900886 24722523295642008 10468742139507344 11662756574046120 6486674127079088 22989378541964208 17873579212188627 9930972392403501 20588303624952340 33653966668976958 34828360266294590 21458096037352891 47650112806317827 28305020340996003 60652363979685928 39919565526999991 49005643635237875 52462044228828641 52462044228828641 68834885946073850
3 4 5 6 7 8 9 10 11 12 13 14 15 16 17 18 19 20 21 22 23 24 25 26 27 28 29 30 31 32 33 34 35 36 37 38 39 40 41 42 43 44 45 46 47 48 49 50 51 53 54 55 57 59 61 64 65 77 79 81 89
2 22 55 109 134 190 215 192 174 162 123 130 94 105 78 83 51 47 42 30 25 24 6 22 16 10 6 8 12 12 10 9 8 5 8 3 1 1 3 2 2 1 6 7 1 2 1 6 1 3 3 1 1 1 2 1 3 1 1 1 2
2 27 94 267 380 964 1616 2365 2670 4182 4450 7765 6885 11164 12053 17772 13145 17607 20837 22531 17787 22767 8912 37922 28244 21750 24406 34114 65051 102484 58245 142063 89003 92969 85362 60337 24620 35954 131440 81796 146080 86548 398175 633817 75175 328682 150350 1173082 147273 793318 1225356 281589 563178 659862 1430440 1663640 3900468 7089500 9289091 12132164 68525924
