1 12 13 24 25 36 37 48 49
4 217 519 7080 12465 19459 31712 11387 17138
60 714 2633 93694 158701 85869 136201 17703 25902
2683 31773 265981 46593932432806 617016196866546 2271633041208891073 4171030379802127452 303200903707039 262803628504621
1 12 13 24 25 36 37
1 7 41 139 233 21 35
8 15 66 252 413 21 39
20 705 7369 1166387 533829 2964 14876
3 4 5 6 7 8 9 10 11 12 13 14 15 16 17 18 19 20 21 22 23 24 25 26 27 28 29 30 31 32 33 34 35 36 37 38 39 40 41 42 43 44 45 46 47 48 49 50 51 52 53 54 55 56 57 58 59 60 61 62 63 64 65 66 67 68 69 70 71 72 73 74 75 76 77 78 79 80 81 82 83 84 85 86 87 88 89 90 91 92 93 94 95 96 97 98 99 100 101 102 103 104 105 106 107 108 109 110 111 112 113 114 115 116 117 118 119 120 121 122 123 124 125 126 127 128 129 130 131 132 133 134 135 136 137 138 139 140 141 142 143 144 145 146 147 148 149 150 151 152 153 154 155 156 157 158 159 160 161 162 163 164 165 166 167 168 169 170 171 172 173 174 175 176 177 178 179 180 181 182 183 184 185 186 187 188 189 190 191 192 193 194 195 196 197 198 199 200 201 202 203 204 205 206 207 208 209 210 211 212 213 214 215 216 217 218 219 220 221 222 223 224 225 226 227 228 229 230 231 232 233 234 235 236 237 238 239 240 241 242 243 244 245 246 247 248 249 250 251 252 253 254 255 256 257 258 259 260 261 262 263 264 265 266 267 268 269 270 271 272 273 274 275 276 277 278 279 280 281 282 283 284 285 286 287 288 289 290 291 292 293 294 295 296 297 298 299 300 301 302 303 304 305 306 308 309 310 311 312 313 316 317 321 322 323 324 332 333 336 338 341 342 343 351 352 357 358 360 361 362 369 371
300 1199 2771 5162 7927 10120 11792 12342 12665 12554 12422 12348 12024 11485 11228 10921 10386 9945 9842 9313 9152 8856 8553 8434 8132 7925 7777 7601 7254 7084 6841 6583 6317 6134 6132 6019 5754 5616 5670 5509 5098 5168 4783 4800 4760 4655 4435 4443 4204 4062 4020 3907 3658 3738 3716 3553 3383 3317 3210 3146 3032 2990 2879 2845 2666 2714 2591 2528 2453 2344 2274 2289 2227 2120 2073 2057 1976 1900 1924 1813 1732 1594 1630 1657 1536 1565 1553 1425 1420 1337 1330 1263 1237 1258 1198 1207 1177 1121 1085 1118 1042 1021 998 906 978 902 922 860 812 779 759 747 715 707 669 703 664 627 609 605 616 544 559 534 511 504 484 464 477 434 461 440 406 396 389 341 345 376 354 329 320 294 280 313 296 265 310 257 298 278 255 206 230 216 198 218 183 191 159 222 183 150 161 153 173 144 147 153 142 136 162 171 131 135 135 111 110 107 109 107 129 116 106 111 85 99 83 86 92 70 76 60 98 75 66 67 55 54 52 49 61 57 51 65 50 37 42 35 36 45 40 31 38 32 45 37 33 36 29 27 23 24 33 24 24 32 33 29 23 24 20 18 21 24 20 13 28 20 18 13 12 11 14 11 11 10 12 18 10 14 15 13 15 10 13 8 10 7 8 10 7 9 5 5 4 4 8 7 6 7 7 8 8 3 3 6 4 5 4 2 6 4 5 1 5 4 5 3 5 2 2 6 4 2 2 3 3 4 5 5 3 3 2 1 2 2 2 4 6 6 2 1 1 1 3 1 1 1 1 1 1 1 1 1 1 1 1 1 1 1 1 1
300 1287 3963 10112 22558 42863 75750 122851 191947 285806 419293 610102 853683 1159449 1564847 2082174 2701285 3494287 4547225 5763855 7274938 9048129 11264916 14250520 17592153 21674544 27015204 32849963 39370833 48089086 56755174 67531423 78166018 93826844 114672249 139153077 158692704 187352496 231047747 268094549 305501202 372153404 403878225 480797156 569723955 664250406 745239433 888074204 988732718 1136691654 1328890888 1523752218 1691027411 1998585874 2272243982 2558633316 2862630672 3245420264 3655628156 4169612962 4683076932 5390602525 6116114583 6927561343 7593557910 9002496548 9778181177 10760147801 11937339796 13075273157 14794480650 17328648600 19176815696 20718416513 23477597350 26547722482 29968434175 32881205053 36019134237 38416784048 42447699799 45491793395 52258866729 60480438020 62368617463 73454698849 80675313322 85106418954 99518812009 103309135776 119509909934 125396363886 136662198283 156337256253 159950306485 188103344714 202711358944 222133173290 244274383579 282471358698 300860528877 337677269877 352835301513 366529736619 427899482111 449405764456 520441021816 551390646533 572107837029 626718735059 687446097857 769615327612 827213919399 902210302926 925959735536 1045445445385 1087837272883 1198939135469 1311222495034 1370064370959 1619158225814 1591644260061 1843308070631 1916408140864 2077663622430 2267142952265 2253498852283 2459764399938 2813709902298 2842729854743 3359910418165 3521498682313 3839313853556 4097626500817 4272188059611 4357471162300 4720230219717 5601217620249 5460690005098 5795204357783 6204422929568 6655537873226 6769899031179 8599333290057 9035218783953 9009613430959 11974644062030 10521583615784 13946667915587 13650342830424 13706863155678 12808775371613 16606385825594 16326119022920 16527364328748 20152917759837 16786239174684 21974868644231 17282271258750 27632615161236 24934990696043 24134354747430 27113898386916 28479368718273 33145424724505 32896543915072 36298645452195 38851725234855 41107102290006 42538271967980 53971193672851 62625137676889 57899753259874 63266658919633 65739808286802 63045017133366 66299546632089 68031004897390 74603954073835 79314518366715 100169679097476 111704652196703 113984835525501 123199174014003 107951611809222 120878957117293 119102298532897 140756158353228 156635121420168 137390273419983 159974912270643 132246938538624 242439834669497 215076386130295 209769134027884 229482006290664 197756179549476 208741513776180 211840479894451 200666843744589 286170561002190 262334585886201 306144192503249 392768326784246 330459900731601 271830566901429 314138373180128 291984015229490 312438194610820 418544424333849 416625870189618 376102633383334 489275696557437 451724254065848 728305758437499 671701129115323 677844700484047 709270055668895 663523732027960 611176839870753 575622790901046 657713851820928 952919751809063 709037389084851 794848148954922 1259273521209677 1405714453309960 1318392844359178 1116595515145342 1220190567260775 1053474429127422 1090426135726800 1380145193399593 1668621522475205 1488609869880243 929003399179286 2609052127615731 2070402013379173 2086236058248525 1504698670530625 1431999973348695 1534016484140430 1933322365210616 1603428974710370 1496339335980810 1852334276759002 2064178752086835 3628611295529314 2328253735713146 3398960471422865 3805210735785009 3680905284330128 4051373675509288 3090525253759567 4119849031060714 2805457367472356 3995230411518289 2876363544046998 3864785033138693 5055987972260234 3748758372213742 5915483976653573 3130344121156128 3505200791245455 2535960372589015 3404553445931052 5846330995877957 6240947886363040 5046844936490682 8087544364255132 8934813286191063 9775941465410009 10529689919070362 6091871749221665 5348904967622095 11518458376743050 7721215940741871 11586042249080295 9214249176889290 3937389956166659 12709836492772773 8949578080385259 14530781761442240 2540952590045698 17221465542813290 12419343395376546 19910611782245086 10702445684128879 19629610807447110 8438777057174190 8753641655487981 28218873550118910 20212818252451512 11245985383901210 12079527764191030 18566201891270118 25946696508316352 35342965655293908 45978757083928416 48771738200180225 25861488826395075 29115027721530604 21314662465097678 11435542077822104 26324435790115408 27280880560337709 29261615404137199 62765478549373714 100961900006930874 108257005298242977 46000013310974674 24650106150830490 30326181989842964 34800954869440830 109349766422936984 39919565526999991 68834885946073850 73653287861850339 90175434980549623 103151466321735325 126108517833796355 134819180623301520 144117936527873832 244904537455382406 261578907351144125 363117512048110005 387632532919029223 441622981929358437 471314064268398780 502957566506000020 790738119649411319 899175348396088349
3 4 5 6 7 8 9 10 11 12 13 14 15 16 17 18 19 20 21 22 23 24 25 26 27 28 29 30 31 32 33 34 35 36 37 38 39 40 41 42 43 44 45 46 47 52
5 16 18 39 30 58 49 69 49 63 36 44 23 28 31 32 24 13 21 21 11 19 9 21 7 9 8 5 10 8 2 4 2 4 4 4 4 3 1 2 1 3 1 1 1 1
5 18 32 110 98 368 389 981 893 1914 1431 2286 1782 3294 4110 7720 6599 4349 9010 15551 8016 24829 11506 38007 12907 20700 25214 20674 40439 45782 16313 39775 15773 50322 68320 72127 100613 82100 35954 79228 71908 199416 78045 106348 106348 294546
