5 6 7 8 16 17 18 19 20 28 29 30 31 32 41 42 44
14 38 16 19 23 160 230 205 126 29 123 123 66 32 4 3 1
57 114 41 65 33 329 517 379 226 31 134 142 69 33 4 3 1
457 630 280 409 327 7086 33889 125322 13602 780 15942 6478 8200 7449 16 321 5
5 6 7 8 16 17 18 19 20 28 29 30 31 32 41 42 44
14 38 16 19 23 160 230 205 126 29 123 123 66 32 4 3 1
57 114 41 65 33 329 517 379 226 31 134 142 69 33 4 3 1
457 630 280 409 327 7086 33889 125322 13602 780 15942 6478 8200 7449 16 321 5
3 4 5 6 7 8 9 10 11 12 13 14 15 16 17 18 19 20 21 22 23 24 25 26 27 28 29 30 33 34 38 42
16 132 197 302 309 305 223 123 109 98 55 62 35 46 24 39 18 14 7 15 6 8 9 9 3 1 3 4 2 1 2 1
16 143 307 649 1002 1574 1918 1603 1966 2521 2167 3325 2700 4920 2896 7042 3816 4823 2519 10088 4263 8365 10304 12406 3765 1958 7308 15190 11208 11208 27193 52030
3 4 5 6 7 8 9 10 11 12 13 14 15 16 17 18 19 20 21 22 23 24 25 26 27 28 29 30 33 34 38 42
16 132 197 302 309 305 223 123 109 98 55 62 35 46 24 39 18 14 7 15 6 8 9 9 3 1 3 4 2 1 2 1
16 143 307 649 1002 1574 1918 1603 1966 2521 2167 3325 2700 4920 2896 7042 3816 4823 2519 10088 4263 8365 10304 12406 3765 1958 7308 15190 11208 11208 27193 52030
