11 12 23 24 35 36 47 48
908 30 14865 1319 44647 4658 30162 3389
5218 106 179876 17704 200661 21843 50939 5708
316682 2578 4554990554851 879668959831 6042873885122700553 787039106645724940 3695810506826768 360079155189863
11 12 23 24 35 36 47
62 2 339 30 79 11 1
134 5 601 58 88 13 1
4084 26 22203293 73103 44762 259225 11
3 4 5 6 7 8 9 10 11 12 13 14 15 16 17 18 19 20 21 22 23 24 25 26 27 28 29 30 31 32 33 34 35 36 37 38 39 40 41 42 43 44 45 46 47 48 49 50 51 52 53 54 55 56 57 58 59 60 61 62 63 64 65 66 67 68 69 70 71 72 73 74 75 76 77 78 79 80 81 82 83 84 85 86 87 88 89 90 91 92 93 94 95 96 97 98 99 100 101 102 103 104 105 106 107 108 109 110 111 112 113 114 115 116 117 118 119 120 121 122 123 124 125 126 127 128 129 130 131 132 133 134 135 136 137 138 139 140 141 142 143 144 145 146 147 148 149 150 151 152 153 154 155 156 157 158 159 160 161 162 163 164 165 166 167 168 169 170 171 172 173 174 175 176 177 178 179 180 181 182 183 184 185 186 187 188 189 190 191 192 193 194 195 196 197 198 199 200 201 202 203 204 205 206 207 208 209 210 211 212 213 214 215 216 217 218 219 220 221 222 223 224 225 226 227 228 229 230 231 232 233 234 235 236 237 238 239 240 241 242 243 244 245 246 247 248 249 250 251 252 253 254 255 256 257 258 259 260 261 262 263 264 265 266 267 268 269 270 271 272 273 274 275 276 277 278 279 280 281 282 283 284 285 286 287 288 289 290 291 292 293 294 295 296 297 298 299 300 301 305 306 307 308 309 310 314 315 316 317 318 319 320 321 322 324 325 326 327 328 336 337 340 342 343 345 346 356 365 366 375 376
292 1221 2954 4941 7801 10047 12350 12486 13705 12762 13231 12168 12268 11168 11292 10374 10531 9465 9369 8810 8872 8042 8509 7575 8189 7339 7477 6919 6914 6365 6502 6018 6212 5700 5843 5187 5417 5151 5209 4648 4863 4316 4493 4110 4099 3834 4004 3608 3809 3519 3553 3270 3360 3085 3046 2870 2992 2745 2791 2511 2625 2455 2493 2256 2375 2084 2192 2037 2014 1930 1935 1760 1916 1717 1735 1622 1673 1587 1623 1427 1442 1325 1436 1272 1271 1296 1204 1137 1173 1091 1038 1026 1006 988 1009 872 974 848 920 806 857 793 791 697 732 712 684 644 696 656 680 606 571 558 463 516 548 485 507 493 484 458 461 425 406 398 420 377 362 383 363 360 341 329 342 317 298 300 287 279 278 277 281 256 252 223 205 186 243 213 198 189 210 195 188 178 178 176 180 178 162 151 169 156 155 141 126 142 133 122 122 114 128 127 112 111 113 107 87 89 68 98 94 88 107 92 103 72 78 58 67 52 75 71 65 71 59 71 52 55 64 45 46 57 54 34 49 34 52 42 45 39 38 35 48 28 32 36 43 28 46 39 37 25 19 29 30 27 26 20 26 28 20 19 19 16 23 15 16 15 16 23 15 19 16 13 11 13 9 13 8 12 9 10 12 15 17 7 15 7 8 10 10 15 6 8 6 3 2 4 5 6 6 6 6 4 5 2 1 1 3 3 5 1 3 2 4 3 5 1 4 4 4 3 4 3 6 4 2 1 2 4 3 3 1 1 1 1 4 4 3 1 3 1 1 2 2 2 2 2 1 1 1 1 1 2 1 1 1 1 1
292 1334 4147 9921 22336 43110 79088 122561 204787 290539 443541 600227 867357 1127758 1585248 2029848 2741179 3332195 4424282 5447512 7050456 8375255 11277527 12913862 17714507 20379252 26204552 30430430 38054070 43739003 54890499 62933658 77922066 90272450 111270155 121190490 150779273 178497681 213839270 232853660 290087682 304484232 384218779 414862517 491606389 557627560 673297740 745648580 901635920 1011714158 1202715553 1300782419 1540090227 1679792799 1922379033 2163414754 2545028777 2759548446 3240120241 3428696044 4068880759 4532349771 5329500952 5583037568 6747054132 6946882534 8203384648 8881261145 9818056629 10878536183 12681155040 13384414467 16133527259 16837665656 19605906489 20969217782 24000220433 26935156915 31183298192 32047784787 33907530761 35918920152 46295363131 45255999668 53936272086 60507141495 65471613197 67830127769 80864004099 82480718815 89841079132 97542921572 102152586709 120292828230 143089940630 145504792244 170923144145 169667587351 214892680693 210604536005 243484839852 248785103484 291215239477 276004766792 327611139495 356370374561 391974689235 404490358609 501482857264 518360199024 602823825085 591386386175 631913699664 713170511664 640913689351 775873915963 890784267638 957897625933 1118177252487 1161119805682 1263618999605 1321919280096 1446830333208 1546159467932 1675275285252 1773613140085 1945109959909 1992903964429 2163924958961 2530966565931 2693409308340 3032760267077 3035601436994 3301189264865 3835145407307 3894109950223 4011001004059 4306997757480 4837403244023 5186663964838 5523890653870 6002756919437 6750903188107 6883823956407 7354634075452 7253629573035 7106150017147 7225608492539 10691552925343 10106350420135 10263552754096 11253115785540 13061270778252 14389030755486 14097203685607 15285635622605 16184056709219 17947766971688 21716415385984 22488512711895 23061376910594 22663190733690 27247699306109 27453213635157 30890254433808 30948382569206 30582295262370 38319474737844 37047939328576 40097585024969 40318492215993 44076922553817 49695086124365 55941069183301 55406709120582 59280878220707 66508333318728 75581337987070 62375082848755 78432514828705 54154344601777 92965802273508 93944600917772 98968365644365 124621879984431 112082593355417 148077263243000 114165145564422 135186981849622 101483424617593 131388835104669 117550543038065 172770681733002 191700547733155 184788873183224 226479040173340 198998995167788 241072500050319 187860868100507 234468782947607 320055104100480 252278807303921 250043487069850 368374380845456 361334812261525 244109426923851 369663579718312 269174616567415 493440867556388 380612922277852 511789415155939 436617874538626 514430957149911 477707139730873 745662927942534 444621996722131 500597014060400 624027174609581 898347335413259 579876585006550 1092703548782407 1117304061435270 1120168744048550 794343448123341 578160645590106 974086845198742 1147340227144343 1166988746152902 1242179839024142 976636990705546 1482536460966260 1616038753107232 1231178017858529 1449436694429093 1452653523337080 1198676640630426 2065881641219599 1534501959541884 1750970593583867 1623739169754870 1771924995621198 3278805609063674 2199105447719660 3196768133153111 2890181275517474 2287798641128281 2159260794960955 2700064678796712 1846642444098254 2831812846099220 1760565262197168 2844855501851506 2324831414133253 3423366129106473 3561560148619043 6121076311053815 6998860303232553 2676143407233774 6201739819616346 3149594921062087 3784954556525913 6032403361096862 7083137621709186 10396143796668464 4314589103981074 6093750186331026 4954701014572200 2337151888686501 1744371838683174 3759188956521970 4949534969709617 7513464457532797 6967797547341328 8448026208070759 7785653667310761 6978116388150995 9142048054723592 3399572402394440 1896564103591584 2040825852575075 8473224328515182 6753791768702743 12168562616104529 5081905180091396 11137549344572160 6099067661078552 13115443758271540 13845182872031372 19082628156610372 7851844322978844 17507283310975962 19150367296317138 20937484279014688 16868978075851815 28948505840042845 18119291646286545 46844246940903845 29918260314042336 16060496769886080 10657331232548839 32750204542919782 58845062271925242 36807654057688395 40443098455395413 15142952738857194 20017426762576945 21458096037352891 23000006655487337 93650126117292501 100366126086057796 84915061022988009 30326181989842964 97464880054399962 34800954869440830 39919565526999991 85496156071909392 88520436579532724 94778002178815903 101467687864066516 180350869961099246 96450110192202760 117949491546113972 134819180623301520 144117936527873832 164637479165761044 351887119620845506 340122810048577428 610898403751884101 651688879997206959 1161537834849962850 1238057794119125085
3 4 5 6 7 8 9 10 11 12 13 14 15 16 17 18 19 20 21 22 23 24 25 26 27 28 29 30 31 32 33 34 35 36 37 38 39 40 41 43 44 45 47 53 54 57 86
1 13 26 45 49 92 75 69 46 57 48 48 45 30 27 20 13 21 20 12 15 15 14 15 7 5 8 9 6 5 6 5 2 4 3 3 2 2 3 4 1 3 2 1 1 1 1
1 17 37 137 165 539 589 932 796 1878 2105 2927 3786 4526 3791 5102 3250 7073 8741 6838 11526 19019 17128 29830 10425 17705 20011 48268 27122 26924 41790 45072 20338 39114 46542 91412 41318 35954 85760 178519 62370 194572 232870 147273 204226 329931 20506255
