1 12 13 24 25 36 37 48 49
4 71 712 2595 18140 7633 45872 4001 20956
32 166 2451 24755 172523 30967 181056 5945 29834
1318 4953 211657 5020642196579 559078413628109 640325850662950267 5493344078631509019 45441105989375 153186220523735
12 13 24 25 36 37
1 30 59 279 9 46
2 53 98 504 9 49
4 996 606458 36727394 6413 13584
3 4 5 6 7 8 9 10 11 12 13 14 15 16 17 18 19 20 21 22 23 24 25 26 27 28 29 30 31 32 33 34 35 36 37 38 39 40 41 42 43 44 45 46 47 48 49 50 51 52 53 54 55 56 57 58 59 60 61 62 63 64 65 66 67 68 69 70 71 72 73 74 75 76 77 78 79 80 81 82 83 84 85 86 87 88 89 90 91 92 93 94 95 96 97 98 99 100 101 102 103 104 105 106 107 108 109 110 111 112 113 114 115 116 117 118 119 120 121 122 123 124 125 126 127 128 129 130 131 132 133 134 135 136 137 138 139 140 141 142 143 144 145 146 147 148 149 150 151 152 153 154 155 156 157 158 159 160 161 162 163 164 165 166 167 168 169 170 171 172 173 174 175 176 177 178 179 180 181 182 183 184 185 186 187 188 189 190 191 192 193 194 195 196 197 198 199 200 201 202 203 204 205 206 207 208 209 210 211 212 213 214 215 216 217 218 219 220 221 222 223 224 225 226 227 228 229 230 231 232 233 234 235 236 237 238 239 240 241 242 243 244 245 246 247 248 249 250 251 252 253 254 255 256 257 258 259 260 261 262 263 264 265 266 267 268 269 270 271 272 273 274 275 276 277 278 279 280 281 282 283 284 285 286 287 288 289 290 292 293 294 295 296 297 298 299 300 301 302 303 304 305 306 307 308 309 310 311 317 318 319 320 321 322 326 327 328 329 331 332 333 334 343 344 345 354 355 356 357 365 366 367 368
283 1198 2639 4911 7291 8770 10080 10715 10882 10995 10898 10342 10405 9760 9551 9089 9084 8483 8288 8010 7949 7576 7464 7123 6984 6824 6344 6441 6336 5851 5866 5678 5523 5495 5365 5047 5074 4863 4629 4759 4489 4203 4141 3979 3992 3976 3806 3677 3595 3455 3282 3343 3307 3147 2954 2842 2798 2891 2776 2665 2684 2526 2424 2388 2416 2274 2105 2036 2029 2041 1998 1932 1904 1836 1789 1673 1682 1729 1636 1475 1421 1415 1392 1398 1368 1270 1278 1231 1258 1181 1134 1150 1016 1039 1011 1029 991 969 891 932 929 829 874 748 754 745 735 679 755 668 648 616 647 634 660 571 576 559 481 497 476 486 448 422 447 472 454 405 398 398 371 350 373 335 343 327 306 315 322 307 272 316 306 281 254 252 221 237 235 218 222 215 215 196 197 207 186 178 168 178 151 174 149 148 153 126 138 150 134 127 126 104 107 115 99 104 103 101 97 110 96 109 91 84 74 76 73 83 74 69 70 64 55 56 60 60 63 52 59 45 45 48 44 55 53 42 43 44 40 42 37 38 39 40 33 24 36 35 41 39 37 33 32 28 26 27 22 17 24 19 26 23 22 19 15 13 12 18 15 15 15 15 18 18 12 15 8 12 11 11 11 14 9 11 12 8 13 7 7 8 8 8 9 10 8 9 8 6 10 9 4 5 3 5 4 4 8 4 6 1 5 6 8 2 3 3 2 2 2 4 5 6 3 7 4 3 1 3 2 1 2 2 5 7 4 3 3 1 1 1 2 3 1 1 1 1 1 1 1 1 1 1 1 1 1 1 1 1 1 1 1 1 1
283 1270 3786 9727 21143 38570 67282 109544 168264 257265 377477 524028 749396 991882 1337291 1747593 2361049 2960540 3838105 4880297 6308896 7721588 9879386 12087335 14965037 18687714 21801723 27771100 33879044 39138006 47713189 58171680 70218038 84796653 101319389 115764835 140951368 162414885 188741424 230566094 262558840 292795960 349043745 397814911 476093476 564705145 647328265 728924252 840845932 941354852 1069703710 1246408876 1472246919 1632224784 1816965230 2036157252 2343620820 2856118788 3194096326 3577143546 4204113992 4450571051 5056046383 5579430169 6613988909 7011449096 7750248432 8709949743 9789755360 11394757617 12753162312 14292435043 16424879387 18038073630 20078909710 21090731956 24379630394 27761945196 29867665374 31218426313 34833952342 39283111118 43830695827 49957121405 55608352340 59264444510 67580503017 71581797042 85250213936 87265499437 94861699872 109097796462 111171420602 129482669585 140247007432 159976826495 177858293358 196262559641 203674797062 237734286932 265008978562 270141949413 306281184216 304533842932 333329715715 382240222479 410689600221 430837263617 522240679925 538873926159 570388850897 617615077961 721971080120 769368698741 902742536570 875583056533 953121620042 1004096207844 976970228615 1153833313423 1223774565840 1339866145870 1393296064120 1462345889559 1750946626046 1992354593059 2172756099724 2319714126660 2451846085854 2690258716950 2817962535962 2952787862679 3498241299779 3257894891046 3828257477750 4096972350912 4297111818031 4711189943681 5468196848239 5711466445296 5971974014023 7218418317729 7851991038390 8132506136063 7685456865486 9090803408846 8248992442461 9701298838848 10029410434309 10527788531584 11450242774310 12733232733631 13361793815809 15144221360673 15681165321005 18697614218019 18097949231014 18808253007296 19681671019013 22119574425103 20082652749165 25774358799218 24399539634739 27559141930167 29884337167276 27569019309098 33469150809707 40538475132181 39616533643724 41271869976712 44402024792161 41809734717116 44917040091280 50679720493914 50443863504026 56235454470461 64856367353464 69177783906170 73315882613990 86806764836970 85512835621262 109439601512037 97126606883434 102109903472144 101254137739949 102002084183460 106276803081116 127977846568884 124306246078087 121106819575094 142083623638124 129520115970996 135264155105754 138914477259594 177396989557876 184899199024809 222005610939578 176898092470995 247051776234261 182392183266236 206701765947705 251365313056475 251358305502449 333423231210290 372658717543239 301759959503516 360870866761218 404625741619530 411412369174095 432697358315266 445105084643095 440784274942471 522092904192486 553472345318797 515367318696228 368841089526286 623836634021776 656349222191923 869909104316163 930139101407363 927096839233397 977732411108396 985801635914222 862583060972571 930122595845271 934664932239364 783508475081805 738099430091849 1157552501557445 1010286389034381 1522697657384078 1378285095895701 1381766617096808 1474298495468954 1128818507782215 1166775341387958 994123320476069 1617116055240223 1442697547410406 1561355631349659 1658616654863697 1787795517115107 2585244200513708 2900768938890672 2217891128141250 2723263005497560 1544537864880672 2347794066551132 2185235888881362 2573918045795657 2535560925784903 3682246546589950 2304890164049233 3192462921442421 4032201227679562 3094387085837006 5142403658014665 2959128259075777 3282627044258852 3934235757802161 4244500306974588 4503427484830969 5353119596867682 6971651099976239 6225266095072366 7531867845552476 7849721674575281 5522458357605520 10214812074590658 11007121590410288 4949534969709617 6463266967601680 3480851357721545 7497601001009762 6862352297152780 5975691043726975 14270391818090555 6924129268508978 12873091713538143 1896564103591584 10823971099305139 13840449204715876 21974906086871347 5081905180091396 8404676161024625 9259205528227549 6795168023973546 7304861672142106 7851844322978844 21411807241249266 27543303690976514 34466599408586176 16480356453654882 46234255106039570 25052876018349206 19939198398354007 7479565078510584 24090745154829120 17240992550930050 9253082936723602 19861944784807002 20588303624952340 54843077853290725 83383498310384172 49969871952746099 42355987995840015 43380278069417204 16239786535829663 23000006655487337 24650106150830490 54720827974562329 88957384320681931 32488293351466654 34800954869440830 45772358543578028 49005643635237875 52462044228828641 56156602112874289 64325374609114550 68834885946073850 73653287861850339 78801255302666615 144117936527873832 154043597379576030 164637479165761044 298330063062758076 318555973788329084 340122810048577428 363117512048110005 610898403751884101 651688879997206959 695143713458946040 741433159884081684
3 4 5 6 7 8 9 10 11 12 13 14 15 16 17 18 19 20 21 22 23 24 25 26 27 28 29 30 31 32 33 34 35 36 37 38 39 40 41 42 44 45 46 50 51 52 53 54 56 57 89
1 8 20 35 24 63 48 50 46 44 40 51 33 21 28 18 14 20 11 16 10 5 7 13 14 11 4 6 7 7 5 4 1 1 2 2 3 3 2 2 2 2 1 2 1 1 1 1 2 1 1
1 10 29 94 84 353 326 653 703 1224 1503 3187 2578 2582 3746 4624 3730 9176 4887 8759 6977 4191 8044 20058 24016 27414 13418 19335 28901 41980 32221 42646 7436 18260 23540 36984 64935 77509 51403 123938 141398 127850 74676 300700 105558 124754 147273 173525 844767 329931 34262962
