23 35 47 59 71
3597 23292 42560 21771 8772
3234630 726708 318083 78375 12352
3988146690531804 18414174796128982843 10500963304982270279 748792439548706636 9510665006836
23 35 47
643 621 137
9401 1665 193
99023548 26344022 342068
3 4 5 6 7 8 9 10 11 12 13 14 15 16 17 18 19 20 21 22 23 24 25 26 27 28 29 30 31 32 33 34 35 36 37 38 39 40 41 42 43 44 45 46 47 48 49 50 51 52 53 54 55 56 57 58 59 60 61 62 63 64 65 66 67 68 69 70 71 72 73 74 75 76 77 78 79 80 81 82 83 84 85 86 87 88 89 90 91 92 93 94 95 96 97 98 99 100 101 102 103 104 105 106 107 108 109 110 111 112 113 114 115 116 117 118 119 120 121 122 123 124 125 126 127 128 129 130 131 132 133 134 135 136 137 138 139 140 141 142 143 144 145 146 147 148 149 150 151 152 153 154 155 156 157 158 159 160 161 162 163 164 165 166 167 168 169 170 171 172 173 174 175 176 177 178 179 180 181 182 183 184 185 186 187 188 189 190 191 192 193 194 195 196 197 198 199 200 201 202 203 204 205 206 207 208 209 210 211 212 213 214 215 216 217 218 219 220 221 222 223 224 225 226 227 228 229 230 231 232 233 234 235 236 237 238 239 240 241 242 243 244 245 246 247 248 249 250 251 252 253 254 255 256 257 258 259 260 261 262 263 264 265 266 267 268 269 270 271 272 273 274 275 276 277 278 279 280 281 282 283 284 285 286 287 288 289 290 291 292 293 294 295 296 297 298 299 300 301 302 303 304 305 306 307 308 309 310 311 312 313 314 315 316 317 318 319 320 321 322 323 324 325 326 327 330 331 332 333 336 337 338 339 342 343 345 346 348 349 351 352 353 354 357 364 367 369 370 373 375 378 385 388 394
251 1335 3733 9552 18181 51025 71297 97755 108022 120601 118615 121166 110471 116043 110318 106737 99714 99706 91972 92223 83741 85070 83145 80848 73116 75894 70183 68255 64155 65559 62265 62228 56583 56933 53791 52591 47357 50897 48821 47378 44484 44896 41686 42111 37734 39240 39021 37605 34588 35312 33421 32153 30303 30787 30074 30401 27163 27754 26290 25595 23185 24570 24040 23640 22302 22233 20592 20216 18601 19020 19357 18959 17384 17877 16620 16274 14815 15235 15246 15295 13892 13872 13631 12741 11450 12061 12182 11886 11453 11208 10462 10683 9338 9690 9832 9573 8801 8893 8372 7983 7602 7441 7573 7780 6980 6851 6706 6419 5717 6001 6054 5857 5619 5536 5122 5155 4454 4446 4865 4557 4211 4140 4013 3940 3528 3497 3521 3680 3306 3093 3127 2920 2587 2657 2673 2639 2558 2409 2263 2302 2078 2019 2081 2093 1910 1815 1736 1709 1562 1446 1531 1559 1478 1349 1321 1272 1085 1085 1079 1089 1047 1053 983 925 836 740 672 726 738 671 595 600 504 528 422 489 436 440 373 322 305 317 288 270 289 272 224 266 239 278 214 238 200 224 217 230 188 185 167 194 163 199 148 178 136 156 115 151 141 148 123 127 86 122 126 123 105 108 90 112 89 109 83 78 79 92 78 69 72 76 74 84 61 137 52 62 47 68 54 50 59 60 52 41 33 38 31 30 31 35 25 18 35 31 30 14 27 21 24 24 19 20 24 18 32 29 16 22 18 18 24 16 15 22 19 17 10 10 10 9 9 5 9 11 10 11 8 8 7 11 12 5 3 8 12 9 8 7 4 4 12 7 6 2 4 11 5 6 7 6 12 3 3 3 5 5 2 4 8 8 2 5 3 1 5 1 3 1 1 2 1 2 1 1 3 1 1 1 1 4 2 1 1 2 1 1 1 1 3 1 3 1 1 1
251 1465 5339 17799 43764 146533 266945 602760 968974 1721085 2492758 4127858 5328080 8593908 11058748 15868004 20435647 28638345 34082700 48901136 56581494 76559706 94159377 123232644 139622497 193167701 213673889 277466071 318094670 415606674 458006324 613214474 664100236 843890691 935855504 1180628474 1227004141 1682551843 1786598091 2253391667 2509934670 3127851245 3278483105 4367158443 4360764528 5621829858 6155763737 7569998365 8067294946 10127119388 10379405761 12963859560 13617509573 16579031206 17607173119 22767233245 22901448680 28470622267 29418323827 36402881828 36379773216 46482889563 47590580189 59920507158 63703453764 75119860860 76153247922 93652781836 92567702364 113107035856 121492034256 147704707594 157030859831 186662473444 183936762539 226863530246 228566707738 271377883767 289677886604 360454935249 362090951011 424277671964 445425149158 511421674001 502485327089 609894136831 635301430589 778359406399 847340977044 940642087995 955001541492 1208537020015 1105912391593 1374780255436 1425116091851 1702450361793 1789794955553 2085129033479 1975059204065 2373952613654 2424173324508 2667124714764 2863046834143 3538380178433 3595750916775 4069240060545 4168917662477 4850449678598 4706658286736 5708713768372 5696272654132 7017885123155 7485464919270 8153971612281 8109866473853 9879021074156 9033670520995 9952974374173 11735552892229 12770973624802 14062195460049 14977282465122 15173364366898 17761719364492 17261771098531 19010594317323 20531634451676 25791686311931 25644617357418 26480710456470 28283317209181 29558974793710 29463484253093 33496461603830 34630040436824 40400155014189 47539022035097 45717991036737 48372465775603 55608700318311 53548625862406 58752620893040 63971652742780 74974816082733 81664210568015 83023683581785 84289132422013 94068159602961 94955200477407 90564767235770 106458107409950 124865002798243 134079811506767 133891885331070 145287280174184 151301019747538 143142418104817 154871122432733 162031099698748 197289968007888 216649008009113 216282867719008 225712036083085 242927772056378 234767794141795 216171549785586 221505572565763 261099955985118 307710848873337 305290418852734 304036033242098 319139520319007 285977886785551 311500009089342 279517011132853 366639949469957 357554930320781 342791590527798 371737864931185 285514968389830 286360555905800 329097302225007 314387704324304 320284869319313 392131744279317 402303543732729 373037144692838 443749652164297 449049553438385 566260602456829 456528685034548 556647335292144 517396286423297 652176241519558 703548155188130 782782364505875 700309408574549 736398077241785 720046726063068 1004642235364153 889683535244932 1158147336174993 901064671877962 1225489227284137 963548036423518 1218475598205780 955198651048816 1490715853860101 1377664625626555 1746900999635914 1479215875320073 1611575582762169 1094974601493845 1866512806449683 1960853991154896 2150810849014487 1915888884441760 2144786922345319 2056773188593583 2918416359243511 2245236105402276 3052350885988805 2407720616651133 2509672484491500 2706923045560926 3660404268580505 3328248687543292 3065675004779409 3507572811811853 3910061909342128 4059696877297569 4922993282448869 3922055177361423 9069071952425923 3748778836478953 4897802116813124 4052792373767173 6505442254750603 5507834039941243 5494687778927603 7047769279278717 7696661715176445 7837556909206413 6186950974948298 6250215139282585 6769714205422090 5552472793338685 6387556499418940 6838516982212132 8973066112709861 6882481307982760 5715586082379967 10677028889357681 9437121603055882 10084444470721441 4758304415484005 10471954912945833 9412301563964289 11346737269653021 12000561470396566 10842923124169398 12296067591427005 13839567798782288 13369836654529198 24675240672477229 24731571884603062 15032972071331985 22501246030223513 18685252310498142 18320202602248152 27553184868558338 20294950046784170 22748474916067275 33397202725987176 28921302125039554 29914335377279860 17312352803792905 18402529028337379 18034942548989852 19254164533882822 21049497782428414 13352623078298045 28907431300282077 31272300603349574 33632840660978683 36388349356089292 26722017877836966 31342796580133797 26387489828752478 52210853567753178 60688558854220521 27543303690976514 14978447182697840 49052447738767713 69559768254131810 62632190045873015 59817595195062021 57781660890825660 30468943620474792 41921985596281155 109771821918166070 77414110772188311 72422242107405859 22871084155644208 58845062271925242 165750833380780718 81842641681013127 88809136285988786 127724624692692366 118376080140078169 233928190729633249 57360403361777673 62933618837282727 88916205385680456 123250530754152450 126781933719624122 56610040681992006 119283566310524895 253420012726862162 278407638955526640 74548811553496154 234227073661496118 125415721598909383 45772358543578028 238561647992869681 56156602112874289 188756099057895644 68834885946073850 73653287861850339 180350869961099246 96450110192202760 206302932643470650 110307860425292772 134819180623301520 432353809583621496 164637479165761044 175943559810422753 200882556287683159 214618299743286299 979618149821529624 523157814702288250 279363328483702152 298330063062758076 726235024096220010 572612058898037559 695143713458946040 790738119649411319 843250788562528427 3066423685102036086 1161537834849962850 4218622339684452162 2190401332423765131 2645418340688763701 3850538434667429186
3 4 5 6 7 8 9 10 11 12 13 14 15 16 17 18 19 20 21 22 23 24 25 26 27 28 29 30 31 32 33 34 35 36 37 38 39 40 41 42 43 44 45 46 47 48 49 50 51 52 53 54 55 56 57 58 59 60 61 62 63 64 66 67 68 69 70 71 73 75 80
6 46 67 234 219 616 442 855 533 1094 491 849 398 708 369 574 253 461 249 371 180 356 158 212 115 216 118 130 72 138 58 80 39 85 46 51 36 47 32 30 21 39 23 20 8 15 5 13 3 10 7 5 4 3 10 9 1 3 4 2 1 2 2 2 3 2 2 2 1 1 2
6 60 104 599 681 3117 2801 10491 7539 30211 15809 57220 26931 94732 54879 154088 66882 210588 112542 320164 162626 504053 220368 452585 261085 725131 389773 755871 386746 1286312 545535 989978 527395 1519964 689676 1235694 956218 1679778 1193570 1364911 1207020 3599891 1464966 2459363 1022004 3091868 441181 3046957 485915 3180072 1337372 1178184 1393039 767404 3577365 4481309 329931 2352779 3160938 1957263 1430440 2396907 4533246 4341942 5224890 6942254 6966520 6175470 6175470 5392783 18578182
