34 46 58 70
20349 45867 23205 10575
743265 389415 89200 15922
10002591194447071864 10375237543278105551 937411346488329930 42501039191319
34 46
551 184
1485 265
40345048 1268344
3 4 5 6 7 8 9 10 11 12 13 14 15 16 17 18 19 20 21 22 23 24 25 26 27 28 29 30 31 32 33 34 35 36 37 38 39 40 41 42 43 44 45 46 47 48 49 50 51 52 53 54 55 56 57 58 59 60 61 62 63 64 65 66 67 68 69 70 71 72 73 74 75 76 77 78 79 80 81 82 83 84 85 86 87 88 89 90 91 92 93 94 95 96 97 98 99 100 101 102 103 104 105 106 107 108 109 110 111 112 113 114 115 116 117 118 119 120 121 122 123 124 125 126 127 128 129 130 131 132 133 134 135 136 137 138 139 140 141 142 143 144 145 146 147 148 149 150 151 152 153 154 155 156 157 158 159 160 161 162 163 164 165 166 167 168 169 170 171 172 173 174 175 176 177 178 179 180 181 182 183 184 185 186 187 188 189 190 191 192 193 194 195 196 197 198 199 200 201 202 203 204 205 206 207 208 209 210 211 212 213 214 215 216 217 218 219 220 221 222 223 224 225 226 227 228 229 230 231 232 233 234 235 236 237 238 239 240 241 242 243 244 245 246 247 248 249 250 251 252 253 254 255 256 257 258 259 260 261 262 263 264 265 266 267 268 269 270 271 272 273 274 275 276 277 278 279 280 281 282 283 284 285 286 287 288 289 290 291 292 293 294 295 296 297 298 299 300 301 302 303 304 305 306 307 308 309 310 311 312 313 314 315 316 317 318 319 320 321 322 323 324 325 326 327 328 329 330 331 332 333 334 335 336 337 338 341 344 345 346 347 349 350 352 354 358 359 362 367 370 374 375 380 383 385
234 1260 3349 7707 12751 18292 22911 27120 28684 28597 29482 28081 28331 27138 26082 25122 25113 23466 23024 22555 22011 21027 20598 19897 19466 18901 18345 17816 17555 17006 16714 16050 15595 14718 14765 13977 14155 13544 13409 12803 12990 12063 11944 11481 11554 11039 10821 10423 10200 9886 9690 9355 9433 8943 8774 8505 8314 8060 7897 7594 7544 7433 7276 6998 6949 6595 6451 6261 6320 5900 5906 5557 5569 5334 5324 5103 5007 4835 4721 4608 4441 4283 4195 3887 3995 3901 3817 3692 3732 3456 3424 3209 3327 3133 3220 2941 2954 2826 2841 2645 2668 2566 2605 2502 2405 2279 2259 2206 2127 2120 2069 2092 1915 1916 1889 1871 1894 1799 1822 1656 1603 1516 1475 1481 1378 1424 1317 1296 1301 1278 1171 1119 1175 1248 1167 1140 1054 1017 1040 989 929 920 926 867 838 798 804 743 713 697 669 677 675 615 614 574 593 528 598 550 584 541 487 491 449 485 425 493 415 376 392 386 358 380 341 357 367 309 303 346 284 318 279 291 289 280 251 272 273 252 326 312 221 217 189 237 169 224 176 188 199 174 157 164 149 150 135 163 145 121 118 121 115 143 124 147 121 111 108 103 92 109 94 99 103 101 85 86 87 65 77 75 67 85 75 72 73 74 51 81 59 54 43 52 43 58 51 22 52 37 37 44 41 35 33 32 26 29 29 93 25 28 24 30 24 33 24 23 15 24 24 20 20 19 12 20 22 12 13 17 13 10 8 12 8 14 10 9 5 15 10 7 2 12 4 5 6 7 6 10 9 6 6 2 1 8 7 10 8 4 4 4 4 2 5 3 5 2 4 6 5 4 4 7 6 5 3 3 1 1 3 5 1 1 2 1 1 2 1 1 1 1 1 1 2 1 1 1 1 1 1 1 2 1 1
234 1405 4619 14421 34041 70933 130839 239609 379227 582973 897046 1277826 1868149 2589980 3482031 4626438 6402246 8099677 10591673 13879101 17688893 22090199 27969328 35088235 44054754 54049390 65519102 80697808 99798560 121204505 146838680 175368940 211230047 243070257 300743638 350668166 426684565 496784508 591409045 686007482 854920477 935045177 1096563590 1309698579 1542956351 1733555797 2041011205 2324810893 2716617296 3098795812 3561367230 4062379696 4959126522 5341905203 6184887057 7128914879 8085285989 9039198837 10370586189 11689380827 13485512075 15193812571 17070806681 18995857494 22222710502 24419652421 27342679246 31316166521 35481075992 38743434690 43562476223 47679982303 55004514970 61612266944 67201124395 75048519086 84435154119 93544536197 99997416980 118241170133 125618886404 139475853738 155553200601 164641894981 188676376612 212481145421 227537895761 263453766650 292244197575 305271400349 339875367617 359326343039 431281363391 448828392332 510284918114 546787633057 592153824313 671476938362 718417549911 768524733764 871362456846 960788512246 1075934679863 1208062668384 1238841587425 1306850958950 1467007017830 1576331978261 1693362144915 1966845880197 2078323927587 2350511611685 2402495792661 2731841140187 3008780030014 3275197866132 3666844388979 3832634624983 4210482494498 4517514829119 4765400896581 5254932810105 5481422049080 6022142603346 6306382407731 7196000060997 7253633086592 8168295805502 9125540247525 9839255278773 9988509714202 10441228683700 12509314208719 14158089144216 15326599653568 16465777078856 16018582437422 17589362820267 19752343186563 20520486432186 21391554779194 23462220172752 24975704086965 26990950252746 29046037632395 31293497284760 34826120696625 34438885755927 36863736500350 40745237651612 41259987783508 46679817194103 50377677200223 50250196025043 54881468198855 55299466703395 62048237091208 63422460205348 80210094701231 79167938783231 87795339578283 93894730278445 91788261200076 97747331956430 99233895096068 116897660676223 114780965504966 137095190303812 131900809859198 132247339988796 155009950837831 152613017826097 155045088574970 193951049096178 183802538820530 211954807699824 220688560070493 215396895618734 235439481898300 287038475920295 249026854327811 322321426169631 297894317522490 349891928969930 385328490468144 371954821741413 359911085967416 475309110306770 472925848929210 507462711299376 618435373631168 653423001399280 523919163341741 652154047473151 544250429876095 771984082094594 628128037659342 988617024464951 719949719201450 915271945434062 921557083081710 1014901838352858 922287341221225 1050192827948396 994181138731363 1228626672439262 1032597214234104 1570181293564295 1463678937838700 1268458879332331 1358914110665193 1741810707818648 1509351923437469 2163296554299129 2032912146007193 2522935078443200 2253718948980449 2484228832468611 2319056067936298 2470837792323405 2426652597900650 2980211799986610 2946389198302120 3585041847724914 3485577064940206 4223081881021985 3364841756715220 3774934569545373 4321889389806225 3959077929781357 4147640878432712 4973937301864182 4569285480279086 5909172553865640 6241506861211048 6498516610724686 6264310807654468 7141692928330413 5308545922376268 8943498976624890 6522396268563772 6870890170836233 5910374456021390 8456525125392885 7508982123657546 9334038363737476 9584820664806128 4200891869620880 12434021859737976 9765129955747856 9073488582047766 11507275754506369 12910814172751686 10600029434720330 10461383995586699 11990400892397534 9660889392776174 12761995885370477 15057532696290653 44537084787275814 15660054198556738 16735433539140408 13463729732355527 19349558593717561 18637525473630867 27848163215310431 19815878355206984 20990891597105270 14664289683933114 25232541579031302 26885494505396364 23445542516577521 26843844534191302 29186556575689040 17372807330453206 32445274377875545 41123051148639622 26588998875023234 25074755074404711 35580771354483422 29367761651836155 24199538926698692 19970153830949610 33991986638103259 27591332513378102 42060152333566382 32788609395678850 40788408823087780 18299443183023443 64615502869775398 44397937474067487 33766481465733390 10106409126225756 84968379200480241 22908741957947330 31092639900444721 39878396796708014 62727190214960489 45978757083928416 83843971192562310 82012573107995264 67483138379784810 60312193194566344 42629324930195356 12269218019229465 100832743781320437 97874193886737734 189688355090103199 140673909837604622 84722113471101211 90842825165095682 96049318423954982 102968472362436617 44458102692840228 144600437914296634 75716019935227306 141525101704980015 60652363979685928 123466839320995546 236668699532163282 181425127069125891 157033102357748050 168163799634864079 351057465810507564 294033861811427250 258853820550552439 157386132686485923 232523903905081666 64325374609114550 64325374609114550 216141461669774528 388858309072516799 84300815636225119 90175434980549623 192900220384405520 103151466321735325 126108517833796355 308087194759152060 164637479165761044 175943559810422753 188008647052292980 214618299743286299 229272286871217150 261578907351144125 596660126125516152 387632532919029223 413766180933342362 502957566506000020 695143713458946040 843250788562528427 1089657644424399782 1161537834849962850 3193350548981513582 1930656072350465812 2190401332423765131
3 4 5 6 7 8 9 10 11 12 13 14 15 16 17 18 19 20 21 22 23 24 25 26 27 28 29 30 31 32 33 34 35 36 37 38 39 40 41 42 43 44 45 46 47 48 49 50 51 52 53 54 55 56 57 58 60 61 63 64 65 67 70 75
5 21 25 66 64 108 92 125 122 105 80 93 59 75 69 56 60 38 40 44 43 31 33 29 18 18 13 21 9 20 12 14 21 11 5 9 9 6 7 7 7 9 2 2 3 4 5 3 2 3 2 1 1 2 4 1 4 1 4 1 2 1 1 2
5 27 43 186 221 595 630 1750 1940 3068 3133 5747 4495 9702 9907 13590 16092 15682 17415 30987 30166 33497 43689 47385 39717 48273 42995 78250 40245 160107 80831 110947 223221 118996 124600 191829 209014 181534 152420 258856 365044 544747 119259 150931 362048 383220 628919 706958 325541 841532 589092 204226 408452 844767 1456287 659862 2879602 614154 4195194 2860880 2087972 2600312 4647040 10785566
