21 33 45 57 69
2386 16733 44402 23952 12519
1739178 852992 438589 106451 20882
2654437270986 72193772974000540514 6676799247594554475 1220694284756711080 295074389274189
21 33 45 57
545 619 208 3
7807 2228 320 3
353625010 22134652 807497 8
3 4 5 6 7 8 9 10 11 12 13 14 15 16 17 18 19 20 21 22 23 24 25 26 27 28 29 30 31 32 33 34 35 36 37 38 39 40 41 42 43 44 45 46 47 48 49 50 51 52 53 54 55 56 57 58 59 60 61 62 63 64 65 66 67 68 69 70 71 72 73 74 75 76 77 78 79 80 81 82 83 84 85 86 87 88 89 90 91 92 93 94 95 96 97 98 99 100 101 102 103 104 105 106 107 108 109 110 111 112 113 114 115 116 117 118 119 120 121 122 123 124 125 126 127 128 129 130 131 132 133 134 135 136 137 138 139 140 141 142 143 144 145 146 147 148 149 150 151 152 153 154 155 156 157 158 159 160 161 162 163 164 165 166 167 168 169 170 171 172 173 174 175 176 177 178 179 180 181 182 183 184 185 186 187 188 189 190 191 192 193 194 195 196 197 198 199 200 201 202 203 204 205 206 207 208 209 210 211 212 213 214 215 216 217 218 219 220 221 222 223 224 225 226 227 228 229 230 231 232 233 234 235 236 237 238 239 240 241 242 243 244 245 246 247 248 249 250 251 252 253 254 255 256 257 258 259 260 261 262 263 264 265 266 267 268 269 270 271 272 273 274 275 276 277 278 279 280 281 282 283 284 285 286 287 288 289 290 291 292 293 294 295 296 297 298 299 300 301 302 303 304 305 306 307 308 309 310 311 312 313 314 315 316 317 318 319 320 321 322 323 324 325 326 327 328 329 330 331 332 333 334 335 336 337 338 339 340 341 342 343 345 348 349 351 353 356 358 361 363 365 366 369 372 373 375 376 377 378 381 384 385 387 390 393
265 1348 4202 9397 16955 31345 40667 48862 97627 101485 107179 102299 102074 97552 94743 87782 85778 81068 79608 74695 73429 69356 67725 62624 60660 58408 57557 53196 53281 50478 48754 45508 44002 41793 41995 38816 38186 36855 35420 32539 32297 30259 30331 28320 28207 26517 26180 23873 22889 22020 21977 20377 20584 19223 18667 17522 17236 15992 16422 14876 15054 14136 13970 12683 12775 11443 11565 10978 10924 10056 10291 9211 9062 8447 8573 7693 7953 7127 7193 6550 6508 6100 6375 5624 5857 5220 5420 4850 4964 4315 4693 4050 4355 3885 4029 3553 3735 3294 3481 3079 3431 2929 3112 2754 3083 2783 2974 2474 2773 2541 2587 2316 2624 2254 2389 2098 2297 2100 2110 1946 2126 1803 1929 1562 1853 1692 1806 1482 1724 1458 1546 1339 1490 1441 1447 1300 1395 1260 1342 1131 1326 1155 1254 1016 1072 1123 1076 935 1033 934 957 817 902 831 876 767 885 784 804 676 870 676 739 616 717 667 664 567 628 574 642 525 663 529 528 499 526 521 472 428 499 454 462 411 452 423 343 358 350 414 392 293 364 330 285 351 289 305 274 256 243 239 216 223 204 234 190 193 202 195 204 172 157 192 158 147 142 170 143 148 139 104 123 112 131 154 137 118 115 194 112 105 103 131 101 94 92 86 93 59 113 75 67 69 69 60 58 64 52 47 55 48 43 45 47 44 45 45 33 40 40 37 42 24 35 42 30 30 34 28 33 38 26 35 28 28 22 27 15 26 26 17 14 24 16 24 10 12 13 18 14 14 67 11 15 13 8 12 6 10 11 12 5 9 3 11 4 8 3 11 20 7 5 4 6 13 1 4 6 7 5 8 4 5 2 4 3 6 8 5 4 5 1 3 4 9 2 1 3 5 1 5 3 1 2 3 1 4 3 11 2 2 4 1 1 1 1 1 4 1 1 2 1 2 6
265 1482 5794 17557 43595 106421 200740 377617 951790 1348042 2368843 3410380 5276226 7208929 10557517 13739979 18959669 24097374 32949917 41589981 55062321 67197861 88782489 106601141 132750693 160490710 206687017 242973893 309656987 362032477 451197547 525040586 621930977 713309164 903658396 1032694267 1242104719 1447082067 1720883866 1945436448 2303891857 2535227311 3120060054 3576487409 4209971441 4683542867 5620819473 6142626206 6944224287 7750362950 9138196216 10349534595 12146962572 13296661551 15686829623 17568580496 19581355967 21068938476 25324975915 27523196481 32129119165 34786852462 40618583936 44067244931 49315561556 50487533787 60631199689 66862910654 76196957820 80398214622 95975156327 101065038471 111649278803 114938912424 135527914935 142863859011 165470924445 166694250774 198501188908 208795606971 229281800074 235194702658 277942695893 284034635475 329255454655 324551823112 399775378860 400867208181 440873147909 430669762492 533968516549 511671421182 610132546253 594247401505 702496117868 676128872933 788155103202 758568688765 899451866928 872855483156 1108918061197 1027563104619 1328484584243 1217148234497 1621600057945 1549087573035 1836604162163 1763721418556 2240749114768 2190389632073 2615140160033 2531210518290 3258123301145 3037751097543 3795953974280 3535341679727 4622096993639 4337905030553 4936603452633 4852321710092 6522667283822 5651797422316 7379358604531 6219733175136 8280019195059 8128525473346 10030699483536 8677736668932 12140492119221 10518733965653 12491087274767 12094397928116 15533622439489 15219468181087 18247107070654 17117789717695 20871454346283 20218798345784 24822067771772 21870099926049 31186001864167 27080772673319 33326128486492 29663144700357 35430693128905 37342439262265 43979520952996 40548537280545 51506595582804 49110106256923 57473326944481 50956762721870 67682595605642 62327110628605 76060495185596 71241093436168 96954680819930 85135426130054 103836247585928 91768603168293 131584938714534 109745999060625 138048634434865 120149142689910 175876572380715 155844465111613 171560903293770 168349162991182 207559652878943 194332266921195 263709229202489 220712891214226 302079539994821 264892271145326 293095238001447 284806412534509 377013983244693 379846366423260 383489632617740 370445904191100 495935930219584 448144995733080 559710561099256 490261546576435 611978226613551 613962193061409 563891156465970 621126481022294 724822779993511 813799965496891 873721602924814 722626437240304 1003828903182084 898124729206736 933852371385965 1183146470921202 1066862608865274 1281686226832415 1140928194258230 1179855333869759 1225637817518152 1375291912991843 1277047148395363 1501839980453441 1413872299308868 1783372387999093 1643293589561556 1794404134868947 2014806746575317 2142493722586687 2417716929062982 2206609798970951 2277710276389819 2863791788634887 2414659557638707 2592188193411065 2747735757042688 3561975600208975 3152796429001434 3638464033251461 3566197142502398 3041815877870567 3742741941655153 3709280876152251 4704901331890102 6259797044453226 6164369025672625 5444485201516617 5859266644604823 9636807218106545 6687449608556884 7074330819733075 7043920346867844 8892416816934264 8302300251191507 7748358562412230 8739051189127069 8826089371801393 9651459956864611 6852889621905626 15612879932553773 10048338218984385 10770634284983358 11082799006894716 12058136235459990 11198334455444683 12507348312491434 13343068619947026 12734810180229190 13223089786954778 15262342995531380 13832077664430256 13370957928200906 14126886238089170 15844761059710216 16711361438857743 17441986883876197 19242584317397419 15699874202709068 21452734209192956 23980991482309319 22681559812434968 27496207892388945 18259773185736021 26307801157900899 35032351866849728 26677298077699290 27772617965777281 34241471144704473 28357415706392534 41604125939506683 43357999069408234 38750655138954735 55990792272264366 40014882804327331 44389123302009005 43093120449818239 54207711375251353 30148826273393190 57533826574376540 57394372722325091 42420088380231846 33656470813063083 70015099829715955 47531535222858744 89937558403642186 37765398619041858 45952519924418009 59843639006896871 83131173333869728 62241483614573358 64538739227840812 357259584918037070 76001546331929939 94135594972658780 85957703193965255 55247625136449905 93638341480434321 47117092068911031 90693723796461380 99253565658925314 120967967633086725 52560297322598857 109686155706581450 35973978116281034 161285834001639523 56474650661120020 132189414355405990 48719359607488989 244771191634762577 372172457825554211 154755660248709236 125867237674565454 130290486842251792 146250537409639787 410293011757910364 26415807633566326 147588586651520898 192767648747176234 232043376496214930 183898577976433138 378034377267984598 168163799634864079 219788951195020144 94778002178815903 297490262405018016 168469806338622867 404942457970496788 570488321943134938 339664918393409950 294613151447401356 383710341631700523 84300815636225119 264651685597324365 379525765557157903 914960484636552795 220615720850585544 220615720850585544 378325553501389065 665385240327002435 144117936527873832 823187395828805220 602647668863049477 214618299743286299 489809074910764812 838089985451106456 340122810048577428 1550530131676116892 1413942192805196340 5903469773417602331 1221796807503768202 1303377759994413918 3162952478597645276 958728697912338045 1022141228367345362 1161537834849962850 1238057794119125085 1319510599727473500 5624829786245936216 1701169427975813525 2056513475336633805 4380802664847530262 2484305294265418180 5997928895472904388 21706276583205626538
3 4 5 6 7 8 9 10 11 12 13 14 15 16 17 18 19 20 21 22 23 24 25 26 27 28 29 30 31 32 33 34 35 36 37 38 39 40 41 42 43 44 45 46 47 48 49 50 51 52 53 54 55 56 57 58 60 61 62 63 64 65 66 67 69 70 73 74 78 82 90 91
2 28 54 314 188 651 307 922 393 977 458 832 385 672 261 519 217 469 191 370 133 278 98 223 74 220 71 132 39 126 40 102 32 105 24 56 19 58 22 46 14 38 12 24 5 24 5 21 2 18 8 8 3 10 3 11 5 1 4 1 2 2 6 1 1 5 1 2 4 4 4 1
2 31 84 723 560 3443 1892 10769 5180 25205 15012 50846 28145 86753 39640 135860 62800 207117 96941 269976 109282 353027 142961 485551 172013 610720 243063 652506 232649 973408 330406 1157763 437309 1521452 395360 1606468 556543 1889312 667903 1945078 932063 2607288 741812 2634879 527656 2742967 405439 4224500 422232 3917665 1756916 2133714 1021130 6772859 719829 4781896 4273128 451276 4089188 715220 2262260 1953325 9154476 1741630 2323520 12686107 4087968 8175936 30415528 51961628 146301270 44108109
