32 44 56 68
15439 45695 25155 13708
740839 502047 115246 24598
6047507469295159198 16207807433687395506 1458901748230952458 700569212406823
32 44 56
745 223 7
2822 355 7
158783076 1171886 91
3 4 5 6 7 8 9 10 11 12 13 14 15 16 17 18 19 20 21 22 23 24 25 26 27 28 29 30 31 32 33 34 35 36 37 38 39 40 41 42 43 44 45 46 47 48 49 50 51 52 53 54 55 56 57 58 59 60 61 62 63 64 65 66 67 68 69 70 71 72 73 74 75 76 77 78 79 80 81 82 83 84 85 86 87 88 89 90 91 92 93 94 95 96 97 98 99 100 101 102 103 104 105 106 107 108 109 110 111 112 113 114 115 116 117 118 119 120 121 122 123 124 125 126 127 128 129 130 131 132 133 134 135 136 137 138 139 140 141 142 143 144 145 146 147 148 149 150 151 152 153 154 155 156 157 158 159 160 161 162 163 164 165 166 167 168 169 170 171 172 173 174 175 176 177 178 179 180 181 182 183 184 185 186 187 188 189 190 191 192 193 194 195 196 197 198 199 200 201 202 203 204 205 206 207 208 209 210 211 212 213 214 215 216 217 218 219 220 221 222 223 224 225 226 227 228 229 230 231 232 233 234 235 236 237 238 239 240 241 242 243 244 245 246 247 248 249 250 251 252 253 254 255 256 257 258 259 260 261 262 263 264 265 266 267 268 269 270 271 272 273 274 275 276 277 278 279 280 281 282 283 284 285 286 287 288 289 290 291 292 293 294 295 296 297 298 299 300 301 302 303 304 305 306 307 308 309 310 311 312 313 314 315 316 317 318 319 320 321 322 323 324 325 326 327 328 329 331 332 333 334 335 337 339 340 341 342 344 346 347 348 349 352 355 359 361 363 365 367 369 379 380 382 384
215 1334 3742 8298 14331 20423 26634 30255 32627 33797 34185 32675 32683 30905 30717 29363 29181 27161 27007 25761 25059 24019 24300 21985 22817 21139 20596 20271 19888 18356 19038 17821 17415 16735 16455 15678 15784 15037 14935 14364 14034 13272 13027 12730 12273 12200 12031 11242 11451 10612 10533 10092 10101 9064 9401 9007 8682 8475 8492 8186 8090 7715 7619 7491 7462 6886 6729 6747 6541 6220 6256 5775 6011 5715 5519 5383 5443 4970 5078 4960 4929 4675 4640 4224 4195 4197 4069 4044 4102 3786 3718 3626 3422 3395 3315 3248 3289 3125 3025 2930 2926 2742 2717 2717 2534 2600 2410 2378 2420 2343 2333 2233 2154 2130 1948 2044 1855 1900 1830 1738 1797 1742 1610 1594 1483 1476 1384 1502 1352 1417 1306 1292 1235 1256 1187 1202 1127 1192 1043 1006 978 984 988 928 960 923 908 843 863 768 782 801 730 727 772 690 650 640 659 625 605 571 598 576 563 494 548 456 535 455 431 467 423 410 381 402 394 377 464 363 348 329 332 334 349 325 302 297 353 271 293 284 255 261 234 255 223 238 269 217 215 223 196 211 191 218 162 172 180 163 169 154 177 140 138 149 145 131 137 150 113 121 112 113 97 103 113 105 97 104 91 104 101 108 87 71 70 88 88 81 85 88 75 66 120 60 67 62 53 48 54 52 39 54 42 42 43 37 61 30 34 28 34 34 31 27 29 27 29 35 28 11 26 25 20 32 22 25 19 21 19 19 29 18 17 16 11 23 10 13 11 12 8 8 13 7 7 11 11 6 6 13 6 11 7 6 54 4 5 5 5 4 5 5 8 3 7 5 4 5 2 2 5 2 3 6 3 2 3 6 2 4 5 3 1 1 5 2 1 2 1 3 2 1 1 1 1 2 2 1 1 1 1 1
215 1481 5263 15501 37592 79204 148449 263362 430193 688869 1032978 1495518 2126827 2967583 4082317 5511962 7412375 9513327 12529292 16237553 20464875 26310667 33491593 39404423 52067240 62580660 76163927 94889232 114045091 136488143 169666288 199749023 236198448 285235920 340498322 400922832 479746944 565030786 669048215 799779755 905766139 1055694135 1233934436 1462972580 1642520508 1979281076 2265766701 2535566377 3030271552 3372105564 3909999975 4504768823 5107028554 5591480577 6762862387 7427420879 8242712113 9569095149 11164763391 12522869628 14006593722 15913891959 17845086029 20507860226 23094624876 25285024805 28439664559 33027837149 36573912289 40955384291 46085070723 49509198088 57211745899 62925846608 70537968986 80079468352 87662494996 96889042908 109185731853 121901547854 138614669961 151448460482 167035647554 177496513516 196362585107 227399861934 245075252355 271498066181 316787825871 340617012126 372977111696 409320542232 429919944498 494140400925 524943006649 600982010980 660391826206 732817634101 797462105921 876812691872 936919939988 1018687844289 1130531230576 1275251658710 1343991972746 1529603832721 1557191201611 1747254924828 1933826539275 2212858823754 2361423942824 2509435013239 2772406132672 2945058030209 3153787939179 3668005314930 3566876371573 4342212031263 4448089671461 4728481634297 5360100692901 5948816560786 6102096231452 6595491441057 6714878164399 7808583709881 7579645707117 9703059254263 9335996354746 10980090769581 10849721881009 12363993652441 12365078014028 14906620126277 15090271836601 17088045969935 17725412493477 20886318139184 19773808201013 21229300449004 21784926642826 25219553834914 27327412289838 29420470644201 31341429045734 35650902304061 36662900048014 39185222307235 41281693715755 42513536496200 45303422008432 53487347986184 55895349383385 56957783443533 67828312368566 64863564463810 67472600263382 77769537762992 83576218296775 91900059284112 95971079916847 94644665382716 113812811018831 118827869804315 121563817802535 123848011597246 148451601130611 129816287970817 170095675132240 156876991592675 161244780113865 195694141912901 188930688485472 214360363184666 212291237782588 243120993415984 258000542684286 266787844838277 380078615726875 313503611771035 311394983946481 319224627002557 385694459915316 388749888298651 470639391740985 424243340995404 469991436357532 514054834950448 609258471087369 538740916083382 623742309081838 632526068689083 686454766266440 728260570484887 707715902379500 846262877155870 797313459593508 954941772802421 1095183465702789 963811323150067 1124824799313347 1170575036426270 1162436879955423 1402708179350553 1271299653345837 1600218415753107 1318348099748326 1548141930565563 1886724490189120 1749529265878782 1885286834228143 1911920659931085 2379923760684082 2022734508567131 2182731513129050 2496217822602209 2744558781167177 2788801988128607 2922366350213615 3543504318034495 2909855481586982 3623640909066573 3439955482859735 3865403844328242 3411203108260729 3655423825986632 4699330562588139 4881143570631485 4843668963215476 5442551283512687 5240778663703168 6455532125361288 7387268987901753 7904365437755809 6631375019842941 5870002720510579 6206367957726874 9036274398536472 9133622023435700 9082702773240813 10555706892812101 11028713075409494 10572527701082861 10754320192715480 17671949818217704 10766315238595180 13403707443998617 13194254996967286 12198260413465480 12465826177451812 13749462556961561 14642822890220644 13560425629117405 18051262872008546 17015393418915793 15427236721586144 20278477193588079 14733535461484789 33230909403441960 15227979474003380 17746443453990931 18348108603555306 21103677846179420 25733803125153974 24015130444381383 20101854226051015 22976440013602668 28690175665647610 29376309510627732 36449885954326385 34031943008387615 15107969929073083 35198193291290179 39971112427410428 36245588850876258 55172564674969450 38530178971264714 46503837408977686 36929368664553636 46010180203843545 47200942169573666 44782307525569557 79087135519656345 49634730514174971 48519410224128295 59914939170363154 38920153199994070 93026403123310775 47537534372925956 56176725812601208 48302461404340791 60972000227138706 50532045631128780 53535864173042864 75182760946082415 54865063293520534 47802598975137331 80220356126357412 93609564087154200 49952233981224195 54885910959083035 127746862189885715 62491269715002358 143992781940047762 84217174251791533 74508307991205029 758582004844231066 58523230808274398 79005265085203377 84722113471101211 90842825165095682 94703379960978401 107290480186764455 133374308078520684 190600451225271308 77481721417963142 196245929679542344 230482486025661946 186281314662305164 169379451311255798 74548811553496154 79839131053999982 205254852652909365 88520436579532724 140550360722393931 311315864779381080 164775248454577219 184536074288447638 197485635164302950 441919727171102034 157602510605333230 326204141877783468 475975875749360663 330923581275878316 117949491546113972 126108517833796355 674095903116507600 308087194759152060 175943559810422753 376017294104585960 200882556287683159 643854899229858897 523157814702288250 318555973788329084 413766180933342362 471314064268398780 536679070310691121 1221796807503768202 1390287426917892080 790738119649411319 1498478743590581081 1596675274490756791 1812356499739472950 2056513475336633805
4 5 6 7 8 9 10 11 12 13 14 15 16 17 18 19 20 21 22 23 24 25 26 27 28 29 30 31 32 33 34 35 36 37 38 39 40 41 42 43 44 45 46 47 48 49 50 51 52 53 54 55 56 57 58 59 61 62 63 66 67 68 72 84 89 90
24 49 94 110 183 125 237 143 237 140 164 130 142 97 124 76 100 75 68 59 106 54 55 82 61 33 33 32 39 39 23 19 17 18 24 14 18 13 9 17 10 9 3 13 12 5 15 6 3 2 1 2 5 2 1 1 1 1 1 2 1 1 1 1 1 1
32 78 211 332 963 903 3101 2438 6740 5007 11165 9616 17142 15651 31003 20211 39136 33702 51810 48043 117417 75624 110948 138453 173509 106467 162987 145094 280359 301604 251676 221984 267976 281701 622938 263539 555524 550799 332597 942314 715992 602020 150931 1264626 1577524 740051 1656530 1168152 736365 468071 294546 612678 2754235 1126356 1126356 659862 1053646 1430440 1228308 3543166 2600312 3483260 6175470 15796476 34262962 68525924
