2 4 5 7 8 9 10 11 12 13 14 15 16 17 18 19 20 21 22 23 24 25 26 27 28 29 30 33 34 35 36 37 38 39 40 45 46 47 48
2 2 3 3 1 7 11 9 6 6 6 3 8 6 6 10 5 59 81 77 47 40 50 42 13 1 2 13 17 18 11 11 8 7 2 3 2 1 1
2 4 3 5 1 8 20 9 6 7 6 3 8 6 7 11 6 80 98 93 59 44 52 46 15 1 2 14 19 19 11 11 8 8 2 3 2 1 1
7 6 8 11 4 15 52 15 32 13 11 15 14 23 32 89 578 3797 6633 23576 1845 65418 2188 2407 264 30 10 470 26672 5186 5856 314 761 2050 25 179 33 56 7
2 4 5 7 8 9 10 11 12 13 14 15 16 17 18 19 20 21 22 23 24 25 26 27 28 29 30 33 34 35 36 37 38 39 40 45 46 47 48
2 2 3 3 1 7 11 9 6 6 6 3 8 6 6 10 5 59 81 77 47 40 50 42 13 1 2 13 17 18 11 11 8 7 2 3 2 1 1
2 4 3 5 1 8 20 9 6 7 6 3 8 6 7 11 6 80 98 93 59 44 52 46 15 1 2 14 19 19 11 11 8 8 2 3 2 1 1
7 6 8 11 4 15 52 15 32 13 11 15 14 23 32 89 578 3797 6633 23576 1845 65418 2188 2407 264 30 10 470 26672 5186 5856 314 761 2050 25 179 33 56 7
3 4 5 6 7 8 9 10 11 12 13 14 15 16 17 18 19 20 21 22 23 24 25 28 29 32 34 38 46
6 58 93 89 70 73 51 51 23 24 17 30 17 10 18 15 16 6 8 4 5 4 3 3 1 2 1 2 1
6 63 129 194 237 394 430 670 460 736 710 1618 1446 1008 2046 2686 3188 1584 3146 1766 2450 2838 3588 5874 2436 9130 6842 29766 63261
3 4 5 6 7 8 9 10 11 12 13 14 15 16 17 18 19 20 21 22 23 24 25 28 29 32 34 38 46
6 58 93 89 70 73 51 51 23 24 17 30 17 10 18 15 16 6 8 4 5 4 3 3 1 2 1 2 1
6 63 129 194 237 394 430 670 460 736 710 1618 1446 1008 2046 2686 3188 1584 3146 1766 2450 2838 3588 5874 2436 9130 6842 29766 63261
