22 34 46 58
6139 39446 41731 12678
292137 499997 160833 21572
178100164066 20014227986255863314 2613760673401496779 204356197211366
22 34 46
495 217 2
2071 383 2
7641745 1400177 2
3 4 5 6 7 8 9 10 11 12 13 14 15 16 17 18 19 20 21 22 23 24 25 26 27 28 29 30 31 32 33 34 35 36 37 38 39 40 41 42 43 44 45 46 47 48 49 50 51 52 53 54 55 56 57 58 59 60 61 62 63 64 65 66 67 68 69 70 71 72 73 74 75 76 77 78 79 80 81 82 83 84 85 86 87 88 89 90 91 92 93 94 95 96 97 98 99 100 101 102 103 104 105 106 107 108 109 110 111 112 113 114 115 116 117 118 119 120 121 122 123 124 125 126 127 128 129 130 131 132 133 134 135 136 137 138 139 140 141 142 143 144 145 146 147 148 149 150 151 152 153 154 155 156 157 158 159 160 161 162 163 164 165 166 167 168 169 170 171 172 173 174 175 176 177 178 179 180 181 182 183 184 185 186 187 188 189 190 191 192 193 194 195 196 197 198 199 200 201 202 203 204 205 206 207 208 209 210 211 212 213 214 215 216 217 218 219 220 221 222 223 224 225 226 227 228 229 230 231 232 233 234 235 236 237 238 239 240 241 242 243 244 245 246 247 248 249 250 251 252 253 254 255 256 257 258 259 260 261 262 263 264 265 266 267 268 269 270 271 272 273 274 275 276 277 278 279 280 281 282 283 284 285 286 287 288 289 290 291 292 293 294 295 296 297 298 299 300 301 302 303 304 305 306 307 308 309 310 311 312 313 314 315 316 317 318 319 320 321 322 323 324 325 326 327 329 330 331 332 334 335 336 337 338 339 340 341 342 344 345 346 347 348 353 356 361 362 364 365 369 371 372 377 378 380 389
416 1776 3995 8009 12962 17074 22738 25244 28106 27311 29434 26406 26863 24672 24579 22356 23319 20547 21064 19664 19685 17384 18592 16011 16664 15491 15255 13941 14948 12640 13231 12352 12392 11137 11986 10272 10995 9892 9955 9213 9583 8467 8675 8061 8108 7280 7819 6847 7131 6743 6766 6147 6564 5635 5824 5628 5525 5152 5535 4783 5098 4616 4602 4272 4431 4006 4195 4001 3936 3619 3841 3413 3576 3325 3207 3058 3178 2700 2839 2781 2716 2508 2669 2348 2557 2363 2270 2146 2283 2022 2086 2049 1974 1829 1987 1770 1786 1769 1709 1524 1679 1523 1476 1550 1443 1275 1425 1292 1303 1283 1241 1159 1248 1106 1076 1094 1079 979 1037 946 975 949 888 849 934 838 825 852 794 709 796 663 689 743 708 659 713 598 631 631 592 553 567 484 526 514 515 439 470 440 443 492 443 398 476 402 354 383 321 366 352 298 308 327 307 309 318 284 261 284 281 282 264 241 215 274 228 202 236 202 202 199 202 191 173 171 167 191 200 172 171 144 140 146 150 149 126 119 108 116 119 115 105 100 84 103 107 88 96 89 86 86 72 91 75 73 78 61 68 74 75 59 72 71 62 55 61 54 58 62 63 59 45 40 50 61 63 44 32 35 37 39 32 40 30 35 29 31 31 26 27 31 22 28 25 21 21 29 17 19 26 23 16 20 18 15 16 14 16 18 12 15 17 11 9 19 11 7 15 16 8 7 7 9 6 8 24 12 4 21 7 7 5 6 9 6 9 4 3 4 6 3 3 2 7 5 4 4 4 3 4 3 2 2 4 1 4 4 4 3 3 3 3 2 1 3 2 3 6 5 2 1 3 1 3 1 5 4 2 1 1 3 2 2 2 1 2 2 1 1 1 1 1 1 1 1
416 1934 5641 15285 35155 69770 131302 227680 378750 558175 898810 1224749 1770728 2391624 3348055 4211635 6025537 7373003 9833436 12445981 16549925 18716405 26053952 29087355 38094892 45870116 56962680 65054414 87271698 94188282 119571923 139145507 174028168 187645315 249651169 263813562 333207663 370946508 454042390 491987082 621306762 670199304 811596084 897294421 1099333435 1124792260 1473679950 1525000120 1879053748 2057525693 2489383880 2566822119 3253547303 3295817457 3954372963 4436668705 5193454877 5446522248 6903341763 6936681396 8494661236 8891326136 10606484497 10873657314 13271951047 14296435629 16666275893 18308433746 20967691210 21297183807 26614933127 27015719707 31839836785 34265510817 38573812831 40454557424 48882429712 48160858609 56033761549 63051360290 70292278205 71469855598 87722218961 88615179144 110354469139 114160215302 126444583101 129777896194 157008838922 161104088173 183827665755 202979442257 223650222970 231278673466 281892865479 288745597916 323289783473 357372607400 395398891184 384656980654 490701717266 508268239433 530282388012 610594066748 661118199000 640723256260 836754867498 843402806414 902349213428 1005908990880 1113845176551 1135242042864 1418043816423 1415104243763 1484128940965 1675658751890 1890971052970 1834025922639 2173371543075 2292292482233 2507479989138 2690644951041 3037672620270 3106346484782 3819781049312 3864294214413 3986567912147 4537888434231 5031096455733 4583522251560 6003884356281 5642404267042 6101532860150 7322475392790 8109765901284 7848358732983 9417656338075 9497289004913 10389845794036 11415760116920 12098075760271 11985260452135 14488414648927 13266385612163 15108605607147 16646360245092 19314519334512 17209564755845 21037292924901 21561420134412 23905386585448 28057645036919 29817594539982 27063246806886 37507912719063 34628674943601 33219864201690 38810893139078 37799716890961 45330985582943 48856051296097 48494899544879 52282565030424 58953272192734 64823424990738 68917562128876 80542225358856 78315434637604 73723836140415 90180365447620 102944581253764 107376777308150 114759806369081 114303079539078 108536997532889 150092124830062 131743673367702 133154125950985 173460307661780 153659085644840 165319033291141 192938443972782 210682284687958 216491994713638 203620276603447 235116608867294 237542900583967 293835626890514 333439985612149 303391802591613 326007313147216 318034923101503 341458241710396 355004850560677 427761325971419 470798882433494 418013005410026 451462189038449 413576226451250 495453943180336 539715433978761 649701384246982 582106921549838 615961912454585 533126728980220 711430882108049 861430047285169 833601653627425 871704222195707 929725045266479 996836391754579 1051477780363949 871254937190562 1302599202813843 1171772535488622 1288579898507117 1438033090192958 1234291003957989 1482980716695977 1621165991253563 1749508817451665 1511731384923400 2092943804772735 2113284244536696 2085917069473590 2007269648752580 2578504437845965 2254146592627018 2603900262134050 3079206845768707 3649336368343233 3613217824416735 2768227566116246 2902790385363866 3600534180449201 4459735304070708 5252869514560619 4155359672718494 3402555287784278 3737814056988839 4223263987487520 4794452346555240 4477428307977222 5798583820883471 4710911349383702 5702871895646967 6389193470833494 6210092491388904 6830630279543490 5914872299853506 7145771378041729 8355242854822005 7188391926277997 9313689678709495 9212892953067076 8637603960161521 7754508201674256 12342975537771819 7633528679345475 9682654884500983 12813643844366662 15055919993772352 10381312191019550 12481065494961768 13551584742183681 11573067204311731 12981245407246052 13503190805506835 15196508633131794 18530425387132947 14654248699318737 18339603412873923 19847100320194629 15008285212151834 14266275847190660 27708089159717350 17428666280278901 12874395788959478 28867883281587879 31643381398316763 18399528803547525 18065588994425713 19292121885276038 24020096871422304 16617431728547413 27335200438243763 87149953587467218 45442826276249449 15156705995120950 88607159100328995 31110042691678620 33766481465733390 30681560391958856 43040833424620175 53941103748714725 38473134517490955 67262621356374595 29404545379727583 23540061848396664 41331737705759170 63506407234548060 29792917177210503 31971993697646517 22092873310370943 94819040388206276 64918089599460281 56474650661120020 72641893473554403 63862312346346183 52242540399441885 74685953198401456 58706341824754254 41475522799929836 46000013310974674 96950325107978807 26415807633566326 137746676290120661 117262404661677934 129953173405866616 102090203090348314 106876315515629737 119758696580999973 128244234107864088 91544717087156056 49005643635237875 168469806338622867 116261951952540833 192976123827343650 413009315676443100 394006276513333075 168601631272450238 90175434980549623 289350330576608280 103151466321735325 330923581275878316 117949491546113972 630542589168981775 539276722493206080 308087194759152060 164637479165761044 175943559810422753 564025941156878940 401765112575366318 558726656967404304 680245620097154856 471314064268398780 1005915133012000040 1145224117796075118 610898403751884101 790738119649411319 899175348396088349 958728697912338045 1319510599727473500 1406207446561484054 1596675274490756791 2816759503217942792
3 4 5 6 7 8 9 10 11 12 13 14 15 16 17 18 19 20 21 22 23 24 25 26 27 28 29 30 31 32 33 34 35 36 37 38 39 40 41 42 43 44 45 46 47 48 50 51 52 54 55 59 60 62
4 31 42 120 96 210 114 195 135 214 113 159 91 109 55 98 42 78 34 73 40 42 31 53 26 33 16 21 14 28 9 16 11 17 8 9 6 16 5 10 2 5 1 4 4 3 2 1 2 4 1 1 1 1
4 39 70 284 281 1199 815 2442 2048 6006 3894 9389 6833 11605 7522 22654 11352 32578 16085 50601 28034 53485 36117 104186 45583 84386 48380 91722 76748 224744 57709 191463 109827 200206 104988 198631 127750 518529 165595 343847 123938 276406 44583 291692 362198 315272 283826 211116 396781 1519902 204226 772310 526823 715220
