22 34 46
1641 1205 215
6271 1768 237
2216546 459038 16785
22 34 46
1641 1205 215
6271 1768 237
2216546 459038 16785
3 4 5 6 7 8 9 10 11 12 13 14 15 16 17 18 19 20 21 22 23 24 25 26 27 28 29 30 31 32 33 34 35 36 37 38 39 40 41 42 43 44 45 46 47 48
36 228 488 724 876 946 823 708 581 494 366 336 269 213 193 149 114 110 101 73 63 67 44 37 51 40 25 18 20 7 16 4 8 6 7 7 3 5 8 4 2 1 2 1 1 1
36 260 772 1503 2949 4685 6634 8362 10737 14065 14808 18959 20858 24035 27231 32626 27221 37875 42900 41514 41151 63299 53814 60460 87933 112837 62951 65006 84200 29175 110333 37150 83677 63825 111644 145673 69269 123877 320967 99682 68523 74676 119259 63261 126522 75175
3 4 5 6 7 8 9 10 11 12 13 14 15 16 17 18 19 20 21 22 23 24 25 26 27 28 29 30 31 32 33 34 35 36 37 38 39 40 41 42 43 44 45 46 47 48
36 228 488 724 876 946 823 708 581 494 366 336 269 213 193 149 114 110 101 73 63 67 44 37 51 40 25 18 20 7 16 4 8 6 7 7 3 5 8 4 2 1 2 1 1 1
36 260 772 1503 2949 4685 6634 8362 10737 14065 14808 18959 20858 24035 27231 32626 27221 37875 42900 41514 41151 63299 53814 60460 87933 112837 62951 65006 84200 29175 110333 37150 83677 63825 111644 145673 69269 123877 320967 99682 68523 74676 119259 63261 126522 75175
