0 1 2 3 4 5 6 7 8 9 10 11 12 13 14 15 16 17 18 19 20 21 22 23 24 25 26 27 28 29 30 31 32 33 34 35 36
4 10 18 27 19 34 27 51 51 70 108 80 146 98 135 159 163 162 163 159 148 160 125 131 130 116 104 85 78 66 56 43 31 25 19 14 4
110 39 79 234 27 275 53 309 123 257 322 195 429 226 324 355 353 305 236 216 178 180 147 143 142 119 105 85 78 66 56 43 31 25 19 14 4
6907 405 1395 8563 402 7926 1035 8160 6681 7268 13378 7353 20570 15573 26487 45080 75904 239340 380070 1775194 2042055 506184 1281921 261705 845802 411379 300955 152894 88513 54631 33424 11315 7190 2597 635 85 7
0 1 2 3 4 5 6 7 8 9 10 11 12 13 14 15 16 17 18 19 20 21 22 23 24 25 26 27 28 29 30 31 32 33 34 35 36
4 10 18 27 19 34 27 51 51 70 108 80 146 98 135 159 163 162 163 159 148 160 125 131 130 116 104 85 78 66 56 43 31 25 19 14 4
110 39 79 234 27 275 53 309 123 257 322 195 429 226 324 355 353 305 236 216 178 180 147 143 142 119 105 85 78 66 56 43 31 25 19 14 4
6907 405 1395 8563 402 7926 1035 8160 6681 7268 13378 7353 20570 15573 26487 45080 75904 239340 380070 1775194 2042055 506184 1281921 261705 845802 411379 300955 152894 88513 54631 33424 11315 7190 2597 635 85 7
2 3 4 5 6 7 8 9 10 11 12 13 14 15 16 17 18 19 20 21 22 23 24 25 26 27 28 29 30 31 32 33 34 35 36 37 38 39 40 41 42 43 44 45 46 47 48 49 50 51 52 54 58 62 66
19 28 130 166 409 387 696 555 674 482 572 335 311 199 185 97 114 64 68 49 52 32 36 17 27 18 26 8 18 9 13 7 18 8 8 5 9 3 7 4 6 8 3 1 3 2 3 1 2 1 2 1 2 1 1
19 32 192 370 1401 1955 5190 6410 11931 12955 23183 21027 28655 25244 33555 20483 30402 24664 30482 30985 39404 32772 40141 27272 47841 43108 71344 29322 84226 49628 93328 69750 161956 90615 139183 82636 214990 85194 208140 141197 260932 365426 243999 53174 201697 150350 253443 105558 294546 147273 468071 281589 1053646 966467 1741630
2 3 4 5 6 7 8 9 10 11 12 13 14 15 16 17 18 19 20 21 22 23 24 25 26 27 28 29 30 31 32 33 34 35 36 37 38 39 40 41 42 43 44 45 46 47 48 49 50 51 52 54 58 62 66
19 28 130 166 409 387 696 555 674 482 572 335 311 199 185 97 114 64 68 49 52 32 36 17 27 18 26 8 18 9 13 7 18 8 8 5 9 3 7 4 6 8 3 1 3 2 3 1 2 1 2 1 2 1 1
19 32 192 370 1401 1955 5190 6410 11931 12955 23183 21027 28655 25244 33555 20483 30402 24664 30482 30985 39404 32772 40141 27272 47841 43108 71344 29322 84226 49628 93328 69750 161956 90615 139183 82636 214990 85194 208140 141197 260932 365426 243999 53174 201697 150350 253443 105558 294546 147273 468071 281589 1053646 966467 1741630
