0 12 24 36 48
3 1136 19093 50275 29472
994 7125 398993 266763 61238
44356 883471 557986897573336 696701976896919596 956430672422087
0 12 24 36 48
1 123 594 131 2
2 329 1331 154 2
2 10907 33107309 626743 140
3 4 5 6 7 8 9 10 11 12 13 14 15 16 17 18 19 20 21 22 23 24 25 26 27 28 29 30 31 32 33 34 35 36 37 38 39 40 41 42 43 44 45 46 47 48 49 50 51 52 53 54 55 56 57 58 59 60 61 62 63 64 65 66 67 68 69 70 71 72 73 74 75 76 77 78 79 80 81 82 83 84 85 86 87 88 89 90 91 92 93 94 95 96 97 98 99 100 101 102 103 104 105 106 107 108 109 110 111 112 113 114 115 116 117 118 119 120 121 122 123 124 125 126 127 128 129 130 131 132 133 134 135 136 137 138 139 140 141 142 143 144 145 146 147 148 149 150 151 152 153 154 155 156 157 158 159 160 161 162 163 164 165 166 167 168 169 170 171 172 173 174 175 176 177 178 179 180 181 182 183 184 185 186 187 188 189 190 191 192 193 194 195 196 197 198 199 200 201 202 203 204 205 206 207 208 209 210 211 212 213 214 215 216 217 218 219 220 221 222 223 224 225 226 227 228 229 230 231 232 233 234 235 236 237 238 239 240 241 242 243 244 245 246 247 248 249 250 251 252 253 254 255 256 257 258 259 260 261 262 263 264 265 266 267 268 269 270 271 272 273 274 275 276 277 279 280 281 282 283 284 285 286 287 288 289 291 293 294 296 297 298 300 301 302 303 304 305 306 308 310 311 312 313 314 315 316 317 318 319 320 321
355 1515 3401 6272 9811 14043 16793 19109 20088 20071 19616 19170 18526 18338 17215 16545 15824 15130 14463 14361 13695 13403 12499 12167 11698 11517 11270 10940 10429 10403 9672 9580 9179 9061 8613 8436 8193 8229 7868 7559 7157 7257 6868 6755 6507 6351 5972 6006 5702 5652 5516 5418 5036 5079 4753 4716 4504 4532 4311 4173 4059 4208 3835 3741 3453 3571 3331 3289 3228 3192 2944 3027 2780 2820 2748 2797 2588 2613 2324 2293 2237 2230 2069 2086 1919 2085 1824 1885 1739 1815 1678 1738 1615 1598 1452 1436 1362 1349 1383 1289 1270 1248 1122 1165 1092 1083 1021 1002 938 949 888 886 877 875 804 814 782 776 730 681 662 665 636 617 565 599 523 542 509 480 469 427 481 497 422 390 379 398 371 373 365 372 306 272 295 313 329 342 277 279 271 214 243 255 253 260 220 216 196 190 191 192 195 175 152 162 168 150 154 155 127 127 103 117 141 121 106 120 87 113 85 96 117 87 99 68 77 74 73 79 61 63 66 61 60 53 65 55 45 41 44 54 59 50 33 29 32 41 50 40 38 26 33 34 29 40 35 24 34 14 29 24 25 23 18 17 14 10 22 18 21 9 19 14 7 15 12 18 10 14 8 16 13 18 14 12 10 4 14 10 14 11 8 10 6 8 8 13 10 7 4 3 4 4 4 4 6 3 4 2 8 6 3 3 1 1 1 4 3 3 1 1 1 1 1 1 1 1 2 1 1 1 2 2 2 2 3 1 1 1 2 1 1 1 1 1 1 2 1 1 1 1
355 1673 5083 12773 29112 60736 109393 190897 302985 459502 675284 972471 1364892 1918674 2530191 3361859 4389388 5683789 7204176 9479360 11849231 14936224 18133477 22725622 27873248 34791528 43511144 52434951 62826285 78529459 89851862 111705341 130901429 156974841 181549739 219842418 255437876 311192373 362977182 422579631 482576535 592004915 655333272 771915457 908345035 1039930538 1172417040 1425542886 1557081960 1807484808 2081293707 2402848117 2605914085 3119455555 3370984474 4009778165 4368138636 5120726524 5692268789 6520564734 7365061792 8935817376 9412492776 10446910270 11010032560 13510063781 14102786931 16337140726 19036778574 20591874831 22021944846 26572242622 27245588841 31477756955 36048045048 42446809082 43441443509 50951493135 50461905910 57076627836 64979028704 73238008663 74936987327 88145082508 92238476112 111970340965 113061533361 132332034053 137854948371 163804116860 171065002232 192288612920 207599056517 233061628569 236338026402 268061147939 281868515229 305096033199 361309686350 370554094465 417013997107 460702599269 461066514424 538342258558 570265062884 616094925772 666722403089 744384923837 764410216599 871619233731 897158786521 1001196412803 1084816096117 1234594128639 1297974129669 1350891290638 1574682755272 1684748940707 1699532166730 1840660867336 1914728772829 2135659439214 2391117541942 2499490112869 2420181720155 2997862953147 2876326634584 3301067052882 3338732938159 3646856536348 3768439283012 3943962878101 4850012694219 5526815509146 5258752453462 5408198041242 5568967854668 6737381073791 7060452374928 7896387263242 8306966051136 9404892807255 8316256586751 8497276572477 10256065676093 10994110160701 13441028301680 15520281221233 13528559836248 15243403448261 15778018414849 13744819791975 17355299569526 19640970038256 21785117676669 26697407413070 23607688637707 27120180111638 23289279584218 26092083291277 27829781405568 29936693220421 37399885478640 33641803689574 32764700144152 39568164181249 41212524742353 42681612202271 48471099417367 52320462854088 50122640090785 54950378350276 45941853661365 59747313218146 73936063655385 70936739656480 68234565631391 91722415624555 62777229400570 94377836315635 76527070492404 92913128489026 123634020279334 106289157619117 140223781327111 94465134078890 112050848854007 127937217008872 126896475762872 155056749757557 145350960008382 155350305516753 169450122670286 150789758589221 165632658838340 163317226103628 219909606488632 245356912999501 212322267915619 175605793805441 204434274430266 272491432167039 333339256969372 305024863138764 202947365983499 204900243676900 242066375440295 366889880299660 485153966140509 402694790553975 424920066705025 320325133856340 441062215972906 481342599614025 442340705808766 683251006381375 622945558504046 451243652195192 822004717547924 348081658361758 688175629729525 706532273733818 725339661007749 744683816515020 656946495889954 755417604059175 755559516870096 568621385227125 1021898003527420 891509032554468 1102135969687658 610961709343092 1459498139780822 1095284204683063 642691740381313 1253623027511413 1263421371505762 1855068944493118 1215735815794498 1830966633907519 981002212973370 2226723805233178 1958609358007615 3053442315284002 2385337303824737 2220879554452623 1905705159894675 848481327155498 3144363218634430 2727386681994391 3473399314977477 3039994524868253 2226568516993295 3170968664778888 2061595292257377 2586022749279365 3365513399224872 5155704467462942 5051191361074188 3414674450130808 2230503420164737 1604145188725827 2225759959602350 2397020182913566 2584571079139570 2633181785690125 4396832243255620 3059912842376873 3553892055315894 1879594478260985 8999598689461101 7594505471540286 3480851357721545 5060852301321096 2624103601632430 1637293969337171 1637293969337171 8945677835820660 7874779912333318 8318263869407741 2195786311682516 2540952590045698 2540952590045698 2938929793929555 3160137867148997 6320275734297994 3652430836071053 4219388528587095 9744076112944168 10468742139507344 11245985383901210 6039763882095515 21411265366902246 22989378541964208 16650744660408065 17873579212188627 28437138265850705 9930972392403501 11435542077822104 13162217895057704 28237325330560010 15142952738857194 32479573071659326 18671488299600364 18671488299600364 20017426762576945 23000006655487337 49300212301660980 26415807633566326 26415807633566326 30326181989842964 32488293351466654
3 4 5 6 7 8 9 10 11 12 13 14 15 16 17 18 19 20 21 22 23 24 25 26 27 28 29 30 31 32 33 34 35 36 37 38 39 40 41 42 43 44 45 46 47 48 49 50 51 53 54 55 57 59 60 62 65 74 77
7 30 32 92 72 158 101 134 118 136 94 105 85 84 60 67 38 36 39 24 27 34 11 13 21 14 10 31 14 17 11 8 4 14 5 8 5 11 2 6 4 1 5 3 2 3 4 1 1 2 3 1 1 3 1 2 1 1 1
7 38 47 218 236 913 790 1822 1987 4011 3637 7048 6668 10682 8476 16830 10014 14453 20210 17516 21283 46854 13400 30488 46952 36144 30282 129888 70268 109724 83156 85066 45908 229473 118373 199232 109504 345113 53931 276584 244908 31185 280489 165188 150931 385047 470309 300700 211116 546986 2061822 204226 386155 1516616 526823 3160938 1932934 8175936 10785566
