17 29 41 53 65
2211 24537 51476 19823 1950
70979 661877 294623 52764 2042
111647488 13691731038388961867 11182670725987623240 56783664210300807 32879530
17 29 41
347 428 19
3553 889 24
5388357 12392754 10276
3 4 5 6 7 8 9 10 11 12 13 14 15 16 17 18 19 20 21 22 23 24 25 26 27 28 29 30 31 32 33 34 35 36 37 38 39 40 41 42 43 44 45 46 47 48 49 50 51 52 53 54 55 56 57 58 59 60 61 62 63 64 65 66 67 68 69 70 71 72 73 74 75 76 77 78 79 80 81 82 83 84 85 86 87 88 89 90 91 92 93 94 95 96 97 98 99 100 101 102 103 104 105 106 107 108 109 110 111 112 113 114 115 116 117 118 119 120 121 122 123 124 125 126 127 128 129 130 131 132 133 134 135 136 137 138 139 140 141 142 143 144 145 146 147 148 149 150 151 152 153 154 155 156 157 158 159 160 161 162 163 164 165 166 167 168 169 170 171 172 173 174 175 176 177 178 179 180 181 182 183 184 185 186 187 188 189 190 191 192 193 194 195 196 197 198 199 200 201 202 203 204 205 206 207 208 209 210 211 212 213 214 215 216 217 218 219 220 221 222 223 224 225 226 227 228 229 230 231 232 233 234 235 236 237 238 239 240 241 242 243 244 245 246 247 248 249 250 251 252 253 254 255 256 257 258 259 260 261 262 263 264 265 266 267 268 269 270 271 272 273 274 275 276 277 278 279 280 281 282 283 284 285 286 287 288 289 290 291 292 293 294 295 296 297 298 299 300 301 302 303 304 305 306 307 308 309 310 311 312 313 314 315 316 317 318 319 320 321 322 323 324 325 326 327 328 329 330 332 333 334 335 336 337 338 339 340 341 342 343 344 347 348 349 350 351 353 354 355 358 359 360 362 364 365 369 373 378 382
446 1969 4419 8810 14046 18667 23807 26185 28656 28699 29749 27451 27854 26297 25337 23227 23257 20730 21042 19541 18897 17726 17945 15930 16350 15675 15311 14340 14712 13152 13538 12861 12605 12214 12556 11020 11375 11066 10717 10207 10701 9522 9870 9379 9141 8820 9022 8019 8449 8074 7903 7317 7580 6904 7045 6892 6828 6489 6643 5738 6104 5807 5821 5559 5856 5117 5387 5054 5005 4769 4904 4330 4574 4394 4400 3995 4133 3685 3908 3750 3815 3646 3666 3244 3426 3266 3255 3068 3111 2900 3001 2770 2757 2660 2616 2475 2502 2424 2409 2289 2336 2097 2033 1949 2148 2000 2071 1790 1785 1787 1773 1725 1705 1589 1651 1545 1546 1381 1473 1305 1404 1372 1326 1208 1241 1149 1114 1123 1131 1074 1149 996 1014 962 936 977 905 880 885 843 846 808 756 690 709 751 728 655 679 636 614 585 592 611 570 588 557 489 525 510 528 479 448 453 426 410 379 377 372 428 382 348 356 335 285 335 326 309 288 295 316 261 235 268 240 282 205 236 222 211 206 222 194 204 185 173 171 181 167 178 153 154 142 155 131 149 143 142 131 127 105 132 120 104 91 109 117 98 96 80 86 102 74 84 88 70 73 58 71 63 63 72 49 66 51 59 55 33 35 45 51 44 53 43 48 40 36 45 38 34 50 50 44 28 32 36 27 32 23 36 38 21 27 31 27 31 32 27 20 18 35 18 14 19 17 15 21 16 15 16 9 10 21 23 14 12 14 13 8 13 14 4 8 9 9 12 11 8 9 12 9 10 8 9 7 7 11 8 11 8 11 6 5 8 9 12 5 5 4 3 10 3 5 8 2 4 4 4 3 6 5 3 2 2 1 1 3 2 1 3 3 3 1 1 2 1 1 1 3 1 5 1 1 2 2 2 1 1 1
446 2115 6393 16663 38408 76397 140179 240278 399399 598574 938046 1295784 1892636 2619005 3546654 4462208 6194991 7444303 9990225 12315708 15701036 18782077 24637282 28142722 36309438 44042394 55076856 62852610 81464932 92339271 114786078 135875469 165220176 188404696 245365722 259002040 322375148 386441188 448776035 500627857 648074275 689068043 843736826 992961322 1170017632 1282898690 1587908878 1713795371 2066678285 2370146874 2770958091 2908275078 3665443074 3909156477 4547778169 5265266077 6137943053 6685544865 8255300240 8189824863 9919445085 11152992581 12923941497 14015051456 17590162433 17841182566 20764289547 22970227772 26886581443 28148756429 33453508222 34004792630 40785850456 45549237677 53584270351 53898057783 64724758955 66848836589 77068126200 86411030279 101497309670 105274659135 124713501538 124016202312 150902949069 163202971128 184870000396 186982774874 224698452019 237624579441 270919984146 286479081658 327022471985 347921917685 390206147865 425681255262 465031058426 512083367656 583261942105 607613011747 698177807871 716066995077 747314958584 839947040427 1073652547263 1047036570982 1284782873099 1215827290207 1293126652790 1495406705959 1719613741756 1797592483660 2065755500656 2043810869319 2395482352566 2568630081759 2907371437275 2740036369876 3271099929044 3346071355599 3849711007152 4127111333027 4574818559831 4600131807466 5253011879365 5361703243285 5749462628576 6406847732595 7449481746225 7446242458892 9007327171287 8658784886629 9609287818856 10062951422942 11172845445027 12469768767074 12726343844915 14224863693073 15202991383872 16725905357456 18499805542684 19541928540954 19896348006203 20114284434460 22225275322183 25828641289522 29886765008613 27791300020923 31051613655697 33377885169978 34247711638318 36396902743997 42262821151373 46524328202559 47478379577333 55644143360727 54097038357008 52649695306487 64456807293243 63065944897706 75950710002015 77185583933231 77209307546763 85164912622959 94931140032379 91079918407805 89107495232325 103992457779842 108487481235648 137539792021249 135946082548554 134816979685389 151848712685124 164761209264812 144525695709884 182998585624688 206455358121004 207783677203167 215116805708310 242904909284775 264043031225548 256411739286195 248001472300304 299673676992649 293251455844509 414056054749920 287834589093427 400933571564968 400795717398666 399446484011958 423526353114915 517078359988736 474675781733054 555870817860633 531691025384448 523259495924078 606105703175062 702829156908731 659854524987301 762517061351070 740064265481701 832404728966637 827271143205083 1023879683431769 858259180695088 1101090725803044 1168483811347509 1232486935886070 1245926019375672 1341043501750777 1142036097253549 1511583373821125 1555641961727525 1441932278165773 1393145086055066 1854344611519139 1996823348925574 2058249323023760 2015847817912335 1831438042315314 2159603464548595 2819540607029068 2121530693160335 2838973215017853 2917902806795677 2548406849809315 2962706448878758 2700641069510925 3446475477097300 3219104643730755 3515111482813090 4343307655121567 3645057738868353 4821602924583466 3726043948879391 4668817011064077 4711829974425776 3035375710098189 3464186403340525 5128098089297752 6642660485568768 5760847413091784 7025822407439685 6067124214208734 7496995994689174 7448772361538199 6627155420635519 9248235021139054 8829099528974724 8417095813295148 11836780077398423 14155360702814327 13098838520388043 9440227616214908 11782711691732021 13381729540012283 11309915735737594 14400917618723528 9700775285884257 17222209514568075 19187809573388030 11716626468517154 16227189238757282 19404344723851672 18637525473630867 23697148374104640 25261279071658967 23739156916625744 17906201680935975 20465316475986040 36240350692878561 22825603874622594 16534425822386300 25491616408549244 24321816765192515 21307007568599965 36784654074249818 29863586813697576 32123868806633787 36094574438935152 18843012760621948 26848734241155777 55760907900431249 70524925866252216 42229437415505145 39975751906839751 48589298731423835 55890425136294048 30313411990241900 52797786301948524 68769674850648684 19150367296317138 45297674561375108 53898197186324452 62686461991746475 74711717810064045 73749295483453683 78165496389098400 69518818932325080 114784468951290500 80747399785478110 94564497734275717 100762441604325686 98250613628759346 82549822368976811 101725743657148676 160815949051359351 144259496873531617 173153482909263948 134615866675907832 194070597797526383 116066745186531927 104409141637212563 220748602846066694 215250557376101798 302864079740909224 139635888997550338 177914768641363862 123466839320995546 102090203090348314 365323705045559029 119758696580999973 205254852652909365 357106026825754228 140550360722393931 202935375728133032 217237292683405860 228575156178289411 266320521110376800 427464521423772567 388858309072516799 247402886575116853 180350869961099246 186625545172752383 96450110192202760 110307860425292772 353848474638341916 244058009379910327 134819180623301520 432353809583621496 462130792138728090 564025941156878940 200882556287683159 214618299743286299 458544573742434300 244904537455382406 279363328483702152 298330063062758076 955667921364987252 387632532919029223 2068830904666711810 441622981929358437 502957566506000020 1145224117796075118 1221796807503768202 1581476239298822638 1022141228367345362 1406207446561484054 1812356499739472950
3 4 5 6 7 8 9 10 11 12 13 14 15 16 17 18 19 20 21 22 23 24 25 26 27 28 29 30 31 32 33 34 35 36 37 38 39 40 41 42 43 44 45 46 48 50 52 53 54 60 61 64 74
1 40 32 147 129 331 236 439 245 435 256 372 223 240 120 192 91 141 90 122 51 67 31 55 41 61 21 49 19 29 10 22 12 32 10 13 3 13 5 9 7 4 2 4 4 1 2 1 1 2 1 1 1
1 50 48 366 379 1821 1395 4974 3315 11604 8799 23339 16955 32990 17273 45532 21840 56204 45248 90568 39750 76422 43919 105038 78473 176534 59538 199331 108698 243278 106752 225475 105162 425790 219152 479722 80008 441752 91837 541861 363058 416240 104060 389216 1083654 150350 505662 294546 408452 1667800 1228308 2860880 4087968
