7 19 31 43 55 67
215 2665 32030 48304 16755 24
18914 59831 592917 230608 37500 24
2953716 230565076 10140658202022100090 4615605601991956418 6922420387325274 24
7 19 31 43
53 326 346 13
1314 1647 767 15
105240 4344962 10537466 957
3 4 5 6 7 8 9 10 11 12 13 14 15 16 17 18 19 20 21 22 23 24 25 26 27 28 29 30 31 32 33 34 35 36 37 38 39 40 41 42 43 44 45 46 47 48 49 50 51 52 53 54 55 56 57 58 59 60 61 62 63 64 65 66 67 68 69 70 71 72 73 74 75 76 77 78 79 80 81 82 83 84 85 86 87 88 89 90 91 92 93 94 95 96 97 98 99 100 101 102 103 104 105 106 107 108 109 110 111 112 113 114 115 116 117 118 119 120 121 122 123 124 125 126 127 128 129 130 131 132 133 134 135 136 137 138 139 140 141 142 143 144 145 146 147 148 149 150 151 152 153 154 155 156 157 158 159 160 161 162 163 164 165 166 167 168 169 170 171 172 173 174 175 176 177 178 179 180 181 182 183 184 185 186 187 188 189 190 191 192 193 194 195 196 197 198 199 200 201 202 203 204 205 206 207 208 209 210 211 212 213 214 215 216 217 218 219 220 221 222 223 224 225 226 227 228 229 230 231 232 233 234 235 236 237 238 239 240 241 242 243 244 245 246 247 248 249 250 251 252 253 254 255 256 257 258 259 260 261 262 263 264 265 266 267 268 269 270 271 272 273 274 275 276 277 278 279 280 281 282 283 284 285 286 287 288 289 290 291 292 293 294 295 296 297 298 299 300 301 302 303 304 305 306 307 308 309 310 311 312 313 314 315 316 317 318 319 320 322 323 324 325 326 327 329 330 331 332 333 334 335 336 337 343 347 348 349 350 353 354 356 357 359 364 369 374 380
429 1675 4121 8188 12764 16717 20932 23419 25473 25609 26553 25351 24348 23577 22078 20398 19927 17861 17478 16774 15861 15385 15034 13774 14149 13513 12960 12549 12516 11650 11582 11380 10820 10138 10327 9530 9663 9364 9054 8724 8889 8105 8210 8012 7810 7493 7584 6810 7194 6887 6772 6441 6504 5964 6053 5915 5763 5424 5792 5119 5233 5110 4919 4694 4857 4400 4501 4374 4223 4072 4130 3843 3989 3786 3738 3561 3554 3292 3271 3373 3217 3031 3114 2950 2915 2904 2674 2624 2712 2558 2506 2552 2351 2337 2342 2199 2252 2131 2016 2061 2076 1875 1808 1869 1856 1732 1791 1584 1648 1621 1492 1506 1524 1387 1444 1345 1267 1266 1238 1231 1210 1203 1110 1054 1143 1035 1036 994 1008 961 920 884 894 854 826 788 858 769 749 796 691 665 705 627 683 610 614 593 632 574 525 549 532 483 542 430 444 438 387 385 410 363 382 418 403 359 362 337 379 331 340 367 328 290 329 288 293 260 292 258 255 252 230 209 249 206 207 241 192 188 190 168 176 159 133 146 176 138 147 140 134 110 121 120 114 99 128 115 108 88 99 98 104 94 93 89 124 81 79 72 82 74 82 72 75 72 84 64 67 80 52 59 65 46 58 42 50 42 52 50 61 50 36 36 37 32 39 37 38 29 34 23 36 24 28 22 27 12 25 34 16 18 16 22 25 9 23 9 15 13 23 32 13 18 11 16 18 12 10 19 16 15 12 7 11 7 12 14 8 9 9 2 11 11 8 14 13 8 9 5 8 8 7 8 5 7 5 7 6 4 2 6 2 5 7 1 4 3 5 3 3 2 1 3 2 1 3 4 2 2 2 1 2 2 3 1 1 3 1 1 1 2 1 2 2 1 1
429 1847 5920 15659 35260 69454 126079 221968 365316 545117 855941 1229005 1681082 2375809 3141640 4038286 5421564 6630623 8391740 10725912 13244753 16371866 20771077 24619928 31539796 38963885 47036384 56097200 70352331 82116323 98441664 122401284 143605600 161255485 200465614 230872865 275207724 325094465 383250443 438007805 539969570 593357417 712421583 837499162 964249236 1079811418 1302613581 1429045065 1729744990 1991076004 2344344019 2553859264 3087874987 3350687621 3838503228 4512696215 5102695072 5466988433 6796050919 7416619871 8320389066 9694269621 10850296111 11529901233 14138027258 15039894757 17264731329 19318054901 21675652710 23443414750 28051391003 30015804975 34527030136 37826401735 45227581463 46158509000 54598740455 57699546479 63211532874 76907656837 85309721301 87271228204 103749246775 111849081755 123514122232 144393834836 151664412002 159740889828 193887406352 207858991786 225050634943 266334042098 278575450588 296164481996 342416353228 364848915204 415857953815 450875984271 490876526928 537500908112 618614672443 638646887563 661645209564 778628136505 888640928430 861285681835 1067989407715 1049194810282 1192168156616 1345506295696 1389894888912 1535038675892 1765473498083 1744588286747 2030942516128 2075092420988 2292013681811 2497796602678 2747027931110 3140011419702 3233624412870 3665895702206 3921830759710 3766116215298 4714866738488 5045045408636 5103966506525 5527863031703 6428585232322 6683613900091 7055416187679 7564507846388 8219127297037 8619675490581 9731689024555 9796581043365 11772149045203 12078703814376 12689312427007 14770130906209 14485617850779 15154449031412 17183312837689 17996893096520 20579129829365 20387886933429 24644834311564 24311084128392 29055989646873 30145381548585 27821119071384 32955588401633 34493421280435 33380481099589 45462328385579 38525680469471 41135710974302 46782271045906 45300750061835 50056841016195 58468385728280 58915762533734 60755322087933 76083078211649 81427286700670 78728403672434 87305047376197 97331546131870 106071772328685 106361048732866 120830369858072 140085056086493 139611731993016 140105483632044 162979287234986 160992731398105 179298942671144 161689573883975 214190599062225 215723148893270 204377324364918 230238640156282 228545123467055 245850500223484 292475588732940 296196268495629 283149767300230 392654630257578 321057915911024 359952147475799 390152353253874 408292064017820 404863927391201 392505212986031 391067785351168 465764194890734 611020284711826 512163021504333 577365703999883 638731971317761 659961070674075 605666067138317 702447732925447 767279870916225 757029771739613 744409716353645 1053820774973082 953061832773135 1020320266340968 830470762635354 1049629799064513 1172512862861089 1294013513415592 1355630355720473 1386506360682811 1512715844451420 2169288466264863 1505523698933253 1696674800417668 1586888410743885 1967618781817416 2062869011449311 2410411075013798 2094753515656362 2411656394777882 2567707178261841 3272366949369883 2839931167063547 3178073010866239 3937652626619644 3016314032935333 3716938775479015 4219694023305655 3223444880405565 4196463331668443 3530598727355550 4614827339479242 3570775253733126 5355286786284937 5304474016828448 6984835382581684 5840493430125661 5039319161507684 5389369874446889 5802529237008063 5623938662954204 7179398304344190 7580624416950730 7529587623224800 7067248527408757 8447241994319741 6277810597272897 10487561188441182 6641303916267725 10286088388824395 8393207069026515 10914524328322747 4872719615620939 11623151343500164 16696856973001273 8070818084358376 11424280050184194 9678766679956705 14246626872794055 19408640974780255 6913732553122508 19362635245150808 7915899922163816 13768704129906552 14626162023675728 28538596955219417 36771603627797329 15235010458534478 24581008319095044 16348808195937990 26187108666866175 30684567005228576 22284697311144007 18303513890058482 42898456427781128 42366121642575910 47110109547264006 36172822181003197 18554350504327234 30899967477431148 24190214033932188 48384328729822727 49604950760489062 34239334151731322 40139620716187239 43789606508656023 9406291183372970 55404083687600864 65144182570225662 46234255106039570 89472707044156513 87680995771845345 58809090759455166 71170868851622448 49952233981224195 80747399785478110 85989304253232014 72422242107405859 89149704086757037 71947956232562068 102618743532976915 70593313326400025 103952089024845980 96341885418005509 69656720532589180 37342976599200728 153409721785732655 42916192074705782 113458122659302239 170900643560470277 26415807633566326 105663230534265304 117262404661677934 169379451311255798 111823217330244231 119758696580999973 85496156071909392 45772358543578028 147016930905713625 112313204225748578 60105349839666544 192976123827343650 335155407056450650 147306575723700678 157602510605333230 168601631272450238 90175434980549623 186625545172752383 288235873055747664 564025941156878940 200882556287683159 214618299743286299 687816860613651450 279363328483702152 298330063062758076 340122810048577428 726235024096220010 413766180933342362 1145224117796075118 1581476239298822638 1089657644424399782 1596675274490756791
3 4 5 6 7 8 9 10 11 12 13 14 15 16 17 18 19 20 21 22 23 24 25 26 27 28 29 30 31 32 33 34 35 36 37 38 39 40 41 42 43 44 45 46 47 48 49 50 51 52 53 54 56 57 58 61 63 69
3 29 39 160 126 322 211 385 220 364 216 288 184 264 135 150 71 85 47 67 33 42 28 33 17 22 20 23 16 17 11 11 7 12 4 13 6 8 3 9 3 7 6 2 4 1 1 1 1 1 2 2 4 2 1 1 1 2
3 35 58 385 351 1837 1305 4770 3160 10449 7490 18115 14573 34176 21469 39919 23660 40081 26464 48747 26487 50291 39288 56297 35511 61296 63955 105647 76296 85204 61745 110729 70590 119722 53181 235846 138198 271486 107862 464715 131659 383422 433292 159522 390447 75175 150350 89134 147273 211116 641596 551276 1084710 942609 772310 526823 1430440 4336078
