1 12 13 24 25 36 37 48 49
4 147 992 7866 14330 18173 31921 9956 16582
345 848 6325 170206 267864 97217 163363 20037 32847
10902 74377 573555 389725082064108 2649700491636121 237659045332776141 483541552726044777 254900299120969 312858348329944
12 13 24 25 36 37
20 104 246 412 52 74
50 285 532 863 67 91
1659 11559 38790511 52904442 32773 346122
3 4 5 6 7 8 9 10 11 12 13 14 15 16 17 18 19 20 21 22 23 24 25 26 27 28 29 30 31 32 33 34 35 36 37 38 39 40 41 42 43 44 45 46 47 48 49 50 51 52 53 54 55 56 57 58 59 60 61 62 63 64 65 66 67 68 69 70 71 72 73 74 75 76 77 78 79 80 81 82 83 84 85 86 87 88 89 90 91 92 93 94 95 96 97 98 99 100 101 102 103 104 105 106 107 108 109 110 111 112 113 114 115 116 117 118 119 120 121 122 123 124 125 126 127 128 129 130 131 132 133 134 135 136 137 138 139 140 141 142 143 144 145 146 147 148 149 150 151 152 153 154 155 156 157 158 159 160 161 162 163 164 165 166 167 168 169 170 171 172 173 174 175 176 177 178 179 180 181 182 183 184 185 186 187 188 189 190 191 192 193 194 195 196 197 198 199 200 201 202 203 204 205 206 207 208 209 210 211 212 213 214 215 216 217 218 219 220 221 222 223 224 225 226 227 228 229 230 231 232 233 234 235 236 237 238 239 240 241 242 243 244 245 246 247 248 249 250 251 252 253 254 255 256 257 258 259 260 261 262 263 264 265 266 267 268 269 270 271 272 274 275 276 277 279 280 281 282 283 284 285 286 287 288 289 290 292 293 294 295 296 297 298 299 300 301 302 303 304 307 308 309 310 311 312 313 314 315 316 317 318
354 1406 3340 6441 10445 14092 17169 19686 20081 20274 20304 18970 19014 18365 17466 16456 16021 15231 14813 14699 13893 13502 13308 12478 12234 11939 11606 11168 11122 10628 10310 9913 9399 9349 9248 8736 8639 8417 7966 7729 7578 7386 7284 7011 6935 6371 6442 6140 6053 5957 5825 5376 5415 5100 5035 4909 4728 4656 4611 4256 4267 4155 4013 3811 3712 3459 3547 3398 3525 3372 3269 2975 2905 2903 2829 2784 2715 2657 2534 2339 2279 2164 2301 2180 2244 2134 2093 1849 1824 1851 1828 1832 1768 1625 1554 1497 1476 1455 1443 1350 1406 1234 1253 1207 1162 1149 1149 1079 1028 1089 1039 954 965 913 935 838 877 801 828 777 741 661 637 626 597 665 607 568 544 497 518 554 500 544 529 442 411 405 423 415 455 407 354 382 317 341 320 342 313 310 283 269 278 288 295 255 239 240 228 231 208 197 190 210 161 168 148 178 147 148 158 149 132 131 133 156 127 118 112 105 103 106 117 90 95 91 78 79 79 77 74 64 57 58 75 73 68 68 60 54 55 58 43 49 49 52 48 37 42 49 35 39 30 38 35 26 43 33 32 23 15 27 19 18 20 21 21 21 12 25 20 24 14 18 9 15 15 13 15 12 12 14 14 13 9 12 17 13 10 14 10 11 7 7 7 7 8 6 6 6 7 7 5 3 8 5 7 4 4 4 2 2 1 1 2 5 4 2 3 1 1 1 2 2 1 1 2 3 1 2 2 2 3 1 2 3 1 2 1 2 2 3 1 1 1 1 1 1 2 1 2
354 1548 4959 13211 30692 61219 111392 196489 302731 463644 694735 958445 1393533 1922173 2552123 3355635 4439130 5710369 7351290 9663116 11907498 15134623 19421225 23186661 29251916 36158851 44657979 53494637 65961813 79237792 96670066 114862714 134981541 164191483 196765586 225235200 271461502 323074623 371625918 430620351 517691922 595163734 702430767 816865295 962808232 1045762579 1255023216 1416740021 1644048060 1892203271 2161454337 2412499010 2852279185 3091206384 3702744874 4116828972 4621767423 5329428602 6165337443 6618337787 7564254910 8709603354 9759178201 10677799811 12303171728 12738794218 15234363750 16686569926 20009408362 21946212067 24868293704 25151907482 28833892747 32613979081 36557720200 41697099702 45572195672 50830201926 56793844775 60261190517 65140154217 68196727511 85667291087 88959550647 107487701226 114104040042 127874065893 125699430735 143648597961 161038905413 184141769302 203139064103 219265907107 230659614129 258712063934 268993844098 302910049666 323950068059 373119103831 395555946975 465889051721 442208254850 526990595953 568096194012 607693011559 671289458254 749812413453 782862312447 814527665392 975460755945 1046634009081 1081163882641 1224213476502 1283840819081 1465277920650 1446259657428 1694500441308 1700479599071 1981495866691 2098590771132 2178746468661 2173610706637 2281566208014 2536946915837 2680506830147 3363406049579 3418531557134 3511936518872 3725871234262 3661089535225 4370116068058 5181421189727 5184556083182 6252569122722 6716438983328 6071708246074 6013034768178 6846190680285 7628916556560 8689938584815 10227584777332 10225735775202 9713961044722 11611943597935 9907618987971 12549152782717 12921926788228 15327382408968 16133814206039 17423428792484 16954277701054 18369897846998 19429185706153 23064509145985 25240750048791 24687082427455 25222979359611 26752037016483 29305048224007 31027710937836 31056696692073 33359069758444 34161683808892 44675111320084 36726413081408 38506335724197 38743418583255 50244442865011 45417276379972 50509507081468 62080635873285 64157183269335 53386805771772 64271053964212 68384565055652 94389547710622 83427377855635 85096958308200 85857501874935 85614471835655 90347707521341 105832064017083 128004297202826 104607363281734 123223550838413 126132404662458 126182605203851 125757207203097 147741210906318 147918651892844 168486941966564 156240009954725 141583281244888 155079594408482 234645216178555 238566390907000 251653484089681 270901141730928 248853735328851 222061591796657 247184753916158 289275138149521 225424032246094 292915355643892 366023381406046 390865299211484 406733329380961 297597557574310 403592189486408 489495093923046 408068817010750 483285642623981 448051555723229 582997567079660 542542247213429 426317568330247 859628677037599 597441831210346 725463281091037 569414137202383 413751174659724 746755881338667 644863113534593 670690484171322 859104415285715 904491023740773 932385346422552 908737261719018 607769842980186 1342602699354962 1365796901938176 1510940260526883 1053850648458407 1242506377009392 623952633508256 1344294717128720 1455084422267994 1438683937205061 1519382915593331 1601460887650566 1635745153775013 1713351197657809 1843379552760661 1909517985240438 1754206038402957 2163848528055006 3510072907554964 2845003639059914 1888749405850844 3077270572197751 2352498580837081 2755048542351760 1746483511460055 2115532116432105 2598389918035515 2248965724582147 2818415324477848 2874284736884525 2461970283194139 3048756922944130 3678949521862252 3511943615309277 2799448150658722 1775182766403951 5648593420125198 4179627230251626 6007246333010156 3237324719857962 3488743677366348 3759188956521970 2100394979862234 3480851357721545 1312051800816215 1412749565173450 4679254955039521 10073732743463222 7451970743832021 3937389956166659 6432398475940107 2195786311682516 2540952590045698 2732873183547535 8404676161024625 8816789381788665 3160137867148997 3397584011986773 8438777057174190 17507283310975962 9068506253801772 14616114169416252 10857363761704277 11245985383901210 24605965773365633 6965850144195831 14445415222706415 23540061848396664 8620496275465025 17873579212188627 9930972392403501 23704760097051569 24538436038458930 52648871580230816 28237325330560010 30285905477714388 16239786535829663 18671488299600364 20017426762576945 21458096037352891 44458102692840228 23000006655487337 51065913784396816
3 4 5 6 7 8 9 10 11 12 13 14 15 16 17 18 19 20 21 22 23 24 25 26 27 28 29 30 31 32 33 34 35 36 37 38 39 40 41 42 43 44 45 46 47 48 49 52 53 54 55 58 60 65 90 91
1 21 37 77 73 160 135 169 117 141 96 95 88 73 57 62 48 51 30 44 28 21 22 17 21 18 14 16 17 11 8 16 7 8 6 12 5 14 8 6 6 2 5 1 3 3 2 3 3 2 1 1 3 1 1 1
1 32 62 203 250 990 1014 2305 2038 4420 3721 6058 6852 9448 8573 15562 12243 21587 12973 35443 22432 24470 28326 31143 38707 70681 47195 80282 83153 83690 54300 211744 72324 145778 80752 264916 144774 549408 356691 229973 260231 130075 263550 74676 431340 531740 283826 1372254 736365 755502 281589 772310 3125089 1932934 34262962 44108109
