0 12 24 36 48
1 471 1933 838 61
2874 7879 6339 1152 62
103547 173029 3253704 310510 12295
0 12 24 36 48
1 471 1933 838 61
2874 7879 6339 1152 62
103547 173029 3253704 310510 12295
3 4 5 6 7 8 9 10 11 12 13 14 15 16 17 18 19 20 21 22 23 24 25 26 27 28 29 30 31 32 33 34 35 36 37 38 39 40 41 42 44 45 46 48 50 52 58
57 352 693 1184 1560 2514 2142 2065 1702 1726 1173 831 529 491 308 183 81 119 66 99 67 69 46 63 34 27 18 15 9 12 7 16 3 6 8 7 2 1 3 4 3 2 4 2 1 1 1
57 412 1076 2576 4818 11509 14710 22503 28410 45604 41034 48613 50767 68883 54832 44826 19342 42514 28263 53159 46305 62987 56040 114294 64621 66696 51852 65810 34086 62954 41277 135270 37607 78729 174529 113769 47743 59532 90926 166430 193935 142340 286044 239484 211116 173525 451276
3 4 5 6 7 8 9 10 11 12 13 14 15 16 17 18 19 20 21 22 23 24 25 26 27 28 29 30 31 32 33 34 35 36 37 38 39 40 41 42 44 45 46 48 50 52 58
57 352 693 1184 1560 2514 2142 2065 1702 1726 1173 831 529 491 308 183 81 119 66 99 67 69 46 63 34 27 18 15 9 12 7 16 3 6 8 7 2 1 3 4 3 2 4 2 1 1 1
57 412 1076 2576 4818 11509 14710 22503 28410 45604 41034 48613 50767 68883 54832 44826 19342 42514 28263 53159 46305 62987 56040 114294 64621 66696 51852 65810 34086 62954 41277 135270 37607 78729 174529 113769 47743 59532 90926 166430 193935 142340 286044 239484 211116 173525 451276
