11 23 35 47 59 71
519 9238 38747 37264 14066 160
56862 890108 465314 144315 26393 160
12519695 14361727447705 13355297223329049158 3991486178521935739 9225900765809850 3722
11 23 35 47
168 1068 411 20
4619 5211 706 20
475204 407160705 5416385 886
3 4 5 6 7 8 9 10 11 12 13 14 15 16 17 18 19 20 21 22 23 24 25 26 27 28 29 30 31 32 33 34 35 36 37 38 39 40 41 42 43 44 45 46 47 48 49 50 51 52 53 54 55 56 57 58 59 60 61 62 63 64 65 66 67 68 69 70 71 72 73 74 75 76 77 78 79 80 81 82 83 84 85 86 87 88 89 90 91 92 93 94 95 96 97 98 99 100 101 102 103 104 105 106 107 108 109 110 111 112 113 114 115 116 117 118 119 120 121 122 123 124 125 126 127 128 129 130 131 132 133 134 135 136 137 138 139 140 141 142 143 144 145 146 147 148 149 150 151 152 153 154 155 156 157 158 159 160 161 162 163 164 165 166 167 168 169 170 171 172 173 174 175 176 177 178 179 180 181 182 183 184 185 186 187 188 189 190 191 192 193 194 195 196 197 198 199 200 201 202 203 204 205 206 207 208 209 210 211 212 213 214 215 216 217 218 219 220 221 222 223 224 225 226 227 228 229 230 231 232 233 234 235 236 237 238 239 240 241 242 243 244 245 246 247 248 249 250 251 252 253 254 255 256 257 258 259 260 261 262 263 264 265 266 267 268 269 270 271 272 273 274 275 276 277 278 279 280 281 282 283 284 285 286 287 288 289 290 291 292 293 294 295 296 297 298 299 300 301 302 303 304 305 306 307 308 309 310 311 312 313 314 315 316 317 318 319 320 321 322 323 324 325 326 327 328 329 330 331 332 333 334 335 336 337 338 339 340 342 343 345 346 347 348 350 351 352 353 354 358 359 361 364 370 373 388
234 1091 3709 7755 15296 21591 35877 40714 52782 48435 56984 49636 54225 45342 48986 39496 43807 34889 38711 31875 34847 27621 32464 25898 29402 23859 27251 22339 25817 20303 23573 19337 21778 17558 21014 16647 18860 15335 17690 14116 16770 13108 15197 12845 14426 11229 13708 10642 12518 10099 11792 9602 11322 8699 10209 8394 9620 7621 9151 7343 8298 6576 7794 6318 7490 5804 6975 5626 6438 4939 6179 4766 5564 4518 5262 4287 5028 3847 4578 3842 4200 3351 4041 3206 3665 2914 3386 2698 3223 2502 2972 2497 2700 2151 2589 2057 2337 1909 2167 1799 2133 1558 1879 1566 1807 1401 1729 1279 1587 1187 1396 1114 1329 1046 1233 985 1143 838 1079 868 1014 783 992 751 934 707 870 689 784 607 819 593 741 556 711 524 664 511 598 474 599 395 576 382 501 417 492 360 459 362 453 359 437 304 432 321 411 295 366 257 365 270 361 247 316 228 327 235 276 222 263 192 264 208 273 195 200 198 245 185 211 194 213 149 200 185 164 149 175 114 145 91 148 110 138 105 115 105 118 94 110 79 130 78 94 87 107 63 83 76 78 51 86 57 87 44 69 52 72 41 74 53 62 49 53 52 65 43 65 52 70 40 62 29 51 32 44 27 49 34 33 39 40 28 39 30 37 29 27 15 31 21 21 26 32 9 22 11 24 15 15 9 19 13 5 14 18 4 19 11 13 12 9 8 18 8 11 13 5 4 8 6 7 8 9 1 23 2 6 5 6 6 7 3 8 7 4 2 11 6 10 6 5 5 10 2 3 3 2 1 4 1 3 4 2 2 3 1 2 1 1 1 4 2 2 1 1 2 4 2 1 3 1 1 1 1 2 1 1 3 1 1 2 1 1 1 2 4 2 1 1 1 1 1 1 2
234 1180 5088 14075 38530 77917 185509 305518 610606 849113 1559243 2018412 3328917 4055855 6359687 7147561 11193827 11803671 18088967 18868342 28018729 28139300 43890530 43307411 65683825 64213532 98227066 96835976 147461656 138725192 210964321 203422677 301517193 281647283 435445675 401005641 582796675 558231501 815899661 748783292 1116179396 1011261954 1452126323 1399038509 1965297550 1756458719 2697397930 2374304332 3405521584 3158676553 4499465814 4168394062 6000818674 5250372440 7554010513 6968223715 9733869886 8615007495 12791242988 11309402530 15420560064 14155544539 19954472074 17929578292 25518408620 22208118238 31145534018 28412462174 38125155819 33484405037 49308609689 42328020124 56931800191 53267360221 73061945024 66225825605 90450494692 78360886252 108795815666 101808086814 129610799353 113660773527 164211733503 145395414969 187721478024 169829267192 228815305661 199926306835 275216218425 233250769667 321294093476 303915093339 377339037234 329885647643 461059416462 403413058994 501341143752 469301019366 609863608659 544550009118 747324844056 609306647208 801825282289 757559667581 983595031611 824381392943 1154750933388 959064908801 1304216561496 1128529449786 1483977808976 1312016938971 1697571205708 1470140437997 1942451671834 1710879365080 2218150113709 1752778516769 2634108612375 2350529336239 2938277786267 2512033758394 3672443806288 2951363534505 4114665441410 3449635435492 4796262856228 3954737310143 5239174004751 4313407985439 6714872353505 5252242630199 6947026952112 5785090663062 8471821341322 6721098041249 9668441409058 7682548078512 10306891982670 9589193066940 12753793921673 8788501016846 15027042548014 10859139906835 15693662205321 14447893652428 18914192736967 14944424927105 21173605610247 18142116303726 26508464374679 20652468927216 30528575956973 23253319476543 35697672546985 29470826741470 39332908797264 31007806080031 41719001973355 34268451042017 51570766517362 40454765909507 63381328897206 48408909977412 63088708482056 52283004727200 81141728423079 61607493132057 81934102017869 72208014371562 96647364313886 76623458449132 110828301497926 91600335563541 140797046593613 103334841651040 118495472666012 118373264256230 172217070244725 141438155873910 189465527032895 172389186975591 219908390512034 157528348076512 260130594306618 250675356749630 241494050772794 245989226236598 319304487808472 216482430615653 306418962254606 216080994637411 387935880250082 302230272218675 405605744181639 364239503271262 369540778599582 414762982106408 490718819240775 445270432846524 525465051473886 410676672764029 724179871943815 457025424678809 659627710020240 662355487216062 827923928049041 530971745713119 758436503050918 736693999477549 807205137346295 608531312620341 1071366223793421 764221651892037 1326631731602384 761701680902627 1176656715096518 990219610311857 1523432352223589 946178526286142 1803436170257316 1476341753691855 1806216572106480 1414110406524792 1744346824207426 1993994361365567 2384617835478567 1809023085446314 2996293456255220 2505892452100041 3562401347742137 2369995366644859 3809770988074406 2070927426558490 3913642125333382 2356086323235486 4014624046377980 2416861560562561 4996565554126370 3770022528585626 3946846183494773 4830778693675871 5278525579154572 3811915185186879 6154814550588510 5289907598467174 6695937167064637 5514717410135090 6572404628218100 3185323551602240 7903610407085408 5229174888966493 5589891589248966 7840113639044915 10459713218859679 3121146598330483 9846917468254466 5155704467462942 11101354737859387 6889364457484294 7897587717616077 6266441174165735 11784622771224970 8530631547139619 3255019202199740 10378003077843056 15719327575358527 3297885820662609 17201473983613152 11516065547350653 13130314387557304 15619269791056762 10286566877047895 10034568756736465 24148502490019457 12946274268557480 17079725850820913 21918414907217815 9079963506354975 8019041661316809 16647226448939432 13019757410987655 16893000906779951 20532728462661271 30530262307307657 3160137867148997 75875784954812596 6795168023973546 22188076341844687 19649585849126414 26575789564777734 27228439092662723 35553598448430940 16480356453654882 53107561368424905 44512898399586470 26905048542549838 13931700288391662 85028632395778704 65422482860588290 90000482722201712 56874276531701410 53286656162744195 54064867008017460 121858504250887289 25431435914287169 40443098455395413 43380278069417204 31382739274686857 16239786535829663 72171336865495318 18671488299600364 61492949562506781 87374294767546010 47650112806317827 52831615267132652 81136635608128655 28305020340996003 60652363979685928 32488293351466654 37274405776748077 37274405776748077 162506774616954669 88520436579532724 98011287270475750 49005643635237875 56156602112874289 116261951952540833 248861448897562188 137669771892147700 73653287861850339 226107831026367293 84300815636225119 84300815636225119 96450110192202760 103151466321735325 213459326747028097 117949491546113972 126108517833796355 432353809583621496 164637479165761044 175943559810422753 376017294104585960 200882556287683159 229272286871217150 244904537455382406 523157814702288250 1117453313934808608 596660126125516152 387632532919029223 413766180933342362 471314064268398780 572612058898037559 843250788562528427 1022141228367345362 5290836681377527402
3 4 5 6 7 8 9 10 11 12 13 14 15 16 17 18 19 20 21 22 23 24 25 26 27 28 29 30 31 32 33 34 35 36 37 38 39 40 41 42 43 44 45 46 47 48 49 50 51 52 53 54 55 56 57 58 59 60 61 62 63 64 65 68 69 70 71 74 76 79 81 105
7 88 111 327 239 668 499 1039 614 1034 640 992 516 790 392 477 246 273 183 171 86 114 92 100 47 78 55 51 36 54 38 55 24 32 36 36 12 33 18 17 7 28 18 16 7 15 19 11 8 17 5 7 3 10 6 12 1 8 5 6 1 4 4 3 2 2 1 3 3 1 2 1
7 99 172 822 650 3587 3090 12804 8427 29188 21239 64012 37415 114471 59915 144908 76077 140121 99770 150315 73976 123041 125474 205788 95860 257352 187491 253176 194473 407446 303984 559467 339350 598526 665980 765873 230896 1132159 593215 710520 321168 1800758 1110331 1646597 591229 1996458 1946299 2842376 1067974 3585902 1235381 2463159 921705 6747609 1807492 6879740 526823 6911965 4401126 4862946 966467 5182052 4398599 8683884 3754188 9294080 4647040 12263904 27756821 8118264 24264328 241265379
