17 29 41 53 65
1116 28295 45562 20325 4697
68271 732019 273207 57457 5628
174069755 15106183145655998607 9675517779412971534 467798184224414205 157715817214
17 29 41
242 937 109
2719 2329 142
4138664 72424576 286123
3 4 5 6 7 8 9 10 11 12 13 14 15 16 17 18 19 20 21 22 23 24 25 26 27 28 29 30 31 32 33 34 35 36 37 38 39 40 41 42 43 44 45 46 47 48 49 50 51 52 53 54 55 56 57 58 59 60 61 62 63 64 65 66 67 68 69 70 71 72 73 74 75 76 77 78 79 80 81 82 83 84 85 86 87 88 89 90 91 92 93 94 95 96 97 98 99 100 101 102 103 104 105 106 107 108 109 110 111 112 113 114 115 116 117 118 119 120 121 122 123 124 125 126 127 128 129 130 131 132 133 134 135 136 137 138 139 140 141 142 143 144 145 146 147 148 149 150 151 152 153 154 155 156 157 158 159 160 161 162 163 164 165 166 167 168 169 170 171 172 173 174 175 176 177 178 179 180 181 182 183 184 185 186 187 188 189 190 191 192 193 194 195 196 197 198 199 200 201 202 203 204 205 206 207 208 209 210 211 212 213 214 215 216 217 218 219 220 221 222 223 224 225 226 227 228 229 230 231 232 233 234 235 236 237 238 239 240 241 242 243 244 245 246 247 248 249 250 251 252 253 254 255 256 257 258 259 260 261 262 263 264 265 266 267 268 269 270 271 272 273 274 275 276 277 278 279 280 281 282 283 284 285 286 287 288 289 290 291 292 293 294 295 296 297 298 299 300 301 302 303 304 305 306 307 308 309 310 311 312 313 314 315 316 317 318 319 320 321 322 323 324 325 326 327 328 329 330 331 333 334 337 339 341 342 343 344 345 346 347 351 361 362 363 365 368 371 372 373 374 375 377 379 389 395
161 967 3640 6951 13873 17783 27254 26966 34143 29893 35212 29271 33724 27065 30717 24147 27578 21930 25345 19825 22993 18328 21748 16911 20024 15446 18406 14529 17230 13520 16273 12854 15200 11583 14398 10925 13557 10451 12742 9554 11968 9057 11224 8639 10483 7989 10083 7527 9367 7202 8928 6670 8551 6494 8018 6071 7373 5637 7240 5351 6620 5188 6386 4849 6116 4599 5841 4397 5457 3951 5358 3923 4837 3827 4618 3581 4399 3385 4013 3267 3820 2964 3756 2775 3453 2732 3368 2532 3216 2392 2867 2281 2771 2146 2731 2038 2537 1944 2418 1832 2262 1790 2198 1745 1951 1565 2015 1519 1814 1503 1771 1320 1661 1270 1644 1158 1486 1071 1467 1114 1298 1075 1275 950 1291 882 1114 939 1084 823 1100 804 942 794 994 697 969 686 831 673 812 575 780 664 715 589 708 556 649 504 614 555 579 479 621 461 572 435 550 444 518 413 463 365 437 334 440 334 383 352 377 356 353 300 363 257 333 275 341 258 310 234 294 212 273 214 301 218 239 181 221 181 206 176 201 188 182 160 176 157 164 146 162 136 165 130 136 134 137 112 139 123 148 113 129 100 136 95 111 90 102 71 99 93 79 76 79 81 74 70 63 63 65 62 62 51 64 42 62 38 60 34 41 36 38 34 39 31 34 31 42 33 42 29 32 29 31 25 26 29 32 32 27 16 33 23 22 19 21 18 21 15 10 9 13 12 22 19 13 10 14 16 18 17 11 12 19 6 11 7 8 9 5 8 6 7 7 8 11 7 7 4 7 9 4 3 9 8 5 4 2 1 4 4 2 3 2 1 3 2 1 1 4 2 1 1 1 1 3 2 1 1 1 2 1 1 1 2 1 5 1 1 1 1 1 1 1 2 1 1 1 1 1 1 1
161 1058 4934 12737 35320 66795 152088 225888 443809 584960 1053272 1292212 2212024 2527000 4165368 4478008 7163009 7584649 11885452 12115153 18853981 19184199 30280939 29243276 45416384 43456803 66697457 64815004 98709150 94291863 144651674 137719534 204099879 186925168 294464440 261082301 406203659 370658621 568092423 496324078 776274688 678890484 1041473778 930392243 1378481183 1229146410 1914141927 1611533888 2527934567 2177396471 3323675488 2798035412 4363474244 3747976733 5724774479 4844993918 6935028410 6222683596 9443928441 7696546719 11383215861 10181143952 14881795681 12917541828 19457553484 16061006196 24254956666 20533003850 30412558663 24373438632 39219993389 31498134663 46577725903 40856102739 59159022994 49086348844 72607114258 60512814725 88165473336 76503991372 107301881126 92361960846 136123340956 109938607660 163118141108 144564522578 204294489095 168004862813 244051711608 201817248717 279373581473 237701296875 338670045330 298506604187 437479502285 345280200666 502436301139 420604787883 600715892184 499744945957 707122914881 623753178510 833291075658 743447379258 956424612653 840691415412 1243467801832 1040181842472 1401428556844 1271921885651 1717987917994 1343646375035 2011864386839 1702588881389 2486423483081 1828571722922 2792520880847 2178547958529 3468340977776 2703720519933 3816101771734 3361705839532 4562123923424 3658833475852 5586618904471 4084663349211 5790900446894 5376500636017 7015783764234 5812238586617 8800781831069 7148742880562 8842497145601 8332968756615 11925044184780 9119718383762 13888658662303 11106941391331 14400788664276 12836354341349 17538638523667 13982016541247 20869859223426 19092502376406 23209222058481 20847221997223 27274339481102 23360896472191 30388988689294 25362172619304 35382177702262 33694169328640 39907170074212 36722232889550 51793910658770 42652283761266 56522004893465 48878476347729 65095779666655 58846788787921 75088955406879 66230364359932 81512916962914 70239256543762 96373151128744 76835939761766 112311684598963 92961731669028 115087050377666 116146279638831 136060868826096 142529740607454 152777690683771 137494681037478 193834334775814 139450253984024 213312932808311 183552541610035 262219429385385 214529303243000 272342940797518 220361111784883 316757509371104 236428133970905 339378281794521 286033240024035 431719324934393 346262989621824 451477924256336 360272798717420 498015382638024 398861459902954 520011746843592 501329651660703 620681146214876 580577566385784 658923038571953 611300642812364 704811233100321 659177651459837 815008549206924 718839109450248 937166482898937 814968827886615 1132659710345837 915384427741256 1048229758748525 1062773294706672 1276953007437134 1119577402226276 1488804373451351 1429892117030509 1865595907956513 1499929680850813 2100642577167434 1489726741900831 2336077055245041 1944143252492876 2339514766711771 2013540771161041 2501301154950467 1829829907426197 2750530835463993 2788172106712344 2701844239062319 2678587414475417 3465103820202353 3208082785733832 3260637276890604 3819114504855055 3438872872664042 3411462870223923 4532569319089172 4264238026498227 4934581604554162 4101458175662225 5925477569371547 4297911475974822 6463380689984314 4429138224252030 6817137338155896 4171763483370803 6195078440667780 4648249387097245 6085110455110362 5524149520834287 7184847324318185 6659125460578828 7374836943676912 8158103258573357 10320321122467022 9832964122488366 12329738236555497 9889609978906908 11139881019068224 10809885626366161 13270087532083716 10447444430682539 11101354737859387 14480339278912754 17248118000957233 18749043574824779 16930938791790653 10218691959942564 24546638377766104 16925545816554150 20348221070424736 16320859244665120 22614473769635784 19849425772367812 22388138255605699 20649845774773868 12293731179106164 10616825764976089 19420805599483638 17285220728435065 36552027121277826 32672920846427934 28636516767776117 20747871625871461 28470095027563359 41909317504718507 47151753739415777 48880235288961473 37726870839800528 35297460452829504 67615078220791153 20640350896004918 39940536874031392 29242253333011992 35329431220265715 45726156861094872 25447189322205184 59132568256078124 35405040912283270 47961617976296536 47323422958020588 64233796100706738 86680682315076072 74633227026575300 63506407234548060 47621193594977808 83079573339954698 100585246164579141 49076872076917860 39486653685173112 125155074447075443 120119331837280363 81198932679148315 67307933337953916 37342976599200728 20017426762576945 84391714874635618 110374301423033347 49300212301660980 75716019935227306 56610040681992006 30326181989842964 95302768692776272 69601909738881660 34800954869440830 37274405776748077 165335287125909374 88520436579532724 49005643635237875 49005643635237875 56156602112874289 60105349839666544 192976123827343650 147306575723700678 78801255302666615 96450110192202760 110307860425292772 252217035667592710 134819180623301520 144117936527873832 154043597379576030 329274958331522088 175943559810422753 940043235261464900 244904537455382406 471314064268398780 502957566506000020 536679070310691121 610898403751884101 741433159884081684 899175348396088349 1917457395824676090 1022141228367345362 1089657644424399782 1161537834849962850 1319510599727473500 1498478743590581081 2816759503217942792 4098034535626594791
4 5 6 7 8 9 10 11 12 13 14 15 16 17 18 19 20 21 22 23 24 25 26 27 28 29 30 31 32 33 34 35 36 37 38 39 40 41 42 43 44 45 46 47 48 49 50 51 52 53 54 55 57 58 59 60 61 62 63 65 67 72 73 81
65 46 268 110 386 243 464 205 409 210 390 165 305 156 250 77 221 70 159 67 149 55 102 38 95 42 64 19 48 26 31 20 24 11 33 11 28 15 23 7 21 5 8 6 5 1 1 1 5 3 4 2 1 1 1 1 3 2 2 2 1 4 1 2
75 70 614 340 2059 1754 5834 3207 11273 7445 24730 12820 40278 23626 56727 22151 89040 32050 112806 53790 183271 70493 219748 76646 267691 117506 309753 86560 342256 168920 309514 192853 371318 175973 715635 227849 1064769 444942 1259701 386063 1452007 361981 890679 714560 1089138 265870 178268 211116 1176350 1151560 1163954 444169 386155 386155 772310 1053646 2369285 1547040 1663640 2600312 2600312 18526410 4087968 24264328
