7 8 18 19 20 30 31 32 42 43 44 54 55 56
342 292 30 4816 4837 449 25967 22590 318 17706 14116 118 5195 3223
8936 8996 148 45253 49121 2890 191678 161525 1053 56535 42603 138 6326 3739
805883 844661 97344 474936319 707268946 20854464474647077 8099974867559578612 7836201087400885994 3366062300812370 380499185822262480 165024046585637162 283924916 23460726371 2224282626
7 8 18 19 20 30 31 32
72 68 4 327 305 1 63 28
434 497 6 1027 969 1 77 33
12506 18737 87 3829148 3032989 11 44850 5535
3 4 5 6 7 8 9 10 11 12 13 14 15 16 17 18 19 20 21 22 23 24 25 26 27 28 29 30 31 32 33 34 35 36 37 38 39 40 41 42 43 44 45 46 47 48 49 50 51 52 53 54 55 56 57 58 59 60 61 62 63 64 65 66 67 68 69 70 71 72 73 74 75 76 77 78 79 80 81 82 83 84 85 86 87 88 89 90 91 92 93 94 95 96 97 98 99 100 101 102 103 104 105 106 107 108 109 110 111 112 113 114 115 116 117 118 119 120 121 122 123 124 125 126 127 128 129 130 131 132 133 134 135 136 137 138 139 140 141 142 143 144 145 146 147 148 149 150 151 152 153 154 155 156 157 158 159 160 161 162 163 164 165 166 167 168 169 170 171 172 173 174 175 176 177 178 179 180 181 182 183 184 185 186 187 188 189 190 191 192 193 194 195 196 197 198 199 200 201 202 203 204 205 206 207 208 209 210 211 212 213 214 215 216 217 218 219 220 221 222 223 224 225 226 227 228 229 230 231 232 233 234 235 236 237 238 239 240 241 242 243 244 245 246 247 248 249 250 251 252 253 254 255 256 257 258 259 260 261 262 263 264 265 266 267 268 269 270 271 272 273 274 275 276 277 278 279 280 281 282 283 284 285 286 287 288 289 290 291 292 293 294 295 296 297 298 299 300 301 302 303 304 305 306 307 308 309 310 311 312 313 314 315 316 317 318 320 321 322 323 324 325 327 329 333 334 335 337 341 342 343 347 348 350 353 354 355 356 357 359 365 369 371 372 374 375 377 378
333 1324 3936 6389 11154 12040 17137 16015 18950 16979 19317 15715 17067 13591 14398 11578 12648 9633 11302 8718 9921 7987 9525 7129 8667 6728 7746 6261 7612 5525 7057 5442 6406 4950 6503 4707 5936 4478 5474 4185 5411 3899 5172 3858 4737 3672 4762 3383 4446 3271 4170 3208 4190 2859 3979 2903 3630 2716 3672 2540 3516 2510 3129 2386 3161 2294 3018 2276 2769 2107 2838 1942 2610 1980 2459 1862 2480 1670 2289 1721 2132 1664 2216 1504 2022 1479 1886 1371 1835 1260 1842 1330 1580 1288 1633 1172 1583 1111 1452 1190 1488 971 1389 1003 1261 954 1322 822 1198 905 1101 852 1095 717 1044 752 984 733 949 664 919 631 777 641 837 579 814 650 694 566 721 510 672 553 602 534 640 434 592 428 568 419 529 357 531 379 431 353 480 313 478 333 407 313 402 233 400 261 364 270 360 219 343 217 279 223 305 179 268 200 267 200 226 171 241 155 199 134 226 137 195 138 168 129 177 138 168 109 149 129 152 91 126 114 121 92 112 87 120 84 89 85 109 70 97 71 103 64 89 75 115 73 79 66 98 69 97 67 74 61 60 62 80 52 60 43 60 40 51 46 42 25 43 38 58 25 27 22 40 18 34 21 32 22 28 14 34 13 19 17 30 9 26 14 21 13 16 13 16 14 12 13 18 16 11 9 17 14 10 15 15 5 5 15 11 10 7 7 14 7 11 8 11 9 10 4 15 9 6 6 14 11 6 8 8 10 9 6 6 5 10 5 6 6 7 4 8 3 2 2 3 1 1 3 4 1 1 4 2 3 2 1 3 2 2 1 2 1 2 2 1 1 1 1 1 1 2 1 1 1 1 1 1 1 1 1 1 2
333 1442 5401 11686 30490 49540 106112 152096 278042 362626 635879 751694 1197479 1358534 2065591 2178896 3310727 3376966 5099852 5184199 7730987 7780447 12272700 11656268 17759985 17617895 25333388 25052716 39094112 35003591 54180028 52208393 75840301 69593384 115702285 99330431 148748393 141186812 206382088 185570374 294662303 255697077 391474643 362058476 530144505 466796055 744854037 613492256 955220263 832396984 1272530960 1093044481 1732006389 1407001103 2264619007 1949549144 2936677920 2388976465 3948648513 3165958281 4978715742 4224113495 6186236408 5059327587 8272510407 7002674103 10542421583 9184661443 13217017194 10730871247 17450477956 13730859891 20448899790 18422541666 26624053525 22154885183 35029689414 26653355818 41018030408 35999335785 51098950322 42186752955 68674120317 53081537615 77255295593 65858224502 96683507353 76465746867 118855082045 92020257208 149795465328 124753067839 171155937161 147732912375 219060329216 176966505426 271147506903 215647589225 325674468393 274514595816 409009191110 292676597139 483750107171 386300122855 548720124469 443552927332 705322333545 505021598597 795394820943 682040195293 963284684123 772283522314 1130525042409 838249971156 1313340891936 1097223413662 1634134856648 1309370259492 1937858702143 1437800413614 2270009664621 1714332452842 2459070603314 2043811031240 3125200650066 2391565847891 3805266666870 3396463330697 4117505719415 3517515026234 5328223898886 4102895001066 5860771413754 5227268128515 6729610918989 5954269665919 8726986563198 6176850079133 9516054323975 7373802686011 11289674943315 8470866039934 12685740411724 9296617898334 15018554842971 11326907739481 14729623282426 12873440114634 19789962646013 14327053973786 23766262516220 18879078546233 25330671194742 20069270726133 29752472600114 18654919973457 37110757880553 24743291742824 39325173148742 31262494391359 46659877232782 31015975372443 54571054669802 38909485471861 53004983575955 44337138236310 71359043119837 45869185133965 73509177901679 61393945974992 94688660543737 76437396944966 90422310217496 75717832789881 112699871030129 82024786760060 115781354918679 81705070651440 156793605707300 108203240787420 159455728276437 123915049296839 170655665225070 128369350204354 206765785511426 175967156286232 227286256905460 165504270574791 241809521870605 218259290420568 301799790111744 186924457085442 291651220767460 283768876631382 350702824281346 249944208868458 361541995921621 294021153434359 445131615507147 352473907443643 400952870561746 376814035805202 588301294123426 382085852240622 613838193498102 460315661843360 796298586204324 455079236673630 733268008471893 683986519500706 1132692835589576 763027525131600 889748108504319 799450083394484 1314589466090849 945627463069805 1625902762256267 1144484729945422 1397581902975988 1238402056306678 1384714931295106 1561411348519936 2169823777112030 1399447072029672 1975879612718271 1422485652180741 2255053646457353 1443691213465676 2274846111771035 2104392011731975 2105998904655557 1414129899363245 2701455564993219 2420659398689469 4071846912359995 1708724380745996 2311173756050971 1855542448606884 3914402544495904 2245589590591742 3973162688497797 2413151709998886 4517877645030408 3352393938403759 4678654847142958 2142069661751892 6662540186634348 2802973279073634 4029727414249268 3884240528429131 7869297137997296 2294802695882220 7705472725418993 4668270378369755 6741403982486782 4694201033966732 7312752294539218 5209495072707146 7147412077397545 6920573865238293 6480170763685029 8254962800880303 10957984865966718 10525223762308029 8097670274577427 6861419722492306 14025837035200822 11274346843631072 8721859193415870 14001698961872428 15004620007460062 5413069477670563 6004735903315938 18482594964807224 15137454159479010 14150095141695970 11112117355902209 11711026712800393 25880469097610601 13708733972091561 23533807592077912 18232021828080908 27056811266962743 24020096871422304 30914103494311331 12419343395376546 49539083310774939 31852490228302357 23282041643518163 24729398437327224 62849814579984822 50913059515880747 31043893405240444 44595319913407907 47484568676474300 63526010535840161 61734299263528993 43849960602433998 47080123696793328 42512233486803140 90633069383460289 48299083050657707 61764910874857020 67056830776386094 82549822368976811 50862871828574338 110079967011573137 44404568142994393 31382739274686857 33653966668976958 53499848565894954 18671488299600364 21458096037352891 65916198730193119 96950325107978807 24650106150830490 28305020340996003 123466839320995546 67289248220907484 111823217330244231 74548811553496154 42748078035954696 143783645814053778 108618646341702930 147306575723700678 78801255302666615 168601631272450238 96450110192202760 252217035667592710 260927698457097875 144117936527873832 188008647052292980 200882556287683159 229272286871217150 279363328483702152 298330063062758076 637111947576658168 340122810048577428 363117512048110005 413766180933342362 610898403751884101 790738119649411319 899175348396088349 958728697912338045 1089657644424399782 1161537834849962850 1319510599727473500 2812414893122968108
3 4 5 6 7 8 9 10 11 12 13 14 15 16 17 18 19 20 21 22 23 24 25 26 27 28 29 30 31 32 33 34 35 36 37 38 39 40 41 42 44 45 46 48 49 50 51 52 54 57
1 59 62 215 147 307 233 279 231 265 178 159 95 117 70 72 47 71 30 44 32 36 11 37 14 28 10 32 9 16 16 17 4 17 6 16 2 7 3 10 10 2 8 3 2 6 1 4 1 2
1 79 85 496 443 1766 1621 3638 3293 7375 6073 9760 7687 13615 11570 12941 12561 23474 13118 25183 23187 30900 12581 60389 30195 79235 24297 112280 44986 99184 118524 107300 50082 200640 80005 293908 39503 136076 78045 381469 488872 90512 630993 290831 164309 758102 124754 1057163 408452 772310
