16 28 40 52 64
1725 21777 51578 21371 3545
56844 609035 314917 59637 3883
27928742 5088427223075539516 11137374874090064249 96646695589144063 391602018
16 28 40
327 402 34
3647 1007 47
1900054 6725791 26562
3 4 5 6 7 8 9 10 11 12 13 14 15 16 17 18 19 20 21 22 23 24 25 26 27 28 29 30 31 32 33 34 35 36 37 38 39 40 41 42 43 44 45 46 47 48 49 50 51 52 53 54 55 56 57 58 59 60 61 62 63 64 65 66 67 68 69 70 71 72 73 74 75 76 77 78 79 80 81 82 83 84 85 86 87 88 89 90 91 92 93 94 95 96 97 98 99 100 101 102 103 104 105 106 107 108 109 110 111 112 113 114 115 116 117 118 119 120 121 122 123 124 125 126 127 128 129 130 131 132 133 134 135 136 137 138 139 140 141 142 143 144 145 146 147 148 149 150 151 152 153 154 155 156 157 158 159 160 161 162 163 164 165 166 167 168 169 170 171 172 173 174 175 176 177 178 179 180 181 182 183 184 185 186 187 188 189 190 191 192 193 194 195 196 197 198 199 200 201 202 203 204 205 206 207 208 209 210 211 212 213 214 215 216 217 218 219 220 221 222 223 224 225 226 227 228 229 230 231 232 233 234 235 236 237 238 239 240 241 242 243 244 245 246 247 248 249 250 251 252 253 254 255 256 257 258 259 260 261 262 263 264 265 266 267 268 269 270 271 272 273 274 275 276 277 278 279 280 281 282 283 284 285 286 287 288 289 290 291 292 293 294 295 296 297 298 299 300 301 302 303 304 305 306 307 308 309 310 311 312 313 314 315 316 317 318 319 320 321 322 323 324 325 326 327 328 329 330 331 332 333 334 335 336 338 339 340 341 345 346 347 348 349 351 355 356 358 359 361 362 364 365 369 371
386 2002 4565 8854 14232 19060 23128 26845 27751 28162 28996 27286 26502 25598 23864 22697 22282 20424 19716 19176 18061 16843 17204 15889 15553 15211 14653 14094 14202 13054 12926 12878 11952 11749 11921 11051 10994 10688 10373 9856 10216 9507 9133 9141 8790 8557 8571 7766 7988 8116 7574 7326 7403 6683 6750 6815 6501 6222 6535 5913 5762 5681 5417 5188 5394 5089 5009 4872 4715 4403 4678 4296 4288 4231 4093 3809 3954 3636 3597 3630 3603 3388 3429 3081 3064 3037 2943 2864 3009 2778 2680 2686 2489 2359 2465 2445 2317 2347 2205 2050 2150 1978 1984 2010 1900 1874 1895 1771 1739 1654 1715 1569 1603 1575 1434 1491 1443 1286 1356 1245 1209 1307 1166 1170 1114 1106 1069 1099 1026 980 1031 982 872 912 896 852 888 847 755 812 758 720 737 694 616 701 655 598 594 605 581 584 552 533 546 499 487 474 484 438 434 446 389 413 400 413 371 346 344 369 348 331 377 316 277 289 300 284 281 258 242 246 229 213 234 232 217 214 212 205 200 177 164 185 183 162 167 170 138 149 133 160 141 128 131 127 103 105 100 126 103 134 98 91 102 90 91 90 82 71 91 71 54 58 80 66 72 63 42 57 48 45 62 52 41 51 47 36 41 44 28 44 29 30 43 36 17 31 33 40 21 27 17 29 26 31 41 33 20 28 31 16 24 21 18 32 25 15 21 18 14 23 25 11 19 17 14 8 6 9 15 17 11 9 7 6 7 5 12 13 6 7 6 5 6 6 6 5 6 5 4 5 3 5 5 4 8 2 4 6 6 6 5 1 4 2 6 1 4 3 5 2 2 3 1 2 1 1 1 5 1 1 2 2 2 1 2 2 1 2 1 3 1 1 3 1 2 2 1 1 2 1 1 3
386 2186 6455 16853 38791 78072 137740 249016 391735 599003 927141 1315943 1829833 2572709 3375199 4350929 5947982 7393523 9376458 12071167 15085383 17898885 23811173 28077647 34452255 42839232 52591334 62550724 78791564 91604280 109044397 134537226 157012329 185907687 231323149 266472637 318357444 376503768 447145842 499696470 638305309 707938811 805317129 980023381 1135190223 1276455495 1526145150 1675039798 1980723941 2343173488 2685256076 2981552337 3572489556 3832526448 4435087666 5192326904 5944185654 6490055409 7897570955 8695825691 9398768644 11172369112 12104436255 13109573245 15949124833 17647189091 19775788423 22544258639 25156796014 26295998656 32519121316 34764601717 39209374849 44151791275 49407234580 52145105004 62334410003 65695673673 72802945797 83965374294 97642308632 101009402739 118203312518 122563803567 132772699639 150611897471 172677325698 177954740227 218707975526 230190806824 244239124122 283754470787 304857738331 315809404397 368298859212 416564483297 438380577774 498632083791 543036092071 551158107947 654470919485 682268478159 750356072684 847638719672 934917312213 973534899915 1127867870983 1241720040264 1316574910316 1380163319422 1651455136795 1631574255381 1882610508730 2103039281626 2127583688603 2473646945747 2690122884085 2510486160603 3088853458573 3178124498977 3402680903286 4001396255471 4167333025281 4532577680295 4667139404511 5357355864955 5328118219151 6289969822997 6718608467339 6732572225284 8319791782610 9150832444549 8415042154460 9743236869801 10719866332890 10728288233595 12244010671399 14152880605363 13056842327119 15412749314555 16494339106864 17126261949926 20008968045416 19954928653086 19477812938924 24617770884418 25917780698054 25418546883341 27842654306325 31030971709422 32560072665015 36512973401590 37733204266890 39456521478954 45471441678969 48327585582771 49908795321984 51291000554056 58781680528920 56366732244386 61691618821171 75776458165723 66749011777047 80798551600728 85254780650195 90327024114926 95680807763487 101067000739655 103982513950831 124901815222740 126435434806722 136216795985560 156081861563780 152550897762006 139698894818872 158479309564540 189341583407144 187631779297468 211093300497150 211044065374055 217014093847204 240658035770388 242012412219167 233689615727625 281276991520089 311888043768845 319972380863151 368424757898346 371076327020631 398867713190613 459123495585033 409697484564379 401730973152320 526024825613292 580781588459051 533060701578329 575510518899149 637112105580072 585528392777069 651766281618122 658938614394419 827219176490798 845451123214947 827652286141166 914935082890583 1024908695990467 871193234122030 858051719403132 878790339397171 1298559894775444 1154455130950446 1702308807510777 1306337417345169 1324734437171664 1504937995691330 1475958228569393 1600634839515087 1720484916433472 1894175545330922 1641542810947395 2270316226235660 2006730162200392 1472816985260213 1807806104396214 2640817263791405 2438457551854925 2919476803173204 2848570900279041 1895344448530191 2728187877964115 2537341580939529 2549546344414971 4109455047822880 3638281259315188 3292096245545151 4422248227747724 4032756991597110 3635336522980140 4250689058121736 5223879176639849 3032850259604547 5556202591656368 4115110537269666 4239067016852736 7187880594044954 6987346036458118 3004816817086618 6340838690359964 6923806365082486 9859434598270267 6603956544201220 8145049185246888 4745197691883473 10356075413973551 8760010761417093 10929139392052608 16692444087671090 14008272749230644 8757516191772972 15297608064367338 15761562769192835 9090355113628648 15283631949055741 15109476067942366 12502588861683395 25218683553699953 21108438615938715 13200385301483600 21866603206696356 19808906812811861 14035074495873664 27981852320373939 32495469714821939 14459303716452852 28293073734567925 26728263305254800 23745215204655593 18044917611645289 10976527609946559 19831211529816786 35800160127776262 41022049113182043 29264898189698051 30544179675723776 19748282115978805 23953854497875324 23086987721012417 20640350896004918 49122548821433903 57604107564730965 30165448896737247 37625164733491880 35191265435149352 27337720215359159 39777720033799145 38026224272507382 47323422958020588 43336245668119245 48181490309658240 42512233486803140 35114571763118677 56196387076021511 29792917177210503 64722198240566299 60512414154739964 51755871704402577 111992856552017739 30285905477714388 63862312346346183 116027292945442905 109514313464696046 117412683649508508 122985899125013562 23000006655487337 98600424603321960 52831615267132652 169830122045976018 30326181989842964 125628950682619236 134578496441814968 186372028883740385 79839131053999982 85496156071909392 137317075630734084 49005643635237875 104924088457657282 56156602112874289 60105349839666544 64325374609114550 339664918393409950 73653287861850339 78801255302666615 168601631272450238 180350869961099246 206302932643470650 110307860425292772 235898983092227944 252217035667592710 164637479165761044 351887119620845506 188008647052292980 602647668863049477 214618299743286299 244904537455382406 955667921364987252 340122810048577428 775265065838058446 827532361866684724 471314064268398780 502957566506000020 1145224117796075118 610898403751884101 790738119649411319 2697526045188265047
3 4 5 6 7 8 9 10 11 12 13 14 15 16 17 18 19 20 21 22 23 24 25 26 27 28 29 30 31 32 33 34 35 36 37 38 39 40 41 42 43 44 45 46 48 49 50 54 56 57 58 62 66
7 36 56 160 143 388 245 482 277 401 285 415 155 307 160 243 125 146 42 98 65 86 50 54 30 40 24 33 14 24 12 8 10 5 12 12 3 4 4 3 10 8 2 3 2 1 4 1 2 1 1 1 1
7 50 80 413 386 1959 1565 6184 4163 11684 9541 26434 11637 42725 25530 69037 36372 70374 24382 73784 43937 105269 80890 119932 65352 126785 95362 167861 77386 132772 111674 75590 100538 66865 178599 224444 59789 78551 129641 107862 420391 397501 105861 181024 201697 150350 586848 294546 809817 329931 772310 715220 1121505
