25 37 49 61 73
9407 26182 38201 20171 6031
2084682 725057 242090 63072 7499
42490539676867519 15484930356960901858 8603384518478991999 252806641801216984 402979766372
25 37 49
1310 470 81
11607 1003 99
264020410 35226884 128839
3 4 5 6 7 8 9 10 11 12 13 14 15 16 17 18 19 20 21 22 23 24 25 26 27 28 29 30 31 32 33 34 35 36 37 38 39 40 41 42 43 44 45 46 47 48 49 50 51 52 53 54 55 56 57 58 59 60 61 62 63 64 65 66 67 68 69 70 71 72 73 74 75 76 77 78 79 80 81 82 83 84 85 86 87 88 89 90 91 92 93 94 95 96 97 98 99 100 101 102 103 104 105 106 107 108 109 110 111 112 113 114 115 116 117 118 119 120 121 122 123 124 125 126 127 128 129 130 131 132 133 134 135 136 137 138 139 140 141 142 143 144 145 146 147 148 149 150 151 152 153 154 155 156 157 158 159 160 161 162 163 164 165 166 167 168 169 170 171 172 173 174 175 176 177 178 179 180 181 182 183 184 185 186 187 188 189 190 191 192 193 194 195 196 197 198 199 200 201 202 203 204 205 206 207 208 209 210 211 212 213 214 215 216 217 218 219 220 221 222 223 224 225 226 227 228 229 230 231 232 233 234 235 236 237 238 239 240 241 242 243 244 245 246 247 248 249 250 251 252 253 254 255 256 257 258 259 260 261 262 263 264 265 266 267 268 269 270 271 272 273 274 275 276 277 278 279 280 281 282 283 284 285 286 287 288 289 290 291 292 293 294 295 296 297 298 299 300 301 302 303 304 305 306 307 308 309 310 311 312 313 314 315 316 317 318 319 320 321 322 323 324 325 326 327 328 329 330 331 333 335 336 338 339 340 341 342 344 345 348 350 351 353 358 363 366 367 368 369 370 371 372 373 377 387 393
272 1520 4505 10898 20558 37422 53765 75345 83488 89909 91936 89619 90639 83008 81642 81066 76911 70661 72148 67156 65266 61948 60645 58625 58088 52859 52609 51783 49454 45521 46559 44813 42917 40540 39583 38087 37646 34282 34366 34306 32976 30305 30848 29142 28493 26987 26477 26327 25418 22910 23286 22845 21893 20351 20237 19961 19064 17812 17511 17172 16566 15425 15322 15418 14295 13458 13360 12866 12638 11817 11670 11722 11162 10282 10205 10206 9574 9287 9352 9259 8600 8116 7955 7660 7457 7070 6744 7005 6689 6260 6311 6007 5743 5460 5525 5408 5241 4856 4720 4735 4487 4357 4220 4164 3849 3776 3571 3467 3446 3286 3023 3128 3002 2744 2737 2743 2503 2332 2403 2300 2210 2215 2064 2001 1944 1836 1851 1780 1692 1607 1577 1479 1482 1495 1285 1356 1307 1188 1257 1224 1115 1093 1111 1082 1015 1041 1054 947 967 877 869 883 812 736 783 762 788 704 691 602 733 686 596 638 554 521 536 507 509 464 490 505 406 461 431 452 421 388 368 423 348 377 342 352 341 314 333 361 271 291 302 307 294 258 263 261 213 228 220 211 201 199 183 204 202 196 179 159 167 135 137 157 128 111 122 127 104 111 113 143 100 108 99 84 90 96 112 92 90 67 78 76 58 63 86 69 72 70 63 52 70 44 42 64 39 51 44 44 45 27 44 47 27 31 24 33 34 33 29 28 24 29 19 31 23 25 24 27 20 35 25 10 19 20 13 18 18 17 17 10 10 9 12 10 10 13 9 12 7 9 11 6 6 10 12 13 4 3 5 8 7 9 6 11 3 9 7 5 6 4 6 6 3 2 2 10 1 3 4 7 7 1 5 1 1 4 2 2 1 3 1 2 2 1 4 1 2 1 1 1 1 1 1 1 2 1 1 1 1 1 1 2 1 1 1 1
272 1660 6259 19688 49718 127321 254144 521393 883688 1482049 2266743 3438967 4981707 6933853 9836214 13373955 17686765 23466901 30966435 38788987 51515898 63123004 80153078 102289098 126778155 151024000 196161317 232194526 280874941 340623652 413296142 490951493 605873142 697144198 835869224 990691360 1160887074 1305219413 1646542487 1885372110 2205602551 2557612464 3017510670 3367953869 4142360554 4542411974 5265998740 6335092749 7091599232 7762399567 9706849441 10526272106 11924317277 13791432806 15277593411 17432971279 20440705205 21789170320 24860716291 29329038633 31143286458 33973173365 41706528248 45921776630 49140103951 57004594159 61502731320 67761163099 81523761421 83859994164 93359587484 113480147938 117932124902 127970847053 152994708176 166182182291 172360222421 205641435230 224875957089 250672641543 281269667088 295987075379 317901480688 370771487044 392708555934 426440079698 469715909480 547914864593 566434269786 643832185660 707298941469 753107864534 854179598062 895016160437 1000328331547 1164821124213 1226953335876 1277363653565 1455156222107 1623142833607 1658230504624 1861299593481 1960710790051 2187272228904 2398355498858 2625042935630 2597291985966 3057093765370 3215345542741 3342429101551 3718061394459 4182436928374 4282213649122 4644400442673 4913577844826 5585389174492 5816865814023 5856808618458 6428115906610 7425612358218 7749127545105 8295068300706 8676042823949 9478673221685 10038998608573 10507438968689 11386804482160 12035322489394 13362880577008 13941677963282 13914690978485 14946117846822 16647625242470 17628224931645 17157551570506 20953522923770 21526077967189 21688563244003 25694577448133 27065491412408 27570057328680 29744217838833 31555171685800 35557623588133 37480686910956 41023337485496 45476848091096 45794425385760 50767886423401 52880191493904 57670372367589 61462035467989 62015305374296 64605089281584 75133668170600 79438528826905 83198831477549 84481119819824 89238355205934 92423810081814 111240782048440 111730162490197 112083504904412 133999248203646 135756378073863 133232792412490 141259844279704 155131272954255 169746338273483 169024229898213 202067875537071 218116344261931 188009219701588 242879947580856 247698970101307 289562899432458 297731608966851 273890863027105 295208391909500 398995476113005 356960068655700 396754412590680 395922192763945 441997929785251 484607035962957 460151991253580 515638262328347 633239241603798 519261021348186 634289914727238 685147626917160 806059701905501 784346093967906 759397487533624 860485998327447 953089288402111 817791157721254 936238294745982 958509440553987 1018022288952366 1101155601849403 1182216796987906 1123985489325511 1483915448311934 1492356030002461 1587784673335452 1534090627068422 1523211299437643 1820291894525734 1541037952329095 1622905482752798 2087449818033985 1957606178428568 1780180532720035 2219699244013900 2355190837712180 1982946749677488 2380280913584266 2586136879147613 4231133719057170 2559766959809086 3267398827307385 2972437397370925 2892430205346204 3395032270306683 3827903227745472 4906610147287652 4540554484114170 4454234246492131 3576255916052853 4879470173133991 4787812941558701 4005824220460043 4632869589359145 6415227486810812 5706698668278728 6882151115286751 7552309033666683 6723928843654753 5832537006672446 8300698193533819 5828033743058701 6753122322888457 10350193748343215 7163999956022943 9117805064172081 8733111635412964 9125019746297888 12272609237234614 7423696710077186 11584070171994944 12853409756559898 8154289841461698 10160395686739000 9882877817409558 14171834636728726 13207751299877288 15407086375657203 14359656133973002 14142243183869946 14594265014655992 17721363520990916 15215843186403129 20924574688500381 19304527631702929 21431644099932414 23134639223925820 26759865782862230 19850605930612686 34705514115643211 26287475735384199 11644569191291770 23960754434013370 29474130533670841 19514483050455520 30231494996992545 33850924016225193 33271830203326118 37313623262528147 23047292741065990 24810529859239732 22302201158683304 35482489624276833 31067192861053887 38302632620306039 42693473627549864 38633992840301292 45697673100333729 29511582515320882 48284931406263756 51934917198732540 36949594874349484 40063303491621436 68461734137910014 80862052773928974 89025796799172940 27863400576783324 22438695235531752 39600558618282744 67193226532154245 70861730187495931 88022972620271711 72422242107405859 122678119474950084 46575844252695777 127157179571435845 96917749116515433 71617603399977214 108194336765945296 68482326935271548 124413877264937203 153409721785732655 61492949562506781 44458102692840228 69000019966462011 281745376555550406 52831615267132652 88957384320681931 125628950682619236 234356038014189106 258447389529929292 37274405776748077 208083365161864070 42748078035954696 49005643635237875 209848176915314564 108618646341702930 120210699679333088 64325374609114550 220959863585551017 157602510605333230 180350869961099246 199601576513938085 110307860425292772 471797966184455888 126108517833796355 269638361246603040 154043597379576030 164637479165761044 200882556287683159 229272286871217150 244904537455382406 279363328483702152 387632532919029223 1073358140621382242 651688879997206959 695143713458946040 741433159884081684 790738119649411319 843250788562528427 899175348396088349 1917457395824676090 1022141228367345362 1319510599727473500 2484305294265418180 3617712763867604423
3 4 5 6 7 8 9 10 11 12 13 14 15 16 17 18 19 20 21 22 23 24 25 26 27 28 29 30 31 32 33 34 35 36 37 38 39 40 41 42 43 44 45 46 47 48 49 50 51 52 53 54 55 56 57 58 59 60 61 62 63 64 65 66 67 68 69 70 71 72 75 76 77 80 86
5 61 80 349 224 839 389 1072 506 1122 508 883 466 830 416 599 247 492 208 399 186 342 145 299 123 243 109 192 50 167 50 132 39 104 42 80 39 110 42 64 28 59 35 47 16 31 19 25 18 25 17 13 8 22 12 10 4 9 10 7 2 7 9 2 2 4 5 1 1 2 1 2 1 1 1
5 75 118 882 622 4375 2369 13568 7401 33520 16438 55519 35795 116304 61097 157816 72765 215413 106191 312057 161359 478902 185998 677607 274959 878169 419236 1033435 239446 1418448 446290 2004808 438474 2367775 608714 2363671 991254 5265500 1143828 5722739 1385742 4581475 2129448 6763391 1593300 6078759 2197672 6420407 2872180 9759449 3956372 9180891 3222245 11734820 5889356 7787920 3250499 7054863 7810171 7366726 1430440 18595720 7910712 3721817 2600312 15390007 10102824 4647040 4025116 11534848 8175936 10785566 10785566 9289091 41012510
