10 22 34 46 58
164 1368 1249 234 5
3252 5176 1850 259 5
62359 965920 672959 31919 5
10 22 34 46 58
164 1368 1249 234 5
3252 5176 1850 259 5
62359 965920 672959 31919 5
3 4 5 6 7 8 9 10 11 12 13 14 15 16 17 18 19 20 21 22 23 24 25 26 27 28 29 30 31 32 33 34 35 36 37 38 39 41 42 43 44 49
48 269 589 894 1172 1287 1190 1087 912 754 509 376 293 245 155 123 97 91 84 53 46 48 37 26 27 26 20 16 12 10 11 7 4 4 4 1 5 1 3 3 2 1
48 297 892 1891 3691 6149 8417 12459 14832 20202 21527 23185 24001 28657 21886 24059 23964 29454 38773 28909 37421 39953 44811 36728 57054 57528 64185 61656 70554 55228 64624 51033 32003 52702 51461 12310 121148 21637 88385 112014 89166 178268
3 4 5 6 7 8 9 10 11 12 13 14 15 16 17 18 19 20 21 22 23 24 25 26 27 28 29 30 31 32 33 34 35 36 37 38 39 41 42 43 44 49
48 269 589 894 1172 1287 1190 1087 912 754 509 376 293 245 155 123 97 91 84 53 46 48 37 26 27 26 20 16 12 10 11 7 4 4 4 1 5 1 3 3 2 1
48 297 892 1891 3691 6149 8417 12459 14832 20202 21527 23185 24001 28657 21886 24059 23964 29454 38773 28909 37421 39953 44811 36728 57054 57528 64185 61656 70554 55228 64624 51033 32003 52702 51461 12310 121148 21637 88385 112014 89166 178268
