31 43 55 67 79
16379 43784 25089 14732 11
1241104 507669 122633 28399 11
6751614564249431916 12883071878302727233 2294041940140660864 1863633296994371 11
31 43 55
841 284 11
3047 510 13
72306435 2915026 297
3 4 5 6 7 8 9 10 11 12 13 14 15 16 17 18 19 20 21 22 23 24 25 26 27 28 29 30 31 32 33 34 35 36 37 38 39 40 41 42 43 44 45 46 47 48 49 50 51 52 53 54 55 56 57 58 59 60 61 62 63 64 65 66 67 68 69 70 71 72 73 74 75 76 77 78 79 80 81 82 83 84 85 86 87 88 89 90 91 92 93 94 95 96 97 98 99 100 101 102 103 104 105 106 107 108 109 110 111 112 113 114 115 116 117 118 119 120 121 122 123 124 125 126 127 128 129 130 131 132 133 134 135 136 137 138 139 140 141 142 143 144 145 146 147 148 149 150 151 152 153 154 155 156 157 158 159 160 161 162 163 164 165 166 167 168 169 170 171 172 173 174 175 176 177 178 179 180 181 182 183 184 185 186 187 188 189 190 191 192 193 194 195 196 197 198 199 200 201 202 203 204 205 206 207 208 209 210 211 212 213 214 215 216 217 218 219 220 221 222 223 224 225 226 227 228 229 230 231 232 233 234 235 236 237 238 239 240 241 242 243 244 245 246 247 248 249 250 251 252 253 254 255 256 257 258 259 260 261 262 263 264 265 266 267 268 269 270 271 272 273 274 275 276 277 278 279 280 281 282 283 284 285 286 287 288 289 290 291 292 293 294 295 296 297 298 299 300 301 302 303 304 305 306 307 308 309 310 311 312 313 314 315 316 317 318 319 320 321 322 323 324 325 326 327 328 329 330 331 332 333 335 336 337 338 339 340 341 343 344 345 346 347 352 356 357 360 364 365 371 383 386
246 1291 3932 9373 16128 26312 35202 40988 44942 47441 47012 46067 45139 43548 42154 41075 39936 39226 37543 35609 35196 34462 32848 31797 30950 29787 29022 28431 27062 27312 25661 24685 24057 23870 22514 22336 21694 21236 20563 19700 19229 18741 18461 17864 17368 17400 16390 15994 15375 15203 14349 14821 13869 13908 13000 12673 12328 12316 11748 11569 11363 10951 10654 10382 9850 9990 9299 9184 9051 8988 8561 8236 8165 7870 7484 7518 7196 7216 6778 6732 6372 6377 6014 6006 5863 5836 5611 5363 5228 5090 4929 4937 4864 4832 4590 4445 4254 4130 4021 4046 3851 3823 3690 3470 3390 3508 3236 3125 3197 3052 3010 2891 2874 2697 2734 2585 2512 2503 2441 2374 2326 2230 2168 2100 2053 2053 1985 1852 1824 1745 1698 1622 1682 1578 1597 1483 1479 1392 1369 1254 1293 1300 1361 1254 1284 1036 1115 1039 1044 1012 1028 933 944 885 832 834 883 806 896 744 717 715 737 631 666 636 604 588 611 554 557 537 494 463 500 416 444 390 422 383 404 326 387 373 345 347 332 311 311 304 308 273 282 238 293 266 240 235 250 267 207 220 225 223 218 215 246 206 187 197 180 163 191 166 159 144 145 158 158 122 138 135 144 113 121 86 108 97 125 90 105 94 109 120 111 89 91 89 80 74 78 61 111 60 61 55 67 63 69 50 91 59 55 59 65 45 64 50 63 49 53 52 90 40 59 43 46 30 33 46 37 20 31 16 32 26 32 35 22 31 28 25 23 16 22 29 14 17 17 14 19 17 16 15 17 14 12 15 10 9 4 8 4 8 10 9 4 6 4 4 10 6 3 7 8 3 3 6 6 4 5 3 5 4 2 4 4 3 2 3 6 4 4 2 3 1 4 1 2 2 7 3 2 2 1 3 2 1 2 1 1 1
246 1422 5349 16997 40836 95206 185961 330240 555213 890912 1334813 1966687 2825912 3922452 5464274 7328392 9892725 13291312 16937831 21293592 28472742 35679805 44150978 55665022 69125852 85462437 106581266 129808150 154963381 196565140 226900998 271823692 337781898 399136292 468275320 563504796 669538569 789728750 941967800 1063051094 1261728938 1496245895 1739689460 2051398136 2390965961 2821596897 3112815191 3714646782 4122877189 4868878636 5470196847 6535230918 7375758174 8605583708 9339755535 10591125041 12479960756 14195046446 15835825098 18011130449 20269841953 23079329475 26449672158 29489053940 32862246837 38037476122 40209055677 46559487648 53721265924 59838037778 66104393637 73758016789 83021621900 92906024330 101869093126 112971347642 126815543565 144761369139 152749551197 175180132101 192883011584 210705170075 229843273997 260379458854 286161023362 326428614428 357966311754 392160948379 424018349404 464378042724 500141045922 574599535239 652309319090 719414942415 774276158033 846723257271 907944088822 1011484499536 1109912474525 1216491640025 1338215701602 1461123802270 1541691771518 1682847526521 1885408318114 2141776324607 2203031742465 2363515852409 2776042794723 2947242510855 3218550414065 3480573353667 3894482243796 4092734846973 4550147813471 4812452917193 5278896780892 5914212938503 6273509712749 6731495663666 7340169136273 8208400777961 8934166747519 8790886371717 10296118124801 10768550602210 11811896759364 12495030842574 14090315106171 14484916191056 15583482509984 15643478381360 18473475607135 19850706476155 22199869473169 22994565595484 25040153962757 25297451822157 27468352773111 28738708229168 31706224081771 36513711216020 41412146923973 40416768231930 46705879482958 43068895479721 49687631863297 49354954727043 56147444554093 59921815586261 65771191162817 64983410833385 73044111184894 76395662337088 77168140789837 80950001623481 94282731294299 101654588767817 115615556253381 109354259625502 117510398204628 125630435943238 138624753321136 133184468908390 152516593624285 164125265357497 168764916497258 168020035627933 193233129624586 203942813721433 214129995849263 232370260617258 229499911186671 235919888685480 278899283859530 265600493662637 303381001734277 294618968246697 328871545810045 316371213696900 378905903406879 337543383474187 429330998523180 456299499420818 448690400862366 495536831665262 509562745388191 539253968872067 572725348986358 637083372328020 687704356333664 653301135432756 762192863265324 720323471441810 888003491329579 854781843018933 828290704275681 913361475938973 1051813930820701 1354729573284517 1058311560658224 1267524191256807 1274600069505552 1346824651811102 1516038987745571 1656617234159792 1937195837385578 2015072749249381 1829418936688549 2150566394796003 2146061414634632 1953679062624114 2442079572205870 2468387224385301 2522887803723011 2391220373447515 2342047384557003 3286325564380867 3409466969102420 3045054195801194 3699921446521806 3572283691864284 4398881552223933 3940817157490650 4517131342564936 3246996254757834 4522132692658997 4452712825832065 6060746048520760 4583105056137896 6682946712403214 5589086993876355 6912206278154671 9263941347315412 9150999708323134 7597374935830745 8808873198548917 8623963265382809 8259953367315164 8919943597912412 10435024009917557 8493685836409950 17202301469833747 8692163663354895 10252079216678638 9518816885330785 13163824011580215 12400339804128162 16226066714283330 12066071306627772 24490369534995391 16710956167102895 16876824112635600 19520638996019086 24136852638934146 17770825699651207 30003604525480277 21488273692187514 29437221748170534 25593018656165969 32874559533474652 28329586735543089 52804774586487607 27502571632510149 44699063260107607 35462443977645429 42437007947963240 26071575397602134 33971703078616491 48151544868168238 46068832604655128 24501417900529635 48769719646387211 20069137513472930 54974983239420090 43747270899263145 64925666944678068 65819766586033954 47780911810780097 72467696297388110 78037661195423073 62526503227232634 64223488090903715 43070209181244279 68626838317231676 92509829365319967 45904053153950390 62702993839514098 88826883372715104 64575552786416790 94758531681231072 92082042918817326 83911645999870192 87273820324746494 111838115428800415 94618650436284882 86243467720495116 128981307135728229 98886395939934960 75813722807619270 43735068038583702 85989304253232014 41176607249904680 87593282396210507 139727532758087331 113994961676378141 53605316350453117 99854928730537224 64959146143318652 69656720532589180 194070597797526383 116066745186531927 80069707050307780 156374314734008021 190600451225271308 73950318452491470 109441655949124658 204198627333512904 188443426023928854 197242421626774100 213752631031259474 114468377080496145 250831443197818766 180065153666688780 94778002178815903 206391776321723798 220931850567451508 180316049518999632 120210699679333088 266320521110376800 432282923339549056 326204141877783468 360701739922198492 180350869961099246 302753042835673410 110307860425292772 471797966184455888 126108517833796355 288235873055747664 308087194759152060 1152462354160327308 527830679431268259 376017294104585960 523157814702288250 340122810048577428 1089352536144330015 883245963858716874 572612058898037559 1221796807503768202 899175348396088349 1930656072350465812 2332821198543892336
3 4 5 6 7 8 9 10 11 12 13 14 15 16 17 18 19 20 21 22 23 24 25 26 27 28 29 30 31 32 33 34 35 36 37 38 39 40 41 42 43 44 45 46 47 48 49 50 51 52 53 54 55 56 57 58 59 60 61 62 63 64 65 66 70 71 73 75 76
3 36 43 159 119 213 176 297 188 281 162 229 125 153 96 120 89 103 68 95 62 78 50 46 43 45 33 57 30 48 26 35 21 33 10 26 12 16 6 17 7 12 6 5 14 11 5 5 5 4 4 6 5 7 1 1 1 2 2 2 2 4 3 2 1 1 1 1 1
3 43 76 402 383 1203 1335 3690 3208 7702 5887 14983 9926 18828 13781 30101 26181 43558 36809 72724 58408 94147 66732 90103 106331 112624 130383 240757 149349 340883 216888 318885 245868 527045 179624 655231 277962 569532 133877 805745 369337 707006 494316 417963 1505721 1336350 710133 856408 901200 991737 973733 1555935 1776632 2649306 563178 1126356 526823 1439801 1504922 2281954 2145660 5760281 4664671 4843322 6966520 4647040 7108690 5392783 5392783
