0 3 5 12 13 14 15 16 17 18 24 25 26 27 28 29 30 36 37 38 39 40 41 42
1 14 20 86 51 93 133 136 152 18 294 286 323 268 254 258 44 91 80 62 56 45 29 7
273 252 755 500 224 542 665 486 481 31 455 421 443 343 320 311 54 91 80 62 56 45 29 7
3024 1132 4021 2327 704 3047 4985 3262 3707 197 11682 6417 10477 6284 7247 7576 883 1369 841 696 472 260 172 34
0 3 5 12 13 14 15 16 17 18 24 25 26 27 28 29 30 36 37 38 39 40 41 42
1 14 20 86 51 93 133 136 152 18 294 286 323 268 254 258 44 91 80 62 56 45 29 7
273 252 755 500 224 542 665 486 481 31 455 421 443 343 320 311 54 91 80 62 56 45 29 7
3024 1132 4021 2327 704 3047 4985 3262 3707 197 11682 6417 10477 6284 7247 7576 883 1369 841 696 472 260 172 34
3 4 5 6 7 8 9 10 11 12 13 14 15 16 17 18 19 20 21 22 23 24 25
205 685 983 1358 970 1087 472 424 216 190 110 72 46 29 23 17 13 13 5 3 1 2 2
205 851 1519 3053 3320 6066 4130 6086 4631 6782 4971 4882 4302 3983 4078 3517 4092 5754 2552 1365 627 2046 2004
3 4 5 6 7 8 9 10 11 12 13 14 15 16 17 18 19 20 21 22 23 24 25
205 685 983 1358 970 1087 472 424 216 190 110 72 46 29 23 17 13 13 5 3 1 2 2
205 851 1519 3053 3320 6066 4130 6086 4631 6782 4971 4882 4302 3983 4078 3517 4092 5754 2552 1365 627 2046 2004
