19 31 43 55 67 79
5222 13789 41540 24654 14688 99
714538 857543 489856 123148 28923 99
6669130710 12493761286817461725 11988909247716863928 1866555638308610577 2633251276909352 541
19 31 43 55
1398 880 239 12
29830 2817 436 13
475459052 137287162 3828822 921
3 4 5 6 7 8 9 10 11 12 13 14 15 16 17 18 19 20 21 22 23 24 25 26 27 28 29 30 31 32 33 34 35 36 37 38 39 40 41 42 43 44 45 46 47 48 49 50 51 52 53 54 55 56 57 58 59 60 61 62 63 64 65 66 67 68 69 70 71 72 73 74 75 76 77 78 79 80 81 82 83 84 85 86 87 88 89 90 91 92 93 94 95 96 97 98 99 100 101 102 103 104 105 106 107 108 109 110 111 112 113 114 115 116 117 118 119 120 121 122 123 124 125 126 127 128 129 130 131 132 133 134 135 136 137 138 139 140 141 142 143 144 145 146 147 148 149 150 151 152 153 154 155 156 157 158 159 160 161 162 163 164 165 166 167 168 169 170 171 172 173 174 175 176 177 178 179 180 181 182 183 184 185 186 187 188 189 190 191 192 193 194 195 196 197 198 199 200 201 202 203 204 205 206 207 208 209 210 211 212 213 214 215 216 217 218 219 220 221 222 223 224 225 226 227 228 229 230 231 232 233 234 235 236 237 238 239 240 241 242 243 244 245 246 247 248 249 250 251 252 253 254 255 256 257 258 259 260 261 262 263 264 265 266 267 268 269 270 271 272 273 274 275 276 277 278 279 280 281 282 283 284 285 286 287 288 289 290 291 292 293 294 295 296 297 298 299 300 301 302 303 304 305 306 307 308 309 310 311 312 313 314 315 316 317 318 319 320 321 322 323 324 325 326 327 328 329 331 333 334 335 336 337 338 339 341 342 343 347 348 349 351 355 357 359 365 366 367 372 375 381 387
358 1866 5341 11697 20493 32563 43730 55934 67387 76807 82410 88590 83728 79747 75034 68714 64435 60506 55265 52247 49484 45191 42667 40815 37373 35851 33834 31282 30234 28408 26157 25474 24602 22632 21898 20781 20015 19048 18610 17497 17134 16281 15290 15076 14747 13404 13438 13100 12557 12217 12046 11173 11357 10825 10625 10157 10391 9449 9645 9288 9062 8592 8793 8056 8369 8067 7550 7371 7487 6974 6900 6774 6551 6516 6333 5946 5921 5637 5557 5308 5494 4957 5055 4873 4794 4610 4659 4201 4468 4299 4131 4000 3999 3716 3842 3481 3545 3569 3430 3243 3188 3089 2977 2815 2992 2735 2738 2686 2632 2464 2601 2291 2363 2397 2179 2143 2149 2080 2035 1964 1841 1878 1867 1754 1833 1699 1573 1533 1528 1436 1488 1450 1329 1337 1355 1282 1176 1204 1239 1182 1040 1046 970 997 896 989 915 914 845 818 774 741 758 723 778 718 646 612 703 641 595 594 623 599 641 606 566 493 507 433 511 473 425 447 466 360 364 382 395 358 365 346 336 341 297 312 355 291 298 281 293 246 271 270 294 302 241 223 249 236 205 240 213 217 199 193 223 205 172 168 206 192 171 181 180 157 170 138 167 163 108 117 147 98 138 117 125 129 111 90 115 101 78 82 128 88 103 80 92 70 77 63 90 77 77 39 85 56 65 43 65 61 53 36 66 55 34 32 59 42 55 46 47 47 29 37 59 44 41 32 41 36 23 28 28 30 29 20 34 25 16 21 30 24 25 18 17 16 19 24 25 28 8 14 16 9 9 12 12 12 9 2 6 5 3 11 12 4 5 4 7 9 2 6 5 8 4 4 4 2 2 9 3 4 4 3 41 2 3 1 2 2 2 1 4 4 1 1 1 2 4 2 2 1 1 1 1 1 1 2 1 2
358 2063 7403 22266 52827 124914 236084 454884 796607 1374652 2139753 3515180 4844438 7086212 9634494 12874243 16949011 22679555 28184562 36460957 45321581 55758201 68897380 85798785 99858938 124289559 146997154 173308391 205700225 247044232 279172941 337265467 391836413 450274619 524686698 618225488 695278196 823944346 955051983 1084216867 1226355115 1453819760 1601558231 1871432040 2097570091 2345783860 2705864855 3113932395 3457201379 4013474183 4623445554 4979301983 5818391454 6531163399 7648040149 8326281442 10053738439 10646967071 12781132766 14168723972 16066094583 17732020549 21425826293 21637522318 26445556076 30064383718 33143224314 35810528990 42203610676 46002240039 52906824441 57941902575 65473654821 74263332504 82822917318 86184842841 99263774745 111743812533 124816767147 130647905404 156021005475 161335292578 188955973238 199561824114 229401825688 248580234845 289542951573 278855513812 354910363660 383903529005 430757270478 439098302675 509383170111 550059002405 636104304250 632012045312 745018976051 830381630220 911877380687 949540144906 1055426134111 1197508111744 1292829764841 1314077792155 1583890733923 1613993388012 1834531271644 1943998574445 2184135124834 2316341294769 2774544767292 2591988415178 3154649637795 3502549917175 3652091394171 3841965448403 4392875582555 4632036518932 5098032266419 5568689023478 5850164068998 6561234014203 7366867069562 7223148863384 8768551410420 9386341176600 9753400256922 9734322276754 11151378715245 11446760669676 13522480295287 14220460096347 14407194527524 16522580082231 18548645148493 18972879202889 18543185180280 22395947263665 24536329423650 24948407647318 25548351657236 28066879311208 28708424772624 32442450269701 32313258377557 38593483590666 38445300375939 43105160456188 43221228709968 47263863954418 48530483316309 51043232708402 54402541566718 56619881982067 68574441951247 69108164272390 67399207417837 70170076901429 88111905120350 90595030001814 92358367148491 101832772417891 112199951238584 121807725457163 141330873815212 147310178117455 149952667360867 145109283309880 159271624079252 153189957462059 190632580047456 188177871842115 191391059159558 216095734745301 264393373803134 213163605699142 238098284198941 263532425843419 302183483504010 306883048595105 364782254655568 360696646855866 366273852588703 404941698398122 410485622946408 476041037464363 561485857770536 461671550864399 535646999744018 569979671639363 647737835170013 563736858168073 724847217688304 798220395050952 896940707445424 984928783842763 897140503871359 870366607411346 1047027518287277 1092031176193024 1037905423071098 1375790191322563 1330427087789625 1355808415605876 1482137361466921 1543524846693398 1884928462930290 1788520712020601 1795641985955085 1971919788262357 2434235215104642 2395848610921045 2176845510577473 2669364499830649 2936823634093934 2661906226607552 3390578323952785 2761484637791965 3710091473533662 3883402991321675 2810858924271465 3251854506737519 4875389905853963 3316504243314609 5200231539293273 4769636094996231 5462699891765136 5456695947629179 5644189203714019 5390454121577440 6131079462080446 6342439177308101 5748803279608509 5821260316158020 11532724379054996 7365428625036001 9494670772144289 7822950514098856 10844429837162416 8138859060793933 11156681937536661 8730833024361951 13008607488165154 11842811357374456 12254765447359836 6471349205628220 18159888699511268 12118381476625913 15683238013395696 10871937040143123 19089806805666733 16265184430657767 18679209678588569 11648188583104954 24222661690577048 21689266352903981 14854031104916745 15508040530631911 30684252088863520 22975001334201835 29421235173314365 27811732379830327 35173348692440331 33884721539443668 29486746989561625 27719837112465660 51958670951838991 40990388135959749 43030336087382403 33049640664130812 57615202369524786 45801933989218172 30093762513686856 46691032420334802 46266595689161215 44857927171364890 68522612622940339 41841924428406369 68349836722937920 58440510591982039 36344874939896677 52911193812226595 115708127291486566 80125284512475677 77415355665259975 59296769339217094 62382877336575508 68548377284136540 78161726691254403 111766518891007070 110483618558404878 147867140491170157 40787969518184612 84968379200480241 98564573230070609 66497680812727991 66815711111391022 119515960154354653 94710930700019112 123444529810845054 89367896060943135 19184055329127103 63943987395293034 54843077853290725 47409520194103138 141212397342321788 163685283362026254 84711975991680030 80102098882175846 83547719873783579 128185801764296410 194790513773863126 41475522799929836 134916218696655130 121600431258809297 228913761288417754 111330868656554335 145567425002673937 127791062044242926 99777541572374138 72075360646188907 423244262295488417 125415721598909383 180065153666688780 238561647992869681 157386132686485923 2298726128743800201 124430724448781094 216141461669774528 78801255302666615 163102070938891734 180350869961099246 192900220384405520 103151466321735325 537226513919348966 496275045047503037 134819180623301520 144117936527873832 188008647052292980 401765112575366318 858473198973145196 489809074910764812 637111947576658168 363117512048110005 413766180933342362 610898403751884101 651688879997206959 695143713458946040 958728697912338045 2323075669699925700 1701169427975813525 4968610588530836360
3 4 5 6 7 8 9 10 11 12 13 14 15 16 17 18 19 20 21 22 23 24 25 26 27 28 29 30 31 32 33 34 35 36 37 38 39 40 41 42 43 44 45 46 47 48 49 50 51 52 53 54 55 56 57 58 59 60 61 62 63 64 65 66 67 68 69 70 71 72 73 74 76 78 79 82
15 184 271 861 760 2187 1415 3023 1807 3045 1619 2691 1315 2022 1032 1506 737 1120 586 993 450 816 337 625 254 464 185 360 159 305 142 274 101 191 75 169 70 116 38 120 36 71 40 84 24 62 18 66 15 28 12 34 11 20 12 31 5 10 1 11 3 6 2 12 2 4 4 4 2 1 2 12 5 1 1 4
15 213 439 1994 2234 10474 8411 33090 23477 77129 50468 162884 90256 258107 152798 390320 200829 548735 292397 816450 374904 1140875 490452 1568439 559799 1648726 648357 1932787 799109 2847950 1109226 3615127 1183607 3661402 1376092 4779383 1713027 5382581 1442044 6788950 1732997 7028623 2677332 8824303 2571165 10297187 2734505 18966408 3282952 8793684 3532535 16311631 3650443 16454008 6874575 21619691 3393162 8221048 1053646 16432882 4504199 7791768 4175944 36735094 5200624 9566832 13933040 16802456 7682898 3087735 13284160 90015388 55406168 43142264 9289091 85321962
