10 22 34 46 58
455 8851 44764 40719 5195
6604 297380 337807 109456 5903
473078 414331473882 7766265986226348852 418078246456793059 44707020199
10 22 34 46
83 605 190 2
423 1937 271 3
19606 40559013 4020827 3754
3 4 5 6 7 8 9 10 11 12 13 14 15 16 17 18 19 20 21 22 23 24 25 26 27 28 29 30 31 32 33 34 35 36 37 38 39 40 41 42 43 44 45 46 47 48 49 50 51 52 53 54 55 56 57 58 59 60 61 62 63 64 65 66 67 68 69 70 71 72 73 74 75 76 77 78 79 80 81 82 83 84 85 86 87 88 89 90 91 92 93 94 95 96 97 98 99 100 101 102 103 104 105 106 107 108 109 110 111 112 113 114 115 116 117 118 119 120 121 122 123 124 125 126 127 128 129 130 131 132 133 134 135 136 137 138 139 140 141 142 143 144 145 146 147 148 149 150 151 152 153 154 155 156 157 158 159 160 161 162 163 164 165 166 167 168 169 170 171 172 173 174 175 176 177 178 179 180 181 182 183 184 185 186 187 188 189 190 191 192 193 194 195 196 197 198 199 200 201 202 203 204 205 206 207 208 209 210 211 212 213 214 215 216 217 218 219 220 221 222 223 224 225 226 227 228 229 230 231 232 233 234 235 236 237 238 239 240 241 242 243 244 245 246 247 248 249 250 251 252 253 254 255 256 257 258 259 260 261 262 263 264 265 266 267 268 269 270 271 272 273 274 275 276 277 278 279 280 281 282 283 284 285 286 287 288 289 290 291 292 293 294 295 296 297 298 299 300 301 302 303 304 305 306 307 308 309 310 311 312 313 314 315 316 317 319 320 321 322 323 324 325 327 328 330 331 332 333 334 335 336 338 341 344 347 349 350 352 356 357 360 367 380
345 1587 3868 7250 10934 14903 18654 20668 22831 23173 23118 22420 21460 20319 19701 18626 17910 16949 16273 15740 14964 14101 14276 13210 12797 12337 11826 11499 11039 10463 10350 9900 9505 9114 8687 8424 8205 7807 7519 7300 7069 6624 6643 6443 6026 5925 5776 5555 5337 5063 4874 4729 4659 4419 4276 4084 4055 3876 3736 3636 3583 3459 3187 3182 3044 3012 2845 2769 2626 2584 2517 2450 2316 2255 2102 2092 2033 2145 1881 1898 1885 1781 1733 1754 1618 1591 1504 1492 1413 1366 1429 1353 1388 1265 1246 1233 1160 1128 1112 1061 985 979 994 966 939 876 930 919 853 839 879 800 814 762 740 705 696 711 696 644 636 620 592 562 593 599 524 580 545 557 498 516 478 487 457 426 419 423 411 389 404 399 383 369 357 328 322 332 352 343 301 348 306 309 322 336 269 280 270 265 258 266 247 274 226 235 198 209 233 236 201 185 182 221 204 171 156 170 186 164 159 159 146 153 137 140 144 140 125 148 124 117 116 130 79 107 100 111 93 77 103 108 103 76 80 77 83 90 84 74 74 80 75 63 65 59 65 51 65 44 62 65 52 51 47 51 50 41 48 43 50 33 40 38 46 39 33 34 33 31 35 32 29 30 32 29 30 29 26 24 25 19 20 27 26 16 28 22 28 14 19 23 13 9 10 18 14 15 11 7 15 20 16 14 9 15 9 13 10 7 14 7 11 12 5 8 8 8 5 5 3 7 5 11 6 3 6 6 4 8 9 7 2 7 6 3 6 3 5 3 1 3 3 3 1 2 5 1 3 3 1 2 3 1 1 2 1 1 1 2 1 1 1 1 1 1 1 1 1 1 1 1 1
345 1718 5467 14225 30909 62797 114800 196969 327306 503187 750886 1090755 1505417 2075021 2816884 3701947 4874757 6238430 8004182 10308396 12788646 15674580 20650014 24628630 30313367 37794183 45435992 55285627 66855220 78255226 95933342 115239040 135650751 159875769 183897423 217916255 255639626 293406902 344016589 408052736 472092027 533745789 641048706 749740385 809699516 967083580 1108962978 1258331018 1443562283 1625613870 1791896615 2049719973 2411923191 2622001079 3026711747 3392803336 3890251566 4282670574 4909336837 5453997291 6048516027 7019111356 7493426190 8815019402 9421022833 10724807887 11881254517 13061808146 14176188950 15833971832 17753144357 19601022974 21325942536 23607029073 24973810345 28555017104 31825778861 38229347829 38281412813 43541789347 48765061207 52614051204 56985529796 64979644460 69193759344 77150120230 83480741844 92245779629 97285504177 109356083031 127676476377 140884018009 153880858412 163843362385 180716610868 199671474702 215800468996 226267046706 256116371900 280657383565 285464818555 309445367973 360483415568 392476719485 429714132205 452164086484 530662839624 579048385447 604680932721 668160443519 772421816730 779681014696 899281627084 939793760049 1022731003618 1055672460837 1155198406764 1339044392489 1421091164490 1555099268976 1652215684547 1842636942226 1816743760900 1985796998146 2343696592389 2709858943120 2613069083654 3161564249338 3330810108198 3794764181518 3629895873814 4182964368466 4329130737919 4858601921354 4895515982095 5317223722147 5861620572199 6815868623116 7095355792155 7647495157393 8230113219475 9067314635944 9418877455993 10670832378812 10740370075830 11137617779753 12165751671364 13919034154197 15198625116403 17766277805571 17164009435408 19732315159901 20248624610201 21798550796657 25937726539109 29633979635028 24756371879668 28633633641179 31199153571744 32717634040002 35474441970577 40445226133511 39351282277491 49796396318641 46861612717737 52023563554902 46041624285456 58420677426389 66068487998191 80516188084346 71412340348792 72775383851862 76960469154152 99078061148070 100403665398944 92430645681274 91588028454370 108323987398450 124558827465620 121095146315630 135978996009594 139609587621893 151396895972787 170858550230091 176354513414704 172921752499187 197402765081361 212998453942360 216845765097762 291441005933665 250671811373136 248595641014530 283206995784228 340256524584973 241699596299461 322533122662427 338515510297363 406832408080364 370191025432357 327357762862165 505081586228135 583484539771618 547533147325203 468675507336158 518966856293867 516504293043359 635641631014222 766468962264525 805218675816678 736847158682927 840883650498503 935112057208816 971524592221749 838250407730702 1010285080831194 969869623260528 1045793901440828 950338347515665 1322745738632804 966712881237875 1470240629300948 1711591287453782 1443605972974453 1532877242474508 1490313250031524 1636346817662125 2084504360203754 1679619038756578 2059614937445981 2025421186034101 2740571495900883 1809622775302362 2727169530585781 2632482395497444 3319465973329902 2822500024572055 2616718981349522 3038525646766697 3206398563518991 3475883369183049 3831792355271523 3932602803029442 3543822529332224 4278684024179844 5710806555434434 4466983122728136 5695617912075242 5829468686619516 5216086514339300 5575109931232564 6256910429671117 4886342959785701 6285158958903293 8527485831615291 9675180148492495 5296856863268805 10783100366330535 9778570955351399 13933545183863156 6624284928415573 9449455335704401 14822081224885774 8738193874145960 5995757586807803 6510038404399480 13528396618782392 12688917634322075 12840990952621110 9691767679681776 6613617804727580 15009908865818289 23769706572607477 19859289983991105 18937899009534324 15036756395121775 22943752152449355 14386705294576551 23921991280481178 20190776786835849 17213338681307747 31408587504411230 18232021828080908 27605312212139496 36559313525736657 16809352322049250 23762949350330726 29153579238854301 28200059392231304 19356119482028741 23848999336034205 13602759380702658 37287379803920682 25447189322205184 60687054744865856 34988269722138360 19013112136253691 41795100865174986 43849960602433998 38499192005417832 74633227026575300 82012573107995264 68838917291144608 21314662465097678 78492372854208198 71114280291154707 38593653809344873 84711975991680030 45428858216571582 80102098882175846 66133539740636284 18671488299600364 57360403361777673 62933618837282727 88916205385680456 46000013310974674 56610040681992006 149609748300367859 32488293351466654 104402864608322490 109349766422936984 39919565526999991 85496156071909392 140550360722393931 52462044228828641 56156602112874289 124430724448781094 68834885946073850 73653287861850339 78801255302666615 168601631272450238 90175434980549623 96450110192202760 126108517833796355 154043597379576030 188008647052292980 214618299743286299 229272286871217150 261578907351144125 340122810048577428 363117512048110005 441622981929358437 695143713458946040 1596675274490756791
3 4 5 6 7 8 9 10 11 12 13 14 15 16 17 18 19 20 21 22 23 24 25 26 27 28 29 30 31 32 33 34 35 36 37 38 39 40 41 42 43 44 45 46 47 48 49 50 51 52 53 54 55 56 57 59 60 61 64 67 69 72 73 75
4 34 35 137 107 183 126 227 146 232 132 158 112 127 78 74 49 72 40 80 28 40 45 37 19 33 21 31 16 24 14 26 9 14 10 11 5 8 5 8 7 4 1 13 6 6 4 2 3 5 1 6 1 2 2 2 2 1 4 1 1 1 1 1
4 41 56 361 318 1062 915 2976 2405 7209 4787 10526 8816 18146 12549 18949 13624 30242 19974 63703 23253 46036 62609 82417 42599 95642 64822 193756 61913 164071 138930 241894 101397 219772 147013 362802 111602 250060 171398 406212 286016 372681 62370 889552 469311 1337459 451050 389384 566182 800208 204226 2379954 408452 521532 1584308 1353828 1053646 526823 3731221 1741630 1741630 6175470 6175470 8175936
