35 47 59 71
23421 44341 23123 9111
807241 322107 84194 12760
9038281683678077837 4024896410169656637 684979666139893289 10091154665906
35 47
689 160
1947 224
67562759 482313
3 4 5 6 7 8 9 10 11 12 13 14 15 16 17 18 19 20 21 22 23 24 25 26 27 28 29 30 31 32 33 34 35 36 37 38 39 40 41 42 43 44 45 46 47 48 49 50 51 52 53 54 55 56 57 58 59 60 61 62 63 64 65 66 67 68 69 70 71 72 73 74 75 76 77 78 79 80 81 82 83 84 85 86 87 88 89 90 91 92 93 94 95 96 97 98 99 100 101 102 103 104 105 106 107 108 109 110 111 112 113 114 115 116 117 118 119 120 121 122 123 124 125 126 127 128 129 130 131 132 133 134 135 136 137 138 139 140 141 142 143 144 145 146 147 148 149 150 151 152 153 154 155 156 157 158 159 160 161 162 163 164 165 166 167 168 169 170 171 172 173 174 175 176 177 178 179 180 181 182 183 184 185 186 187 188 189 190 191 192 193 194 195 196 197 198 199 200 201 202 203 204 205 206 207 208 209 210 211 212 213 214 215 216 217 218 219 220 221 222 223 224 225 226 227 228 229 230 231 232 233 234 235 236 237 238 239 240 241 242 243 244 245 246 247 248 249 250 251 252 253 254 255 256 257 258 259 260 261 262 263 264 265 266 267 268 269 270 271 272 273 274 275 276 277 278 279 280 281 282 283 284 285 286 287 288 289 290 291 292 293 294 295 296 297 298 299 300 301 302 303 304 305 306 307 308 309 310 311 312 313 314 315 316 317 318 319 320 321 322 323 324 325 326 327 328 329 330 331 332 333 334 335 336 337 342 349 350 354 355 365 372 376 379
271 1253 3652 7918 12944 18422 22716 26166 28017 28530 28248 27812 26758 26099 25464 24788 23928 22919 22531 22068 21354 20998 20297 20057 18957 18221 17996 17785 17003 17135 16390 15680 15312 14962 14465 13932 13796 13630 13123 12779 12114 12015 11774 11667 11164 10989 10451 10417 10001 9762 9725 9240 8929 8895 8596 8349 8084 7834 7570 7622 7286 7130 6827 6795 6554 6552 6182 6206 6022 5972 5723 5639 5418 5259 4886 5048 4811 4993 4759 4575 4364 4184 4228 4163 4110 3955 3869 3680 3568 3531 3456 3523 3388 3502 3189 3051 2958 2773 2836 2832 2751 2785 2698 2479 2389 2415 2304 2352 2188 2197 2187 2015 1969 2084 1864 1907 1764 1915 1736 1682 1620 1626 1511 1512 1412 1593 1422 1396 1361 1347 1243 1254 1231 1251 1173 1154 1053 1057 1076 1075 1035 990 943 941 874 832 827 809 880 919 810 766 730 775 731 749 682 656 802 639 651 578 569 557 559 612 540 565 519 487 475 427 426 497 418 446 434 376 385 378 365 376 323 344 313 312 308 311 288 312 269 278 253 282 254 240 202 278 201 215 207 171 192 198 170 187 169 207 188 175 143 128 143 167 125 155 130 98 155 107 116 111 87 107 94 78 81 87 88 95 176 161 64 81 81 83 54 78 71 66 60 52 40 48 51 62 44 42 43 44 46 42 25 43 40 46 29 35 43 36 30 36 19 36 24 28 20 24 23 36 25 22 18 27 19 26 17 18 13 22 17 11 20 21 12 23 7 15 14 9 10 9 10 14 10 10 5 7 5 9 8 15 5 13 8 2 10 6 5 13 8 4 4 4 5 8 4 9 14 4 2 3 4 4 2 4 3 5 3 2 4 4 1 3 2 1 1 1 1 1 1 1 1 1
271 1366 5086 14923 33981 72193 131125 230911 372136 582207 859194 1267360 1761737 2457188 3392440 4601766 6031331 7929702 10380168 13393335 17138345 22061273 27570252 35222854 42727043 52521762 65522294 79984245 96532185 121298626 144685321 173390020 208956680 251761488 296373068 351357860 411008690 496092738 583867272 693579331 778257547 950474340 1084633537 1296886285 1477597221 1745060861 1951863078 2380810964 2624402842 3079012702 3591171561 3974052144 4511819754 5341100200 5955274763 6945230087 7819526102 8776593255 9760761778 11825729233 12632605549 14558937644 15932494692 18803528123 20814255112 24114631398 26103425103 30118602683 33727808957 37599486810 41803625892 50260235845 51832311541 58425823939 62198177532 72887490249 78517562282 93980069391 99978290424 115277831565 123232592394 133688189332 153356053207 168750852238 187937918727 205086293960 230697801781 251917216710 281601930839 306984992135 332979779909 384456293165 422399521169 476121227532 509384522910 559419933638 588898269667 628186385791 715568542240 796496103524 859108063503 1026675389432 1076393981209 1131234241983 1175143785973 1328197683391 1448855215244 1694215886514 1744277283861 1998849928734 2166297778290 2267110604341 2495501851710 2900461324002 2897645570482 3379056139669 3435241112436 4135801464324 4186099881602 4579206969924 4866447725029 5427309137087 5561847701217 6061484418087 6515465592029 7858986910588 7657794635194 8704621028716 9065660315881 9984606289404 10332799583668 12134437375415 11963825870731 14249541070380 14619646715172 16682700178822 16745304853521 18149828937533 19697797617393 22363993591483 23622871237626 23926708319954 26161274244196 29899373509401 30565761182521 30419584247314 34198075485590 38116171118108 42189814377342 51107049565934 48586281304663 50388834543521 53523956288769 59511376107389 62588349097847 73479730573792 73915168967171 78640962503464 100177381075065 91070002934403 101726204235714 98358535672952 105943596288112 117991700154313 125962213205539 147778753714234 142013855493294 172822400906626 166759232645135 166838190932982 190029202480884 191805271826576 194699550753376 247717348976961 221371474033116 284981215902690 308635583236615 283027576642311 324371699235860 326137646706760 335020983995640 385907542679721 387048782909948 432747758786762 420896658618564 480678357873941 472439317850234 582871685635827 546046505158188 630245833972909 631353231854224 699434999392148 714515658669570 796910545523518 834273896149906 851729650722792 748135844816331 1151009587833635 894397448801928 1119191034362251 1155839122468224 963089973043961 1219295228053647 1380088196978363 1199262344723027 1494565582874980 1593201021300079 2087579368762373 1916684053166763 2123611603402344 1677232222725017 1818438533692585 2019314754912633 2396344436146157 2074142751001047 2972469029744046 2529802837562217 2102217458996462 3627798482620764 2818554534213371 3157565318847947 3460509451231242 2818339732859421 3820004924862753 3538254943276166 2964315513388947 3358724522887269 4669434326614307 3903784665698584 4907081104504973 9521470982292327 9005048885763531 4446683729661362 5616025348170754 6704892301620469 6999091961995827 4634487531227858 8186172571010308 7058835320400399 8075797140273400 8021961580492600 7252117821238292 5867081266869865 7140418202338340 8127567363019393 11385881847665872 7977951446343849 8333738630165080 9615650377789356 10115002698424689 12460999536877302 12866056956617544 6239503045614685 14607540001006280 13949713674781086 16604323388883835 11640224373024050 16340884453374464 20501390301751264 20252758038509615 18182040038973555 19278204750062204 12653218288521781 25057179578510248 17390404675623529 24165749422803296 19176193851919781 24773565393172515 21801454828746810 45410243825526998 30051953550264396 27344879996356021 27273428931821699 40934620844603735 31444707962314749 56449931523355375 28947124657021951 34551512755971199 27868007571827095 47702626087756582 38375002082347802 29710251887459073 55070575343704885 70497674486416846 33853033288240886 79014748529521055 22833303504556307 72113804723975073 58985876027973586 42931627492644577 49186728738772893 46018101128151256 50894378644410368 98833538734417972 57897011680085690 74264807565080472 33870898686745669 76624351586154141 39049875311850288 74042979136053315 69596556864978777 162725525569740426 52560297322598857 204045715108974471 95652716329613637 25431435914287169 149566620696746249 101903508877691602 80102098882175846 218163586549691411 143085365564537567 94703379960978401 104409141637212563 90458116003814902 121600431258809297 274682570624607062 109441655949124658 349766052336186841 476513843463881360 134578496441814968 74548811553496154 114468377080496145 165335287125909374 262537029230974840 91544717087156056 248484618769780141 161080690570531571 397044962516912278 188756099057895644 133160260555188400 275339543784295400 304909086329033908 84300815636225119 427378697525450099 180350869961099246 134819180623301520 214618299743286299 229272286871217150 298330063062758076 318555973788329084 610898403751884101 958728697912338045 1238057794119125085 1498478743590581081
3 4 5 6 7 8 9 10 11 12 13 14 15 16 17 18 19 20 21 22 23 24 25 26 27 28 29 30 31 32 33 34 35 36 37 38 39 40 41 42 43 44 45 46 47 48 49 50 51 52 53 54 55 56 57 58 59 60 62 63 64 66 67 74 79 86
3 25 42 104 73 167 90 135 83 150 86 93 62 92 58 75 43 68 62 62 48 51 33 49 23 42 35 55 13 26 9 14 11 22 10 15 10 16 3 15 6 14 5 7 7 6 2 9 1 5 3 4 2 5 2 2 3 4 1 3 1 2 1 1 1 1
3 28 60 240 235 929 609 1653 1353 4172 2843 5577 4378 10717 7779 16535 11099 29663 28298 38334 37890 53543 40117 78213 42503 118768 107656 206114 65130 176381 89086 151065 124386 315327 173853 311274 243748 478754 100312 662956 273013 983796 353705 816003 775924 802397 340133 1848092 211116 1538723 743030 1192872 551276 1702926 1043064 1898666 2204482 2610050 715220 3692700 966467 2805655 1741630 4697205 9289091 20506255
