26 38 50 62 74
4503 30719 38720 20945 5106
734429 659192 225627 62022 6059
1046160496515981410 12901732071136508803 2813682942781717093 137945601008626914 84757518098
26 38 50
533 517 83
4017 1147 94
23354821 13126397 54808
3 4 5 6 7 8 9 10 11 12 13 14 15 16 17 18 19 20 21 22 23 24 25 26 27 28 29 30 31 32 33 34 35 36 37 38 39 40 41 42 43 44 45 46 47 48 49 50 51 52 53 54 55 56 57 58 59 60 61 62 63 64 65 66 67 68 69 70 71 72 73 74 75 76 77 78 79 80 81 82 83 84 85 86 87 88 89 90 91 92 93 94 95 96 97 98 99 100 101 102 103 104 105 106 107 108 109 110 111 112 113 114 115 116 117 118 119 120 121 122 123 124 125 126 127 128 129 130 131 132 133 134 135 136 137 138 139 140 141 142 143 144 145 146 147 148 149 150 151 152 153 154 155 156 157 158 159 160 161 162 163 164 165 166 167 168 169 170 171 172 173 174 175 176 177 178 179 180 181 182 183 184 185 186 187 188 189 190 191 192 193 194 195 196 197 198 199 200 201 202 203 204 205 206 207 208 209 210 211 212 213 214 215 216 217 218 219 220 221 222 223 224 225 226 227 228 229 230 231 232 233 234 235 236 237 238 239 240 241 242 243 244 245 246 247 248 249 250 251 252 253 254 255 256 257 258 259 260 261 262 263 264 265 266 267 268 269 270 271 272 273 274 275 276 277 278 279 280 281 282 283 284 285 286 287 288 289 290 291 292 293 294 295 296 297 298 299 300 301 302 303 304 305 306 307 308 309 310 311 312 313 314 315 316 317 318 319 320 321 322 323 324 325 326 327 328 329 331 332 333 335 336 337 338 339 342 343 346 348 350 351 356 357 363 364 369 372 384 393
282 1348 3856 8503 14921 22645 31280 39895 43412 47671 45682 46325 44613 44639 41436 41155 38311 38370 35647 34889 33088 32550 30357 30066 28362 28604 26330 26121 24788 24927 23169 22959 21555 21438 19992 19566 18825 18994 17658 17525 16622 16446 15265 15308 14640 14583 13584 13366 12752 12778 11608 11759 10949 11360 10393 10601 10012 9962 9294 9271 8770 9158 8390 8288 8046 7944 7361 7416 7026 7191 6607 6773 6238 6633 5882 5832 5535 5813 5218 5429 5044 5055 4627 4582 4373 4597 4214 4264 4273 4118 3709 3821 3547 3676 3290 3465 3203 3235 2907 2946 2762 2851 2657 2604 2553 2522 2363 2333 2233 2356 2121 2166 2064 2005 1882 1838 1774 1773 1862 1850 1733 1599 1469 1370 1449 1421 1355 1287 1317 1255 1172 1148 1293 1142 1117 1129 1144 980 973 908 917 962 913 941 920 811 789 755 710 817 750 690 720 691 629 585 648 597 660 659 582 598 529 507 508 576 496 534 476 493 445 437 408 460 446 419 419 402 350 355 335 385 355 388 331 337 297 276 287 306 269 309 278 223 269 232 211 232 221 217 220 187 179 168 184 178 162 184 159 168 137 132 119 168 159 164 143 97 119 99 110 135 103 115 111 102 95 95 85 98 89 95 75 61 66 55 52 56 60 75 50 58 40 46 59 53 44 30 30 35 38 41 31 29 24 30 28 27 30 21 34 28 23 27 26 16 22 18 21 30 17 19 21 8 14 15 19 17 9 14 13 11 7 6 14 15 6 7 6 12 6 10 8 10 12 3 6 12 6 5 12 5 4 4 8 9 2 4 4 7 4 5 5 3 4 3 9 3 7 1 3 5 2 1 6 3 1 1 1 4 3 3 3 2 2 1 1 1 2 1 1 1 1 1 1 1 1 1 1
282 1475 5400 15882 38200 85120 164288 321404 523065 874416 1280813 1976772 2726758 4058305 5376400 7490032 9613313 13425116 16493553 21905302 27432722 35172358 42735173 55076604 65206213 85780123 99443882 125053419 148288968 189454474 214353473 264764221 308242172 380095728 426548565 519462384 595272350 731805016 829296166 976980507 1117259103 1347363015 1480351718 1802373535 2061689278 2421944664 2650866916 3075784462 3488790353 4144661412 4428118664 5334707372 5775837728 7015917390 7360903817 8977769882 9870788878 11552948792 12281343076 14806348495 15908566260 19524419650 20341795358 23395083640 26154434072 30303306762 31420075595 37965535003 39964311322 47861211343 49903327635 59782478851 61435754613 77733260751 76434846709 90353150408 94096809723 117066156329 116324073772 142063053656 145784092548 174053870268 172259717055 204373796456 206240257455 259251799254 257904600525 309873810940 337695761126 385681287877 379521131934 466086147837 473293138713 557087747618 532082795306 677802061182 656459191079 799838643953 773563815019 918164595666 895424872322 1108038336519 1074774735212 1272301428146 1350571956641 1589969157068 1577308452027 1848163617840 1816873334744 2228804015752 2172150538243 2572480606947 2695175763353 3092075207945 2974941288543 3379567673297 3495315286012 3973001467731 4369675919985 5014365675380 4919089816290 5506151639015 5597211217987 5851627268292 6608406832295 7143885691970 7366521850672 8186044547949 9005324009024 9456955291248 10069326607876 10820770457444 12628338173611 12527854027706 13951517299775 15177704284401 16950776674349 16692754168460 17943558744159 18576690008259 20770103750267 23238964761998 26751332133908 28891149875666 29999035894873 30285024259442 32289364092029 35128969358819 33633195946974 43896846322069 43393189049946 43907624903585 49857137863620 55813862321031 54046071914017 59218159707624 65631202755218 69964746113422 82397780787957 92549848166117 85716045208964 103558181892258 98205765711186 104838504322753 108956880943481 141932518320471 126084743989766 159865075027232 151448455575312 174970182906781 161716357230118 194670541216629 189580849625276 242265649151761 244212085141319 269963132798870 265494646320544 304172370343698 274103461465990 319513466361240 309576795779170 400859058176056 380667017681200 470836743253032 436210448108236 532761111242604 450314878883796 488752774223548 537837846246985 610740535978878 567636816349628 793779148346814 714079502901998 702193378109909 818520625844363 877281861800179 714859461025837 957542146483042 945230216366066 1113089609358046 1073108371193433 1084921732373080 1146867741478793 1133563562727306 1322718199434026 1486872751030757 1358703211933001 1825042031425537 1606726501468458 2011498997504504 1670632442773090 1822642162924599 1572123629374967 2609968367637190 2556621080174785 3173180166271752 2512441525226107 2196859309237403 2693369893456908 2698860092497843 2920158385102278 3839258021407199 3103294008281509 4018192220030697 3809949687894736 4469607774199302 4125357752818530 4850514595163501 4147646415655686 5204078319177368 4932774972155179 6470766582877504 4891671824060246 5099252971322785 4961475585401376 5166891238620258 4521108512054675 6355186645654329 6160015322365093 9068432254884539 6067377667700061 9217624249068045 6130609982103017 8375771762978670 9689665378353759 10193224657679284 8884148422062589 7678758689790094 6649087733386612 8804691363317742 9746790669776268 13391380708757437 8762462280345289 9769284067719547 9886219370863598 11460668762000802 12590445973906269 12966373636508647 15273941118299712 9950137671855024 19315725127471079 16952610645013434 14010382730827320 18344535986606118 19255916925152374 13944684836850846 17378077650501672 15714949067651190 21559210425528222 30666028112608181 18984609465583281 23364501502570032 26048959750079128 12277420949415212 22635055160488772 23260911772162040 30892946311775755 31742178723240841 17650687951015341 29458293796758197 36334176229772727 26050987196523064 16893000906779951 17786668130319886 41639539618119451 49250108897904722 25755995226867528 34740380592120570 30039920664823531 74632471151657626 30208245359169483 47054376248122257 49856475771986384 59547478487190402 70810081824566540 25052876018349206 52851745050866190 115049606847336567 54559688775303912 49361986090702210 106608888611873185 66127359468425012 41176607249904680 43407535775468621 117690124543850484 124478179943951128 39486653685173112 73666183547131592 63862312346346183 117201686542760537 70914028699042249 113374868260578765 101527803087660671 108832390804898901 93650126117292501 75716019935227306 243409906824385965 84915061022988009 283746194716705126 34800954869440830 109349766422936984 194307508134496127 82667643562954687 45772358543578028 284334006536447709 157386132686485923 52462044228828641 60105349839666544 68834885946073850 358629635477698717 247402886575116853 270526304941648869 289350330576608280 206302932643470650 220615720850585544 134819180623301520 144117936527873832 175943559810422753 401765112575366318 229272286871217150 244904537455382406 340122810048577428 363117512048110005 536679070310691121 572612058898037559 790738119649411319 958728697912338045 2056513475336633805 3617712763867604423
3 4 5 6 7 8 9 10 11 12 13 14 15 16 17 18 19 20 21 22 23 24 25 26 27 28 29 30 31 32 33 34 35 36 37 38 39 40 41 42 43 44 45 46 47 48 49 50 51 52 53 54 55 56 57 59 60 62 63 64 66 68
4 47 46 175 129 337 205 433 271 455 231 371 205 269 166 254 136 183 80 156 63 140 63 113 58 93 35 74 27 62 28 40 24 42 26 39 14 21 12 24 17 17 7 6 10 6 4 6 8 5 2 3 1 4 3 2 1 1 1 1 1 1
4 54 66 426 388 2043 1347 5464 4274 12809 8218 24593 15166 35386 23974 61595 40479 85431 40596 117897 58340 191742 82972 223874 119913 370816 124453 418481 134482 591472 277431 439652 287282 1015240 376667 1329043 390595 1090083 439154 1149884 755623 1074176 509645 850915 970276 828786 526225 1707949 1551119 1419353 544054 1197321 408452 1534808 1739034 1053646 526823 1430440 966467 1932934 1932934 3483260
