19 31 43 55 67
2931 31393 44535 18353 2776
226536 604459 223154 44972 3164
4089217261 23864845466726674731 8168791696685310211 180445725427234861 2707388488
19 31 43
575 791 62
6029 1552 83
542718305 103374895 51256
3 4 5 6 7 8 9 10 11 12 13 14 15 16 17 18 19 20 21 22 23 24 25 26 27 28 29 30 31 32 33 34 35 36 37 38 39 40 41 42 43 44 45 46 47 48 49 50 51 52 53 54 55 56 57 58 59 60 61 62 63 64 65 66 67 68 69 70 71 72 73 74 75 76 77 78 79 80 81 82 83 84 85 86 87 88 89 90 91 92 93 94 95 96 97 98 99 100 101 102 103 104 105 106 107 108 109 110 111 112 113 114 115 116 117 118 119 120 121 122 123 124 125 126 127 128 129 130 131 132 133 134 135 136 137 138 139 140 141 142 143 144 145 146 147 148 149 150 151 152 153 154 155 156 157 158 159 160 161 162 163 164 165 166 167 168 169 170 171 172 173 174 175 176 177 178 179 180 181 182 183 184 185 186 187 188 189 190 191 192 193 194 195 196 197 198 199 200 201 202 203 204 205 206 207 208 209 210 211 212 213 214 215 216 217 218 219 220 221 222 223 224 225 226 227 228 229 230 231 232 233 234 235 236 237 238 239 240 241 242 243 244 245 246 247 248 249 250 251 252 253 254 255 256 257 258 259 260 261 262 263 264 265 266 267 268 269 270 271 272 273 274 275 276 277 278 279 280 281 282 283 284 285 286 287 288 289 290 291 292 293 294 295 296 297 298 299 300 301 302 303 304 305 306 307 308 309 311 312 313 314 315 316 317 318 319 320 321 322 323 325 326 327 328 329 330 331 333 334 335 337 338 340 341 343 346 347 348 351 353 357 358 361 363 364 365 366 368 369 373 380 383 385 388
208 1094 3829 7022 13739 17069 25904 27539 35104 32844 38994 33491 37121 30696 33251 26891 29811 23751 26635 21673 23954 19170 21877 17422 20140 15660 18469 14237 16870 12901 15201 11908 13952 10918 13100 9969 12043 9403 11293 8651 10409 7834 9538 7633 9076 7047 8585 6459 7906 6224 7690 5802 7174 5432 6680 5096 6380 4769 6101 4603 5629 4459 5305 4233 5149 3949 4781 3771 4680 3486 4398 3337 4052 3213 3967 2926 3779 2940 3581 2755 3502 2538 3225 2489 3074 2306 2989 2194 2886 2093 2509 2053 2561 1956 2394 1761 2243 1701 2229 1698 2148 1511 1902 1511 1910 1414 1781 1287 1626 1196 1604 1128 1510 1135 1392 1129 1404 1036 1337 988 1205 995 1163 933 1169 833 985 784 1068 764 1005 740 831 717 846 618 846 646 689 584 728 561 676 503 610 504 575 450 595 438 477 412 514 373 539 366 464 337 434 305 427 315 385 302 386 263 343 239 342 260 328 221 332 248 321 206 312 206 272 195 232 180 233 173 207 158 191 161 206 149 195 146 188 125 162 109 156 135 122 98 139 99 113 99 108 107 92 74 98 87 90 74 88 63 92 62 63 79 73 56 74 52 57 54 51 50 57 32 48 48 58 29 55 48 46 37 38 46 39 36 33 42 38 32 47 29 30 25 36 16 30 15 22 20 26 18 17 17 17 18 15 18 23 17 16 21 18 11 21 13 22 9 11 7 22 16 14 12 11 6 8 8 12 6 6 7 12 9 11 12 9 8 3 6 5 7 3 2 1 7 4 3 2 4 2 4 1 4 2 1 1 1 2 1 1 3 1 1 4 1 3 1 1 1 2 1 2 2 1 5 5 2 2 1 2 4 1 2 1 2 1 1 1 1 5 2 1 2 1 2 2 1 2 2
208 1213 5199 13021 35240 65494 146477 231634 444938 624001 1129158 1416060 2377663 2827534 4488646 5032357 7902353 8406240 13088563 13851716 20852590 21409992 32626276 32618800 49451760 47510763 73564065 69776795 105944909 99123982 148026539 138588129 208134131 192993825 290440823 261650107 396722892 359777172 539762111 483416837 707952213 636440980 930750453 857244825 1241237402 1114320640 1647500278 1421369180 2080093204 1886207048 2828551330 2429511472 3609474809 3139900084 4592772192 3974398215 6009123765 5069325674 7796817805 6664732773 9924371095 8888671449 12378060918 10978326525 15955179697 13933742123 20149197474 17321537304 25723957757 21424648661 31878694034 27082695940 38518363941 33063408482 49445564388 40476873726 61915799497 54740065958 73757993540 63214915400 97650132267 76987660757 115484692679 95217413247 137606676369 117854300561 184597416983 137858866600 218398494769 177547991466 242800774501 216832602225 320176070907 267683488759 373698943231 307183233700 443347485421 365224245151 564881880213 457178395393 695260879045 549971807385 768909157714 659278763888 975262381055 791575925285 1139655448752 861705161896 1270450945001 1032678460861 1688732377338 1190336697224 1888535007274 1539935141919 2073171535307 1811742826006 2635587756833 2130572083491 3012780607512 2553149120901 3379245482521 3076230018328 4156974317665 3708197013799 5105160147572 4082149576228 5335410394348 4706588479130 7133301014975 5541645939992 8347394393368 6603427750934 8102516615404 7768550927195 10923365057921 8124082118319 12266102813327 10417024080698 12645878503222 11475851361442 16592465888951 13860732407844 18612788882294 15169144453113 19990076391414 17807281974999 23092336373283 19067256137506 27196687427919 21775894018557 27604806998028 25897917742427 36455617017898 27221188811545 46616551410041 32809509740863 47816915943155 34509291711634 53783768600279 41493171946453 63926812967502 48760561898930 72587468976735 55912758395145 83832404378164 58227680297887 85102324620633 67479977350662 102931602178259 86020719545650 124608025886883 90398377592515 151816517278893 109602698563443 170099722707148 114446170694710 205237884330395 138167482211907 206182618307375 156843361754485 200015313986822 157154654177025 267375071368265 186299704529260 258088201862646 199453179404840 275728505860339 240919044010186 379690799442459 275896736469018 423239233813629 330977751009056 474579066796064 314924679112341 488573443741119 316966860724735 502353732261636 466390407017188 491528265933217 429489295001288 669786047261659 512045003946158 593980205577102 565465271404497 733974842582371 753170535890864 694559790635925 600851464040905 982372216228600 859757584380732 963061342045429 815076538359254 1061438533073666 836975657075341 1451623648585322 1040386812109185 1065883832246077 1592570926075825 1526277224802018 1282700350925132 1879731905033942 1281484279481115 1789242083535277 1813611003844143 1701521614405882 1851487917115138 2385820002434697 1503825384272108 2061360111383523 2418104427901013 3277012048931894 1719901932274554 3435230808614593 3377058945166934 3406932067750742 2648774967077011 3240323705764663 4008016260550996 4013475485650403 4150147219749319 3906783787886424 5450840977329517 4818984199554588 4821737979670257 7890679910016432 5453109009746957 5875737764666190 5307385758152712 8011198914839692 4234277904998230 7607929008759812 4142492393059490 6413359556287590 6703359083782539 8467613026773961 6554387948416169 7287790021597203 6986531108979325 7207595594936119 9021433137816394 7432874930621698 9845223270428170 15335747054737214 9993715828923308 11304078770226612 16269906189812568 14082126711072617 8461248998373099 20780159795966055 13786550293308914 22070416532106594 11731288099320256 13593146542957986 8903330252797859 34773695914447824 27398462703325155 24492414106146151 21435819026805627 22812538786467050 11677884197965662 20606013825353991 22623594451445940 29431331023353246 15821477320779699 17427522153195310 23969005960712746 40533561999003500 34775181950613578 42638161125546904 57897573931828638 40178548945480392 38300734592634276 15703113209261016 36693174706106394 29782048220332665 45406718889553616 20418374415470750 21411265366902246 8030248384943040 58572730256689220 37012331746894408 29792917177210503 21314662465097678 44185746620741886 24538436038458930 52648871580230816 13162217895057704 63862312346346183 33653966668976958 18671488299600364 18671488299600364 21458096037352891 46000013310974674 23000006655487337 26415807633566326 83025848315558332 28305020340996003 32488293351466654 136891157959789144 37274405776748077 128244234107864088 45772358543578028 49005643635237875 52462044228828641 112313204225748578 60105349839666544 128650749218229100 147306575723700678 78801255302666615 421504078181125595 482250550961013800 206302932643470650 235898983092227944 126108517833796355 288235873055747664 703774239241691012 188008647052292980 401765112575366318 244904537455382406 558726656967404304 363117512048110005 387632532919029223 471314064268398780 536679070310691121 2863060294490187795 1221796807503768202 651688879997206959 1482866319768163368 790738119649411319 2044282456734690724 3193350548981513582 1930656072350465812 4380802664847530262 5290836681377527402
3 4 5 6 7 8 9 10 11 12 13 14 15 16 17 18 19 20 21 22 23 24 25 26 27 28 29 30 31 32 33 34 35 36 37 38 39 40 41 42 43 44 45 46 47 48 49 50 51 52 53 54 55 56 57 58 59 60 61 62 64 65 66 67 68 69 70 72 73 74 75 76 80 82 83 86 88 89
4 79 69 281 184 518 371 663 356 629 358 580 250 412 234 355 142 240 144 226 82 140 112 158 63 96 74 99 37 77 45 68 32 51 36 51 19 33 17 28 7 12 10 22 13 13 17 13 4 7 8 11 4 15 8 6 4 4 6 3 7 3 3 1 8 2 8 7 3 4 1 2 2 2 2 4 4 1
4 96 98 717 545 2786 2374 8142 5333 17270 12166 36548 18916 53596 34175 90652 38723 101208 63513 186331 62964 178125 141349 351490 142667 287127 237970 568065 176109 712441 300289 889555 335940 994056 519148 1280787 456692 1511039 381738 1753579 279384 732222 469653 1906539 1206391 2109282 2102297 1893114 750545 1569490 2064616 4811054 1850732 9673669 2190694 4923688 2447172 5160683 3021628 2262260 11830638 3253481 16763628 1741630 30369328 3829019 26630312 61878200 10855625 16351872 5392783 12371378 18578182 48528656 31592952 82025020 166509354 34262962
