8 20 32 44 56
206 1272 1354 145 2
5752 7230 2158 156 2
84067 1652600 361704 10703 45
8 20 32 44 56
206 1272 1354 145 2
5752 7230 2158 156 2
84067 1652600 361704 10703 45
3 4 5 6 7 8 9 10 11 12 13 14 15 16 17 18 19 20 21 22 23 24 25 26 27 28 29 30 31 32 33 34 35 36 37 38 39 40 41 42
60 317 615 1382 1656 2087 1685 1883 1219 1072 670 669 362 276 214 183 139 131 122 95 71 55 53 53 29 32 38 21 22 19 14 12 18 8 6 3 3 2 1 1
60 375 939 2852 4870 9483 11634 19764 19955 28043 26659 41954 31163 32786 31584 34433 36393 42455 59107 57269 49568 49902 57426 89166 63678 73557 109720 88908 95076 101126 100819 107891 143789 108705 63025 59789 82100 43274 43274 86548
3 4 5 6 7 8 9 10 11 12 13 14 15 16 17 18 19 20 21 22 23 24 25 26 27 28 29 30 31 32 33 34 35 36 37 38 39 40 41 42
60 317 615 1382 1656 2087 1685 1883 1219 1072 670 669 362 276 214 183 139 131 122 95 71 55 53 53 29 32 38 21 22 19 14 12 18 8 6 3 3 2 1 1
60 375 939 2852 4870 9483 11634 19764 19955 28043 26659 41954 31163 32786 31584 34433 36393 42455 59107 57269 49568 49902 57426 89166 63678 73557 109720 88908 95076 101126 100819 107891 143789 108705 63025 59789 82100 43274 43274 86548
