0 1 2 8 9 10 11 12 13 14 15 20 21 22 23 24 25 26 27 32 33 34 35 36 37 38 39 44 45 46 47 48 49 50 51
1 7 14 206 303 422 427 520 594 654 168 1749 2369 3086 3930 5062 6104 7021 1467 13681 7540 6938 6314 5195 4783 4243 799 12695 1136 883 707 468 308 180 19
4 81 105 880 1120 1336 1289 1518 1732 1816 479 6227 10510 15107 20367 25702 29274 31115 6018 55075 18794 16301 14088 11345 9742 8349 1519 25229 1553 1161 898 573 360 201 22
36 3047 2874 16679 18292 25848 24111 39881 56507 83517 23857 58214823 333293125 4009052147 88003241332 2191976839353 246745659297710 38132553286991281 9968556420040801 277337647141448776 94551250275903903 45342675366439198 23669111518058246 31023611834537649 34783656446077266 31061492956844926 686057476735317 41828035349740471 151316561211811 21840834340298 2435534727851 249482097522 20542420261 1158535860 18207455
1 8 9 10 11 12 13 14 15 20 21 22 23 24 25 26 27 32 33 34 38 44
1 3 8 10 10 19 20 25 8 35 30 22 16 16 18 9 2 50 3 3 1 1
2 9 15 15 11 32 43 43 11 54 49 37 25 28 24 13 6 62 3 3 1 1
14 143 77 148 155 444 505 556 47 2926332 92762 28587 12418 3511 3846 1976 691 616621 479 44 11 11
3 4 5 6 7 8 9 10 11 12 13 14 15 16 17 18 19 20 21 22 23 24 25 26 27 28 29 30 31 32 33 34 35 36 37 38 39 40 41 42 43 44 45 46 47 48 49 50 51 52 53 54 55 56 57 58 59 60 61 62 63 64 65 66 67 68 69 70 71 72 73 74 75 76 77 78 79 80 81 82 83 84 85 86 87 88 89 90 91 92 93 94 95 96 97 98 99 100 101 102 103 104 105 106 107 108 109 110 111 112 113 114 115 116 117 118 119 120 121 122 123 124 125 126 127 128 129 130 131 132 133 134 135 136 137 138 139 140 141 142 143 144 145 146 147 148 149 150 151 152 153 154 155 156 157 158 159 160 161 162 163 164 165 166 167 168 169 170 171 172 173 174 175 176 177 178 179 180 181 182 183 184 185 186 187 188 189 190 191 192 193 194 195 196 197 198 199 200 201 202 203 204 205 206 207 208 209 210 211 212 213 214 215 216 217 218 219 220 221 222 223 224 225 226 227 228 229 230 231 232 233 234 235 236 237 238 239 240 241 242 243 244 245 246 247 248 249 250 251 252 253 254 255 256 257 258 259 260 261 262 263 264 265 266 267 268 269 270 271 272 273 274 275 276 277 278 279 280 281 282 283 284 285 286 287 288 289 290 291 292 294 295 296 297 299 300 301 302 303 304 305 306 307 308 311 312 314 338
326 1275 3649 4926 7768 8001 10742 9165 10626 8634 9969 7871 8721 6904 7982 6298 7240 5723 6503 5127 6092 4848 5675 4392 5243 4159 5043 3888 4550 3594 4410 3414 4041 3188 3812 3034 3634 2828 3232 2623 3050 2513 2951 2308 2756 2106 2632 2105 2379 1925 2356 1942 2087 1727 2035 1616 1949 1548 1771 1416 1631 1400 1595 1201 1469 1168 1448 1147 1311 1098 1256 1108 1177 993 1163 892 1058 886 966 812 944 783 861 752 832 702 799 643 735 665 723 618 697 565 649 516 615 512 569 450 520 448 502 435 472 387 472 398 436 340 450 346 447 302 375 301 349 276 366 256 334 263 342 232 288 238 288 251 289 208 262 216 254 195 225 180 204 177 225 151 195 187 209 145 163 157 193 148 178 112 167 150 165 109 137 114 164 112 154 101 131 100 127 94 104 98 125 94 111 66 98 87 96 69 85 88 110 64 78 56 74 62 78 60 67 43 83 53 81 50 66 53 70 30 53 38 66 35 47 31 55 34 55 24 54 35 48 26 39 21 42 27 36 24 33 24 47 15 27 19 29 17 30 17 33 11 26 17 20 13 13 13 17 8 15 6 19 12 19 12 17 7 16 7 16 5 12 6 13 6 5 5 10 7 12 6 14 5 8 4 9 9 6 8 6 2 5 4 7 7 6 7 5 4 4 1 5 4 3 7 3 3 2 3 5 1 2 3 4 1 1 1 2 2 3 3 1 1 1 2 2 2 1 2 1 1 2 1
326 1337 4962 9283 21584 33667 68958 89955 157563 191948 325576 374168 590284 651144 1031115 1129115 1741846 1820714 2750449 2818368 4393298 4469480 6800847 6714043 10114966 10134680 15427613 14992579 21898256 21145348 32154089 30930748 45423725 43262677 63346916 63019093 89645206 84959679 116046278 112286884 155529035 149946739 221071879 201960717 287280826 257666813 384974525 365125990 484455954 461388757 664632493 634525489 839438746 793288194 1104309302 1046299822 1459004862 1335916356 1768600656 1636027534 2193210949 2186966552 2865739241 2439507338 3544040294 3141579399 4665005814 4146076207 5579707207 5223060133 7062644360 7066632758 8811724556 8482698741 11247465006 9805198899 13705351439 12672944519 15648034172 15415896986 20073230294 18477293309 24029287759 22416358916 29492772072 27767116115 35723004499 31993477224 42448103123 44072275750 54197947746 53028647650 65289318283 60828437359 78180847854 71058362007 95842226032 88475356507 108237969971 99438605304 130607981432 120996615900 154463064506 145667826147 183163310272 170686286497 226817776809 213790682500 258904967140 240036354056 344949268361 286199268185 421368468076 341790765129 435795495736 393282983120 508128409429 450350944548 652936656730 513214533810 769020651000 674615422627 942998836350 700729505558 990843982009 919951716981 1229337462765 1163941173241 1501336196651 1198667805965 1657586906253 1492511981090 2104735542916 1701889724330 2129913527643 1935899374184 2397203518691 2410623236817 3106205080223 2377909175933 3480242342265 3702700562253 4558178335806 3238552785437 4059380257106 4716699650623 5964339553869 5018878753874 6571212210047 4822633531060 8152323923315 7683118084913 8877649133654 6714123086152 9128643725689 9007841562276 12974739801180 10317218769711 14891956168992 11277849693680 15564383507559 13199623055396 17945477168619 14724564441953 17913376223171 20027215618154 27004417287370 22245317636024 27140134457377 18429508384318 29969352380371 27734054796736 33072506047675 27807612387861 36604740352502 39608003986981 52386568354975 35446528289590 48233800213330 38299464129340 50061459820121 49131384099221 68620929258056 59709987306395 70080912474466 49720005117122 107226622764506 72962882922279 120737057179507 81527483781307 117395606122230 97879450317158 143323247725453 69867463206620 127523377008877 99685449400017 192719129239500 108842722413149 169044917667115 116910973186451 228569288745301 168276665718701 269240478545567 131531189772984 305140335012447 232242103528601 328007993890463 183223383468610 297389945037891 195059901865364 398618986677351 268675547674339 370366214479868 300489675664918 420747171948767 357581122409146 705683448271564 252562942442533 510264854302194 421740062072916 589405104497564 372380634778651 854943748071993 438524130073395 944427990168018 339140793623964 884946013294955 606662462676818 767724090229583 580813386977949 655721147959583 638016872299255 898861838065930 549126976083059 998125419672994 395109515821650 1379224568585731 964541979536298 1784838747818010 1205933650125515 1672875623948853 865653899064788 2083186721778790 897488550343700 2209788365311478 736950469393670 2076857061950443 1201750796999942 2438746534778096 1188674652712646 1085341233647181 1192304827690983 2574122865301812 1993653198665231 3629384472063682 1960036006217497 5140470628334578 1917748970870108 3345045859766850 1838183001794700 4172107938350246 5007500251098591 3418078437644449 4752082753788573 3876856618709355 1393209076750542 3782673796067245 3297885820662609 6072727246416336 6683692066355845 7049929949571851 7837628513562753 6004735903315938 5154529752292978 5449602731979330 1412749565173450 7837529417227867 7049113732229076 5689692310774752 13852995721075052 6277438016832666 6920224602357938 5081905180091396 8006698957140768 14282535748883735 3160137867148997 6795168023973546 10702445684128879 15156705995120950 4219388528587095 4872038056472084 5234371069753672 11245985383901210 12079527764191030 20418374415470750 21924980301216999 8030248384943040 8030248384943040 8620496275465025 19184055329127103 20588303624952340 22092873310370943 12269218019229465 24538436038458930 16239786535829663 16239786535829663 38688915062177309 103151466321735325
4 5 6 7 8 9 10 11 12 13 14 15 16 17 18 19 20 21 22 23 24 25 26 27 28 29 30 31 32 33 34 35 36 37 38 39 41 43 55 56 65
11 17 42 32 32 54 44 49 22 21 21 16 11 11 13 7 9 10 7 8 4 3 2 7 1 4 3 3 2 4 2 1 1 1 2 2 1 2 2 1 2
11 26 101 91 155 362 435 731 548 637 1064 936 982 1139 1677 1438 2581 4252 3773 4533 2993 2724 2234 8102 1255 6363 9266 8456 8283 19437 10169 5604 8349 10143 49240 44649 21637 83215 479886 281589 2600312
