5 7 8 16 17 18 19 20 28 29 30 31 32 40 41 42 43 44
25 25 24 94 172 212 241 242 217 334 322 283 223 53 69 70 52 21
577 247 244 257 640 765 749 586 277 421 391 331 253 53 69 70 52 21
3694 1283 1752 1041 5377 13878 9806 6498 4641 5356 5362 3236 2919 304 288 175 84 27
5 7 8 16 17 18 19 20 28 29 30 31 32 40 41 42 43 44
25 25 24 94 172 212 241 242 217 334 322 283 223 53 69 70 52 21
577 247 244 257 640 765 749 586 277 421 391 331 253 53 69 70 52 21
3694 1283 1752 1041 5377 13878 9806 6498 4641 5356 5362 3236 2919 304 288 175 84 27
3 4 5 6 7 8 9 10 11 12 13 14 15 16 17 18 19 20 21 22 23
189 662 911 1118 785 871 451 380 213 155 70 73 31 29 21 19 15 3 3 1 3
189 824 1371 2546 2886 4845 4125 5685 4701 5208 3402 4712 2626 3863 3205 4609 4727 1299 1188 770 2940
3 4 5 6 7 8 9 10 11 12 13 14 15 16 17 18 19 20 21 22 23
189 662 911 1118 785 871 451 380 213 155 70 73 31 29 21 19 15 3 3 1 3
189 824 1371 2546 2886 4845 4125 5685 4701 5208 3402 4712 2626 3863 3205 4609 4727 1299 1188 770 2940
