26 38 50 62 74
9234 29790 36205 19858 4906
2661669 762393 223959 59785 5809
656483602170766824 45118367499939952472 5717617339497275192 193226833030175992 84097089621
26 38 50
1107 533 64
9702 1227 78
279296146 27901210 92238
3 4 5 6 7 8 9 10 11 12 13 14 15 16 17 18 19 20 21 22 23 24 25 26 27 28 29 30 31 32 33 34 35 36 37 38 39 40 41 42 43 44 45 46 47 48 49 50 51 52 53 54 55 56 57 58 59 60 61 62 63 64 65 66 67 68 69 70 71 72 73 74 75 76 77 78 79 80 81 82 83 84 85 86 87 88 89 90 91 92 93 94 95 96 97 98 99 100 101 102 103 104 105 106 107 108 109 110 111 112 113 114 115 116 117 118 119 120 121 122 123 124 125 126 127 128 129 130 131 132 133 134 135 136 137 138 139 140 141 142 143 144 145 146 147 148 149 150 151 152 153 154 155 156 157 158 159 160 161 162 163 164 165 166 167 168 169 170 171 172 173 174 175 176 177 178 179 180 181 182 183 184 185 186 187 188 189 190 191 192 193 194 195 196 197 198 199 200 201 202 203 204 205 206 207 208 209 210 211 212 213 214 215 216 217 218 219 220 221 222 223 224 225 226 227 228 229 230 231 232 233 234 235 236 237 238 239 240 241 242 243 244 245 246 247 248 249 250 251 252 253 254 255 256 257 258 259 260 261 262 263 264 265 266 267 268 269 270 271 272 273 274 275 276 277 278 279 280 281 282 283 284 285 286 287 288 289 290 291 292 293 294 295 296 297 298 299 300 301 302 303 304 305 306 307 308 309 310 311 312 313 314 315 316 317 318 319 320 321 322 323 324 325 326 327 328 329 330 331 333 334 335 336 337 338 339 340 341 342 343 344 345 346 347 349 351 352 355 357 358 360 361 363 364 365 366 367 368 370 373 375 376 380 385
270 1537 4595 12047 24281 46340 67935 79999 97433 97639 102081 96586 98120 90468 94083 85406 84325 80464 81715 72921 75513 69975 70305 64986 64910 59571 62688 56762 55941 54089 54834 48666 50486 46719 47051 43973 43990 40710 42929 38310 37851 36745 37713 33414 34508 32482 32272 30467 30091 27650 29988 26853 26235 26007 26095 23053 23856 22213 22692 20965 21233 19644 20581 18654 18259 17896 18422 16319 16925 16065 15704 14708 14614 13566 14533 13216 12689 12680 12931 11154 11371 10885 11034 10236 10324 9658 10145 9239 8681 8691 9302 8061 8225 8159 7593 7387 7065 6663 7313 6671 6412 6539 6489 5585 5593 5521 5539 5274 5256 4881 5110 4763 4355 4546 4674 4088 4284 4318 3879 3768 3661 3377 3888 3480 3275 3299 3268 2809 2926 2787 2844 2694 2789 2643 2656 2479 2283 2281 2481 2000 2137 2143 1932 1837 1784 1642 1830 1662 1601 1550 1517 1285 1363 1334 1331 1279 1308 1204 1174 1119 1043 1001 1117 951 995 973 862 822 860 720 860 763 753 708 707 600 637 615 648 567 599 554 531 516 476 453 527 416 447 428 419 365 352 323 384 350 376 329 314 257 303 300 348 256 308 266 223 269 244 232 270 220 244 218 183 198 221 188 221 185 173 187 187 160 154 181 158 150 205 126 139 123 125 132 154 114 135 121 100 100 110 85 117 90 102 92 73 65 70 80 75 78 70 77 70 59 46 69 65 37 71 53 49 43 44 52 75 49 68 46 44 32 41 39 37 31 33 27 30 31 28 21 29 17 20 21 14 19 20 17 14 16 40 12 11 25 4 15 8 7 7 10 9 8 6 7 7 11 2 10 7 2 9 11 7 8 5 5 8 5 2 19 2 4 2 8 1 4 4 3 2 1 3 4 1 1 2 2 1 3 2 1 2 1 1 1 4 2 1 2 1 5 1 2 1 1 1 3 3 3 1 14 1 1
270 1691 6291 21423 56880 150482 299983 563162 1014586 1592582 2480569 3682853 5370490 7417267 10690916 14014950 19032445 25347945 33122105 41620640 55741274 68353577 87643438 108523599 136624676 163360348 210576155 247724570 304821930 371457746 452481803 521493275 660769883 759521600 902901784 1085055205 1281963528 1482869944 1822168999 2044650540 2398953825 2854690245 3334538569 3756414578 4551657791 5057328427 5896037681 6795684439 7849219130 8720094633 10625837760 11615315080 13329288763 15683948866 17675702415 19404131814 23342696443 25295899667 29054259741 32729093181 37781109166 41106721107 48385310377 51315206726 59482051156 68342367608 76634872321 82556096024 97768224494 105154399625 117848565723 131841545913 146704467763 160546133693 187066829653 196787381972 220393470572 250399044271 280170785413 291840541824 337869302611 358861031671 403997119666 440381153119 495582422192 529308213003 627197540283 633047765795 712381157201 803456240472 912022398425 928931113884 1089187046779 1138064195235 1256706876118 1392018461821 1484354294137 1601423640122 1899764568491 1922187582004 2172779381099 2506293740288 2697673245587 2743042527452 3062097547606 3305079404747 3621124049110 4025043038364 4318862682394 4645573992610 5449705638241 5394673213893 5881079332897 6923027596904 7472714498622 7583137679524 8983267711134 9663379995523 10230257568458 10976339758937 11566669228164 12374001288087 14874216284959 14798416861886 16272482066078 18286062781483 19183460363837 19020254278066 22418120470434 22687202956623 25114482253045 27354636453712 30720355067773 33080861364743 38460389719427 37388546627180 38831440122580 45225295708117 48828784904909 46662460954448 54925115812445 58892606560439 62140849632290 65970338471228 68354728819177 70431296502305 81843707628897 79939014879989 87859878956704 98548012915038 100509362851833 98846451790214 112383876704265 118948946571047 125279439438579 138417574269210 146669514259994 151330037976713 176584297582120 173605766939625 179962808179310 194439433295962 216530085855795 216481011637455 245723559427663 265752427038765 258492367604719 275121555116572 311084280955423 279225833605567 355555284436750 345601301796659 382606110260033 411689212651469 430790309015183 390077782894971 459377286606192 462777343321202 535027202450490 539809207892245 617279462161540 598995193619592 665039915035297 672728686804501 672248366076400 696079159271116 842433157742616 696988641606794 910839500826077 896573938108768 1000467476242254 869615938572287 919116796138963 919769459187140 1145112844362263 1215389755650663 1395131605981142 1290370670362110 1445425639167097 1185160502958466 1603508593328099 1625128633620383 2094353251436713 1563664942785209 2284868692468599 2152707869595293 1861893440546774 2438557921124435 2585316988932536 2491690750771036 3151668778381937 2832498891774424 3360930993820605 3151366848200554 3134344510723065 3626042858147903 4010523429063379 3892944459710479 4977577001878725 4295183800875917 4662592473606195 5292288751985727 5812187060767013 5785782135022218 5520811840277380 7410606927461405 6652298709758568 6691738096463129 10128739920476589 6463731921594635 8061989301870332 7630090542371108 8815057194202344 9702370857791380 14550557251060417 8895040291991353 13246499660201369 12485249659517688 11394125052952467 12248269256770450 13818303275751892 11680282323522743 17964652466306116 14500682997337504 19284053889762650 18048371964263380 15778490071142215 13458441726787285 17049644526344396 21105513093521562 21185810303971093 23042328499420704 24045403957657504 28029153435955973 27225705965692240 25128782566773159 20866407916573815 32113331890636944 33941407697233003 20330413160738446 43875008818533055 33860996448123036 34803479593795162 26974270828649316 33137543774142021 40992864002874515 67018429797702350 42738715547363728 83610704479709532 49738599233260160 53059266009315168 38763359827688315 58638891789601185 55293705505018550 55398835237005089 57061651272819275 63919258400345459 52230147963690296 74208981833986595 67386188427802699 65157223069488467 51648565390271559 75011385593555516 49085343031257160 82102860465348782 75442497441608018 58069712332870826 76820424214876254 84938250213893860 80025725148635413 71857994373277323 78817068467685866 219692056967604856 69680176222331503 75182760946082415 194830154509681706 33391722669628926 120988027122902892 63691303773111864 57392234475645250 71494316848754508 96598166101315414 92284186892212861 97472402783486081 83383498310384172 88563525762090972 94048414805848530 190712645163680388 32479573071659326 184509619880714453 144342673730990636 57360403361777673 208818283274425126 282039069721856475 165950345074440818 250032464473776572 135857463582690984 145567425002673937 253420012726862162 171692112829229974 74548811553496154 716149189008969205 82667643562954687 180065153666688780 94778002178815903 419696353830629128 56156602112874289 288680506017955955 257301498436458200 220959863585551017 226107831026367293 84300815636225119 270526304941648869 379525765557157903 96450110192202760 110307860425292772 235898983092227944 252217035667592710 134819180623301520 432353809583621496 308087194759152060 164637479165761044 351887119620845506 188008647052292980 214618299743286299 244904537455382406 1046315629404576500 637111947576658168 363117512048110005 775265065838058446 441622981929358437 2356570321341993900 536679070310691121 1145224117796075118 610898403751884101 651688879997206959 695143713458946040 2224299479652245052 2529752365687585281 3066423685102036086 1161537834849962850 17332809117667751190 1596675274490756791 2190401332423765131
3 4 5 6 7 8 9 10 11 12 13 14 15 16 17 18 19 20 21 22 23 24 25 26 27 28 29 30 31 32 33 34 35 36 37 38 39 40 41 42 43 44 45 46 47 48 49 50 51 52 53 54 55 56 57 58 59 60 61 62 63 64 65 66 67 68 69 70 71 72 73 74 75 76 77 85
12 56 59 283 259 584 465 791 524 825 569 732 397 636 347 446 267 424 259 349 179 285 176 207 143 175 119 159 111 122 93 100 64 85 59 82 41 52 34 42 32 32 27 37 21 27 16 18 20 19 5 22 13 7 7 6 10 9 7 9 13 4 2 3 1 5 4 1 4 1 3 2 5 1 1 1
12 68 99 700 738 3104 3092 9634 7777 23117 18441 45437 30606 83392 52338 108625 77692 188168 124608 285014 157035 395593 248381 491196 312734 565661 432937 834931 553726 1089360 775279 1140030 1001178 1265650 1093890 2049524 1092157 1996252 1344982 2242219 1602824 1660596 1799134 3952947 1632562 3440063 1948174 3970748 3355780 4705151 1596702 9907915 4876938 3702061 3309168 3725344 6727812 7300987 8769048 14436186 11311844 6128128 2266623 5654751 1300156 10213649 13460778 3483260 19300498 9294080 18526410 12263904 28355912 10785566 10785566 31592952
