28 40 52 64 76
9025 36529 32338 19779 2325
1482794 689649 191396 49255 2461
2242151524335509849 21066872346275980543 6188482070878142437 39800927762225316 637537249
28 40 52
892 375 33
4850 755 42
62927299 6242754 10050
3 4 5 6 7 8 9 10 11 12 13 14 15 16 17 18 19 20 21 22 23 24 25 26 27 28 29 30 31 32 33 34 35 36 37 38 39 40 41 42 43 44 45 46 47 48 49 50 51 52 53 54 55 56 57 58 59 60 61 62 63 64 65 66 67 68 69 70 71 72 73 74 75 76 77 78 79 80 81 82 83 84 85 86 87 88 89 90 91 92 93 94 95 96 97 98 99 100 101 102 103 104 105 106 107 108 109 110 111 112 113 114 115 116 117 118 119 120 121 122 123 124 125 126 127 128 129 130 131 132 133 134 135 136 137 138 139 140 141 142 143 144 145 146 147 148 149 150 151 152 153 154 155 156 157 158 159 160 161 162 163 164 165 166 167 168 169 170 171 172 173 174 175 176 177 178 179 180 181 182 183 184 185 186 187 188 189 190 191 192 193 194 195 196 197 198 199 200 201 202 203 204 205 206 207 208 209 210 211 212 213 214 215 216 217 218 219 220 221 222 223 224 225 226 227 228 229 230 231 232 233 234 235 236 237 238 239 240 241 242 243 244 245 246 247 248 249 250 251 252 253 254 255 256 257 258 259 260 261 262 263 264 265 266 267 268 269 270 271 272 273 274 275 276 277 278 279 280 281 282 283 284 285 286 287 288 289 290 291 292 293 294 295 296 297 298 299 300 301 302 303 304 305 306 307 308 309 310 311 312 313 314 315 316 317 318 319 320 321 322 323 324 325 326 327 328 329 330 331 332 333 334 335 336 338 340 341 343 344 346 347 348 350 352 353 354 355 356 357 358 359 360 361 362 363 366
291 1512 3785 10133 18703 30679 41606 54014 57331 62998 61975 61086 60218 58937 54246 56063 53053 50422 48878 49507 44437 45498 43311 41622 40851 39625 36585 38576 35801 34126 33144 33506 30479 31282 29085 28518 27966 27624 24960 26858 24893 23841 23258 23511 21189 21977 20519 20236 19900 19814 17581 19222 17478 17001 16346 16411 14804 15834 14431 14043 13720 13759 12351 13487 12378 12123 11588 12163 10533 11509 10089 10064 10211 10064 8695 9700 8762 8699 8168 8274 7401 8053 7163 7159 7033 7282 6222 6951 6374 6218 5841 6106 5322 6116 5273 5050 5169 5399 4557 5187 4613 4579 4341 4453 3856 4348 3898 3714 3606 3872 3092 3570 3359 3400 3079 3172 2787 3179 2659 2633 2713 2784 2293 2589 2316 2385 2133 2084 1987 2225 1891 1829 1863 1983 1550 1799 1684 1737 1609 1654 1396 1684 1351 1329 1357 1474 1215 1368 1186 1284 1152 1103 1008 1255 1046 977 955 984 794 924 834 901 788 808 741 816 636 668 631 729 555 614 566 607 543 500 470 582 451 460 432 441 427 390 388 404 322 326 347 356 304 287 313 329 282 295 260 267 240 217 248 246 248 216 189 194 175 176 199 200 184 141 148 150 135 156 140 122 109 121 107 112 101 90 103 104 91 95 72 88 75 74 74 86 58 81 112 67 64 69 55 58 64 60 39 61 42 42 42 46 68 49 55 46 41 37 40 42 36 38 41 19 21 30 28 27 29 30 24 23 16 29 33 15 17 14 14 17 7 20 16 14 11 13 19 10 10 18 13 10 9 11 7 7 5 6 8 15 10 8 11 9 6 16 7 8 3 4 6 6 3 8 3 5 5 4 3 3 5 9 5 4 3 2 3 1 1 4 1 3 1 1 2 2 5 1 1 1 2 2 3 1 2 1 1 4 1 2 1 1 2 2 3 21 4 2
291 1646 5309 18224 45164 106575 207129 404159 647221 1100529 1629260 2444856 3462473 5080456 6609016 9508595 12347767 16330069 21012939 28989009 33808506 45549468 56659044 71481658 87174447 110641616 129686647 170983873 198895272 240795110 288430639 369159917 407437421 515738339 591352138 719716945 830609627 1022394041 1119433176 1447107038 1595204227 1859276459 2171947853 2663489569 2841143909 3493872731 3967960765 4679330867 5190287396 6283274305 6591275559 8371423293 8824053037 10422446083 11589491228 14037413045 14320079706 18010138554 19139509209 22357080419 24199657508 28543901062 30349844020 38368672395 39225931897 45600052801 50017926789 61634350607 59741253298 75346263971 76895844011 90740711431 99562915823 114956760159 114930293007 144820235140 147201459803 168897285427 183970247810 215364661770 211284534851 265320873913 260922699824 307640822470 328535535053 396263179757 387478998511 482006130826 494435222737 556797341503 596256245851 716059248806 678315040803 891093304319 890064951898 994515864473 1064679850555 1282464507725 1205452686067 1564755503159 1547657517478 1772348264303 1840605286349 2195345857992 2079686132666 2586769300593 2649190723922 2891935551638 3050143269182 3742446114787 3294900894304 4243785452341 4318490658960 4841909005412 5133219684027 5905932590620 5758784457831 7191260448837 6952952139800 7496260964268 8456509288344 9800682774789 8892867696750 10854432215900 10982785043069 12334174363849 13059687893717 13645642071175 14400800841710 17218297090787 16548415860969 17954829902982 20141789375871 23446805783012 20247503484013 26254386833031 26733077302602 29486178468040 32077637411529 37631392035289 33028028879969 44839895066923 40351067554031 43880192880305 47808279031463 56944481792730 51958591319863 65803488540846 62399141021222 74424561763139 75395777037009 79471750905275 75560333772710 108137857337195 96853104086460 101196522675157 105749250010756 114402277972187 105290642273116 143864812003287 128229689699777 156610187487511 152702640818863 176518651523880 172061263116522 212828531404328 182135444781594 215906574791331 212692707259149 266456587387395 228968127926263 282969424525861 269488963898519 307032334697431 329078394411338 311003666791448 313555422318915 428732566086437 358831014519715 440284881761735 404681121753869 467943465281268 514114019484457 512141817805994 537645236376361 625361420642547 538264293577127 614079174427313 685183189849447 702098353863835 692336456027828 773399578966742 814187237909812 912109652710255 904874748749543 1052100506198337 1027621247885633 1125855853665232 1078487034193076 1065155778288386 1340716129979519 1432966762068520 1855864923358156 1551388890335250 1351121008429813 1587154279697164 1557128321532046 1815255471927997 1966673660919637 2367258553572375 2339129902416235 1893679977061403 2040533477989387 2392451798712645 2131523523973099 2919236496904223 2803132467459552 2629574679905946 2422587608039127 3084685897114439 2613284506721128 3235109595055801 3036007983144116 3082809540683958 3568804664693082 4391478645861100 3630481964161608 4925027173556532 3210187719742929 4552312938591364 4247221661362394 4689562849474866 5048349894064083 6956386051816651 4379492356973554 6912327758863998 9751060773341779 7358679238102813 6555181887110034 8364408891145975 6834912760454774 8228890564232679 9526260438878380 11072128846692150 6360632937904656 11291478928816747 8236889798431961 9011551319034004 10542759144859734 12184090738011645 15929028821945371 12631814976304533 15867896226665962 13980407050499737 13708934382751570 15029077897897167 15562500995396381 18770812522684374 17891823324350434 20045290808378252 21020825538637026 10574803974075594 13544660472541849 19890687915673946 20343185617238891 21108875170885423 22197389384040501 27101875263025852 22831924415817363 23459893847448180 19743932192284884 34439441393954622 43268282675914768 22218312255179795 26873303856009122 28594750413143155 21999690307640697 30596151621549960 14635370146595412 46815894227049435 37386803313152964 39159128468809917 29419030412300454 38908345522280518 67691930559601589 32549435806444547 38871438985139068 84090484528525352 63185289514881377 44652475611872007 39863684347166601 56122882501924029 35915931461712528 37806462354866503 29365277030187755 43172167664635751 60296771212178764 149365142634000969 77549067317268120 74042979136053315 97988392336408160 83955635886192317 61038552034711682 206380347644794266 82549822368976811 113101961800549902 42355987995840015 85736266065257219 95245051621033040 100961900006930874 56014464898801092 160139414100615560 81510376325083726 154832404115873575 123250530754152450 105663230534265304 84915061022988009 90978545969528892 158117244034085890 341071564140485772 183898577976433138 159678262107999964 125415721598909383 91544717087156056 147016930905713625 52462044228828641 56156602112874289 236472651631873921 60105349839666544 206504657838221550 68834885946073850 78801255302666615 168601631272450238 180350869961099246 515757331608676625 117949491546113972 126108517833796355 144117936527873832 308087194759152060 351887119620845506 564025941156878940 200882556287683159 458544573742434300 261578907351144125 279363328483702152 1193320252251032304 318555973788329084 680245620097154856 363117512048110005 387632532919029223 827532361866684724 883245963858716874 1413942192805196340 10562108896626000420 2146716281242764484 1303377759994413918
3 4 5 6 7 8 9 10 11 12 13 14 15 16 17 18 19 20 21 22 23 24 25 26 27 28 29 30 31 32 33 34 35 36 37 38 39 40 41 42 43 44 45 46 47 48 49 50 51 52 53 54 55 56 57 58 59 60 61 63 65 66 68 75
2 39 40 197 130 374 208 455 258 430 218 337 233 327 147 275 133 245 132 166 84 144 70 122 64 82 51 91 54 65 38 53 21 53 28 22 23 33 12 23 14 31 17 8 7 8 9 10 7 7 6 5 5 5 1 7 2 9 1 1 2 2 2 2
2 45 60 497 409 2106 1344 5605 3549 12371 7505 21853 16351 39354 21127 68089 34993 115193 66668 126529 62630 195787 87196 261311 136863 285954 165904 480880 262189 469623 294921 556923 223976 914031 477074 602540 566318 1062950 299036 1100833 881662 2014134 1336227 1298732 813262 1287511 1394210 1727705 1274068 2222991 2105296 1472280 2318552 2764223 479886 5312400 1296043 6210480 902552 1430440 3865868 4843322 3483260 9394410
