14 15 16 26 27 28 38 39 40
93 308 192 147 712 394 34 126 50
311 1111 814 235 1059 541 34 128 52
2583 19095 14491 152699 395501 311420 342 1407 468
14 15 16 26 27 28 38 39 40
93 308 192 147 712 394 34 126 50
311 1111 814 235 1059 541 34 128 52
2583 19095 14491 152699 395501 311420 342 1407 468
3 4 5 6 7 8 9 10 11 12 13 14 15 16 17 18 19 20 21 22 23 24 25 26 27 28 29 30 31 32 33 34 35 37 38 40 42 44 46 48
41 142 280 531 503 683 452 425 221 241 128 135 47 101 53 42 21 44 24 23 24 14 10 4 18 9 20 9 13 5 9 1 1 1 3 1 1 1 2 2
41 154 427 1116 1548 3350 3405 5152 3805 6498 4537 7459 3398 11478 7083 8368 4351 15462 9834 12719 13881 13003 10392 5020 29292 20853 58452 36160 51522 21978 52923 6842 8349 12310 44649 21637 31185 44583 126522 178268
3 4 5 6 7 8 9 10 11 12 13 14 15 16 17 18 19 20 21 22 23 24 25 26 27 28 29 30 31 32 33 34 35 37 38 40 42 44 46 48
41 142 280 531 503 683 452 425 221 241 128 135 47 101 53 42 21 44 24 23 24 14 10 4 18 9 20 9 13 5 9 1 1 1 3 1 1 1 2 2
41 154 427 1116 1548 3350 3405 5152 3805 6498 4537 7459 3398 11478 7083 8368 4351 15462 9834 12719 13881 13003 10392 5020 29292 20853 58452 36160 51522 21978 52923 6842 8349 12310 44649 21637 31185 44583 126522 178268
