27 39 51 63 75
9971 33572 33984 19279 3187
2284875 679739 201868 51048 3513
1966775317179727416 32504031438422552762 3874016703662556433 82348604525633631 3708749681
27 39 51
951 416 36
6281 838 44
299015109 10168448 31563
3 4 5 6 7 8 9 10 11 12 13 14 15 16 17 18 19 20 21 22 23 24 25 26 27 28 29 30 31 32 33 34 35 36 37 38 39 40 41 42 43 44 45 46 47 48 49 50 51 52 53 54 55 56 57 58 59 60 61 62 63 64 65 66 67 68 69 70 71 72 73 74 75 76 77 78 79 80 81 82 83 84 85 86 87 88 89 90 91 92 93 94 95 96 97 98 99 100 101 102 103 104 105 106 107 108 109 110 111 112 113 114 115 116 117 118 119 120 121 122 123 124 125 126 127 128 129 130 131 132 133 134 135 136 137 138 139 140 141 142 143 144 145 146 147 148 149 150 151 152 153 154 155 156 157 158 159 160 161 162 163 164 165 166 167 168 169 170 171 172 173 174 175 176 177 178 179 180 181 182 183 184 185 186 187 188 189 190 191 192 193 194 195 196 197 198 199 200 201 202 203 204 205 206 207 208 209 210 211 212 213 214 215 216 217 218 219 220 221 222 223 224 225 226 227 228 229 230 231 232 233 234 235 236 237 238 239 240 241 242 243 244 245 246 247 248 249 250 251 252 253 254 255 256 257 258 259 260 261 262 263 264 265 266 267 268 269 270 271 272 273 274 275 276 277 278 279 280 281 282 283 284 285 286 287 288 289 290 291 292 293 294 295 296 297 298 299 300 301 302 303 304 305 306 307 308 309 310 311 312 313 314 315 316 317 318 319 320 321 322 323 324 325 326 327 328 329 330 331 332 333 334 335 336 337 338 340 341 342 344 345 347 348 349 354 355 356 357 358 359 361 364 365 367 368 375 379 380 382 383 389 391
313 1603 4390 11275 22986 36405 57328 69518 79230 83712 85657 80932 82435 78800 75166 73238 73282 67162 68369 64707 62772 61071 60405 55228 57091 53295 51016 50798 50484 45423 46813 43720 42634 41418 40904 37776 39279 36593 34917 34602 34938 30940 32574 30866 29495 29017 28688 25839 27691 25803 24447 24312 24432 21770 22611 21397 20413 20022 20033 17983 19280 17660 16781 16700 17190 14965 15936 15447 14417 14256 14366 12471 13778 12699 11967 12041 12422 10547 11194 10457 9861 9743 10138 8944 9676 8975 8131 8351 8742 7095 8003 7644 7024 6995 7274 6091 6820 6435 5857 5970 6283 5139 5595 5532 4945 4882 5021 4407 4889 4515 4103 4256 4567 3639 4080 3835 3542 3567 3694 3107 3528 3138 3093 3033 3183 2540 2774 2778 2492 2366 2684 2075 2458 2228 1923 2087 2218 1704 1959 1880 1820 1685 1703 1520 1715 1566 1434 1438 1571 1261 1224 1390 1159 1135 1274 1055 1136 1109 955 1056 1036 835 970 956 861 870 797 824 828 731 702 749 843 663 635 762 608 577 667 513 626 596 454 575 550 429 512 538 431 475 438 395 387 456 376 412 395 359 314 439 329 315 342 313 333 312 228 321 320 234 262 294 254 257 244 238 214 214 194 210 225 188 155 218 158 176 165 140 164 172 105 162 136 106 141 149 113 131 104 99 90 107 107 104 104 92 81 91 75 77 71 68 81 65 50 63 80 55 52 69 53 40 44 37 25 35 30 42 34 27 25 28 23 19 24 31 27 27 24 25 21 23 18 18 21 22 13 13 12 18 13 15 22 15 10 10 6 5 7 7 13 8 4 11 7 9 10 10 12 11 3 6 4 7 7 4 5 7 3 2 4 6 1 6 3 2 1 4 2 2 1 4 3 3 2 1 3 1 1 2 1 1 2 1 1 1 1 1 1 3 1 1 3 1 2 2 1 3 1 2 1 1
313 1749 6085 19992 53552 122222 268494 486734 850397 1361691 2118096 3088546 4589481 6344051 8844508 11933395 16391124 21086749 28492662 35798317 47263706 59427424 75704574 92057655 120506828 142416458 179383945 219978991 272242844 314783304 400495331 457271157 578358153 667687832 802105968 934451360 1167307121 1296848688 1563613470 1826679157 2188148535 2430476872 3024689050 3378644308 4035936378 4560719628 5340744429 5953898266 7405564932 7905234581 9402363177 10623792755 12393450052 13510413408 16211499966 17353139697 20663125146 23133888288 26076801080 28827472251 34781794838 35724130832 42248920793 46531618701 53367625869 58011552780 69783181287 76213235936 86760453210 93895135498 108786652581 112858966013 143270774593 142734579151 166461072826 183838387612 211509746137 213827407620 264191798319 257718617361 300831114065 329920617575 376664684819 395425348730 474922184289 473263852486 536794693222 593793534227 677319488760 659937497925 854063987886 862913242795 977833307926 1033270636017 1220701713280 1181926243028 1507269233867 1497867061934 1671399349517 1821814013776 2119961049576 2039046478064 2610580894639 2579216525917 2806159435320 3039003151481 3442372630981 3484713680142 4288026291007 4072483753015 4729751598086 4989633448308 5969522029708 5403935888746 7104347380821 6696429592360 7879696738944 8232138946558 9655470740405 8856579775777 11960560743794 10920938091394 12983768667782 13084267853825 14896647650803 13702221326857 18542433353239 17263256690986 19770413736166 19760210967378 24189076003429 20795447260741 28870678745648 25739176683780 28581327354904 31230823674575 37977003552427 32150107303114 43195213769071 39217067246921 47485641896265 47496397884585 53596912214395 49827566418475 67969799689261 60523612810853 67078430336729 69157244404001 82364415272129 72788821475602 86950384032110 93618541198789 94865571386217 97471645059951 117530589067238 104775634116925 129034808617346 126855090992918 139487937183468 150617640324751 158678643652056 146720478797117 185474501365196 184572232293114 205778438580718 212884398423745 225013250323904 246790907845623 279105637428744 251879043632587 285212855915786 301812142155346 379303827077058 340926821629637 371136162702681 427604764816872 421300872676021 430220016075833 520924716576525 447594780171875 595689250011918 606321831045983 563641835772500 684053943604376 729498836664821 624957436599702 842986206436804 886501762355765 820768672800830 941343159415886 959584266855959 1015781612811526 995698023835866 1245605314650289 1194430863686565 1436603609182317 1422248100808320 1544062905682891 1506852944356468 2054025781105526 1790192039622103 1863209581596327 1960149197620395 2011280089251186 2268831220058051 2339778572560640 2023826495884881 3055618353758692 3124656193734107 2714265701837307 2979959166559916 3719326271786555 3535071574729683 4180272539352647 4802129620214389 4030305270942440 4113899608718145 4348608261911272 4304022272923818 5258783513924801 5624751092370768 5535799734166048 5045823121382919 7399662532623300 5629209284246040 7206662433349494 6644571926388330 6897256948730850 8714616162590368 9386695084276993 6573927921392255 10625519559491941 8904385701670358 8484726358511869 12197309355741338 12047494078879686 11745713473807104 13932361114557829 12344373570384408 12240467699027072 11837819053289910 14670493993352153 16746297826153044 19061730829923579 18739348522466690 18767890725299122 19905863416035235 18176089868597876 18050823266474628 22423819499124488 21204166322276546 19890005189441656 29269146722134387 23033209325800272 20013338399551567 26627035134221017 31857777840944843 25135052724894295 29111537526210671 33420542625898871 32003860768303605 24216089576372045 27746173122700029 24203951771933601 18745320908013025 29342295829241730 24837748439215981 38497643477233678 36383177899542336 28207415415778566 39772936523426653 35595733675831973 28143259898043124 30913135297999580 39216321002854804 49347322674670980 58151946663165663 54108739873233561 52961365059860240 54287817127779808 51282593874723816 61573795723492480 52566524586817563 55761784982678919 76385072613349875 72334282565739700 60172524048777615 52017948834631723 51444812033081289 84285063760581116 68476208483551011 78095657946028656 129258416728666080 86470288471437283 58313782870230600 73817897320096899 40836748830941500 35342965655293908 54559688775303912 66602978641632260 131837790777009683 93886608278595818 61038552034711682 131779029016952393 80882470486162089 113101961800549902 148610175926523948 171472532130514438 218582341125835530 201923800013861748 72171336865495318 133392295023155710 81510376325083726 177832410771360912 170900643560470277 128547635202359958 164162483923686987 238567132621049790 97464880054399962 67289248220907484 144150721292377814 236872233411748032 42748078035954696 274634151261468168 140550360722393931 150473331499304391 56156602112874289 240421399358666176 128650749218229100 133160260555188400 68834885946073850 378562374190884247 252902446908675357 270526304941648869 192900220384405520 103151466321735325 346206843517520716 126108517833796355 134819180623301520 308087194759152060 164637479165761044 188008647052292980 401765112575366318 214618299743286299 298330063062758076 318555973788329084 340122810048577428 363117512048110005 387632532919029223 1241298542800027086 471314064268398780 572612058898037559 1832695211255652303 695143713458946040 1482866319768163368 2323075669699925700 1498478743590581081 4790025823472270373 1812356499739472950 3861312144700931624 2816759503217942792 3192707518433532826
3 4 5 6 7 8 9 10 11 12 13 14 15 16 17 18 19 20 21 22 23 24 25 26 27 28 29 30 31 32 33 34 35 36 37 38 39 40 41 42 43 44 45 46 47 48 49 50 51 52 53 54 55 56 57 58 59 60 61 62 63 64 66 67 68 69 70 73 74 76 92 99
6 51 64 226 185 496 343 600 364 558 329 413 264 357 197 310 177 265 132 175 135 132 108 131 94 122 87 91 44 65 26 51 47 52 31 46 29 21 24 37 20 28 18 28 19 14 10 12 14 14 6 11 8 11 7 8 2 10 7 7 1 3 3 3 3 2 3 2 1 1 1 1
6 65 106 549 565 2848 2353 7619 5276 15450 12101 28409 19913 47398 28248 79184 47338 131686 69165 133838 119768 166552 152669 258055 204003 372945 308275 460380 227320 535452 277156 542414 502415 925621 615762 1315889 669602 722015 878466 1976863 1149757 1915553 1283894 3056844 2123310 1674187 1215889 1870681 2225585 3195238 2030114 4313640 2887256 5296390 3590757 3652887 2216357 7572728 6812850 11966900 715220 3596574 6418954 6942254 5224890 6966520 9294080 12350940 8175936 5392783 44108109 118114304
