1 2 3 4 5 6 8 9 10 11 12 14 15 16 17 18 19 20 21 22 23 24 25 26 27 28 29 30 31 32 33 34 35 36 37 38 39 40 41 42 43 44 45 46 47 48 49 50 51
4 8 6 4 4 3 3 2 3 2 1 1 6 5 31 58 72 91 173 678 1447 1255 1799 2264 2609 2568 2426 2282 2280 2377 1901 2827 3952 3660 4019 4554 5052 5753 6142 6559 6618 6748 5720 5171 4193 2572 1421 468 207
4 9 8 4 5 4 3 2 3 2 1 1 6 5 40 71 77 109 243 1157 2694 2315 3152 3757 4158 3970 3687 3493 3498 3539 2693 4416 6007 5213 5715 6542 7219 8130 8232 8707 8629 8368 6595 5658 4458 2644 1439 468 207
15 16 12 7 6 5 4 2 4 7 1 2 14 27 12527 65352 118267 34396 129528 26135348 2091971943 27007077118 436925811693 1369573298570 4674242682857 2523718306549 1826349933267 2360433159403 3377956263625 3478931961937 1734630934479 7044409959922 13720249317549 2225178560897 5428714269565 5593653748041 3598534349646 34207400536788 23864080681362 8449398153022 13373898578047 81719339464979 48605573686012 8410191276584 1160392337391 99658343825 5266764263 88711304 148761




3 4 5 6 7 8 9 10 11 12 13 14 15 16 17 18 19 20 21 22 23 24 25 26 27 28 29 30 31 32 33 34 35 36 37 38 39 40 41 42 43 44 45 46 47 48 49 50 51 52 53 54 55 56 57 58 59 60 61 62 63 64 65 66 67 68 69 70 71 72 73 74 75 76 77 78 79 80 81 82 83 84 85 86 87 88 89 90 91 92 93 94 95 96 97 98 99 100 101 102 103 104 105 106 107 108 109 110 111 112 113 114 115 116 117 118 119 120 121 122 123 124 125 126 127 128 129 130 131 132 133 134 135 136 137 138 139 140 141 142 143 144 145 146 147 148 149 150 151 152 153 154 155 156 157 158 159 160 161 162 163 164 165 166 167 168 169 170 171 172 173 174 175 176 177 178 179 180 181 182 183 184 185 186 187 188 189 190 191 192 193 194 195 196 197 198 199 200 203 206
445 1333 2303 2952 3571 3500 3546 3372 3371 3139 3169 3010 3008 2809 2797 2626 2688 2531 2509 2335 2365 2221 2258 2082 2110 2015 1987 1925 1931 1788 1789 1710 1702 1605 1608 1531 1549 1462 1435 1372 1361 1277 1267 1207 1214 1145 1155 1070 1087 1025 1001 941 966 925 915 861 854 813 799 771 766 748 754 695 702 670 654 626 621 589 586 560 553 527 527 498 503 462 456 433 441 419 411 401 400 361 368 348 357 331 322 312 308 302 290 273 272 267 246 235 226 223 223 211 194 194 191 194 180 174 179 162 173 151 146 142 149 136 133 136 140 127 119 112 120 110 104 109 107 98 94 88 90 87 71 73 80 69 67 65 61 60 48 51 55 45 42 34 43 38 32 32 33 30 29 24 24 29 22 21 21 22 18 18 21 16 16 19 20 18 14 14 16 14 15 14 19 16 13 12 14 10 11 10 11 8 6 6 7 7 4 5 6 2 2 1 1 1 1 1
445 1359 3168 5941 11009 16343 25769 37107 54779 73342 105487 139877 192022 245236 328116 408448 557343 681621 886227 1061793 1382854 1667698 2164824 2503514 3194613 3847068 4697174 5633440 7028347 8038085 9846412 11610964 14048945 16277487 19797376 22812478 27990221 31986477 37519172 43092113 51092992 57403923 67721140 76591193 91491479 101602684 121880607 133161355 160103238 176462319 203125786 224787754 269990169 302979731 352883479 380813047 451061478 495452251 570843552 635372151 744657243 829863746 991142209 1032149535 1225027940 1335782893 1516063440 1648142092 1912958698 2039032925 2361126071 2562900451 2925712320 3159921476 3615054232 3866481655 4517756875 4708927175 5308458271 5741583601 6775505384 7232986700 8052663526 8934668017 10121644984 10339231727 12094923565 12761253717 14941669921 15780693119 17185201211 18841588864 21069669184 23611796809 25537661271 27099890565 30584350297 33808503348 34797738754 37678393145 40428924536 44891067281 50515504201 53671890645 55475566769 62440535710 69089667641 78509125994 81800338875 88827154020 101980746954 102659676766 123624576641 119981571507 129938733760 141580540232 166916697598 169742027752 184921099726 211686160246 242573105010 247152102071 257380952563 269156773936 322498315424 328672797600 345345630248 403327353578 439332551900 449162786490 479173558160 499370839880 566997959070 610124822624 551299909123 628578195213 764995947052 735439732696 790135391857 850427933511 888465073195 969749942093 853281205344 1010679779052 1207490919155 1094848371201 1132242457848 1015985130978 1420499805738 1386171883382 1288174129451 1425110429548 1630396190215 1638026041817 1739170851208 1589699861511 1757573850216 2338297978301 1952539133644 2042006349902 2256201348786 2599499505394 2326695447256 2570381926740 3295308981195 2758236804080 3029357161264 3949917981938 4564094655020 4507900652070 3846760639820 4219387228672 5287927993808 5072576038530 5956876121250 6092207769620 9057601288510 8353853299120 7432120873515 7510161037440 9589403473104 7494744117810 9018645991553 8966848175270 10785091684730 8574590194696 7028596154238 7680066253608 9788392218997 10690915197375 6670909616372 9103505503260 11923661138178 4337254210938 4732045483690 2580840212973 2814570987591 3068829878530 3972999029388 5134205287973



