18 29 30 41 42 53 54
238 509 803 184 306 4 8
2333 948 1582 204 354 4 8
169898 126970 403112 16120 20590 4 66
18 29 30 41 42 53 54
238 509 803 184 306 4 8
2333 948 1582 204 354 4 8
169898 126970 403112 16120 20590 4 66
3 4 5 6 7 8 9 10 11 12 13 14 15 16 17 18 19 20 21 22 23 24 25 26 27 28 29 30 31 32 33 34 35 36 37 38 39 40 41
38 153 304 465 704 577 558 444 465 283 281 156 213 140 127 89 92 56 54 50 40 25 28 21 19 7 10 7 5 4 4 2 1 4 2 1 1 2 1
38 177 485 997 2245 3035 4315 5297 8858 7969 10990 8510 17338 14915 19066 16423 25646 19776 25218 26215 31798 23826 30640 29481 45276 11088 42626 25980 19482 14872 26873 23864 22416 41745 20286 14883 14883 35954 43274
3 4 5 6 7 8 9 10 11 12 13 14 15 16 17 18 19 20 21 22 23 24 25 26 27 28 29 30 31 32 33 34 35 36 37 38 39 40 41
38 153 304 465 704 577 558 444 465 283 281 156 213 140 127 89 92 56 54 50 40 25 28 21 19 7 10 7 5 4 4 2 1 4 2 1 1 2 1
38 177 485 997 2245 3035 4315 5297 8858 7969 10990 8510 17338 14915 19066 16423 25646 19776 25218 26215 31798 23826 30640 29481 45276 11088 42626 25980 19482 14872 26873 23864 22416 41745 20286 14883 14883 35954 43274
