19 31 43 55
730 1170 401 2
4077 2005 440 2
493991 477110 18704 45
19 31 43 55
730 1170 401 2
4077 2005 440 2
493991 477110 18704 45
3 4 5 6 7 8 9 10 11 12 13 14 15 16 17 18 19 20 21 22 23 24 25 26 27 28 29 30 31 32 33 34 35 36 37 38 39 41 43 48
30 167 378 629 774 774 677 678 470 347 298 265 189 156 110 95 90 80 52 52 23 28 41 33 8 18 16 16 1 4 8 5 3 3 1 1 1 1 1 1
30 191 591 1358 2451 3815 5063 7739 8803 9465 11359 13989 13944 15557 16206 17238 21732 29557 24649 25789 16178 24141 51769 47577 12144 53493 53974 50667 2436 16466 61236 63447 37607 30382 12310 12310 29766 71908 37338 75175
3 4 5 6 7 8 9 10 11 12 13 14 15 16 17 18 19 20 21 22 23 24 25 26 27 28 29 30 31 32 33 34 35 36 37 38 39 41 43 48
30 167 378 629 774 774 677 678 470 347 298 265 189 156 110 95 90 80 52 52 23 28 41 33 8 18 16 16 1 4 8 5 3 3 1 1 1 1 1 1
30 191 591 1358 2451 3815 5063 7739 8803 9465 11359 13989 13944 15557 16206 17238 21732 29557 24649 25789 16178 24141 51769 47577 12144 53493 53974 50667 2436 16466 61236 63447 37607 30382 12310 12310 29766 71908 37338 75175
