16 28 40 52
206 1356 592 46
2950 3094 687 46
170047 616683 51023 185
16 28 40 52
206 1356 592 46
2950 3094 687 46
170047 616683 51023 185
3 4 5 6 7 8 9 10 11 12 13 14 15 16 17 18 19 20 21 22 23 24 25 26 27 28 29 30 31 32 34 36 37 39 40 41
22 139 285 531 800 925 596 587 568 495 263 234 269 236 96 95 169 151 33 45 65 46 24 24 19 14 6 13 7 7 6 1 1 1 1 3
22 159 425 1102 2362 4120 4324 6836 9601 12784 10431 13394 19412 23985 14443 18498 35470 45149 13156 24621 47226 49379 29384 44893 48079 41586 18710 38832 21912 30630 38388 8349 33396 17977 17977 90926
3 4 5 6 7 8 9 10 11 12 13 14 15 16 17 18 19 20 21 22 23 24 25 26 27 28 29 30 31 32 34 36 37 39 40 41
22 139 285 531 800 925 596 587 568 495 263 234 269 236 96 95 169 151 33 45 65 46 24 24 19 14 6 13 7 7 6 1 1 1 1 3
22 159 425 1102 2362 4120 4324 6836 9601 12784 10431 13394 19412 23985 14443 18498 35470 45149 13156 24621 47226 49379 29384 44893 48079 41586 18710 38832 21912 30630 38388 8349 33396 17977 17977 90926
