30 42 54 66 78
13957 42230 26487 16909 413
1316757 581096 139565 36395 413
7938405096129576060 11213005530792078742 1973515469854261363 7041283752773263 193381
30 42 54
858 321 19
3857 569 22
272005704 3961720 1691
3 4 5 6 7 8 9 10 11 12 13 14 15 16 17 18 19 20 21 22 23 24 25 26 27 28 29 30 31 32 33 34 35 36 37 38 39 40 41 42 43 44 45 46 47 48 49 50 51 52 53 54 55 56 57 58 59 60 61 62 63 64 65 66 67 68 69 70 71 72 73 74 75 76 77 78 79 80 81 82 83 84 85 86 87 88 89 90 91 92 93 94 95 96 97 98 99 100 101 102 103 104 105 106 107 108 109 110 111 112 113 114 115 116 117 118 119 120 121 122 123 124 125 126 127 128 129 130 131 132 133 134 135 136 137 138 139 140 141 142 143 144 145 146 147 148 149 150 151 152 153 154 155 156 157 158 159 160 161 162 163 164 165 166 167 168 169 170 171 172 173 174 175 176 177 178 179 180 181 182 183 184 185 186 187 188 189 190 191 192 193 194 195 196 197 198 199 200 201 202 203 204 205 206 207 208 209 210 211 212 213 214 215 216 217 218 219 220 221 222 223 224 225 226 227 228 229 230 231 232 233 234 235 236 237 238 239 240 241 242 243 244 245 246 247 248 249 250 251 252 253 254 255 256 257 258 259 260 261 262 263 264 265 266 267 268 269 270 271 272 273 274 275 276 277 278 279 280 281 282 283 284 285 286 287 288 289 290 291 292 293 294 295 296 297 298 299 300 301 302 303 304 305 306 307 308 309 310 311 312 313 314 315 316 317 318 319 320 321 322 323 324 325 326 327 328 329 330 331 332 333 334 335 336 337 338 339 341 342 343 344 345 347 348 352 353 356 359 364 367 371 380 388
252 1405 4195 9947 17589 28535 38645 44849 46825 52239 50474 49778 48564 47553 45059 45327 41618 42347 40843 38863 36861 37710 35236 34251 33362 32759 31068 31411 28928 29056 28581 27310 25609 26845 24954 24261 23717 23050 21814 22297 20443 20617 20372 19258 18359 19265 17566 17751 16856 16870 15819 16153 15061 14966 15097 14213 13045 13531 13009 12703 12434 11909 11599 11796 10709 11039 10758 10238 9670 9875 9458 9060 8824 8866 8334 8539 8012 7873 7947 7634 6937 7269 7022 6782 6380 6289 6049 6089 5713 5728 5681 5338 5076 5258 5112 5005 4640 4653 4409 4572 4207 4105 4271 3838 3666 3773 3694 3514 3445 3437 3221 3238 3082 2982 2973 3021 2637 2717 2649 2580 2412 2425 2423 2437 2260 2225 2182 2166 1856 2009 2018 1858 1747 1787 1716 1677 1492 1577 1537 1525 1352 1415 1366 1424 1187 1268 1187 1288 1045 1090 1332 1069 943 997 982 1002 909 909 887 875 780 799 814 763 684 753 748 680 615 670 630 687 611 671 650 637 525 585 586 599 477 450 510 533 396 426 467 423 396 406 374 387 346 348 371 378 289 331 329 286 235 284 309 281 262 268 264 258 213 253 253 232 197 226 192 218 175 209 217 224 185 208 196 172 159 190 153 154 119 119 137 134 129 128 114 109 110 125 101 102 99 94 100 124 81 92 88 67 62 59 79 74 67 48 57 56 66 57 64 50 34 51 35 48 44 42 43 53 33 44 30 29 30 40 30 27 27 29 19 33 19 29 27 13 16 22 9 23 14 8 9 22 12 15 16 11 8 14 7 9 14 12 11 19 7 10 13 12 4 11 3 16 6 7 3 10 5 12 7 8 2 6 2 2 2 3 1 12 1 4 5 1 2 6 1 5 3 1 5 2 2 1 1 1 1 2 1 1 1 1 1 1 1
252 1555 5917 18399 44775 103469 203982 369027 580482 980702 1440799 2145741 3044195 4325577 5763354 8190742 10372185 14312199 18300343 23539434 29703043 39407494 47698496 60650833 75109031 94004914 113118874 144089444 165617163 211065787 254162574 306266545 354649113 455060164 509746314 623031226 731705628 862090634 984908328 1217755808 1361876769 1647761536 1903877987 2210580534 2491789988 3125724246 3346996719 4117014820 4555307559 5420431382 5938226624 7295356861 7870008452 9266096778 10734421555 12199116470 13074172077 15745633700 17388239939 19867159080 22761462267 25598908258 28376857283 34204471699 35591107637 42332954957 47178444922 52020889128 57633186228 66286327542 73740886638 82142237746 92054005250 103925541387 109564998899 130957671814 140216656807 156933200892 178493026819 192702202106 208089975881 244882021912 263048014477 291911680367 310738931431 343579919510 374248519468 437381121107 459318040132 511906747458 588649701602 611642961863 673283493015 769451471133 838024492416 942129988717 1019688787258 1105146856571 1181006143727 1355857783699 1454748975097 1569384957119 1828733268543 1855463245603 2005543905655 2315986655218 2503391342227 2667459789999 3003826347939 3177136724111 3425611806397 3909424227932 4160652149124 4397149960571 4913638561425 5498610535836 5480269756131 6337896497714 6751033124033 7330092184444 7766415552918 8347608266231 9588880442845 10348952574610 11231894777205 11928980839919 13007521531011 14088063234990 13546716520404 16182048847861 17378622010737 18293631112281 19180271273296 21259953239940 22451269759143 25368909118963 23820536217531 28509614051506 29594892160926 31077440527625 32799655095859 38872147652889 39610841597888 46015298809660 41811776219351 49156135688528 50161160547491 60233095459064 53894809334503 63114684461591 82734883227931 74816080749436 73823526901841 82007370814861 85528882883579 99832505111452 100275209717406 112408876688698 111145348881696 126178827209440 121811107278453 137850580114214 150553884792158 156375947278314 154584917513580 190905004016763 198527392825519 214063962682247 199652548105977 229269172705425 240598296435828 284133022719715 295187264658365 345772205248783 344326385885279 378910768040923 336022033977141 446502183759421 467001915014940 504080179878730 426635339760597 455506645810874 558300053949847 647051031045863 497416418646634 599384530870771 712192196748643 740747112871165 808329328653055 849930953054908 817728018462187 946736748091338 911901099770327 999189636362521 1189108691261393 1183833679825443 1023654503207531 1368797682543805 1408365184799581 1399532852835958 1182669795680277 1626740622983917 1856258220287900 1889871153095408 1812496928180449 2197905371657834 2171154886273414 2393964391415032 2080757270917515 2818463289925498 2823399161560371 3036088531185304 2781609867731700 3584325842297986 3259159331776321 3799939765027873 3202886629866052 4416727761121214 4799137002244110 5429600475074149 4807033486909865 6306356380108908 6230220278280272 5875045394036367 5483867881520446 7174936258601449 6903391759509731 7446785829204915 6182698704100507 6612685840842578 8246014478221193 8421768558276674 8418918861422144 9171187604986639 8416283522383132 8779694918684735 10060899588600789 14050328488976713 11485978949868291 11831986873565156 11968323229679010 13161489094999197 15645632045475622 21289795372325225 13002133141862715 16819881499289489 18267044845590283 15970797125998694 14128064543018690 15026260909005155 21791748817262339 23107401424220937 23426009396789477 19220475362001694 20868005625691668 20124298447928317 26897379004075990 26938984063788576 34282860593160484 27246348469721995 17789719620603518 33315173609872059 26300904930456050 35724311824553394 34357096852244495 37140917649131348 39096697868387169 55791888114863663 38212904596067166 47136191538667662 36940579543146809 39894598331626921 46588283652517488 72008944624282459 49733796349540583 45059322700079360 49691614369741505 62859669439180317 42950703066579277 84848146293280724 46848226410862984 76777867071614897 77540037572548422 54345104573808873 54770551805992164 73770210235645427 32551163250841074 84855025000778192 66564229025534061 32287776393208395 39233955150539019 133182265327981684 70744863883580292 80847295779486678 103297724405835440 68225043682984957 53330921067982933 134919727411294554 52907638856006544 74633227026575300 127645401130354697 133610497848209822 115777925877746553 219372311413162900 85884526134606255 128050179447264084 177803946027306259 216901390347086020 64959146143318652 262185371767909872 52242540399441885 329528747259995417 163020752650167452 197748596190579357 70650119461805164 250032464473776572 139635888997550338 357850698931574685 279421971993457746 301645286235096590 74548811553496154 268856319687992281 82667643562954687 128244234107864088 98011287270475750 150473331499304391 56156602112874289 970457226826031933 64325374609114550 270830032447336100 348992831646145739 78801255302666615 168601631272450238 601854948142224841 96450110192202760 502354619349611495 522913725712234072 126108517833796355 774072432581788460 288235873055747664 298161533907449862 164637479165761044 188008647052292980 200882556287683159 261578907351144125 558726656967404304 340122810048577428 413766180933342362 572612058898037559 695143713458946040 899175348396088349 1596675274490756791 2645418340688763701
3 4 5 6 7 8 9 10 11 12 13 14 15 16 17 18 19 20 21 22 23 24 25 26 27 28 29 30 31 32 33 34 35 36 37 38 39 40 41 42 43 44 45 46 47 48 49 50 51 52 53 54 55 56 57 58 59 60 61 63 64 65 66 70 71 72 73 76 78 79 83 84 85 95
3 35 50 129 127 235 199 343 164 291 209 286 167 249 153 193 99 183 107 148 79 110 59 77 52 55 64 59 28 63 41 45 23 50 34 22 23 17 15 18 9 13 8 17 8 13 8 9 5 5 3 6 1 5 1 1 1 3 1 1 1 4 4 1 1 3 1 1 2 1 2 3 1 1
3 46 87 315 397 1321 1404 4306 2738 8792 7252 17670 11574 34757 23168 46069 29123 80404 52470 98106 63410 127339 82140 146513 108983 189911 226608 299116 142799 473593 325280 511981 265039 830722 659521 605139 544544 599017 486421 988598 551613 934496 584787 1499616 788971 1467623 993619 1540313 1183701 1057182 1000720 2372839 294546 2254637 479886 1126356 386155 2107292 614154 2107292 1430440 6829664 14197916 2323520 2323520 13284160 6175470 5392783 14179000 8118264 27928640 51805130 18004327 72533807
