11 23 35 47 59
326 11507 45836 38641 3679
4427 385834 319100 97273 3954
427970 8027015394520 9447613022488881228 242599428205290142 5386511008
11 23 35 47
57 608 164 1
279 1805 228 1
15851 77026057 2515202 15
3 4 5 6 7 8 9 10 11 12 13 14 15 16 17 18 19 20 21 22 23 24 25 26 27 28 29 30 31 32 33 34 35 36 37 38 39 40 41 42 43 44 45 46 47 48 49 50 51 52 53 54 55 56 57 58 59 60 61 62 63 64 65 66 67 68 69 70 71 72 73 74 75 76 77 78 79 80 81 82 83 84 85 86 87 88 89 90 91 92 93 94 95 96 97 98 99 100 101 102 103 104 105 106 107 108 109 110 111 112 113 114 115 116 117 118 119 120 121 122 123 124 125 126 127 128 129 130 131 132 133 134 135 136 137 138 139 140 141 142 143 144 145 146 147 148 149 150 151 152 153 154 155 156 157 158 159 160 161 162 163 164 165 166 167 168 169 170 171 172 173 174 175 176 177 178 179 180 181 182 183 184 185 186 187 188 189 190 191 192 193 194 195 196 197 198 199 200 201 202 203 204 205 206 207 208 209 210 211 212 213 214 215 216 217 218 219 220 221 222 223 224 225 226 227 228 229 230 231 232 233 234 235 236 237 238 239 240 241 242 243 244 245 246 247 248 249 250 251 252 253 254 255 256 257 258 259 260 261 262 263 264 265 266 267 268 269 270 271 272 273 274 275 276 277 278 279 280 281 282 283 284 285 286 287 288 289 290 291 292 293 294 295 296 297 298 299 300 301 302 303 304 305 306 307 308 309 310 311 312 313 314 315 317 318 319 320 321 322 323 324 325 326 327 328 329 330 333 334 335 336 339 342 344 345 347 350 357 359 366 369 374 384
386 1619 4022 7197 11228 15651 19369 21875 23380 23911 23173 22265 22079 20866 20225 19273 18751 17951 17297 16262 15812 15401 14855 13962 13914 13114 12624 12053 11782 11328 11252 10618 10469 9983 9771 9218 9063 8824 8240 7953 7896 7483 7448 6948 6775 6761 6403 6125 6129 5935 5569 5324 5188 5099 4872 4707 4629 4592 4435 4030 4104 4087 3780 3689 3681 3460 3424 3222 3072 3074 2926 2841 2854 2729 2615 2499 2484 2303 2367 2123 2095 2136 1937 1889 1951 1841 1762 1723 1735 1647 1641 1536 1492 1478 1457 1353 1315 1246 1226 1158 1176 1111 1087 1043 1024 1003 935 944 926 850 884 858 851 801 764 735 683 708 675 607 637 617 605 563 550 552 554 525 505 495 467 465 455 493 438 404 415 434 405 391 370 375 358 328 346 330 300 347 321 324 296 291 285 312 263 275 269 232 293 256 247 244 204 250 175 215 204 174 210 209 184 193 162 179 154 147 193 165 154 150 151 142 136 122 133 138 124 118 129 91 124 113 114 82 88 100 114 99 107 99 101 109 75 74 91 74 70 66 90 61 85 76 70 62 61 67 68 58 46 59 62 52 48 44 37 38 50 51 43 51 36 49 42 35 41 33 48 52 35 28 35 35 25 32 24 21 22 23 28 26 24 26 24 20 18 23 25 21 25 11 15 15 14 13 12 17 14 21 26 9 19 14 11 18 8 15 14 11 10 6 6 10 8 8 9 6 5 8 5 6 3 7 6 8 8 5 10 6 4 6 3 7 1 4 1 1 6 3 5 4 3 2 4 2 1 2 4 3 2 1 1 1 1 4 2 1 1 1 1 1 1 1 1 1 2 1 1 1 1 1 1 1 1
386 1762 5699 14125 31480 64382 118121 203144 329242 512875 743950 1062387 1530267 2073025 2825252 3757069 4930929 6414546 8295243 10357420 13138896 16623936 20709433 24999447 32088777 37959109 46995588 55302361 68459138 81913205 101344634 116504549 142613738 166371433 199844771 229362361 276946177 320787457 368956339 429891663 511693293 582191260 695241010 770325026 904870995 1067679070 1197550969 1342655951 1593306322 1813597020 2054853444 2251054470 2610482217 2978315124 3363676966 3732598130 4386182241 4957087179 5613695615 6016155293 7194780520 8116838392 8828654012 9875905775 11274295165 12221694092 14388308858 15171394205 16667147040 19310800431 21328633183 22948077230 26807620739 29694870135 33322041455 35384553184 40456429272 42156422780 50052462651 49799095257 57686385476 66123916086 67453864884 76616175387 90458416817 94992448439 105452944280 112840218462 128272197269 139065848799 161072150733 161970006710 178902252825 196904809920 227084640218 226111225950 258094260051 271472672011 300684876109 314014225996 365236714537 368158309311 418667028776 439358212868 492913283149 550089691371 580267856463 622728614700 719794196358 727011872472 823428707904 854599899614 940967713044 1046344653305 1117890778719 1154874081609 1205906934965 1367662835615 1486340470496 1516070113544 1760807824500 1907369422439 2078937155613 2101911986379 2330169478558 2455175871092 2906989147676 3031930366896 3172180089483 3392988118759 3542361277229 3928804245454 4177729821574 5147731363893 5032817347094 4951450231838 5800257607857 6457630135858 6817264117511 7092342434231 7915232772529 8135207306263 8946927849205 8959460575293 10534757772199 10753371561481 11195311568877 13946608884327 14401366469338 15805155780348 15701000426885 17063905086261 18468849376298 22373906179573 21120366940454 23830557378221 26216813624968 25007894924817 32601851646164 32402531675373 33651320912750 37755104817290 33617103509808 45274460872456 37611809657414 47846829887818 52366294793908 45332984846586 59685518312152 68066540793773 60534390276741 73025948086075 62401742050009 76707663232150 79545278647990 75131851755317 119717127229653 98759868548310 110902893158970 120550384261195 123987719212377 128412755279030 128089414300571 136238145337646 175030003275121 174928675750684 180615303818262 198263715311239 213323295870475 171143137013907 252666796327569 251602205723426 257408856169987 222854166740555 265433918761894 290357225428447 375235731910029 372596600428517 433083131485015 428801943291127 442746229969245 530498218970209 408099000457738 436010463540873 588338711973059 506909484231120 556205523451868 547926718241220 776836491770352 571545273685788 895844568510182 927427688976714 932751648092934 816984291207542 935035214106835 1039046719385276 1181809459332712 1078775855616565 902891937440233 1235513080743592 1557023036219828 1425285862905143 1326343855624466 1305909959379906 1310452584345110 1384349355726344 1998344321492683 2039292256295806 2013729825784651 2625211739892269 1745293324889339 2815523909018654 2498371677077134 2307959224489581 3004573905860515 2550949468946151 4353616533617887 4753261877017527 3271374558138372 3301845591777126 3808920854182839 4490168240765434 3636874040621240 4650349353411621 3787258028647247 3316347155268301 4054142824656236 5087891390136396 6120505174242480 5953494785145648 6470547349491742 7415962996812068 7591439964998148 6325976688529054 5910540845338492 8591108013011173 8927457229354523 9245213151260586 11221721772936535 5152019453807551 7964813049694715 8667005547492144 7617852684617795 9368671282889805 8424161360478880 13681632986593351 11861531019371299 18787676184826619 24295496262810243 11207492607937645 21553452408917604 18582726454896390 13227846156476209 26167550867760750 10798507699601425 21956393134666315 23296126396328151 19798525057468456 23465364725510191 13564472223108070 12421312994805791 25008758345879159 19088787218462467 22881760459205132 25214028483073875 21457340850384653 16275581625420537 31597643404218077 23008550318099794 28068387864621300 13287894782388867 33428696536162192 30681560391958856 49441069360964646 52274018988135085 31539550145428294 75186823534803912 50815810746629829 31019626926907248 58572730256689220 26494075487653652 66805248924104911 10657331232548839 54064867008017460 11435542077822104 13162217895057704 82799086451235428 58523230808274398 109291170562917765 81198932679148315 54757156732348023 40034853525153890 82951045599859672 49300212301660980 26415807633566326 56610040681992006 117262404661677934 93140657331152582 97464880054399962 37274405776748077 39919565526999991 39919565526999991 45772358543578028 189556004357631806 104924088457657282 56156602112874289 60105349839666544 68834885946073850 78801255302666615 84300815636225119 84300815636225119 110307860425292772 134819180623301520 154043597379576030 329274958331522088 188008647052292980 229272286871217150 363117512048110005 413766180933342362 651688879997206959 790738119649411319 1089657644424399782 2056513475336633805
3 4 5 6 7 8 9 10 11 12 13 14 15 16 17 18 19 20 21 22 23 24 25 26 27 28 29 30 31 32 33 34 35 36 37 38 39 40 41 42 43 44 45 46 47 48 49 50 51 52 53 54 56 57 58 59 60 62 64 65 66 67 94
5 23 47 121 78 163 134 186 127 185 115 141 82 94 64 88 60 73 52 45 24 39 38 31 24 40 14 21 11 17 15 6 12 11 17 12 9 7 9 8 2 9 5 7 2 2 2 7 4 5 3 1 3 3 1 2 1 1 1 1 1 1 1
5 30 74 303 251 872 1001 2595 2194 5382 4182 9584 6213 13469 9765 19815 16884 32674 25536 37856 19563 44426 54596 51445 48430 118781 37673 110494 52818 117918 114002 57876 162229 196045 311390 266004 177575 227347 400190 376458 91269 551025 351319 590629 159522 138436 225525 1096342 620087 918316 736365 294546 1380082 1174698 772310 1223586 1053646 715220 1663640 831820 2600312 2600312 56634173
