33 45 57 69
18055 44144 24771 13027
950066 453155 108632 22538
6937491879857046274 8224560003119350497 1804804392525640856 463886713082182
33 45 57
754 180 6
2447 294 7
54164975 2807519 807
3 4 5 6 7 8 9 10 11 12 13 14 15 16 17 18 19 20 21 22 23 24 25 26 27 28 29 30 31 32 33 34 35 36 37 38 39 40 41 42 43 44 45 46 47 48 49 50 51 52 53 54 55 56 57 58 59 60 61 62 63 64 65 66 67 68 69 70 71 72 73 74 75 76 77 78 79 80 81 82 83 84 85 86 87 88 89 90 91 92 93 94 95 96 97 98 99 100 101 102 103 104 105 106 107 108 109 110 111 112 113 114 115 116 117 118 119 120 121 122 123 124 125 126 127 128 129 130 131 132 133 134 135 136 137 138 139 140 141 142 143 144 145 146 147 148 149 150 151 152 153 154 155 156 157 158 159 160 161 162 163 164 165 166 167 168 169 170 171 172 173 174 175 176 177 178 179 180 181 182 183 184 185 186 187 188 189 190 191 192 193 194 195 196 197 198 199 200 201 202 203 204 205 206 207 208 209 210 211 212 213 214 215 216 217 218 219 220 221 222 223 224 225 226 227 228 229 230 231 232 233 234 235 236 237 238 239 240 241 242 243 244 245 246 247 248 249 250 251 252 253 254 255 256 257 258 259 260 261 262 263 264 265 266 267 268 269 270 271 272 273 274 275 276 277 278 279 280 281 282 283 284 285 286 287 288 289 290 291 292 293 294 295 296 297 298 299 300 301 302 303 304 305 306 307 308 309 310 311 312 313 315 316 317 318 319 320 321 322 323 324 325 326 327 330 331 332 333 335 336 337 338 339 340 341 343 345 346 351 352 354 355 360 363 366 375 381
355 1340 3650 8288 15148 21713 29011 32946 37074 35974 38040 36512 36001 34059 34100 32076 31976 30142 29912 28490 28186 26067 26680 25000 24958 23627 23657 22350 22359 20878 20862 20079 19973 18642 18807 17661 17717 16685 16893 15855 15865 14974 15032 14280 13823 13318 13517 12744 12545 12029 12055 11260 11543 10643 10843 10243 10306 9469 9880 9168 9105 8889 8794 8236 8729 7745 7968 7466 7376 6881 7022 6730 6672 6420 6265 5823 6155 5644 5632 5290 5517 5000 5201 4661 4631 4518 4601 4275 4503 4055 4193 4043 4069 3646 3827 3468 3754 3395 3526 3201 3321 2995 3035 2960 2998 2659 2867 2528 2572 2533 2554 2423 2489 2184 2268 2119 2179 2004 2045 1878 1931 1775 1791 1664 1775 1607 1591 1522 1527 1443 1430 1397 1234 1255 1251 1173 1361 1125 1138 1045 1114 1037 1025 964 997 977 923 832 951 835 868 762 752 687 750 664 653 709 663 615 705 574 571 585 542 545 563 472 522 476 441 529 489 455 499 397 437 374 371 374 375 448 368 344 338 323 343 306 315 328 338 267 277 295 284 239 234 235 269 235 232 219 205 194 192 187 171 172 179 162 172 151 155 151 146 123 160 125 122 120 146 108 135 96 130 93 96 107 99 99 123 93 89 71 98 74 86 83 136 72 75 64 78 67 62 52 73 59 58 47 55 48 65 54 57 42 49 40 45 32 45 33 35 36 31 40 37 34 35 31 41 27 31 29 38 25 34 27 25 34 23 21 28 15 21 28 17 23 15 13 15 12 10 9 15 9 6 8 11 3 60 6 10 10 4 6 5 5 6 6 7 12 4 2 2 3 1 6 3 3 1 3 2 2 4 2 3 2 2 4 4 1 3 4 1 2 2 1 1 1 1 1 1 1 1 3 1
355 1464 5098 15614 39062 81406 159192 274862 474318 695293 1112723 1596354 2305983 3139416 4452610 5862873 7963192 10190029 13674356 17221683 22607407 27386071 36069721 43855000 56271945 66651924 85493974 102372835 127390288 148807347 187920409 219522562 269626771 311072293 385464417 445831558 539858605 618979773 764441659 867033413 1038259323 1169614426 1423015338 1593105637 1842046922 2123849241 2599911790 2867213189 3403898651 3786087933 4510203514 4952651459 6014309729 6450632265 7867524251 8543697150 10045814945 10825627130 13305454509 14316239188 16616398299 18269302577 21349980484 23320516988 28342472397 28938956823 35168770060 36650105234 43014658211 45670066934 53927995920 58991472433 67535732691 73348441065 83697536688 89656324280 105049823133 109529396476 130683411571 134141889879 160144339657 161885772137 197472668684 195585058159 226693988538 242034556296 293448558950 301780324133 366335114277 359193611362 434198436058 460111766003 520246221114 536242033370 651367070397 641281582816 797605723343 797466100239 956825185332 964530285834 1133240576240 1127316542675 1314596650452 1404020373169 1643361389084 1601774878035 1978276918267 1865146393343 2278052424871 2360757940288 2784617791108 2827376239919 3282835870292 3171467778364 3934173771941 3848184044885 4447333719881 4571872310434 5263683740838 5282977051471 6356774680263 6182224528122 7199178220636 7110542803510 8685390022574 8298979997760 9691415254318 10105246203693 11041548032125 11401805585013 12956003266659 13684719075939 13742982628879 14673706864115 17074710338046 17630892219904 22225518535927 19260070099291 23088511593965 22552976997950 26080754400641 27216768494134 29351315434499 31178228029528 34866253426312 35881179392774 39347107999421 37928699657307 48787018722421 45038002603045 54797455186062 51877380001910 54969626219838 55079482778087 67624730022049 64118285589070 71068814337553 80275211870023 86590052841679 87637003438468 105030472082321 95132201802164 106200168987461 115496646660660 124958184888576 130390467757686 148340083408013 137593826764986 170316999700136 164353972040738 174317559140040 235701612311254 224221285034423 215812875109261 279007829529297 226777460553992 309353136951837 269097702719341 295024403213330 320903452900335 372299539579492 428233863379937 430872444613259 430228043083127 430711538534377 470473006422851 555289214541753 507631094993178 559733471924746 639666396166992 734393856512998 664381343162770 732125819728918 841459233843549 853303445430268 796683026986531 866095836659821 914019791108766 1193160461528022 1095273297068703 1184778016437138 1245834905057596 1230604710388887 1203110234798120 1390453358359587 1402479429387489 1526908478829767 1602471323979666 1812305288812913 1660440762889158 2143048200754578 1805240670024235 2136888661091010 2243746889428664 2414090009814841 2070846686886792 3344172089108747 2657660487136350 2587407359151467 2846023234813240 3738410314091821 2831823318484262 4486482784644910 3176358775491186 4598692078784955 3909434162875463 4063675942606035 4751325435889041 5243683910897014 4952921773563299 7239513481235307 5521570127271247 5699420562227627 4875442646218343 8110983244438845 5714601831568633 7604552337403026 7964420278684722 13443603936256767 7567771080183088 10127047657643972 8432406259722602 11454760359231584 9519021871784637 11759034884422044 9076567766220081 17062449400012729 11583350777826578 13169143797249602 11748019370228845 16177300899895306 13444191874649427 19529359643000044 17515028886766142 20811561338602736 16811376410995045 21678969005797069 15863915886206656 21877288374180177 17988641952305559 29936304109221747 22575748203334047 23627329615913005 21368960268284096 25119865087725164 34470231529129609 32463362552463859 29992919077787340 34111174388805381 35508253360960427 55913694857520778 33269249336010263 40368139726938275 43939975855189848 63090811453343968 38189437239606090 83207428010680006 54905826545466454 50796229615200026 75952348849705944 60289834305235463 56814940309173796 75689417539229088 45101335734753716 70919326246254805 94976040087135794 69587985363751270 90617140316440007 56427410493576009 69886075013913097 73303927977549570 68397422495599302 59962884898212140 58381613620599603 92468510212079140 62185279800889442 41315924848058243 58809090759455166 92582134218524694 33301489320816130 569895622109311862 57552165987381309 103667876964907038 140879938558954702 47409520194103138 76294307742861507 66767534245510821 71617603399977214 94148217824060571 147332472419784599 125671185431390272 288887990324732906 110374301423033347 49300212301660980 52831615267132652 109441655949124658 28305020340996003 220931719375395508 134578496441814968 106876315515629737 37274405776748077 125415721598909383 85496156071909392 98011287270475750 236472651631873921 120210699679333088 206504657838221550 147306575723700678 168601631272450238 360701739922198492 385800440768811040 103151466321735325 330923581275878316 471797966184455888 126108517833796355 288235873055747664 329274958331522088 175943559810422753 244904537455382406 261578907351144125 298330063062758076 318555973788329084 441622981929358437 536679070310691121 651688879997206959 3484613504549888550 1701169427975813525
3 4 5 6 7 8 9 10 11 12 13 14 15 16 17 18 19 20 21 22 23 24 25 26 27 28 29 30 31 32 33 34 35 36 37 38 39 40 41 42 43 44 45 46 47 48 49 50 51 52 53 54 55 56 58 59 60 61 63 64 68 69 72 76
3 16 36 107 95 208 124 222 147 208 105 156 90 155 85 115 76 106 60 72 39 62 27 33 23 52 27 35 15 30 13 26 14 18 19 11 4 21 6 8 12 6 5 8 2 4 3 5 3 3 1 2 1 3 3 1 6 2 1 1 1 3 1 2
3 20 58 260 304 1108 858 2847 2546 6410 3775 10344 7508 20094 12414 27078 21501 41613 28634 53897 35780 74291 38715 57969 42824 163967 94560 170361 70805 208391 96516 272316 145219 307409 386253 281619 79060 583250 156080 420842 598703 481535 330474 608044 186923 438221 328618 918074 607897 566573 173525 612678 347050 2196986 1432172 902552 6730726 1580469 614154 1932934 1741630 10449780 3087735 16178349
