1 2 3 4 5 13 14 15 16 17 25 26 27 28 29 37 38 39 40 41 49 50 51 52 53
5 15 13 26 19 53 199 180 226 160 1270 3685 4815 6037 4565 7264 17117 17758 18290 11904 1902 2750 1251 420 52
23 45 24 94 42 81 331 344 405 278 4574 14340 19007 24368 18412 21685 49310 47620 45679 27804 2286 3171 1328 420 52
462 525 347 1114 417 1512 20965 49350 203700 233132 3954134641 86549087379 1847107844891 26646464271939 128726137333258 125648876127180886 809239886532089521 967573412953748203 632947304495340872 257224858186142356 1304110811316 404047294568 9040024926 43699742 7392
4 14 15 16 17 25 26 27 28 29 37 38 39 40 41
1 3 4 4 3 6 21 22 25 19 5 8 4 2 2
1 5 14 8 5 10 27 29 32 23 6 9 5 3 2
4 17 329 61 4643 9728 56734 65819 5072 387998 1036 14868 153 2463 46
3 4 5 6 7 8 9 10 11 12 13 14 15 16 17 18 19 20 21 22 23 24 25 26 27 28 29 30 31 32 33 34 35 36 37 38 39 40 41 42 43 44 45 46 47 48 49 50 51 52 53 54 55 56 57 58 59 60 61 62 63 64 65 66 67 68 69 70 71 72 73 74 75 76 77 78 79 80 81 82 83 84 85 86 87 88 89 90 91 92 93 94 95 96 97 98 99 100 101 102 103 104 105 106 107 108 109 110 111 112 113 114 115 116 117 118 119 120 121 122 123 124 125 126 127 128 129 130 131 132 133 134 135 136 137 138 139 140 141 142 143 144 145 146 147 148 149 150 151 152 153 154 155 156 157 158 159 160 161 162 163 164 165 166 167 168 169 170 171 172 173 174 175 176 177 178 179 180 181 182 183 184 185 186 187 188 189 190 191 192 193 194 195 196 197 198 199 200 201 202 203 204 205 206 207 208 209 210 211 212 213 214 215 216 217 218 219 220 221 222 223 224 225 226 227 228 229 230 231 232 233 234 235 236 237 238 239 240 241 242 243 244 245 246 247 248 249 250 251 252 253 254 255 256 257 258 259 260 261 262 263 264 265 266 267 268 269 270 271 272 273 274 275 276 277 278 279 280 281 282 283 284 285 286 287 288 289 290 291 292 293 294 295 296 297 298 299 300 301 302 303 304 305 306 307 308 309 310 311 312 313 314 315 317 318 319 320 321 322 323 324 325 326 327 328 329 330 331 332 333 334 335 336 337 338 339 340 341 342 343 344
265 947 1988 3272 4608 5667 6164 6403 6502 6439 6398 6238 6052 5816 5623 5407 5149 4913 4862 4818 4772 4531 4487 4331 4288 4117 3954 3773 3760 3609 3535 3405 3405 3270 3178 3024 2968 2892 2900 2941 2861 2768 2692 2623 2571 2417 2301 2222 2205 2260 2148 2124 2054 1985 1913 1844 1818 1753 1727 1706 1692 1645 1586 1504 1461 1409 1387 1383 1383 1358 1294 1299 1259 1269 1194 1100 1051 1080 1064 1039 1023 986 936 926 888 866 849 833 822 806 820 742 752 703 668 661 683 664 677 638 653 629 614 574 543 507 507 512 518 502 462 455 437 430 418 416 400 394 397 388 379 362 361 335 350 330 344 329 329 318 312 310 297 259 245 251 257 243 247 222 236 214 218 202 190 191 195 178 195 169 180 183 157 168 168 169 162 158 146 141 146 141 130 128 120 122 118 123 107 117 116 104 103 97 86 80 82 80 80 83 75 72 75 75 76 81 78 71 63 68 68 65 63 61 65 67 65 62 61 56 51 49 46 45 39 44 42 39 37 38 35 38 38 39 35 34 25 23 25 24 25 26 26 24 26 26 20 24 20 16 24 19 21 19 22 18 18 17 18 17 19 17 20 17 17 13 13 12 13 11 15 12 14 13 15 12 14 8 6 8 6 7 6 6 6 5 7 7 7 7 6 6 5 5 5 5 5 5 5 5 5 5 6 6 5 6 4 3 4 4 3 3 3 3 2 2 2 2 2 2 2 1 1 1 1 1 1 1 1 1 1 1 1 1 2 2 2 1 1 1 1 1 1 1 1 1 1 1 1 1 1 1 1 1 1 1 1 1 1 1 1
265 1006 2902 6773 14045 25960 42802 68224 105219 156429 228140 322268 440627 597908 796121 1038204 1328303 1709234 2211454 2890069 3715753 4581272 5787165 7092782 8890266 10861952 13056902 15683915 19410466 22955046 27825256 33181379 40385545 47812683 55766418 65892655 77489735 91828714 109886241 135093997 156724706 183570972 212439160 247372372 289912392 324882524 369584035 419256412 487676850 596716189 665355169 777711239 876638433 975337933 1109647191 1248742092 1431965578 1605600364 1860466883 2146166917 2510147125 2752228394 3083989752 3398438913 3796670974 4187849366 4787510150 5409460643 6276166273 7112812699 7821870789 9132767007 10114318474 11572931246 12611018939 13304341303 14490359656 16505272664 19157830105 21287952538 23643793721 26094236339 27813495773 31599045696 34006406126 37767222592 42214232408 47336936522 52737679081 59108510238 67296962552 69211930713 79656024932 81847743966 87880988299 96629584684 111747959150 123129849710 143101025977 150114766657 173578069965 188239265068 207463254787 218300586609 237171168419 241874711007 269202580224 308538029081 346463192696 378572486878 395210570660 429360424109 465396835666 505998953274 557321694000 607822483955 641038285423 712978334226 805436819614 872516222964 941295339689 1002099784229 1103734181432 1134740545504 1285954745332 1363821740640 1585950655509 1707798363771 1880186332987 2051459754406 2204814886679 2457988049242 2637480368681 2571582108026 2624176947997 2888848300201 3287476346901 3442588233560 3983442664153 3917571570069 4493344983097 4670519278756 5234436891577 5322230724166 5634220833705 6056693117089 6875718141472 6860225430505 8291851905570 7836423970602 9275557578987 10168095747225 9668330332063 11267288250133 12457783442610 13637238283595 14743124841954 15285519477033 16100519578908 16783429116235 19536861996100 20678675960997 21514646752167 21625784477365 23194041071345 25603749451106 27762803213507 31377911976671 30902025223081 35003142866226 40189362663023 38190406153592 42135588024412 43540102742696 40630126821769 41770930153325 45368963125210 49245635029510 52810176716275 60069443278530 59423475914937 63129203948209 69469275359528 77897609317037 85503828432121 98608564155363 104465532258370 104721265142079 101858647456067 120930852808970 131327982977795 138157506143793 144316992392571 151994881344066 175474515171545 195632020089241 208636836019031 215035636281067 225768120756949 223692697196102 224727390460093 236203669762712 245843073439490 254838548438507 235349463572672 293099006737975 296707596620860 309729048828470 315315184824927 356828700887274 348369808726307 423683416550614 450533606407335 509961409237526 494553759633925 534266162661620 441952954620662 430013570988574 511581301161627 535972762515121 599833667995613 675756675652638 712343695012815 720833526759885 836398706301339 907322823575477 730397989118662 942306783396560 858786826233231 700326530239445 1204061324483740 1017835007098331 1258256958323008 1189986545300386 1542222506908829 1340470713634868 1522711154823467 1487711610848869 1777452487594477 1742779668979115 2179415356473834 2031637262637165 2674586261592422 2387118898244440 2704542520736586 2188211254997952 2425346047100838 2282920395865034 2833124108776266 2452270215874829 3734767444214961 3092805690760243 4108310719201064 3898223357517304 5104513518307775 4205407251696720 5583040043711492 3320720211621613 2493179690948138 3541915339432124 2865863055628563 3626086055916974 3334163213567331 3595530274370349 3876856618709355 3509179107191456 5228195703447989 5635037709349110 6072727246416336 6543543543099315 6075095579627226 6544307981609169 5830464211504484 6279226651165429 6761654532795545 7280209681222700 7837529417227867 8436438774126051 9079963506354975 9771344015924902 10514050181090257 11311797225722970 14709515206150227 15821477320779699 14076479138501715 18297202983235656 12877997613433764 10702445684128879 15430197320539319 16584087747250707 13287894782388867 14278329239845054 15340780195979428 16480356453654882 12079527764191030 12973348254158176 13931700288391662 14959130157021168 16060496769886080 17240992550930050 18506165873447204 9930972392403501 10657331232548839 11435542077822104 12269218019229465 13162217895057704 14118662665280005 15142952738857194 16239786535829663 17414180133147295 18671488299600364 20017426762576945 21458096037352891 24650106150830490 52831615267132652 56610040681992006 60652363979685928 32488293351466654 34800954869440830 37274405776748077 39919565526999991 42748078035954696 45772358543578028 49005643635237875 52462044228828641 56156602112874289 60105349839666544 64325374609114550 68834885946073850 73653287861850339 78801255302666615 84300815636225119 90175434980549623 96450110192202760 103151466321735325 110307860425292772 117949491546113972 126108517833796355 134819180623301520 144117936527873832 154043597379576030
4 5 6 7 8 9 10 11 12 13 14 15 16 17 18 19 20 21 22 23 24 25 27 28 29 30 35 37 45 47 57
6 8 11 20 16 14 8 12 6 14 8 12 4 9 5 2 2 3 2 4 1 1 1 1 2 2 1 1 1 1 1
7 13 24 62 75 93 90 186 123 456 323 662 290 1000 779 303 540 1412 924 2415 1155 770 2004 1255 4394 5586 9130 12310 53174 63261 386155
