9 21 33 45
372 754 1016 305
8072 4034 1642 317
93940 517670 371001 10179
9 21 33 45
372 754 1016 305
8072 4034 1642 317
93940 517670 371001 10179
3 4 5 6 7 8 9 10 11 12 13 14 15 16 17 18 19 20 21 22 23 24 25 26 27 28 29 30 31 32 33 34 35 36 37 38 45 46 47
34 325 744 1226 1574 2135 1989 1692 1288 1022 678 277 229 128 129 93 105 65 67 53 51 39 27 20 16 16 13 7 4 3 1 2 4 3 2 1 1 1 1
34 370 1127 2646 4759 10104 14403 19756 22316 28950 28774 16385 19724 13567 18571 16664 25723 22103 32362 28943 32407 35519 32156 34707 31394 36860 59300 29272 22492 16466 4565 12446 41052 26841 43539 14883 53174 63261 75175
3 4 5 6 7 8 9 10 11 12 13 14 15 16 17 18 19 20 21 22 23 24 25 26 27 28 29 30 31 32 33 34 35 36 37 38 45 46 47
34 325 744 1226 1574 2135 1989 1692 1288 1022 678 277 229 128 129 93 105 65 67 53 51 39 27 20 16 16 13 7 4 3 1 2 4 3 2 1 1 1 1
34 370 1127 2646 4759 10104 14403 19756 22316 28950 28774 16385 19724 13567 18571 16664 25723 22103 32362 28943 32407 35519 32156 34707 31394 36860 59300 29272 22492 16466 4565 12446 41052 26841 43539 14883 53174 63261 75175
