6 18 19 30 31 42 43 54 55
231 1313 4361 6793 30752 7960 34833 2646 11099
9327 29761 70640 80520 366696 29989 127956 4057 16607
825564 343615362 734014710 1071558094154336697 7094144501653148922 406693118292844684 1574524522720931984 36782750448128 109556741126495
6 18 19 30 31 43
50 183 481 82 342 2
429 1121 2130 149 551 2
17749 2872629 45184030 373786 5769929 144
3 4 5 6 7 8 9 10 11 12 13 14 15 16 17 18 19 20 21 22 23 24 25 26 27 28 29 30 31 32 33 34 35 36 37 38 39 40 41 42 43 44 45 46 47 48 49 50 51 52 53 54 55 56 57 58 59 60 61 62 63 64 65 66 67 68 69 70 71 72 73 74 75 76 77 78 79 80 81 82 83 84 85 86 87 88 89 90 91 92 93 94 95 96 97 98 99 100 101 102 103 104 105 106 107 108 109 110 111 112 113 114 115 116 117 118 119 120 121 122 123 124 125 126 127 128 129 130 131 132 133 134 135 136 137 138 139 140 141 142 143 144 145 146 147 148 149 150 151 152 153 154 155 156 157 158 159 160 161 162 163 164 165 166 167 168 169 170 171 172 173 174 175 176 177 178 179 180 181 182 183 184 185 186 187 188 189 190 191 192 193 194 195 196 197 198 199 200 201 202 203 204 205 206 207 208 209 210 211 212 213 214 215 216 217 218 219 220 221 222 223 224 225 226 227 228 229 230 231 232 233 234 235 236 237 238 239 240 241 242 243 244 245 246 247 248 249 250 251 252 253 254 255 256 257 258 259 260 261 262 263 264 265 266 267 268 269 270 271 272 273 274 275 276 277 278 279 280 281 282 283 284 285 286 287 288 289 290 291 292 293 294 295 296 298 299 300 301 302 303 305 306 307 308 311 313 314 315 316 317 319 320 322 323 325 326 327 328 329 330 331 332 333 334 335 336 337 338 339 342 347 349 350 352 359 365 367 379
218 1090 3520 6086 11905 13674 20329 18717 24468 20600 24940 19227 23269 17563 20499 15113 18255 13322 16598 11661 15126 10681 14031 9558 12967 8990 11920 8286 11020 7537 10389 7058 9662 6568 9112 6209 8523 5824 8050 5347 7612 5116 7122 4868 6919 4600 6380 4096 6151 4055 5791 3788 5507 3526 5201 3454 4836 3280 4490 3102 4385 3037 4123 2873 4046 2680 3745 2613 3604 2474 3315 2267 3229 2183 3024 2001 2917 1988 2772 1920 2613 1805 2483 1692 2389 1622 2219 1570 2163 1451 1970 1365 2080 1396 1846 1226 1705 1247 1698 1110 1645 1115 1461 1049 1491 978 1376 938 1281 843 1214 816 1187 807 1134 754 1033 700 1010 657 927 666 913 587 922 596 795 579 847 542 780 521 727 506 718 460 651 433 682 449 613 415 559 405 530 382 525 312 489 330 454 300 475 285 461 279 397 268 408 236 366 230 366 210 319 206 297 198 296 185 255 155 282 139 229 143 257 134 202 132 200 117 184 124 196 85 147 105 171 119 139 106 106 87 140 95 137 82 99 84 102 59 104 67 101 53 100 44 84 48 92 53 79 49 64 36 50 39 61 42 62 41 55 31 56 33 48 40 52 33 31 25 33 18 25 32 51 17 32 21 29 23 27 30 39 19 23 13 39 14 31 14 26 11 22 9 16 8 17 12 21 3 16 6 21 4 20 5 18 6 16 3 15 3 13 7 5 1 8 4 12 3 5 3 14 2 4 3 3 4 6 2 4 3 4 5 2 4 2 2 3 3 8 2 2 3 1 4 1 4 5 1 1 3 2 4 2 1 3 2 4 1 3 2 9 2 3 2 2 2 3 1 2 1 1 2 1 1
218 1184 4756 11244 30942 53403 119589 170214 335708 432154 787562 906452 1592726 1739284 2853673 2917027 4826883 4716492 7959455 7198415 12473450 11222881 19200783 16461692 28894678 25081266 42181131 36201757 61309435 50936453 86635037 72318093 124403197 100865728 175044891 143261262 242931884 197097115 329588521 256572184 458146049 357237112 608900210 482868561 837352462 644851751 1078187792 799496714 1467833301 1094116931 1933931331 1446137410 2574887894 1898196996 3280035456 2431854059 4253196097 3227316979 5259677165 3976165066 6919933243 5374537612 8803984598 6739022034 11551624493 8413435492 14181447289 11203635339 18358271060 13530848286 22261632511 16519554763 28934535692 21028212730 34824519882 25025996979 43885873233 32527648828 54095393061 40974597045 66002600984 49720404409 81607066167 60252250168 98892922772 74091304991 121156010570 92504848041 150567830811 108908119707 174756141565 130698394111 242000986477 172564856528 263226875117 194799218699 317087157726 241075833765 394855315088 276623539235 482654662280 354908412350 537033314820 417863236565 679030059772 484823678200 793206050233 592706501225 934096445724 636054281275 1099161010282 783558887186 1346153930996 974834521208 1616423668901 1129224040158 1832057954946 1331808772352 2182827132112 1501793089063 2499405648009 1900104580786 2958683225244 1974931182225 3729171856118 2546326029832 4011589782612 3093238336218 5295576830072 3530987505072 5924383802837 4234233676725 6504168801596 4923776141277 8296712938899 5657453145755 8935214726298 6219703085680 11710017651598 8113679153705 12276616589446 8763733413247 13748757109290 10900910478310 15559742525124 12080517587346 19240633386807 12462357957704 22349763028707 15066908506152 24250589889750 17111676268270 31229241596799 19928675234790 37289001471550 25415352945153 38849940011978 26966048162107 48486098175195 27200587494729 51431509037751 33338866990302 61978416889607 36178257378854 63567010822438 44852828009564 75907583350337 50643905694698 85304356290521 56168234743384 90083646782701 52758841302355 116850426554363 61893666829830 114715039362962 80580225565600 153022725494194 80560980762580 140179955135510 97955948156510 162027823944841 106256951277927 181877432505176 126686727506903 228840383427962 99729413967394 194815353176817 154834212649843 300675592300387 214284966475825 267389135964650 207450033577653 253783693514840 220823140384935 407314385672746 277837798754845 452116967722595 283497697789858 365260528458905 333850855519644 481326668023023 310149857062952 552242849610719 385526413351978 648315677844817 408625859027282 746392078836146 365636798473125 813535812855606 451680261588225 970750290325851 592641371294628 1031279728400081 667924421260265 973733534286390 506125071263046 841163367328519 679567207243942 1274105949180792 900451113462809 1459931689402095 1123250267681269 1538351095051944 875724486901074 1856273016215640 1195731951518625 1921468821548785 1654905874851942 2417278793759218 1662507834588671 1623527319910490 1254976438985444 2053461301665893 1194256321593105 1615967371159141 2282021150376083 4194522529589113 1380041381195226 3067518615420595 2168314030305760 3347074959149307 2453887599905783 3511607756156149 4026597000597040 5677041560162948 3314484495514841 4045108571168893 2245884323873074 7795699977218832 3047765318542459 7786006428087222 3501581633597615 7722527268942729 3006101233684948 6807557529204401 2826825161311447 5716397035383791 2925996534966256 8434330388203799 6237755743940985 10440939205226093 1526198932430301 9024147748714011 3550365532807902 14420157782750903 2786418153501084 15130695184268980 4198058651834070 16357274976101439 5428560649898160 18488800775827199 3150592469793351 17229985096796271 3748800500504881 18209451563024658 10105708811569600 7721215940741871 1520980492851175 15879108311143855 7451970743832021 24965490318347173 6587358935047548 12347296060812516 8006698957140768 39084451011193570 6099067661078552 13352889903109316 10447598860044599 11230783833631528 16584087747250707 25946060368150152 9406291183372970 20575151265733100 16480356453654882 24605965773365633 33391722669628926 14445415222706415 31019626926907248 17240992550930050 18506165873447204 30519276017355841 34306626233466312 96486392271020998 25431435914287169 30285905477714388 54757156732348023 18671488299600364 85832384149411564 23000006655487337 95300225612635654 139635888997550338 30326181989842964 32488293351466654 109349766422936984 85496156071909392 183089434174312112 98011287270475750 52462044228828641 161080690570531571 120210699679333088 257301498436458200 64325374609114550 220959863585551017 157602510605333230 747708220058909063 180350869961099246 289350330576608280 206302932643470650 220615720850585544 269638361246603040 564025941156878940 214618299743286299 458544573742434300 261578907351144125 413766180933342362 1221796807503768202 695143713458946040 1498478743590581081
3 4 5 6 7 8 9 10 11 12 13 14 15 16 17 18 19 20 21 22 23 24 25 26 27 28 29 30 31 32 33 34 35 36 37 38 39 40 41 42 44 45 46 47 48 49 50 51 54 56 59 62 63 64 66 71 72 74 78 80
3 42 76 198 203 306 251 422 267 389 237 302 175 244 114 171 79 128 80 102 61 52 39 54 33 51 37 45 20 26 12 19 15 13 8 23 7 13 5 14 5 4 6 8 2 2 3 4 1 1 1 1 1 1 1 1 1 1 1 1
3 53 122 473 567 1492 1722 4968 4093 10253 8287 17500 13742 29157 16824 41668 22667 50906 40574 68656 47461 60523 50227 113037 61905 137209 131424 210676 102162 177744 81950 221035 209260 206654 105883 512481 202144 484716 171919 750221 598092 249480 548971 849921 225525 301830 478518 753317 173525 281589 451276 715220 966467 1932934 1300156 3087735 3087735 8175936 7089500 18578182
