7 8 19 20 31 32 43 44 55 56
75 349 836 5366 7545 38325 7989 38780 214 518
1067 4541 8344 56004 54737 283101 21822 102786 214 518
82518 303290 38289779 418097201 929665572432998583 6484020282437438380 135301612371474829 358150124034079315 583492 393928
7 8 19 20 31 32
9 46 38 303 22 84
24 159 74 757 34 128
542 3273 65153 4303044 38614 75452
3 4 5 6 7 8 9 10 11 12 13 14 15 16 17 18 19 20 21 22 23 24 25 26 27 28 29 30 31 32 33 34 35 36 37 38 39 40 41 42 43 44 45 46 47 48 49 50 51 52 53 54 55 56 57 58 59 60 61 62 63 64 65 66 67 68 69 70 71 72 73 74 75 76 77 78 79 80 81 82 83 84 85 86 87 88 89 90 91 92 93 94 95 96 97 98 99 100 101 102 103 104 105 106 107 108 109 110 111 112 113 114 115 116 117 118 119 120 121 122 123 124 125 126 127 128 129 130 131 132 133 134 135 136 137 138 139 140 141 142 143 144 145 146 147 148 149 150 151 152 153 154 155 156 157 158 159 160 161 162 163 164 165 166 167 168 169 170 171 172 173 174 175 176 177 178 179 180 181 182 183 184 185 186 187 188 189 190 191 192 193 194 195 196 197 198 199 200 201 202 203 204 205 206 207 208 209 210 211 212 213 214 215 216 217 218 219 220 221 222 223 224 225 226 227 228 229 230 231 232 233 234 235 236 237 238 239 240 241 242 243 244 245 246 247 248 249 250 251 252 253 254 255 256 257 258 259 260 261 262 263 264 265 266 267 268 269 270 271 272 273 274 275 276 277 278 279 280 281 282 283 284 285 286 287 288 289 290 291 292 293 294 295 296 297 298 299 300 301 302 303 304 305 306 307 308 309 310 311 312 313 314 316 317 319 320 322 324 325 328 330 331 334 335 337 338 340 343 349 353 355 357 358 361 378
375 2009 3664 6191 9364 10425 12657 14198 13813 14325 14807 12917 13063 13032 11374 11171 11338 9522 9765 9838 8653 8401 8852 7639 7662 8006 7014 6893 7326 6270 6321 6458 5837 5652 5979 5171 5306 5316 4890 4752 5077 4422 4535 4622 4145 4079 4441 3727 3818 4018 3537 3448 3782 3196 3393 3450 3066 2997 3309 2772 2939 2996 2649 2698 2891 2455 2545 2616 2369 2319 2448 2139 2122 2268 1986 2025 2171 1864 1917 1968 1766 1747 1832 1577 1635 1707 1473 1510 1658 1316 1453 1502 1322 1327 1439 1222 1231 1373 1158 1131 1236 1033 1118 1171 1003 957 1116 876 929 979 866 829 942 773 766 844 712 738 777 647 650 720 610 582 706 565 555 657 545 528 659 483 504 619 482 412 521 435 398 468 387 390 443 369 340 396 367 334 394 307 293 339 301 245 327 272 247 306 261 232 257 204 189 235 197 199 242 186 167 228 169 147 232 173 142 199 161 132 191 117 136 150 139 123 132 114 128 130 113 107 97 93 80 105 97 69 93 69 71 82 64 56 84 61 54 63 45 50 56 52 54 53 52 40 56 44 45 45 42 38 53 39 35 45 35 30 42 38 29 41 37 23 40 37 15 36 37 25 33 24 19 23 21 16 25 17 18 19 15 17 20 12 19 18 13 13 19 12 10 11 13 5 10 9 7 10 9 8 11 5 13 5 6 12 6 6 7 7 4 4 8 9 8 6 6 6 3 3 4 5 4 4 5 4 5 9 5 4 5 6 8 1 4 5 3 2 4 6 3 3 4 2 1 2 2 1 3 1 2 2 1 4 2 1 1 1 1 2 2 1 2 1 2 2 1
375 2134 5305 12144 27490 46948 83100 145236 216112 325981 503739 660037 935900 1333934 1656982 2160760 3011658 3432474 4561595 6113837 7137696 8684458 11879725 13505961 16471166 21993013 24071084 29735508 39725868 42584684 50893725 65038536 72222266 82355038 108465688 113734507 138269902 171341821 194445868 219306043 282906488 303297237 354438663 434488518 470373304 530229130 714992719 699534062 813980733 1040498507 1105140822 1203879165 1565208612 1568255583 1898966457 2304777542 2454137565 2695826306 3561716089 3520760929 4125749451 4931134934 5286392585 5841326706 7461193308 7601205824 8363972058 10389451391 11212820483 11789231767 14652963486 15224467295 15990862876 20241444105 20969246135 22858681342 28877573391 29291556294 32392451405 39552960363 40871967258 44769639314 54651680236 54855905230 60275725803 73152321796 75107155013 80086096999 103076284282 97236211329 112311188074 138634540542 138285154020 149089501505 188336685228 183609288180 196224325238 245994576386 240945070543 260919388982 321614910134 305020197576 360294943397 433914772852 424730575515 433462520789 578395158282 537092261844 616431996716 713139972929 733140113082 748357928008 934165089944 931528515569 936857469972 1179858596467 1133763581966 1274171739709 1536501653153 1427538323682 1547851511832 1908359773235 1878481651394 1916111748418 2593451224369 2439789643805 2504811636225 3291292817449 3153172406455 3120865728512 4342211551603 3941027375605 4093027038046 5676180445446 5016413230270 4678080059984 6855860653328 6383988442782 5875598547525 7958108871995 7441134518004 7907162997408 9995790863277 9774996068120 9294132822097 12419215524525 12707058737069 12205061317975 15795849628414 14335112720809 13674846044784 18463669383126 18722419065514 15935778847098 23956911768767 23122761936321 21018901999363 29109079232722 29912184557828 26692390436438 32245925074327 31710913627817 27982275445131 41533305421177 38951453297372 40216781227122 56407141365222 48657320034272 44220275490662 67106407407336 60525491365952 51002116433299 87983353738813 76915545720987 63804407975543 99097833055452 96221922672014 74634466254755 125580620036605 87789874080265 99329271311120 126344961958811 141281935262118 121180093467219 144907092501317 151452270194595 167757898909679 191223908750312 180730783679744 178605516828924 186968818497002 205819228939555 173193424345310 260203962764350 251237494106487 192535506542964 277977797388684 249895255414788 284650182413917 321777660376719 305428307188639 259861705820357 449516378628117 410496529033366 337278480002185 421140263259641 393278664761403 387981918227055 463928222408980 511313621504871 524216708601107 593363225316774 703627790991544 538347450441125 791433016969740 633592417930855 732214247785860 747666459003330 873271391691762 818403621713827 1150723928658619 1002250056415488 917153331568132 1257177034617189 1149766079833069 1057317065636214 1482374510324497 1514219136681829 1243030645391717 1839045383634029 1938764275533182 1371686224090350 2401216661429659 2391755403829673 998502883437558 2565188904950420 3165030924628038 2254252334449162 3274645396467864 2578989508102772 2162783511451158 2523156702548223 2895698313562109 2470648076251183 3648375474008299 2926884298151510 3137006199719455 3586580935543034 3511386457707656 3409081993005283 4479864242346275 2899007930003318 5473130795305130 5268987133602758 4167849874568840 4207204491248182 6737945408928216 5323312704682973 4011890880030992 5613968462541546 6759406165090989 2943809311924089 6428518690466492 6614387873793530 4498694035218970 7122983875643316 6955165990187708 7193138968473444 9756916057631322 4804097588094860 16603917439207987 5413069477670563 8354348757098877 16400931253807621 8275101862326230 10120775138210580 14154078341604559 12085980103960687 7326986280111923 9915605764908393 16946448657030364 20927106640729009 22511106420995308 16013397914281536 17427522153195310 18091146372853636 10192752035960319 10702445684128879 15430197320539319 20216543541642456 18137012507603544 18812582366745940 25447189322205184 22103349145605487 30198819410477575 62632190045873015 34829250720979155 29404545379727583 38499192005417832 51722977652790150 71494316848754508 9930972392403501 41902966090050018 57177710389110520 36807654057688395 26324435790115408 55518205890897719 86760556138834408 48719359607488989 52242540399441885 74685953198401456 57360403361777673 23000006655487337 49300212301660980 56610040681992006 30326181989842964 102090203090348314 39919565526999991 85496156071909392 104924088457657282 56156602112874289 257301498436458200 157602510605333230 84300815636225119 96450110192202760 103151466321735325 117949491546113972 288235873055747664 429236599486572598 279363328483702152 637111947576658168 363117512048110005 775265065838058446 942628128536797560 1406207446561484054
3 4 5 6 7 8 9 10 11 12 13 14 15 16 17 18 19 20 21 22 23 24 25 26 27 28 29 30 31 32 33 34 35 36 37 38 39 40 41 43 46 47 48 49 51 52 61 66
2 38 35 76 75 112 87 113 70 109 44 61 29 63 20 28 13 22 21 17 8 10 9 9 8 16 8 12 7 6 4 9 3 1 3 3 4 6 1 1 2 1 1 1 3 3 1 1
2 42 61 208 253 656 614 1455 1131 2827 1697 3725 2156 6937 2967 6049 3358 9056 9500 8946 5746 9566 9130 14241 14224 34822 19641 40852 27772 28072 28388 104452 40622 8349 52798 45706 93970 155140 26015 26015 163842 149352 106348 150350 396781 845265 526823 1300156
