5 6 17 18 29 30 41 42 53 54
114 39 2083 1805 22056 18881 26564 22172 3786 2495
1654 903 12391 13145 200164 166990 88257 70725 4129 2602
64033 66671 6433276 39246685 4069358495389554061 1455865631698144286 1444268973805485544 722752257479773428 19848532858 4695476882
5 6 17 18 29 30 42
13 8 163 134 81 70 3
64 37 516 406 155 130 4
995 1119 147148 831603 2774912 212426 303
3 4 5 6 7 8 9 10 11 12 13 14 15 16 17 18 19 20 21 22 23 24 25 26 27 28 29 30 31 32 33 34 35 36 37 38 39 40 41 42 43 44 45 46 47 48 49 50 51 52 53 54 55 56 57 58 59 60 61 62 63 64 65 66 67 68 69 70 71 72 73 74 75 76 77 78 79 80 81 82 83 84 85 86 87 88 89 90 91 92 93 94 95 96 97 98 99 100 101 102 103 104 105 106 107 108 109 110 111 112 113 114 115 116 117 118 119 120 121 122 123 124 125 126 127 128 129 130 131 132 133 134 135 136 137 138 139 140 141 142 143 144 145 146 147 148 149 150 151 152 153 154 155 156 157 158 159 160 161 162 163 164 165 166 167 168 169 170 171 172 173 174 175 176 177 178 179 180 181 182 183 184 185 186 187 188 189 190 191 192 193 194 195 196 197 198 199 200 201 202 203 204 205 206 207 208 209 210 211 212 213 214 215 216 217 218 219 220 221 222 223 224 225 226 227 228 229 230 231 232 233 234 235 236 237 238 239 240 241 242 243 244 245 246 247 248 249 250 251 252 253 254 255 256 257 258 259 260 261 262 263 264 265 266 267 268 269 270 271 272 273 274 275 276 277 278 279 280 281 282 283 284 285 286 287 288 289 290 291 292 293 294 295 296 297 299 300 301 302 303 304 305 306 307 308 309 310 311 312 313 314 315 316 317 318 319 320 321 322 323 324 325 326 327 328 329 331 332 333 334 335 336 338 339 340 341 342 343 349 358 367 370 373
373 2146 4053 6698 9866 10966 12876 14041 13561 13727 14431 12519 12600 12582 10928 10624 11076 9621 9831 9650 8698 8481 9003 7863 8023 8077 7361 7198 7572 6548 6641 6865 6149 6152 6557 5694 5825 6042 5425 5247 5621 4864 5088 5126 4701 4616 4851 4225 4294 4487 4003 3928 4159 3512 3732 3902 3404 3458 3787 3092 3349 3388 3009 2945 3166 2666 2819 2952 2681 2517 2770 2397 2413 2561 2253 2116 2360 2100 2159 2197 2039 1953 2012 1784 1856 1996 1694 1642 1843 1493 1621 1695 1411 1531 1518 1283 1384 1456 1232 1233 1365 1124 1188 1238 1092 1056 1196 986 1037 1097 966 928 1023 874 915 940 837 829 852 737 771 804 720 666 763 648 635 707 639 626 683 531 556 610 518 546 557 460 470 489 440 392 491 390 414 402 366 332 398 349 340 401 324 299 364 282 287 365 253 266 301 246 229 252 233 196 251 201 214 259 184 165 216 187 168 212 168 145 183 138 135 169 125 136 156 131 106 125 117 108 131 114 94 121 106 85 104 96 62 104 83 82 113 73 74 100 60 66 76 69 77 70 58 54 70 54 47 62 44 50 58 35 30 45 34 23 43 28 30 32 26 28 21 27 13 24 24 19 21 18 16 24 20 14 26 27 17 26 15 14 20 17 12 16 22 12 20 18 11 15 14 10 17 15 12 17 11 6 16 10 8 17 9 7 20 8 7 9 2 10 5 6 5 2 5 5 8 5 1 3 5 4 4 5 5 5 3 4 1 3 3 3 4 2 5 6 3 1 4 3 2 3 1 2 1 3 2 1 3 3 2 1 3 2 2 1 1 1 1 1 2 2 2 1 1 1 1 1 1 1 2 1 1
373 2290 5861 13080 28770 49780 84761 144201 213319 316043 496047 636229 884777 1276336 1551129 2009257 2876674 3373021 4373760 5806077 6730557 8293609 11578660 13123053 16205869 21174604 24459023 29149655 38722356 41352246 50824532 64926530 73029655 86607055 115466975 125283666 151174110 192641721 208089628 237656259 307691771 322399953 394850793 479302268 540793319 609779260 775112331 801099989 945933415 1168546774 1258163456 1399294804 1789791448 1793405100 2174539204 2666132424 2755611203 3169811877 4053205071 3900119501 4765235067 5680101458 6140349010 6600011782 8272760831 8255354377 9626542568 11728005342 12574638920 13144074682 17159883552 17305004431 19441017083 24124027965 24787470071 24434715825 32822409689 33404006631 37951485676 45600143455 49078431660 51052093766 60219779658 63676709647 68112340139 86212367298 89030318431 86347201990 116071087881 111444875904 126251670343 157738680475 151122797342 170510740692 201512396975 195291308559 220979696671 274970513580 272326919698 283641074453 379855932241 338442242408 387284588004 462273725563 486415116181 489138456592 640044405775 612285907342 675696623246 828494543502 836567283171 856785810127 1042414566950 1017369916624 1145375351370 1347047244037 1408551327729 1415677876909 1676495119880 1654302550592 1841307406628 2161847126716 2256259647958 2138810326413 2779952410365 2798887844513 2916261032261 3695807706552 3781803657063 3796521315608 4697455346959 4389246221970 4521850129581 5660676822184 5722074286549 6296284924654 7124613763323 6697560123824 7060887050231 8384634097594 8872932448407 7715787555961 11445031188771 10976978238365 11252455851401 13201667920105 13082220091177 11947783516803 16473472237999 16876932255703 16553711900018 21651239891744 20119650300710 19677268446986 27366628850939 24315589223554 25793119342428 34553344958760 27979077052412 30831137356507 39037086694652 36670904716772 35299990023529 46423664756195 45361212785393 39570880570933 58252368198454 53803162201480 56431167483183 78045123022264 61822002757597 57643960014506 83107740187506 81403468132520 73750628532489 110396799740288 98217859703743 85841077763305 119615690767720 110159406281025 113265589215206 152923572579863 123279605564294 137691647137609 174781843505742 179796956351533 138768690801716 186914849343903 195898711461511 197239882019570 260889628574187 241376724468300 205006508120314 308959774780564 288272224768311 246023446270221 339433432402779 335033087476541 227152550380697 434603093197303 362384320086299 393321151736763 588154571796072 413266244682572 432771793061048 677595278545004 453732617859213 493511331691565 654034277838344 685612643049695 731111038524616 864131589251433 720244724113477 642281856494879 1031176274780100 913513062782826 703891965527709 1155340399694760 915816445951115 1043581721473698 1311155079320626 940499831168752 752329537354122 1335188903471025 1261082602536814 744598069760059 1501216622365388 1193148252614159 1181135482422594 1464243458056099 1401100333711536 1519459262652029 1167895429881732 2113212381812963 969362571539574 1696177343184067 2133050550001721 1872744065938897 1874254538525653 2133082245636686 1719805064094981 2718243245144236 2481516885195398 1795719358430808 3886062543895188 4613573388984469 2897056464348890 5065048079436578 2989819123070522 3229581432085178 5025312582974432 4660914454460308 3072705767638930 4710580481013580 7486683908779897 4735139382093452 7180514824305130 7243140482715554 4861521750880280 6595478778946894 7115530399148855 6525368352022116 9431785933536417 9678410214779158 8236610464252876 11823524985223800 8235795715194660 5574476608544463 13773291407051451 9397972391304925 8024764319516476 18831527390939854 11660928423008968 8809652801825977 27852200246040060 11951382087453950 12300322516911938 17122846475692298 3658842536648853 21294990386457897 10823971099305139 13685488745608435 11989829171396542 5273825773593233 14282535748883735 15137065116086659 26468333661380856 21150044544173478 3652430836071053 12364699218663612 22356401036190639 23009050564075628 20937484279014688 27337720215359159 34988269722138360 34829250720979155 28890830445412830 31570310233339704 8620496275465025 26494075487653652 37690221202574307 31245634857501179 44963957466015151 24538436038458930 64918089599460281 84711975991680030 44404568142994393 16239786535829663 66133539740636284 53499848565894954 40034853525153890 61492949562506781 23000006655487337 49300212301660980 26415807633566326 81136635608128655 86936222671834970 32488293351466654 102090203090348314 111823217330244231 79839131053999982 39919565526999991 137317075630734084 98011287270475750 104924088457657282 56156602112874289 64325374609114550 68834885946073850 73653287861850339 78801255302666615 168601631272450238 180350869961099246 206302932643470650 110307860425292772 117949491546113972 126108517833796355 134819180623301520 144117936527873832 214618299743286299 387632532919029223 1390287426917892080 843250788562528427 1022141228367345362
3 4 5 6 7 8 9 10 11 12 13 14 15 16 17 18 19 20 21 22 23 24 25 26 27 28 29 30 31 32 33 34 35 36 37 38 39 40 41 42 43 44 45 46 47 52 53 66
1 25 31 105 56 121 94 167 81 97 51 88 42 46 28 34 23 45 30 19 13 13 14 10 10 9 5 5 6 5 6 6 4 2 1 3 2 1 2 2 1 1 1 2 1 1 1 1
1 29 48 261 193 683 709 2000 1376 3051 1936 5633 3294 5712 3388 6841 5820 15453 12754 12590 10028 12752 15150 17784 18082 22922 10201 20108 30114 24041 39482 39626 52154 26080 22416 57216 43024 41745 61969 74459 71908 78045 53174 116435 74676 105558 147273 2600312
