1 2 3 4 5 6 7 8 9 10 11 12 13 14 15 16 17 18 19 20 21 22 23 24 25 26 27 28 29 30 31 32 33 34 35 36 37 38 39
1 1 6 6 2 6 4 7 5 8 1 1 6 4 6 14 18 25 34 25 18 12 3 4 1 6 3 7 10 11 16 16 18 25 18 12 14 12 5
1 1 7 6 2 7 5 7 5 8 1 1 6 4 6 16 22 27 34 26 18 12 3 4 1 7 3 7 11 11 16 17 18 26 18 12 14 12 5
1 1 14 8 3 11 5 11 6 9 1 1 15 7 10 202 121 624 1076 1237 435 92 19 14 3 74 8 27 171 3416 1032 994 1385 1006 420 485 348 119 16
1 2 3 4 5 6 7 8 9 10 11 12 13 14 15 16 17 18 19 20 21 22 23 24 25 26 27 28 29 30 31 32 33 34 35 36 37 38 39
1 1 6 6 2 6 4 7 5 8 1 1 6 4 6 14 18 25 34 25 18 12 3 4 1 6 3 7 10 11 16 16 18 25 18 12 14 12 5
1 1 7 6 2 7 5 7 5 8 1 1 6 4 6 16 22 27 34 26 18 12 3 4 1 7 3 7 11 11 16 17 18 26 18 12 14 12 5
1 1 14 8 3 11 5 11 6 9 1 1 15 7 10 202 121 624 1076 1237 435 92 19 14 3 74 8 27 171 3416 1032 994 1385 1006 420 485 348 119 16
3 4 5 6 7 8 9 10 11 12 13 14 15 16 17 18 19 20 22 24 26 28
13 80 60 71 31 36 16 26 8 15 6 11 3 8 2 7 2 3 5 2 1 1
13 80 73 168 109 212 128 326 123 394 192 574 168 760 236 1150 583 891 2450 1584 1255 1958
3 4 5 6 7 8 9 10 11 12 13 14 15 16 17 18 19 20 22 24 26 28
13 80 60 71 31 36 16 26 8 15 6 11 3 8 2 7 2 3 5 2 1 1
13 80 73 168 109 212 128 326 123 394 192 574 168 760 236 1150 583 891 2450 1584 1255 1958
