28 40 52 64 76
12248 35619 30868 19117 2139
1107938 609078 180091 48101 2242
9170161256132644682 13331173184185390660 2725270482919201267 37662181361758618 456890827
28 40 52
942 436 46
5262 918 50
299627918 8319548 12470
3 4 5 6 7 8 9 10 11 12 13 14 15 16 17 18 19 20 21 22 23 24 25 26 27 28 29 30 31 32 33 34 35 36 37 38 39 40 41 42 43 44 45 46 47 48 49 50 51 52 53 54 55 56 57 58 59 60 61 62 63 64 65 66 67 68 69 70 71 72 73 74 75 76 77 78 79 80 81 82 83 84 85 86 87 88 89 90 91 92 93 94 95 96 97 98 99 100 101 102 103 104 105 106 107 108 109 110 111 112 113 114 115 116 117 118 119 120 121 122 123 124 125 126 127 128 129 130 131 132 133 134 135 136 137 138 139 140 141 142 143 144 145 146 147 148 149 150 151 152 153 154 155 156 157 158 159 160 161 162 163 164 165 166 167 168 169 170 171 172 173 174 175 176 177 178 179 180 181 182 183 184 185 186 187 188 189 190 191 192 193 194 195 196 197 198 199 200 201 202 203 204 205 206 207 208 209 210 211 212 213 214 215 216 217 218 219 220 221 222 223 224 225 226 227 228 229 230 231 232 233 234 235 236 237 238 239 240 241 242 243 244 245 246 247 248 249 250 251 252 253 254 255 256 257 258 259 260 261 262 263 264 265 266 267 268 269 270 271 272 273 274 275 276 277 278 279 280 281 282 283 284 285 286 287 288 289 290 291 292 293 294 295 296 297 298 299 300 301 302 303 304 305 306 307 308 309 310 311 312 313 314 315 316 317 318 319 320 321 322 323 324 325 326 327 329 330 331 333 334 335 336 337 338 339 341 342 343 345 347 348 349 350 351 352 353 354 357 358 359 361 362 363 370 373 378 383 387 389
319 1465 4091 9561 17762 26648 37043 42608 47446 47092 50558 46635 47531 45399 43675 41072 42363 38929 38793 35995 36297 34092 34042 31724 31676 30641 29954 27736 28766 26222 26003 25016 24847 23435 24030 21622 22366 21342 20294 19514 19907 18296 18598 17651 17321 16478 16725 15612 15969 15222 14935 13718 14338 13183 13092 12655 12521 11735 12363 10806 11283 10815 10527 9915 10315 9521 9989 9147 9069 8621 8778 8148 8238 7996 7783 7349 7516 6813 6919 6855 6486 6401 6766 6052 6045 5910 5662 5450 5540 5107 5400 5009 4826 4756 4755 4395 4493 4365 4299 4096 3999 3783 3911 3854 3616 3509 3650 3294 3277 3232 3169 3029 3003 2887 2925 2846 2641 2653 2621 2439 2353 2399 2350 2255 2080 2057 2079 1983 1911 1816 1976 1843 1705 1762 1682 1685 1660 1558 1659 1483 1369 1442 1424 1351 1286 1353 1349 1206 1220 1219 1165 1203 1109 1180 1121 1007 1020 949 990 944 889 829 938 879 772 795 777 748 757 744 763 691 625 664 638 612 644 595 618 565 483 546 564 548 464 504 500 427 429 415 419 445 395 379 427 385 366 382 393 346 354 352 271 342 278 298 284 307 253 254 234 214 225 234 212 222 207 190 211 193 139 211 162 161 158 161 144 155 126 124 150 131 138 144 168 93 106 108 81 116 96 79 91 85 83 86 79 66 78 91 52 80 58 55 62 51 45 56 41 37 48 45 29 47 32 43 42 34 39 37 29 29 25 20 20 40 25 22 24 30 13 21 21 15 11 15 17 15 12 13 16 16 7 9 11 14 8 13 10 16 14 7 10 9 3 3 10 2 7 11 3 6 7 4 2 9 4 4 7 2 3 7 2 3 4 2 3 1 1 1 1 2 3 2 3 1 4 1 2 1 2 1 1 2 1 2 2 1 1 1 1 2 1 1 1 1 1 1 1
319 1606 5678 17603 43581 95855 192574 340647 572404 878147 1403092 1986062 2947380 4051057 5572230 7424513 10291285 13032370 17385477 21785177 28621009 35429029 45103134 55533974 70912266 86447576 106022780 127822411 161839495 186005250 228892589 274472209 336856748 392558661 475711791 547136841 681747469 773784992 893707147 1063555481 1272474154 1399959577 1691436119 1946760651 2280578329 2608789941 3053515395 3485578694 4184067122 4615958558 5390333929 5957858145 7176857228 7777481940 8910954048 10273663005 11846271460 12868146864 15409873335 16124506143 19840190607 21460547654 24357500143 27020791630 32493306654 33605032051 40637288944 44345053942 50903115956 53720474619 62316210309 67753225821 79253135005 84280042372 94810208756 107101000021 125327911602 126393647822 142248815825 169879346808 182627669982 198011366878 236205802032 246123909942 289453937202 307766030471 332560845976 370688899080 430504276505 439396549212 513375843059 558806011783 624538109261 685908423979 744599827841 811454054220 922883886388 980041930364 1092990118407 1173384275147 1328345246100 1375973094265 1567432149626 1793954704189 1931589307841 2029164581959 2254270316347 2446557712117 2675532771188 2849602602576 3199314150743 3477857088507 3841026484060 3955278067154 4476319442800 4951218724933 5269201670187 5820742822691 6164605375376 6644799369732 7142957668379 7767141606484 8555502126936 9272790870739 9747144121914 10551004301881 11352539166266 12254799359097 12984347345883 13416525477206 15917563434147 16991725855784 17507849184559 19161708074667 20453395758282 23395876780303 25379124194557 25640892957096 31684679035272 30009455139372 31530590996820 35901425704400 38885513394429 40511033696335 44201159134203 50076846637245 53141674122593 54092094108388 60489149190295 65893819814902 70059257841414 81406248952918 81023915248344 97562417082834 94453831107702 93620840096211 112095135426294 103048543393807 122100975763891 134023208888886 137912466290328 136232815246438 178654739415302 172721982291572 172223196977054 197760586196927 205612893970604 208907542074348 249886227305238 253469663003470 300340885785189 306497078154188 280093371719704 334403078923130 356268787714336 370351554652412 431493896393062 436065905036641 487576661118325 457657336422330 476520854112451 542290264099524 632629902757731 679670892392338 640386137847243 746363076940275 850978338844845 741234373497948 804420632868012 913834902100428 955775904722597 1082685670612023 1111975964075697 1107309901483640 1428237965554210 1367763171845925 1411901323284277 1491877899422682 1772654225005945 1650167494552959 2090171095461562 2185499672086945 1740336660896447 2297145538016817 2079364103209582 2416160489399230 2507406412528762 3015353731458247 2685522815124560 2729890233179610 2970532579612399 2998304678105086 3097743795100570 3648371244374954 3639986152653893 4183498966053430 4330988744877472 4088194026310965 4875585552022917 4632210099051045 3885840708729776 6581863027330792 5081199385506934 5408408040883965 5634825347636931 6942290841061528 6535673587009021 7028693098569343 5817867114925342 7016830688096319 8908780191521202 9106211551830111 10262801566928541 10188293755971509 12625108977094770 9218880880298994 9783317458837754 11117307995026791 9099799898891612 14200046966211385 11974272801933144 12452884771650819 14427371728627788 12551740945531622 14362640290862655 16964608052099997 16095659731357949 15306496192339866 18615398768306022 20349747675640962 13646788114978613 23235075266184786 17862504604866028 17782708581439208 21911657177003605 19886358822913664 18699487878782944 25141221112544107 19013888520422409 17754771830990837 29164580863845933 28488455236152028 21097708878397828 31052937165318051 22375441902664773 35279107523682150 36152290080835702 29239796166789745 38331238552972392 38124183531381294 35976322889918638 42279412109372132 34543770347332029 29193098180755195 29750926044225653 65452517226143720 45477613320645968 47550893008650775 46134316634628709 67026623170783636 27471197548244571 56705869348257371 56958097210182595 42038247041625577 32836886253210969 50228468958534143 74359804585513170 59050563003443045 48084517023762694 73578455933342758 76664315636059764 86219570404889055 43535105662387948 52007666293170477 79194968013349334 91997467076060770 72344033204236624 112550110010158822 75897017397970752 146354779184630204 149078783327939733 75380442405148614 122077104069423364 99028824474032611 36807654057688395 49969871952746099 151479510237190851 29261615404137199 111484838156862703 229705798696250546 72171336865495318 117412683649508508 147325333711918345 92000026621949348 49300212301660980 253563867439248244 113220081363984012 119283566310524895 218769608013771818 69601909738881660 109349766422936984 314066204715496100 85496156071909392 134292795123110752 192789289449291653 112313204225748578 232523903905081666 64325374609114550 73653287861850339 78801255302666615 84300815636225119 174476250616774742 289350330576608280 206302932643470650 330923581275878316 126108517833796355 539276722493206080 144117936527873832 329274958331522088 188008647052292980 401765112575366318 214618299743286299 229272286871217150 489809074910764812 261578907351144125 558726656967404304 596660126125516152 363117512048110005 387632532919029223 413766180933342362 471314064268398780 1005915133012000040 536679070310691121 843250788562528427 1022141228367345362 1406207446561484054 1930656072350465812 2484305294265418180 2816759503217942792
3 4 5 6 7 8 9 10 11 12 13 14 15 16 17 18 19 20 21 22 23 24 25 26 27 28 29 30 31 32 33 34 35 36 37 38 39 40 41 42 43 44 45 46 47 48 49 50 51 52 53 54 55 56 57 58 59 60 61 62 63 64 65 66 68 70 72 75 76 78 82 84 87
4 52 50 213 153 448 232 463 268 485 244 419 201 365 162 255 141 255 125 187 84 167 68 131 66 122 54 85 46 75 34 63 32 61 28 36 25 42 23 17 16 32 8 29 11 25 15 13 5 17 3 12 3 4 6 7 1 5 1 4 2 5 2 3 4 4 1 1 2 2 2 3 1
4 66 82 546 457 2416 1448 5901 3848 14368 8856 26562 14140 46710 22847 61473 39462 112648 59217 141604 66030 195436 90926 267151 141296 409684 173763 439460 212204 621722 222149 709036 377129 1037341 448665 877434 658162 1499232 684775 1224721 760258 2015887 566684 2582276 1092591 6286383 2317466 1774032 1030034 5153008 555725 3710318 1377961 2185128 3154442 4128824 772310 4027641 2316930 3436666 2020113 8042932 4524520 5200624 10449780 21259769 6175470 5392783 10785566 28358000 24264328 94778856 26543660
