4 16 28 40 52
50 1502 34436 56008 7981
400 5922 276117 184725 9115
19098 4145667 445275347506437803 3882029291943358509 208714370729
4 16 28 40
9 95 389 13
21 192 605 14
337 72508 5372126 37930
3 4 5 6 7 8 9 10 11 12 13 14 15 16 17 18 19 20 21 22 23 24 25 26 27 28 29 30 31 32 33 34 35 36 37 38 39 40 41 42 43 44 45 46 47 48 49 50 51 52 53 54 55 56 57 58 59 60 61 62 63 64 65 66 67 68 69 70 71 72 73 74 75 76 77 78 79 80 81 82 83 84 85 86 87 88 89 90 91 92 93 94 95 96 97 98 99 100 101 102 103 104 105 106 107 108 109 110 111 112 113 114 115 116 117 118 119 120 121 122 123 124 125 126 127 128 129 130 131 132 133 134 135 136 137 138 139 140 141 142 143 144 145 146 147 148 149 150 151 152 153 154 155 156 157 158 159 160 161 162 163 164 165 166 167 168 169 170 171 172 173 174 175 176 177 178 179 180 181 182 183 184 185 186 187 188 189 190 191 192 193 194 195 196 197 198 199 200 201 202 203 204 205 206 207 208 209 210 211 212 213 214 215 216 217 218 219 220 221 222 223 224 225 226 227 228 229 230 231 232 233 234 235 236 237 238 239 240 241 242 243 244 245 246 247 248 249 250 251 252 253 254 255 256 257 258 259 260 261 262 263 264 265 266 267 268 269 270 271 272 273 274 275 276 277 278 279 280 281 282 283 284 285 286 287 288 289 290 291 292 293 294 295 296 297 298 299 300 301 302 303 304 307 308 309 310 311 312 313 314 316 317 318 319 322 324 325 327 328 332 333 334 335 336 338 339 340 341 342 343 344 347 349 350 351 352
305 1222 2878 4907 7243 8763 9962 10556 10966 10664 10975 10490 10256 9873 9755 9099 9126 8460 8432 7955 7827 7621 7526 7134 7207 6879 6956 6613 6558 6065 5916 5834 5729 5578 5631 5221 5412 4941 4979 4714 4649 4425 4533 4205 4379 4132 4128 3952 3893 3774 3697 3615 3556 3381 3305 3226 3113 2993 3053 2898 2956 2807 2716 2585 2702 2581 2470 2389 2366 2206 2197 2149 2158 2039 1977 2016 1934 1810 1821 1679 1767 1579 1684 1642 1640 1523 1504 1491 1470 1395 1356 1320 1312 1285 1282 1190 1211 1165 1136 1116 1139 992 1000 931 976 955 881 900 887 868 843 784 790 743 705 778 733 717 686 691 708 647 578 610 600 540 529 541 551 534 531 522 448 416 444 399 405 445 416 400 436 380 388 334 360 355 353 308 372 334 296 280 314 257 255 251 257 208 235 238 251 200 220 232 214 188 172 185 176 173 204 170 159 157 144 151 151 141 126 129 131 131 124 110 122 128 105 111 113 111 97 88 102 79 94 71 86 83 48 70 67 70 58 77 71 61 68 59 63 53 58 48 51 44 46 55 46 51 50 42 41 46 42 38 27 56 52 41 41 48 36 26 34 39 28 26 28 25 21 26 24 17 17 15 17 18 18 17 18 16 16 15 9 14 19 14 9 13 15 8 12 12 12 11 3 6 13 7 4 10 8 13 11 12 13 6 7 6 6 3 5 7 7 6 8 5 5 9 4 4 4 4 4 2 2 6 5 2 3 3 1 2 2 3 1 2 2 2 4 2 2 2 3 2 2 2 2 2 1 1 1 2 2 2 1 1 1 1 1 1 1 1 1 1 1 1
305 1316 4081 9934 21179 39063 67408 109402 171708 251955 384738 534646 747123 1019811 1398853 1778863 2433972 2997227 3969224 4885825 6297791 7937551 10104773 12273240 15709613 19342028 24618042 29281811 35742476 41968952 49247098 59378540 72754315 86543164 108805929 121905949 155925649 173551597 208322864 239401586 282072112 317002442 386297426 424138571 529214841 589562967 706161489 812186453 936454847 1071249868 1238611520 1430625512 1625582194 1817478247 2060907079 2357282845 2691876813 3004337602 3670913370 3982983988 4678258667 5189439229 5753340929 6502806161 7768846416 8507476887 9416569429 10438632742 11896981565 12717121438 14555893703 15954987860 18489528599 20201429684 22815565793 27072591492 28190833848 31552078144 35044207770 36954528941 45053420692 44846060937 54065197170 59729344024 68410234696 71510428121 82536329182 91102785105 101950468004 105232721881 120169479975 130005874056 144373607132 159686020295 177921342025 197680684144 214521818642 235463308023 256101738488 287447170827 330915799172 311917799872 368217473242 372674880091 429806659456 488027647248 516462397961 567445085562 651375564736 688520976057 767051062253 805466383183 879598911390 924358705652 967111398753 1194589984464 1277483803635 1427464991806 1455273717099 1644560535433 1851746176188 1852703645151 1899930973502 2244028906268 2337531521976 2361485028584 2590906312698 3006625359122 3228179280926 3484867709703 4062151136533 4267736243193 4148152117991 4203218454962 4941903902864 5115577418262 5520991042245 6673657050453 6955735756768 7396196339318 9076107067157 8368215162219 9665630841350 9240630318162 11005076730390 11562776178906 13425453701425 12237650541993 16320777505514 15988337757972 16901924089648 17522853475823 19927332859034 18169265225962 21171256873798 22710445965481 24492318724549 21075544412109 25672652950246 29504567985611 34377374557762 28955026878367 36297501521852 40105621789715 43027027833639 40668852443711 41050664390281 48652115493655 49992706079074 50880382553040 70305062419062 63320061831407 63266966793192 68524949013043 72226050074277 81255362445839 89258120224640 86347317863045 87932925433950 94151469589840 110405225911615 118153431748647 131280480460035 116497753380178 142071832304170 163083441634867 150207979673015 174427397354606 192415198229719 208310003338094 182586685446926 188888133076426 240012736171884 210074960138423 263066010820351 210317871689498 276020889639941 315392664766830 199131627944409 330033860426685 321762661418006 350719806376815 304779494208418 449580047141255 448171656940256 425056162586350 513811727529575 488505097372520 572527805357571 497597251221048 620344372307123 539707371440106 642743514540394 540142274183300 661528301308277 900335365178624 795684448858447 953764380985620 967618197415034 952327947914588 963235388413012 1162231601701715 1242326201732463 1197137791098204 911827539282934 1993743227452179 2078417516643169 1658955911194726 1752299882959174 2225774829221011 1834116061867393 1540831353904040 2193287884595925 2587253297955620 1999908742282041 1852554198813928 2450982889329261 2301989691369709 1970035540495655 2760413545732228 2759760083644956 2096783619453001 2302920932360645 2080287629970964 2333676808388737 3146115362955394 3125255479687954 3753879942736860 4200099596005996 3562550629204017 3899426923213624 3981666639130855 2765033919498453 4604662204275428 6515159794561269 4858153507252065 3442333247731004 5469742236251993 6866349541911064 4001461089880799 5767922295569297 6146545801704559 6668326427134662 6569223132231083 1914122956079400 4127314399621424 10512681082767773 5635037709349110 3553892055315894 9327898129676660 8100127439502968 15189010943080572 14010541276791907 16400931253807621 18872214033213185 10213939739247325 12633097848753384 11836011176520491 10707956268877929 6122477557725225 10514050181090257 16036235516398392 17071734351487938 15821477320779699 25214028483073875 15358273189306101 16275581625420537 31597643404218077 15156705995120950 15997155013055361 17822147909289753 19150367296317138 20575151265733100 11245985383901210 12079527764191030 44065988154602897 33870898686745669 14959130157021168 22438695235531752 25271240935873090 8620496275465025 19861944784807002 24538436038458930 38593653809344873 14118662665280005 30285905477714388 32479573071659326 34828360266294590 74685953198401456 40034853525153890 46000013310974674 49300212301660980 79247422900698978 56610040681992006 69601909738881660 79839131053999982 85496156071909392 98011287270475750 52462044228828641 68834885946073850 73653287861850339 157602510605333230 168601631272450238 180350869961099246 103151466321735325 110307860425292772 117949491546113972 126108517833796355 134819180623301520 144117936527873832 154043597379576030 188008647052292980 214618299743286299 229272286871217150 244904537455382406 261578907351144125
4 5 6 7 8 9 10 11 12 13 14 15 16 17 18 19 20 21 22 23 24 25 26 27 28 29 30 31 32 33 34 35 36 37 38 40 41 42 43 45 50 51 54 56 61 63
11 12 41 43 64 54 54 67 55 43 35 29 39 25 34 22 19 18 13 14 20 11 9 6 10 6 4 6 10 6 8 7 5 8 6 3 3 1 1 4 1 1 1 1 1 1
12 21 104 140 360 421 702 1122 1466 1731 2172 2253 4456 3536 6972 5941 8041 8119 10205 12617 23923 11086 16579 11074 28992 26142 19740 27913 68250 54722 84676 86302 71231 121653 133757 109814 95304 31185 21637 348768 178268 211116 408452 563178 1228308 1430440
