11 12 23 24 35 36 47 48
556 655 6246 9647 20398 28981 14375 19137
5137 5476 119625 169866 110408 154451 26065 33162
325363 348370 9600152894410 23813794538989 2544355696661215770 3051488925016897188 3052666336398445 2363970039738764
11 12 23 24 35 36
54 39 119 152 10 16
146 114 244 327 10 17
3050 1629 2130526 584490 558 814
3 4 5 6 7 8 9 10 11 12 13 14 15 16 17 18 19 20 21 22 23 24 25 26 27 28 29 30 31 32 33 34 35 36 37 38 39 40 41 42 43 44 45 46 47 48 49 50 51 52 53 54 55 56 57 58 59 60 61 62 63 64 65 66 67 68 69 70 71 72 73 74 75 76 77 78 79 80 81 82 83 84 85 86 87 88 89 90 91 92 93 94 95 96 97 98 99 100 101 102 103 104 105 106 107 108 109 110 111 112 113 114 115 116 117 118 119 120 121 122 123 124 125 126 127 128 129 130 131 132 133 134 135 136 137 138 139 140 141 142 143 144 145 146 147 148 149 150 151 152 153 154 155 156 157 158 159 160 161 162 163 164 165 166 167 168 169 170 171 172 173 174 175 176 177 178 179 180 181 182 183 184 185 186 187 188 189 190 191 192 193 194 195 196 197 198 199 200 201 202 203 204 205 206 207 208 209 210 211 212 213 214 215 216 217 218 219 220 221 222 223 224 225 226 227 228 229 230 231 232 233 234 235 236 237 238 239 240 241 242 243 244 245 246 247 248 249 250 251 252 253 254 255 256 257 258 259 260 261 262 263 264 265 266 267 268 269 270 271 272 273 274 275 276 277 278 279 280 281 282 283 284 286 287 288 289 290 291 292 293 294 295 296 297 298 299 300 301 302 304 305 306 307 308 309 310 311 312 313 315 316 317 318 319 320 321 322 325 326 327 328 329 330 331 334 337 350 354 366 369 377
340 1885 3712 6866 10918 12894 15830 17199 17015 16866 17451 15333 15713 15097 13615 13400 13514 11880 12135 11759 11022 10627 11061 9773 9884 9803 8984 8785 9277 8129 8355 8125 7582 7284 7716 6814 6880 6850 6313 6176 6490 5739 5710 5734 5226 5077 5373 4773 4814 4761 4543 4188 4621 4063 4097 4030 3757 3576 3851 3315 3471 3546 3151 2980 3333 2695 2799 2907 2534 2517 2849 2277 2385 2474 2117 2233 2276 1983 1978 2058 1766 1750 1924 1614 1644 1677 1520 1535 1624 1369 1410 1504 1151 1280 1338 1072 1135 1204 1025 1008 1196 944 1020 1042 886 899 992 801 808 936 767 792 826 707 707 760 660 571 675 561 586 608 545 512 579 451 448 495 441 446 477 406 391 395 342 328 384 346 309 368 329 297 310 275 267 307 261 273 291 239 211 278 227 188 252 212 187 196 187 153 172 173 146 193 171 168 172 145 146 159 122 114 141 113 105 130 107 103 114 91 94 111 87 88 92 77 86 96 74 58 80 68 72 85 72 58 82 55 47 55 45 52 42 47 43 38 47 33 42 33 39 32 37 31 30 35 32 33 37 36 43 32 37 32 25 17 34 27 33 36 15 24 29 20 11 25 25 23 30 23 9 24 16 8 15 15 17 16 12 7 17 15 9 13 11 8 16 10 7 10 9 4 7 6 7 6 4 7 6 7 7 9 3 6 11 2 5 8 2 2 9 4 10 3 3 5 5 1 4 2 1 3 5 3 4 6 3 4 3 3 3 1 1 1 1 2 1 1 1 2 1 1 1 2 2 3 2 2 1 1 3 2 1 3 3 2 1 1 1 1 1
340 2000 5303 13085 30118 54964 97870 166788 252771 371889 578918 752361 1081567 1483984 1882306 2468903 3431597 4092597 5424509 7052751 8657218 10517969 14580616 16418610 20540883 26476039 30904686 36925069 49484982 53507253 65999635 81529533 94626083 107234710 142219122 157830366 182073984 229970532 259221934 288073394 372853663 410272827 458458542 573915904 623654177 714194108 896932521 960237643 1090987958 1298115373 1496267409 1580042771 2023976774 2156695413 2484060826 2840203986 3249347423 3461688126 4401425539 4486851335 5217404256 6168331291 6664086907 7109151574 9268075284 8868066376 10014174850 12233028950 12416938282 14054202655 18275425132 16915146146 19797340980 23785812498 24067888601 28063895399 31116139715 32958430828 37114870995 43859906602 44197103493 47782387794 60693666430 58793261740 64256417263 76164211334 80157684227 91558983565 104578518464 107929449977 117002352872 139283677059 124200303511 150603888411 176844555473 169203043314 190961038502 227833626456 225317549906 235235810550 325708309069 299528388628 345412374412 384397151720 388401525247 417366271450 533828491048 489348922651 529500654198 694434294942 679007365095 724363228338 854824972612 838020730713 910614557679 1101856561481 1078321667914 1029655588586 1380168087307 1294968217554 1421515246924 1699617767364 1758171287869 1721385219645 2135120886413 2031583342477 2163801005934 2470626212327 2599013740475 2799488831070 3277309831965 3459850177447 3176322245589 3784835055340 3808024907317 3851626129111 4739004790057 5337242397393 4666999517018 6336060145781 6627828844973 6112063451564 6890076236300 7144296852811 7152427364678 9411035592999 8657646940471 9820852843215 11401587744508 10924928858684 10038332450625 15285718949014 14165241860257 12548973409311 18298326391927 16793634379272 15739778136010 18543262195636 20772674688127 17396074348569 21674853231500 26194372721564 20163490682904 33269567842545 32217363187352 34446514067577 39322789492666 38169678371778 40898101207492 47250287336278 43362432835236 43403687583314 54276131674572 49772440193548 47360843743122 67567689834580 58697554720141 62881998130120 70883347496050 69916744136930 72958583783367 92533553438122 76804020623615 89106938209213 99270334814492 103876368949831 114358731382058 135028926857800 123188209605390 94365754820276 144009531646815 141477615684444 155816634264241 207361874561550 203462906376514 167705158264126 255260592871295 205514181640389 173210914640079 207291922579179 194795362357652 243463963316375 199292455604784 283544752638687 262458077840351 239400684838597 366877588923499 244114938525570 343166253355419 339354165989241 427680738290279 338461045564296 491826062363058 402504997283294 409381359428533 574020549512281 516565866043131 561204385061736 793039705369832 737417661761599 923194874069540 832367512116749 1035724178292059 854148921552183 824236091341395 555100306495570 1148402450871342 1040551837008419 1601629434377645 1689610259551519 766425280502855 1534646773105218 1670444984637127 1244602826768382 709231094077187 1899998998664932 1949054352973280 2255672846790460 2863205088100868 2296727750642664 1070252614673427 2671053488800167 2023353346983246 1269153879575477 2096789355385776 2267882434578627 3727300099904629 3263662373420126 2440897453508444 2101228549360162 4184182844020679 4055658226346367 2457362071357976 3941211870844370 3290656670639444 3071222052446453 6268480690929200 4114325179257273 3499035466267911 4858133775270151 4740242241735434 2060913995338910 3910835888514499 3640695015932796 4356307880555413 4231940060881828 3059912842376873 5639309134281962 5298263893999068 7378229389787410 6974566829585359 10826138955341126 4699225707565878 7223110253160271 16449505960295225 2724801365989665 7612985013064146 13848258537017956 3658842536648853 3937389956166659 18832314050497998 13507583537405486 29293922645015537 8610732771406645 9480413601446991 16750473915096089 21150044544173478 3925922161489422 20216543541642456 8753641655487981 4872038056472084 15703113209261016 32960712907309764 17702520456141635 25499786263332779 47802598975137331 21924980301216999 39049875311850288 25271240935873090 29792917177210503 31245634857501179 10657331232548839 11435542077822104 12269218019229465 14118662665280005 29261615404137199 15142952738857194 17414180133147295 17414180133147295 42916192074705782 23000006655487337 23000006655487337 26415807633566326 54720827974562329 56610040681992006 95302768692776272 69601909738881660 85496156071909392 45772358543578028 45772358543578028 157386132686485923 108618646341702930 60105349839666544 192976123827343650 236403765907999845 192900220384405520 229272286871217150 298330063062758076 651688879997206959 790738119649411319 1319510599727473500
3 4 5 6 7 8 9 10 11 12 13 14 15 16 17 18 19 20 21 22 23 24 25 26 27 28 29 30 31 32 33 34 35 37 38 39 40 41 42 44 45 46 48 50 53 54 61
3 25 20 65 51 106 47 79 52 63 46 52 21 31 22 25 15 19 10 16 1 13 8 5 4 8 5 7 3 3 5 3 1 5 1 1 1 3 2 1 1 1 2 3 1 1 1
3 27 30 152 169 610 342 1123 900 1762 1824 3296 1961 3178 3287 5256 4025 8036 4666 11400 627 13956 7867 8365 5835 18832 13437 24022 13130 19482 36658 25888 11154 63362 14883 25047 21637 96679 97923 31185 44583 74676 150350 408580 147273 239943 1053646
