10 11 22 23 34 35 46 47
98 919 918 11527 4327 44213 3902 34081
599 5221 10129 141522 22123 208754 7209 59741
44103 209781 4223425550 768033709605 920716521719569154 4577049733679339073 1793723742327140 8172637255859312
10 11 22 23 34 35 47
12 41 31 269 8 75 1
14 68 65 569 9 87 2
1118 1604 145030 3218579 529 545879 1003
3 4 5 6 7 8 9 10 11 12 13 14 15 16 17 18 19 20 21 22 23 24 25 26 27 28 29 30 31 32 33 34 35 36 37 38 39 40 41 42 43 44 45 46 47 48 49 50 51 52 53 54 55 56 57 58 59 60 61 62 63 64 65 66 67 68 69 70 71 72 73 74 75 76 77 78 79 80 81 82 83 84 85 86 87 88 89 90 91 92 93 94 95 96 97 98 99 100 101 102 103 104 105 106 107 108 109 110 111 112 113 114 115 116 117 118 119 120 121 122 123 124 125 126 127 128 129 130 131 132 133 134 135 136 137 138 139 140 141 142 143 144 145 146 147 148 149 150 151 152 153 154 155 156 157 158 159 160 161 162 163 164 165 166 167 168 169 170 171 172 173 174 175 176 177 178 179 180 181 182 183 184 185 186 187 188 189 190 191 192 193 194 195 196 197 198 199 200 201 202 203 204 205 206 207 208 209 210 211 212 213 214 215 216 217 218 219 220 221 222 223 224 225 226 227 228 229 230 231 232 233 234 235 236 237 238 239 240 241 242 243 244 245 246 247 248 249 250 251 252 253 254 255 256 257 258 259 260 261 262 263 264 265 266 267 268 269 270 271 272 273 274 275 276 277 278 279 280 281 282 283 284 285 286 287 288 289 290 291 293 294 295 296 297 298 299 300 301 302 303 306 307 308 309 310 311 312 316 317 318 319 320 321 322 323 325 326 327 328 329 332 344 347 357 358 367 368 377
247 1139 2733 4703 7308 9091 11722 11571 12645 11785 12228 11233 11630 10272 10633 9519 9713 8603 9162 8096 8261 7797 7865 7250 7511 6685 7136 6358 6550 5884 6039 5491 5689 5425 5435 4970 5326 4687 4870 4357 4424 4063 4346 3770 4084 3574 3827 3416 3510 3193 3300 3044 3163 2845 3093 2679 2912 2546 2679 2445 2703 2286 2447 2124 2238 2023 2205 1882 2138 1838 1897 1770 1878 1641 1747 1611 1584 1486 1544 1344 1504 1294 1419 1210 1332 1171 1285 1133 1206 1010 1092 955 1027 975 1003 852 959 863 865 812 814 723 826 668 767 674 700 668 654 645 611 595 572 546 514 542 541 485 510 426 509 434 421 372 426 387 452 357 404 345 389 352 366 336 326 329 317 306 348 273 315 246 286 221 245 256 254 209 243 194 217 197 223 191 207 201 206 192 187 184 180 176 168 146 179 141 152 125 135 116 146 125 111 124 121 105 114 113 121 99 100 90 89 98 80 94 91 80 93 86 79 50 67 62 76 57 63 58 62 54 49 55 38 53 54 49 52 34 39 35 36 37 34 32 39 44 31 25 34 30 34 22 33 24 30 31 29 25 28 25 28 24 24 24 17 13 28 23 19 15 20 15 17 19 18 15 12 15 15 11 13 9 14 10 8 9 11 6 13 11 10 10 8 6 6 12 13 8 4 4 4 1 4 6 3 6 7 4 5 2 1 1 3 6 7 3 2 4 3 1 3 1 4 3 1 2 2 5 2 1 3 1 1 3 2 5 1 1 3 2 3 4 1 2 1 1 1 2 1 2 1 1 1 1 1 1 1 1
247 1222 3850 9260 20964 39070 74837 114045 189300 267726 410748 557072 822603 1034615 1493821 1840839 2541512 3026250 4224494 4966150 6664353 8040337 10438209 12459082 16198416 18360335 25190983 27533490 36104468 40731351 50757710 55921762 72031341 84399770 102710167 114666029 152048575 161721273 202291298 218357083 268667982 292161421 365760406 377327097 494458582 510791351 647751655 675584020 849531956 882248480 1098443035 1196967463 1417853148 1543821073 1915496222 1948014377 2541879655 2506994704 3131721172 3293934042 4215160741 4159268197 5200369422 5147642745 6262086673 6526173253 8157049337 7926263239 10731398727 10460066374 12209550898 13306271832 16213807396 16375304733 20263456809 20398255561 23491779009 25226839571 29291681741 28562153190 37256361475 36042414085 44687556838 44921139669 54382449205 53828243119 68233425859 67345061371 83042232699 78904906343 95433631291 89461913761 113488439070 119436389111 137554748597 131038793669 167324127223 172460300109 192858285633 208570183621 230177112334 229158096714 298792070331 270454757566 348990703770 338062039862 409185109854 408537904968 446132548342 513365669276 563049668522 566397254701 622862586720 662842761660 696815822840 813293174309 925769272645 927090155003 1032824326679 1025574145090 1327490946659 1273695301728 1335643534969 1357124082437 1683223772645 1654203384729 2240647723572 1893119999497 2500185965367 2389116062493 2861981504946 2897385481611 3417979563452 3330536258810 3436368889049 4163077859171 4203035547728 4518016948887 5553938892227 5056700782955 6349965778543 5377365547933 6901211650444 6175880913354 7284950978592 8194421020834 9223909288901 8303649740471 10341164199001 8787529861433 11112089868887 11017856414341 14016202939403 13295849607171 15681910037577 17321213517624 18517847142625 20601806687713 20292661702882 22374457184330 25406216786811 28334520414138 27170488396802 25073145022474 36853789780959 31354341282779 36088734358563 31989156315746 39081050269839 37348353989065 50403438180697 49789307987571 44517995541976 52272107024206 56639111618240 55812821824619 66643201806729 71872405638685 79980863307445 76237584452245 88532353852783 90918542395039 91171793859427 114096431063568 87663772641060 122305634895864 123888036704135 128946604067471 143561994450392 155069510965769 163614569716232 107530755409534 164048195661099 161162581522890 205238013103106 171085188154680 220677733256530 214879221155201 268410417057529 248584043074260 238765469967834 301173489184685 207506219472437 315880362915428 357913845619370 368726845050016 413425891265996 264168382248370 327143960407928 355774115679252 364217938488505 413661792702279 402887965155615 390370972614882 594612325777772 694058775607077 655414255112289 430492035402021 684950479383200 678151823421815 713139682110518 578419010684402 1003015186819720 852588393304557 1002598619129794 1124431787497680 1150446752514615 1054014491302218 1165672859153568 1231925773021980 1475275097520642 1258446668357211 1411320947935251 1554723826999436 1482938238673451 989809534617615 2512260090962790 2267929765201412 1804444906085674 1758182215340473 2376327661849764 1917735702895284 2101881838827232 3008045629117551 2961609606274805 2991219524187336 1944667679317606 3182598226244158 3637500758981446 2560323195279318 3604991756293131 2363429234058444 3589786566779926 3112019510423100 2643049208089601 3508128168911731 4073983289704508 2764624719233644 6206388281255684 5876644733324947 4776438426047605 5152284988347275 4361635727345990 3505200791245455 4981591262053136 10689665634651106 10186873563261782 7621637268006285 4142084828174322 3829263218150235 4125426839737976 1131238503938606 4612089861660151 7504142606075917 4137550931163115 9904313282855130 10663028547574767 8078827357433961 10592273011972048 3793128207183168 2195786311682516 2195786311682516 9806343470766818 15629556727277862 22275098689144320 11976927248937662 9717859746284767 14100029696115652 10957292508213159 4534253126900886 18812582366745940 4872038056472084 26949098593162226 18119291646286545 6486674127079088 13452524271274919 13931700288391662 45978757083928416 17240992550930050 17240992550930050 34306626233466312 12269218019229465 24538436038458930 53605316350453117 28237325330560010 79005265085203377 17414180133147295 23000006655487337 73950318452491470 52831615267132652 79247422900698978 117262404661677934 32488293351466654 69601909738881660 37274405776748077 42748078035954696 42748078035954696 98011287270475750 49005643635237875 108618646341702930 68834885946073850 154043597379576030 188008647052292980 363117512048110005 387632532919029223 695143713458946040 741433159884081684 1319510599727473500
4 5 6 7 8 9 10 11 12 13 14 15 16 17 18 19 20 21 22 23 24 25 26 27 28 29 30 31 32 33 34 35 36 37 38 39 40 41 44 45 46 48 49 51 55 57 58 59
18 20 46 35 60 39 69 48 55 36 43 30 37 37 30 14 24 17 16 9 18 14 12 9 10 6 8 6 6 2 5 3 3 2 4 2 3 2 1 2 2 1 3 3 1 1 1 1
22 36 113 120 370 280 930 807 1745 1444 2660 2464 4486 5997 6794 3134 10162 7711 10932 7430 16076 16579 17579 15926 31254 19064 29511 27354 51614 15050 44340 24221 36100 29008 81836 22453 62883 32860 104060 126706 212696 53174 414393 441428 281589 479886 386155 772310
