20 32 44 56 68
2267 18700 42537 23440 13047
464692 888322 416914 105538 23212
18635456574 4051362568741110995 5508692528551374837 1622167262994935896 644830498225408
20 32 44 56
632 841 247 4
10749 2767 422 4
120029682 52329027 2386277 34
3 4 5 6 7 8 9 10 11 12 13 14 15 16 17 18 19 20 21 22 23 24 25 26 27 28 29 30 31 32 33 34 35 36 37 38 39 40 41 42 43 44 45 46 47 48 49 50 51 52 53 54 55 56 57 58 59 60 61 62 63 64 65 66 67 68 69 70 71 72 73 74 75 76 77 78 79 80 81 82 83 84 85 86 87 88 89 90 91 92 93 94 95 96 97 98 99 100 101 102 103 104 105 106 107 108 109 110 111 112 113 114 115 116 117 118 119 120 121 122 123 124 125 126 127 128 129 130 131 132 133 134 135 136 137 138 139 140 141 142 143 144 145 146 147 148 149 150 151 152 153 154 155 156 157 158 159 160 161 162 163 164 165 166 167 168 169 170 171 172 173 174 175 176 177 178 179 180 181 182 183 184 185 186 187 188 189 190 191 192 193 194 195 196 197 198 199 200 201 202 203 204 205 206 207 208 209 210 211 212 213 214 215 216 217 218 219 220 221 222 223 224 225 226 227 228 229 230 231 232 233 234 235 236 237 238 239 240 241 242 243 244 245 246 247 248 249 250 251 252 253 254 255 256 257 258 259 260 261 262 263 264 265 266 267 268 269 270 271 272 273 274 275 276 277 278 279 280 281 282 283 284 285 286 287 288 289 290 291 292 293 294 295 296 297 298 299 300 301 302 303 304 305 306 307 308 309 310 311 312 313 314 315 316 317 318 319 320 321 322 323 325 326 327 328 329 330 331 332 333 335 337 338 339 340 341 342 345 346 352 356 367 376
255 1385 3924 8884 15960 26264 36552 44395 56822 60983 62961 63960 62992 57634 58586 53331 50047 48412 46457 41300 41636 38745 36730 35124 34106 30706 30951 28490 27211 26356 25605 23169 23494 22085 21274 20196 19704 18079 18587 16783 16634 15897 15443 13916 14452 13294 13590 12709 12364 11778 11740 10684 10782 10151 10040 9327 9668 8930 9171 8557 8596 7884 8063 7464 7675 7297 7276 6555 7014 6140 6661 5956 6272 5668 5785 5203 5507 5059 5351 4752 4955 4687 4883 4330 4506 3968 4212 3830 4034 3838 3863 3361 3633 3230 3488 3108 3308 2964 3157 2761 2880 2748 2799 2536 2753 2421 2600 2333 2433 2218 2318 2108 2165 2072 2065 1902 2028 1777 1879 1817 1770 1707 1735 1522 1596 1538 1524 1354 1465 1290 1461 1368 1258 1232 1243 1157 1175 1095 1176 1004 1092 985 980 997 964 939 960 833 872 891 810 797 792 735 753 711 718 667 694 606 662 617 668 565 609 533 570 498 505 461 506 426 460 475 399 413 427 359 408 470 378 330 339 335 329 306 280 298 318 341 269 303 264 276 262 228 246 242 217 216 226 210 177 216 162 189 200 178 161 167 177 143 160 150 124 163 133 101 127 116 123 120 99 95 120 96 93 108 83 86 95 76 89 73 79 70 88 71 88 75 71 51 75 57 43 110 63 43 54 38 52 52 29 39 37 38 38 47 27 30 31 23 32 29 34 24 20 33 25 28 20 24 23 21 20 28 12 21 19 18 22 16 13 20 17 21 13 20 13 11 8 15 7 10 3 8 5 11 4 12 8 8 8 5 4 10 2 7 5 5 3 7 2 3 2 5 3 3 5 6 5 3 3 1 7 5 3 4 2 3 3 1 4 5 2 1 2 1 1 1 1 1 1
255 1539 5437 16655 41774 97125 192844 358476 671652 1079929 1703763 2621038 3846648 5263124 7758461 10051178 13260286 17679844 23108870 27713972 37425152 45353637 56238821 69775355 86676457 100075373 128722708 149394415 178121788 216460602 259702108 291102864 365777450 415674091 487376724 573828435 670612689 750984280 936315667 1019421504 1189102780 1399678592 1618227525 1727562429 2178061105 2345899298 2804673380 3151069050 3563704349 3952182708 4733834709 4942846523 5988131952 6565935815 7559091007 8032701824 9916192958 10601343916 12526696540 13879598577 16163615690 17013041545 20709670272 21697648910 25405751472 27609913602 31625847528 32667992482 41741797818 40693012112 52220589278 53276525298 63150784627 64430614283 76526714206 77191106121 94538457503 98784084860 120575716424 119290862948 143189977815 151710537305 178867563515 180710238246 211990210672 211477601118 268757081767 265849260523 316276061752 342429203732 392097658154 379417953060 470692953706 454534688548 579093850943 573613369658 682493545245 686969113527 818015079104 814575427412 969496508126 990514902502 1173824548095 1163863938044 1430898136650 1396570243894 1720733633786 1724075873010 2005589422891 1982458596107 2424049297738 2414400971397 2797857028882 2936321390978 3301856181435 3284875868352 4001370193111 3888721248311 4630629503744 4922169399878 5404498725663 5559523262095 6469417587267 6506132375417 7496300975130 7732348294005 8820367126581 8529747275526 10155911509460 9838455949328 12639224767178 13049594887826 12918896619838 14209480893876 15471931171132 16866221162604 18689655725940 19157925520292 21580136172945 21974750614754 25141465931227 25284732723521 27893763366351 30689392651716 32841929814497 35355270677719 39391546609664 38795455876320 43720516222206 48702649373318 48735270923832 53025775170687 59854887479560 60222725623907 67933234322035 67652250181692 74714719741043 78164475603859 92553481513479 87744436816805 105810434191056 109157140138221 127077374723164 117183394279670 139753273934852 128347080642285 159700968473821 151724443672897 159340106588989 156719222545000 196782647987389 175744971336220 221290236966576 238716306267171 226893335702237 248330495701956 287106490905638 265238862087140 337411813654050 410719677815255 347497325280785 338421589044431 373811209559306 402315720044192 447770558316480 416622704945128 430156933275058 503859401061473 576176853477148 670582016097881 577119022772465 767722330890523 667214771039122 790330733416463 824441886899255 764461215583079 888655753060264 957269763654417 927209029846058 1036823838322193 1117859740283367 1202885092490361 1087457443607713 1413141094360248 1167421251053678 1591416162510803 1637056473832892 1722152559239500 1689473411253887 1768316583842892 2127122135061023 1833727423824905 2120110030447220 2185179233784436 2063746905072325 3047198931434389 2539068814704964 2147654436183174 2912834397514262 2932631035752535 3380923446677293 3332427714306973 3130743161186840 3061390061992227 4365984976336247 3662758011725178 3982909375147688 5062821798267331 4168232373630283 5146429417982899 5819379857105972 4926587081942950 6124695438228938 5641461818517621 6239978554616178 5722295966630756 7355792693329847 7076497498168719 9229260738255894 7921493630330736 9179086140047997 6832573262693633 11305987047091580 9353289648150046 7906233918669682 17775026251078205 12889417100042928 9063120880553786 13392197206378464 9013697177893139 15069818106083657 15676314096816781 8933432084457910 13995689280845218 13975975021823378 14305267238048416 15531739633414105 21502679564842439 13661601705954861 15814766113753371 16464147736735299 12705333394203254 23038719005402653 21942425813707376 25533239691763403 18580319046455702 18336876701244226 31806378183896278 26078423689965123 34625588086657508 23508410007165081 28632522634288608 32674308745695786 30779640729420901 32770800389901670 48194448286818455 20254165410625801 41699597990218067 46018633377722828 40404893171357228 53601244515141923 40867088654074602 33107969867886330 64125950829235661 49838159168762056 75685325580433295 44986744717835954 79690913899447963 48320719346512885 52797786301948524 39233955150539019 91698417326731314 40787969518184612 63978317703634863 18119291646286545 56592426163777500 33870898686745669 87186206270553243 31019626926907248 108524964237913415 79482226462960956 86667193708911913 110693413996729187 65500409085839564 48243196135510499 126264179695607606 27280880560337709 99854928730537224 76811597491258439 82373326276465947 54757156732348023 189406759921956802 41475522799929836 88916205385680456 47650112806317827 153197741353190448 109441655949124658 115241243012830973 214445385290524438 236668699532163282 211279180123952227 162506774616954669 216764670687396812 49005643635237875 353408707227437423 378317983253937431 172418554065415122 253081473667010194 137669771892147700 216141461669774528 241903326241558349 180350869961099246 399203153027876170 544382908022906413 235898983092227944 126108517833796355 269638361246603040 164637479165761044 175943559810422753 261578907351144125 340122810048577428 695143713458946040 1238057794119125085
3 4 5 6 7 8 9 10 11 12 13 14 15 16 17 18 19 20 21 22 23 24 25 26 27 28 29 30 31 32 33 34 35 36 37 38 39 40 41 42 43 44 45 46 47 48 49 50 51 52 53 54 55 56 57 58 59 60 61 62 63 64 65 66 67 69 70 73 76 77 80 81
6 54 61 323 270 897 459 1229 613 1419 632 1115 527 967 395 708 277 561 221 441 186 370 122 259 129 247 101 234 85 169 69 110 40 94 48 69 34 61 30 35 35 35 11 34 16 30 12 19 2 10 3 7 4 3 5 4 4 6 6 2 1 1 2 2 7 4 2 3 1 2 1 1
6 65 87 750 713 4368 2802 13859 8366 38777 20080 73122 37193 127009 57994 175592 74736 268062 113232 367606 153800 477095 172326 569008 259662 852414 368093 1201293 385466 1314921 469897 1348697 469825 2031142 850488 1997958 841822 2340464 989226 2365310 1625979 2998710 990866 3775658 1737825 4890283 1742816 5438820 422232 3431439 702998 2076194 816904 1728405 2124031 5277734 1995896 4911347 6848699 1430440 614154 1932934 3054439 3900468 15184664 10142858 9294080 13817783 5392783 14179000 9289091 12132164
