3 15 27 39 51
23 1806 32051 50488 15601
658 11712 426838 219862 25611
20511 3393777 436489630878937871 447140555657931087 30933823200978
3 15 27 39
5 211 586 31
39 597 1081 37
2212 74284 22183811 67125
3 4 5 6 7 8 9 10 11 12 13 14 15 16 17 18 19 20 21 22 23 24 25 26 27 28 29 30 31 32 33 34 35 36 37 38 39 40 41 42 43 44 45 46 47 48 49 50 51 52 53 54 55 56 57 58 59 60 61 62 63 64 65 66 67 68 69 70 71 72 73 74 75 76 77 78 79 80 81 82 83 84 85 86 87 88 89 90 91 92 93 94 95 96 97 98 99 100 101 102 103 104 105 106 107 108 109 110 111 112 113 114 115 116 117 118 119 120 121 122 123 124 125 126 127 128 129 130 131 132 133 134 135 136 137 138 139 140 141 142 143 144 145 146 147 148 149 150 151 152 153 154 155 156 157 158 159 160 161 162 163 164 165 166 167 168 169 170 171 172 173 174 175 176 177 178 179 180 181 182 183 184 185 186 187 188 189 190 191 192 193 194 195 196 197 198 199 200 201 202 203 204 205 206 207 208 209 210 211 212 213 214 215 216 217 218 219 220 221 222 223 224 225 226 227 228 229 230 231 232 233 234 235 236 237 238 239 240 241 242 243 244 245 246 247 248 249 250 251 252 253 254 255 256 257 258 259 260 261 262 263 264 265 266 267 268 269 270 271 272 273 274 275 276 277 278 279 280 281 282 283 284 285 286 287 288 289 290 291 293 294 295 296 297 298 299 300 301 302 303 304 306 307 311 312 313 315 318 325 331
351 1348 3301 6235 9613 12711 15426 16485 17456 17143 17321 16827 16414 15697 14835 14184 14427 13168 12949 12502 12028 11598 11516 10849 10556 10115 10230 9705 9570 9027 8831 8605 8332 8078 7958 7683 7531 7255 6927 6771 6899 6540 6520 6284 5992 5945 5672 5639 5490 5343 5175 5011 4858 4682 4650 4540 4333 4242 4211 4035 4025 3995 3661 3605 3563 3559 3286 3359 3163 3048 3061 2991 2887 2773 2622 2616 2538 2512 2354 2301 2185 2198 2188 2116 2124 2096 1915 1830 1794 1854 1749 1772 1690 1609 1550 1537 1444 1518 1463 1374 1340 1293 1225 1212 1203 1250 1155 1175 1081 1089 1024 1069 1022 1026 938 953 821 870 850 851 793 820 760 692 718 718 667 655 618 600 543 573 557 595 539 503 493 463 478 497 464 444 433 383 336 389 390 393 357 352 323 302 321 344 347 315 327 276 264 266 280 265 275 248 239 216 243 213 214 203 233 201 164 167 174 168 186 159 144 131 146 123 160 123 119 89 109 106 112 91 107 87 69 63 100 66 86 75 74 57 76 83 74 60 77 61 68 41 60 59 75 42 48 41 52 49 53 37 45 39 33 35 44 39 51 30 33 27 24 29 35 33 33 17 22 24 32 25 26 24 19 17 24 29 19 18 16 11 14 16 19 17 16 13 12 14 9 7 14 16 12 9 7 10 11 9 11 12 4 3 8 6 6 4 6 3 6 6 4 3 5 5 3 6 3 5 3 4 6 2 3 3 2 3 1 2 3 3 2 2 2 3 3 1 1 1 1 1 1 1
351 1493 4937 12792 28471 56452 103062 168041 273161 404592 607956 876053 1226337 1670791 2214308 2918927 4052174 4914318 6496060 8195610 10399494 12781094 16662256 20146709 25033425 30041470 38685993 45686950 56729606 66020747 80622141 97774081 118171685 137735724 168229273 194494769 232210842 269976920 318765884 368043223 458080126 508437157 606527268 706074843 803327769 936808870 1078925164 1264003513 1467612109 1653269245 1899846296 2175777757 2494711955 2790989913 3240536555 3704739206 4159771984 4701994426 5455325044 6037169090 7099359832 8062215955 8634603433 9765618467 11136383218 12902061240 13930930633 16264233790 17753551392 19305602912 21901301915 25054877520 27950349673 30431368393 33119890965 37827462855 42416731046 46673138951 50068911528 57588154187 61075098186 69329234515 79252838499 87059230033 96334716931 108683956261 115437092194 122159348009 135542842043 158527795102 169034875086 195624123842 209118854886 228658386813 239303817161 271955519480 280886990574 340854266551 361695147019 382335954299 427465973154 456292520997 479680195854 532967328386 588882491470 698459896881 701101585185 816741261553 823572358227 966190991937 975816603023 1178909259863 1238216304904 1368651332056 1399339634533 1587489876892 1488915731774 1816656074981 1938597595213 2214882144499 2269531906188 2702817718493 2668495828154 2603247441215 3238930662796 3420024224127 3583322070006 4011942064682 4002199648555 4380960035615 4310443277546 5134887595659 5470925895923 6444913875460 6499512265607 7002971622622 7210255449569 7365060394948 8412512387106 10141072467648 10211767427860 10914845381515 11913426556512 11132052020374 10596076127084 13911413721307 15090936235985 17093708809945 17440495413675 19316118506992 19212814734022 19521723816344 22211051892207 25934939999571 29767644801497 29478927523243 34890644255374 30164334578340 32435744317581 36348783719667 39887182679636 42500344272371 49260534735071 49693300566877 49609215625744 47721785684321 60030085434420 61599436771504 64370573237852 67799081001765 83023651561622 76719603276115 72645828223386 76276976881866 91027601878913 96575796287343 120365517335507 107086334228225 107039954716485 105323410705040 133328410166053 118899326607789 172372902548927 143364481865615 151364070643049 123341007070748 164936587430554 171602248660225 193903004096507 164583091470082 229046303735612 217552618846312 184394898425525 180834717290114 295470590423980 215994992573745 330783144637350 295553344039734 321635234965691 257886088722763 367258633166456 409890938623485 442886714112784 381449951631301 498011956329459 421440342972354 572951201792320 320162293627640 560050916178923 613732075058535 832341115072270 499118185588000 695339366891524 531210561653345 759981872218088 761455660251402 921339038534157 721227799609231 1029326258619968 813155737648881 761447785829439 979616283153506 1255548691885419 1341238493320842 1825561837578363 1131420330253520 1416800173513042 1054731511910836 1116356592360601 1336030898053277 1914995321912573 1763987304262472 1983914908420203 1340428824113993 1400050970139823 1801431815426793 2922410082606525 2236103708889617 2903261988200745 2896730660861254 2224109193965283 2030997937826008 3052843466572756 3902565148487619 2868790228884361 2912549717480177 3401384964985129 2062910434019048 2608043257169650 3456813202422142 5640343088056530 4477567016948329 4530015327762386 4041596531947711 3583054405282576 4546058755496862 3157269588726528 3324877825946559 6440416457501708 8164760452427042 7884670126251817 5038142547739578 4896350790254599 6569223132231083 7083265114358540 7584180676182678 9733630453205606 9534562282092797 3488743677366348 2784354586577345 8999598689461101 7594505471540286 9224179723320302 6185549200193547 10597112170886955 4562941478553525 10995803879416213 13348320682137564 7451970743832021 5978215808741734 10514050181090257 13507583537405486 7622857770137094 18170509317323560 11343605954954180 15358273189306101 9955305891122543 17752460532186705 23008550318099794 8438777057174190 18137012507603544 20212818252451512 15703113209261016 22908741957947330 6039763882095515 13931700288391662 21924980301216999 22989378541964208 16060496769886080 17873579212188627 19184055329127103 34306626233466312 36807654057688395 16239786535829663 16239786535829663 18671488299600364 21458096037352891 24650106150830490 42748078035954696 64325374609114550
3 4 5 6 7 8 9 10 11 12 13 14 15 16 17 18 19 20 21 22 23 24 25 26 27 28 29 30 31 32 33 34 35 36 37 38 39 40 41 42 43 44 45 46 47 48 49 50 51 52 53 54 55 56 60 62 63 65 68 71 73
3 23 33 82 85 126 110 146 139 105 80 126 80 72 51 49 40 59 29 42 24 27 17 17 17 18 9 17 6 6 15 10 14 11 10 3 5 5 1 5 3 1 1 2 2 5 4 1 1 3 2 1 2 1 1 2 1 1 1 1 1
3 28 57 219 286 681 800 1893 2386 3136 3094 8227 6394 9082 8584 11119 12568 26461 15240 27552 18711 32520 23355 22651 31997 51678 30232 81269 24400 31470 116210 94588 130909 174297 133800 111698 116459 128767 17977 245439 78837 78045 104060 224028 238518 668349 514311 150350 356536 716778 505662 294546 653411 816904 902552 1755131 1430440 831820 3483260 2679689 4087968
