6 7 8 9 10 11 18 19 20 21 22 23 30 31 32 33 34 35 42
62 21 76 113 84 88 252 249 220 264 251 219 125 110 100 99 94 40 3
277 64 229 290 180 170 434 422 352 446 364 306 149 133 113 107 97 42 3
1694 324 1247 1691 822 814 26686 114943 23460 121028 275060 47142 151834 46074 101882 41433 38060 19335 6
6 7 8 9 10 11 18 19 20 21 22 23 30 31 32 33 34 35 42
62 21 76 113 84 88 252 249 220 264 251 219 125 110 100 99 94 40 3
277 64 229 290 180 170 434 422 352 446 364 306 149 133 113 107 97 42 3
1694 324 1247 1691 822 814 26686 114943 23460 121028 275060 47142 151834 46074 101882 41433 38060 19335 6
3 4 5 6 7 8 9 10 11 12 13 14 15 16 17 18 19 20 21 22 23 24 25 26 27 28 29 30 31 33 34 35 37 38 39 41 42 45 53
65 195 383 585 555 613 446 383 148 148 101 84 54 54 66 58 20 27 29 25 14 11 23 15 6 2 18 7 5 12 2 6 7 2 1 4 1 2 1
65 213 582 1316 1787 2974 3458 4409 2542 3711 3658 4776 4234 5693 8256 10142 4802 9492 10758 15043 9534 12043 21705 22095 11310 9018 44084 23072 19744 66209 22416 58557 84003 27193 17977 104060 52030 106348 204226
3 4 5 6 7 8 9 10 11 12 13 14 15 16 17 18 19 20 21 22 23 24 25 26 27 28 29 30 31 33 34 35 37 38 39 41 42 45 53
65 195 383 585 555 613 446 383 148 148 101 84 54 54 66 58 20 27 29 25 14 11 23 15 6 2 18 7 5 12 2 6 7 2 1 4 1 2 1
65 213 582 1316 1787 2974 3458 4409 2542 3711 3658 4776 4234 5693 8256 10142 4802 9492 10758 15043 9534 12043 21705 22095 11310 9018 44084 23072 19744 66209 22416 58557 84003 27193 17977 104060 52030 106348 204226
