9 21 33 45 57
388 9894 42595 38453 8659
12692 240010 381451 118751 11589
1150387 62491024136 7428338283586232045 830161341652391566 1388921153764
9 21 33 45
85 774 238 3
793 2767 349 3
40209 25260137 8261127 9
3 4 5 6 7 8 9 10 11 12 13 14 15 16 17 18 19 20 21 22 23 24 25 26 27 28 29 30 31 32 33 34 35 36 37 38 39 40 41 42 43 44 45 46 47 48 49 50 51 52 53 54 55 56 57 58 59 60 61 62 63 64 65 66 67 68 69 70 71 72 73 74 75 76 77 78 79 80 81 82 83 84 85 86 87 88 89 90 91 92 93 94 95 96 97 98 99 100 101 102 103 104 105 106 107 108 109 110 111 112 113 114 115 116 117 118 119 120 121 122 123 124 125 126 127 128 129 130 131 132 133 134 135 136 137 138 139 140 141 142 143 144 145 146 147 148 149 150 151 152 153 154 155 156 157 158 159 160 161 162 163 164 165 166 167 168 169 170 171 172 173 174 175 176 177 178 179 180 181 182 183 184 185 186 187 188 189 190 191 192 193 194 195 196 197 198 199 200 201 202 203 204 205 206 207 208 209 210 211 212 213 214 215 216 217 218 219 220 221 222 223 224 225 226 227 228 229 230 231 232 233 234 235 236 237 238 239 240 241 242 243 244 245 246 247 248 249 250 251 252 253 254 255 256 257 258 259 260 261 262 263 264 265 266 267 268 269 270 271 272 273 274 275 276 277 278 279 280 281 282 283 284 285 286 287 288 289 290 291 292 293 294 295 296 297 298 299 300 301 302 303 304 305 306 307 308 309 310 311 312 313 314 315 316 317 318 319 320 321 323 324 325 327 329 330 331 332 334 335 336 337 341 342 347 351 353 355 356 363 370 376
224 946 3431 5948 12066 13425 21436 20258 27678 22204 28248 21169 26395 18961 23458 16940 20922 14833 18593 13680 17104 12225 15718 11129 14639 10162 13113 9441 12128 8477 11156 7909 10361 7224 9363 6752 9099 6310 8158 5910 7730 5430 7191 5147 6785 4619 6218 4404 5954 4126 5359 3871 5152 3570 4750 3432 4406 3200 4276 2950 4072 2754 3714 2522 3625 2460 3273 2238 3320 2134 2948 1985 2853 1934 2556 1820 2672 1689 2438 1626 2313 1498 2182 1459 2132 1393 1916 1290 1906 1217 1749 1174 1766 1062 1665 1021 1591 1036 1461 956 1456 861 1297 868 1235 858 1188 776 1130 814 1070 682 1034 678 987 608 863 629 886 561 818 576 757 525 728 526 737 474 652 455 650 426 612 398 545 390 549 376 561 370 530 339 460 295 455 298 436 283 445 261 375 246 375 244 341 215 323 195 294 190 327 191 274 193 314 176 262 157 279 159 225 162 267 150 210 111 180 131 194 112 163 117 148 95 163 98 155 93 170 91 156 79 133 56 118 62 115 70 98 63 105 60 86 62 107 60 73 51 84 41 69 35 75 53 62 38 66 41 59 37 69 27 47 45 61 32 63 46 64 36 58 19 38 19 44 25 34 17 48 12 37 18 23 13 29 9 23 13 25 14 19 9 21 7 16 12 22 7 14 7 22 5 17 5 20 6 6 11 12 6 7 6 13 3 12 7 8 8 4 3 10 2 3 5 6 1 10 2 4 3 9 5 7 3 1 3 4 1 2 4 9 1 2 1 7 3 3 8 7 1 4 2 12 3 7 5 3 3 2 2 1 2 1 1 3 4 1 1 1 1 1 2 1 1 1 2 2 1 1 1 1
224 1005 4641 10893 31765 52316 122489 178346 369149 445233 861375 961784 1767413 1823238 3228258 3201922 5545713 5229030 8838034 8450765 14444958 12969041 22392077 19680820 34131210 29426819 49312137 42721398 72404136 60798897 101892389 86374165 145935539 120857526 195401339 166479887 284795409 228997238 363899277 309517546 510343491 414596528 656985857 549300783 895717867 703823544 1154536065 940578143 1521952747 1216495005 1891689042 1536989596 2517898738 2030818464 3161965782 2616237967 4059266153 3313797548 5222415045 4108803473 6724011855 5298173622 8112043150 6244092632 10643990755 8255415109 12483132333 9744173464 17109595477 11970793018 20021201394 14902823315 24853515765 19419147848 29160960642 23213788691 41593373618 27655561196 47338682011 34349298843 56769223504 40339621594 70656914631 51343104724 88835177820 65330397455 103453686570 75405691894 128473703716 92614710086 153043056018 112783576303 188935074020 125362091648 230882537917 154736082297 276608965028 203429818710 330515940382 233003320274 405192443625 259547605629 458045989562 336655353373 554803419958 412399959737 675683907150 467547384833 790698129606 608658397858 941476493043 653562412315 1144472162775 772712279185 1372828701228 891217937995 1478658226061 1111843457742 1926773201033 1296649872296 2121707631910 1585559854828 2514446293802 1808418958303 2934841318472 2176612234173 3671214455528 2417668991300 4004891452492 2884919991829 4810363451173 3440992792934 5473879054721 3691227054921 5790037940190 4615652793163 7429462149933 5374330603295 8859752291466 6628324452712 10849433797169 7324513084920 11080156971703 7639060887102 13735551185069 9487617145466 15771740180068 10581875599827 19575394207367 11690613096062 20462554730000 13944283347051 25509473940125 16238348295521 27398171858876 17268610288290 29954031999920 19965771672337 32195423946080 24010423439018 46719772525802 29292047122313 43958661123169 32605455126816 61284640514233 38633068501176 60685937715754 37848186141782 79871919828819 50077677344457 75568364561696 58145896907867 108330073159741 66170850513079 97289448963260 57315654170406 108383606951797 81749713032245 135689822734250 80782914611080 140490022858740 111270125197999 140541393441301 104249969061849 197853138987435 124230886230469 204889086738476 133943262299037 290838645198922 154946974512029 306051541623724 172051019055664 313229195015141 147211423746264 328192952424685 178979078538714 376591837290943 249381553596199 385335130363786 280731501090018 515865774842382 297674542563444 479605601978187 355256501783541 689001231763782 459900817552449 559178994338278 395110489789220 804569287540216 391384491470064 716257863354393 349584887931623 899113279429047 678235851368632 921785718462461 527106106067722 993725291793896 755215194804132 1197646919988937 706488771919180 1637840923896686 699082244143968 1269723621853741 1272136239467658 2042164709628302 1042243949543029 2318847897947711 1818429192442077 2970195579645150 1776662808899547 2788244706641310 991314637725357 2208143218364548 1106890145830588 3036644766994841 1801980952501932 2622610688498115 1469089481175558 4339083799868205 1235980607738344 4048704479404520 2481995698201333 2825641098460235 1756844608847108 4345361729543840 1305531806227893 4417313992124458 2255566060940090 5301169313225674 2939865825503709 4938853700837770 2133976941953585 5760861393361587 2175355866684165 4970535648145517 4353549530166590 7855170801684192 2593378692204995 6266571798794258 3381061784091489 11467948686541816 2941032368088497 11379969070293360 3421285567168337 12586026414832073 4127314399621424 5741705334617553 8751240227597778 10345108830489750 6273098263943693 6904492567957094 7125293069558343 15147874612628751 3748800500504881 17372807330453206 11108134155993620 12516784372267388 13107022741931470 8695708908380464 5833954059758243 20883838613197023 4558005457020227 7444124325429107 13293711879527851 16397239101285210 5465746367095070 32551163250841074 7050014848057826 15430197320539319 12091207893245243 39233955150539019 23684620423218024 35915931461712528 16868978075851815 6039763882095515 19460022381237264 27384224559666581 6965850144195831 14959130157021168 33891737211338115 80747399785478110 9930972392403501 20588303624952340 10657331232548839 83383498310384172 38593653809344873 41399543225617714 119095041763703174 113678505750807641 17414180133147295 72171336865495318 40034853525153890 251734475349130908 69000019966462011 167600444569783971 132079038167831630 84915061022988009 90978545969528892 62814475341309618 69601909738881660 37274405776748077 82667643562954687 45772358543578028 56156602112874289 172418554065415122 244641424128114182 68834885946073850 78801255302666615 84300815636225119 84300815636225119 90175434980549623 252217035667592710 126108517833796355 188008647052292980 244904537455382406 558726656967404304 637111947576658168 340122810048577428 536679070310691121 843250788562528427 1238057794119125085
3 4 5 6 7 8 9 10 11 12 13 14 15 16 17 18 19 20 21 22 23 24 25 26 27 28 29 30 31 32 33 34 35 36 37 38 39 40 41 42 43 44 45 46 47 48 49 50 51 52 53 54 55 56 57 58 59 62 63 65 71
1 27 51 150 175 311 225 406 248 289 232 292 160 215 123 156 86 81 60 86 51 52 39 73 26 31 14 25 19 32 11 24 10 8 12 9 9 9 8 7 5 11 8 4 9 2 2 2 2 3 1 2 4 2 1 2 1 1 2 1 4
1 34 79 347 537 1571 1586 4866 3897 7689 8652 18768 12828 26141 18769 39469 21973 31983 27599 62760 41301 53760 55469 144549 48781 90961 43012 118148 96734 230505 82346 176500 125100 113420 265249 289244 178607 235718 256026 304810 252978 767441 461015 270795 670793 215688 358602 427222 303022 1836148 249508 377751 1126356 959772 386155 837431 386155 1228308 2396907 2899401 13910245
