21 33 45 57 69
2286 16088 44802 24492 12326
1844704 738742 405460 102777 19839
908347290812 11105749016197394174 7545488169437807762 1270254646464106958 166246770573241
21 33 45
705 542 208
18893 1873 324
561374532 32382641 1967426
3 4 5 6 7 8 9 10 11 12 13 14 15 16 17 18 19 20 21 22 23 24 25 26 27 28 29 30 31 32 33 34 35 36 37 38 39 40 41 42 43 44 45 46 47 48 49 50 51 52 53 54 55 56 57 58 59 60 61 62 63 64 65 66 67 68 69 70 71 72 73 74 75 76 77 78 79 80 81 82 83 84 85 86 87 88 89 90 91 92 93 94 95 96 97 98 99 100 101 102 103 104 105 106 107 108 109 110 111 112 113 114 115 116 117 118 119 120 121 122 123 124 125 126 127 128 129 130 131 132 133 134 135 136 137 138 139 140 141 142 143 144 145 146 147 148 149 150 151 152 153 154 155 156 157 158 159 160 161 162 163 164 165 166 167 168 169 170 171 172 173 174 175 176 177 178 179 180 181 182 183 184 185 186 187 188 189 190 191 192 193 194 195 196 197 198 199 200 201 202 203 204 205 206 207 208 209 210 211 212 213 214 215 216 217 218 219 220 221 222 223 224 225 226 227 228 229 230 231 232 233 234 235 236 237 238 239 240 241 242 243 244 245 246 247 248 249 250 251 252 253 254 255 256 257 258 259 260 261 262 263 264 265 266 267 268 269 270 271 272 273 274 275 276 277 278 279 280 281 282 283 284 285 286 287 288 289 290 291 292 293 294 295 296 297 298 299 300 301 302 303 304 305 306 307 308 309 310 311 312 313 314 315 316 317 318 319 321 323 324 325 326 327 329 330 331 332 333 334 335 336 337 338 339 340 343 346 348 353 355 358 361 362 367 370 373 377 382 383 388
238 1344 3900 9011 18081 28802 44786 73305 91316 115807 115083 123392 116206 116102 103875 106859 94987 95170 84825 83496 75915 76645 67618 67856 62977 62066 54342 55024 49712 48979 45095 44300 40384 40977 36212 35129 33421 32666 29255 29694 27663 26453 24676 23624 22149 22031 20362 19683 19343 18593 17120 16201 15929 14912 14476 13820 13251 12812 12242 11305 11252 10612 10012 9745 9511 9082 8503 7921 8012 7497 7419 6775 6850 6354 6267 5766 5763 5267 5212 4940 5077 4604 4715 4211 4418 4111 3943 3668 3710 3373 3557 3100 3457 3017 3077 2900 3037 2807 2975 2575 2941 2465 2534 2447 2573 2276 2365 2210 2380 2055 2113 1935 2075 1882 1948 1758 1860 1614 1676 1572 1689 1490 1652 1457 1560 1337 1423 1335 1462 1358 1316 1184 1290 1155 1159 1177 1094 1054 1067 927 1123 921 962 918 912 824 931 779 844 830 823 690 778 703 712 635 670 597 629 560 605 512 612 487 549 480 454 448 495 431 465 368 430 377 378 345 378 365 370 342 330 302 293 344 322 298 261 234 294 246 241 284 256 233 254 207 218 176 158 178 184 173 161 191 169 148 149 144 149 161 146 112 137 132 124 116 104 112 102 171 121 114 101 100 101 89 89 73 131 66 80 64 69 65 65 59 59 47 53 51 57 52 54 34 55 49 60 37 45 56 39 38 47 31 34 38 28 36 35 30 33 25 24 28 28 31 26 25 24 29 28 25 23 26 18 26 23 19 10 23 15 12 9 14 70 7 5 8 6 8 10 11 10 10 6 10 7 4 4 5 3 6 5 3 5 8 3 5 4 5 7 5 2 4 3 6 2 2 5 2 7 3 3 2 5 2 6 1 2 3 1 2 1 1 3 1 2 2 2 1 1 1 1 1 1 1 1 1 1 1
238 1470 5500 16890 44751 101774 215743 505773 876424 1719750 2479769 4359715 5833943 9274016 11568898 18037800 21460224 32204784 37150402 53137411 61143744 86987556 93649858 133041127 148823615 200803428 214036823 298170874 308357699 425269072 443287531 588124121 616548218 838764748 831323982 1111105925 1149821215 1500423157 1499042306 2007542904 2053446314 2607355766 2683501594 3397281380 3394111157 4484865830 4428878023 5558768643 5968230301 7249304561 7379067596 9021309790 9489375550 11346048218 12069568822 14233341383 15093690677 18158845176 18920725374 22403733977 23549542575 27857097641 28689826047 34657121937 36022862107 43508311002 43574585043 50314073707 53356193985 61677340498 65307388223 74738931459 78724978779 88272805525 94810520936 106123764166 111608563708 127096439138 129683417009 146413986906 161947917815 170990039311 192450150897 203595122239 222327514295 232061649185 258308166828 265137075053 300652847340 316592511457 360172047190 355572916485 441450453081 415699335931 485602306960 512770806577 608510697688 637380032356 769680082721 717523705462 966685348955 912891412177 1058613136831 1126827090693 1338531948982 1257836244490 1563600789404 1563431734976 1872372736143 1832846006675 2154271688738 2169678991257 2698882636893 2675647499699 3089975696980 3094060704288 3685992839747 3382709157579 4130779686310 4200841520119 5231156051614 4889058184798 6221554879463 5866272853668 7228886448817 7044779695602 8264960886263 8175037781068 9847418338767 9745802514195 11013691886027 11148772042163 13439243596462 12655708476992 15299775954496 16845944519142 17036452990147 18133675761720 20573106987802 18960487664469 25897503117408 22570294431916 27650178249598 28671942742868 31684740658336 30580732839895 38317609478873 34764699370400 43440490123497 45895930687412 52260456212353 45451777638491 61564018164917 54579610813473 61316833460497 59611160777187 74200682478878 64825544677837 82167742968465 77372379318408 95731512999850 86739825798779 114302973127714 95768630844270 124890500251575 112026785758084 127037247287921 131657172473303 170437441242770 146754602843818 182866814219442 150098675344599 189640099720051 183756048811503 214459802925934 205921772305902 254641526768508 253111036261243 287755841538855 274971352181070 302809518744502 288890069321012 328938837139754 389812197994745 403587174114208 433157026770272 412370917404175 378187704732390 534293324378188 493524966015807 513225771064848 644456243589054 651572861318187 711147856728777 789865600201969 653204697312208 810471880603837 690828246202425 640780488416201 834301270777168 965583437468215 935911869520165 1007549197812493 1186620750655260 1159712221507323 1083257357748933 1327226501291100 1324260638773623 1428487256460573 1783889253006258 1701539029486708 1406526121427317 1714680626680665 1827517547735835 2008426017733330 2049178240161955 1972165695822822 2272006820383505 2220566645708333 3642455846074918 2947880138602007 3251477996039289 3021384395912852 3272329396483944 3464057667806201 3432733495917252 4054224734302316 3153919718963723 5872571660475514 3196054113473915 4542896400407091 4120008052142841 4564796545554319 4527832754605398 5179540693986626 4797126575593378 5161364136172560 4323295238085440 5533523677291654 5925517860982308 7233188679114335 7299415063801146 8626109753697806 5139347984905278 9210454948351614 9097748771628855 13893097808802985 7918219004134974 10154251240202154 14475570686115502 10011897493229061 10527266584376189 14041953987930787 10931317303487723 12867996380377437 16866858555902703 13245125259141701 16070372444507299 17988177692896247 14238274665417263 17602329289260387 14866608240704721 14503140181697370 19146184792572542 22194782936414985 24791288963392558 24352076724737568 24725818567166424 24670825666631991 32430103486006231 35480514200162556 31470306836093997 30598293093426504 37835020895835873 29223395418111259 44892612123795180 45144837988804522 36537747154766358 25462204406540902 63881583718586513 39683820479881472 30310544109876163 23659093286535486 44347717591787888 207029698502822428 32137322585680507 25755995226867528 40805809502334284 28983244365818233 32874709127403741 51054518097439521 51926414304594341 51981377684255132 54675440430718318 46234255106039570 62632190045873015 47802598975137331 29404545379727583 31019626926907248 41331737705759170 27126662148912229 66127359468425012 51833938482453519 32750204542919782 69446928408339985 103511743408805154 40443098455395413 87784846212411597 77908431288230908 98613112812295610 130700418097202548 114720806723555346 40034853525153890 90458116003814902 73950318452491470 156729144318662120 56610040681992006 62814475341309618 186372028883740385 114468377080496145 299236546251682872 131268514615487420 147016930905713625 161080690570531571 288680506017955955 128650749218229100 413009315676443100 73653287861850339 157602510605333230 252902446908675357 84300815636225119 192900220384405520 103151466321735325 110307860425292772 353848474638341916 144117936527873832 351887119620845506 401765112575366318 558726656967404304 318555973788329084 387632532919029223 471314064268398780 502957566506000020 695143713458946040 843250788562528427 1022141228367345362 1319510599727473500 1812356499739472950 1930656072350465812 2645418340688763701
3 4 5 6 7 8 9 10 11 12 13 14 15 16 17 18 19 20 21 22 23 24 25 26 27 28 29 30 31 32 33 34 35 36 37 38 39 40 41 42 43 44 45 46 47 48 49 50 51 52 53 54 55 56 57 58 59 60 61 62 63 64 65 66 67 68 69 70 71 72 73 74 76 77 78 79 80 84 86 88
9 57 97 404 344 900 661 1579 916 1642 928 1474 855 1302 731 1080 598 805 489 785 410 553 298 483 297 405 260 344 218 253 128 245 128 162 94 134 91 114 78 89 65 53 42 72 31 44 24 39 29 48 33 25 12 15 5 16 4 10 5 2 10 3 11 5 3 4 7 5 2 7 1 1 3 3 2 1 3 3 1 1
9 65 133 984 974 4534 3481 17058 10484 42092 25587 87827 52666 167653 95416 269642 144834 380397 218110 642847 305293 758177 359061 1060013 561377 1649765 849793 2133992 1085526 2420616 981418 3081373 1457161 3667233 1704446 4851153 2327923 5471031 2733496 5001610 3258295 6444747 3069355 9659375 2821348 7143487 3897869 9534842 6984444 15755781 7485893 11201357 4052533 9514469 2252712 15243128 2634621 5705867 4880220 1768866 13161931 5954960 19915804 17396406 6375513 9566832 17687228 33054976 6570995 33974958 6175470 12350940 27137438 16971255 23156944 9289091 44103801 47389428 41012510 26543660
