15 27 39 51
217 2042 803 88
2945 4691 1040 96
115895 1360338 195632 3579
15 27 39 51
217 2042 803 88
2945 4691 1040 96
115895 1360338 195632 3579
3 4 5 6 7 8 9 10 11 12 13 14 15 16 17 18 19 20 21 22 23 24 25 26 27 28 29 30 31 32 33 34 35 36 37 38 39 40 41 42 43 44
69 210 445 740 872 993 1017 871 634 518 501 387 210 221 225 208 97 118 77 56 44 32 26 41 20 26 18 23 25 10 5 6 1 5 2 4 1 3 5 1 3 2
69 237 737 1650 2907 4686 7391 9957 11274 13734 20031 21466 16685 23691 32470 42598 25563 39988 44004 34132 34460 32497 31467 66571 33585 54601 55163 109128 94210 43109 24056 44202 8349 55476 26841 118074 24620 61251 164593 26015 124740 89166
3 4 5 6 7 8 9 10 11 12 13 14 15 16 17 18 19 20 21 22 23 24 25 26 27 28 29 30 31 32 33 34 35 36 37 38 39 40 41 42 43 44
69 210 445 740 872 993 1017 871 634 518 501 387 210 221 225 208 97 118 77 56 44 32 26 41 20 26 18 23 25 10 5 6 1 5 2 4 1 3 5 1 3 2
69 237 737 1650 2907 4686 7391 9957 11274 13734 20031 21466 16685 23691 32470 42598 25563 39988 44004 34132 34460 32497 31467 66571 33585 54601 55163 109128 94210 43109 24056 44202 8349 55476 26841 118074 24620 61251 164593 26015 124740 89166
