9 21 33 45 57
456 8872 46943 42125 1576
3810 147196 315003 110588 1617
228367 26517989619 773359743307325251 13875567420374828 95782970
9 21 33 45
65 559 315 5
194 1501 447 6
4715 11638090 8826886 10365
3 4 5 6 7 8 9 10 11 12 13 14 15 16 17 18 19 20 21 22 23 24 25 26 27 28 29 30 31 32 33 34 35 36 37 38 39 40 41 42 43 44 45 46 47 48 49 50 51 52 53 54 55 56 57 58 59 60 61 62 63 64 65 66 67 68 69 70 71 72 73 74 75 76 77 78 79 80 81 82 83 84 85 86 87 88 89 90 91 92 93 94 95 96 97 98 99 100 101 102 103 104 105 106 107 108 109 110 111 112 113 114 115 116 117 118 119 120 121 122 123 124 125 126 127 128 129 130 131 132 133 134 135 136 137 138 139 140 141 142 143 144 145 146 147 148 149 150 151 152 153 154 155 156 157 158 159 160 161 162 163 164 165 166 167 168 169 170 171 172 173 174 175 176 177 178 179 180 181 182 183 184 185 186 187 188 189 190 191 192 193 194 195 196 197 198 199 200 201 202 203 204 205 206 207 208 209 210 211 212 213 214 215 216 217 218 219 220 221 222 223 224 225 226 227 228 229 230 231 232 233 234 235 236 237 238 239 240 241 242 243 244 245 246 247 248 249 250 251 252 253 254 255 256 257 258 259 260 261 262 263 264 265 266 267 268 269 270 271 272 273 274 275 276 277 278 279 280 281 282 283 284 286 287 288 289 290 291 292 293 294 295 296 297 299 300 301 302 303 307 308 309 310 312 313 314 315 318 322 324 325 329 330
369 1321 3093 5751 8225 11401 13705 15640 17119 17367 17155 16594 15919 15277 14573 13943 13190 12755 11927 11712 11167 10943 10281 9978 9368 9115 8701 8618 8225 7859 7588 7291 6928 6777 6510 6534 6041 5934 5607 5428 5352 5248 4972 4911 4560 4468 4289 4185 4081 3917 3842 3663 3505 3384 3291 3278 3234 3111 3007 2811 2738 2764 2664 2568 2514 2410 2207 2240 2173 2099 2175 1993 1949 1882 1818 1787 1816 1727 1653 1660 1458 1532 1503 1489 1425 1444 1384 1252 1267 1249 1226 1252 1182 1163 997 1000 1034 1042 1019 978 959 868 829 910 890 893 796 773 720 716 748 730 708 714 681 636 600 630 646 592 603 496 518 474 483 524 502 474 425 435 398 424 423 418 404 371 346 341 333 397 358 361 313 283 286 271 305 290 250 249 234 242 237 268 253 259 201 210 179 186 186 212 171 165 170 159 165 170 152 155 132 146 119 140 141 136 122 111 107 109 113 110 124 100 89 92 90 104 93 88 71 75 54 74 74 73 76 67 55 65 57 68 59 60 63 37 48 62 42 50 52 47 31 36 40 37 45 42 29 29 28 30 34 34 38 22 18 30 23 28 34 17 14 14 8 22 15 17 15 4 14 9 16 12 13 11 11 10 10 15 15 12 14 4 7 12 3 5 7 7 9 5 3 10 6 6 7 4 1 6 5 7 3 5 1 2 1 4 2 5 1 1 5 2 2 1 1 1 1 3 3 3 1 1 1 1 2 1 1 1 1 1 1 1 2 1 1 1 1 1 1 1 1
369 1454 4614 11989 25537 52160 93181 162276 264717 405068 596725 855804 1202982 1652376 2235587 2963663 3830898 5049524 6319726 8151299 10143348 13129524 15829467 20155504 24072700 29913850 35783921 43970958 52166760 63047760 75178364 89341355 105194860 125734248 144677716 180588525 200633334 240636434 276017898 321502571 376834131 444086047 503929999 592105336 653570503 760702007 859478094 986331626 1130277385 1288467221 1488559687 1693427490 1904334892 2133107964 2379407082 2761003625 3219666290 3575630957 4020776808 4441873320 4868602603 5685063018 6410945900 7133889220 8228280807 8866257823 9520399154 10905678832 12216615480 13166251300 15881977064 16913254658 18591497792 20661146333 22703367864 25312772054 29727539387 32659667602 34819841677 40328752290 39715276405 47882575564 53431684051 59671195083 64463731847 73259383091 78850743012 81224280282 94808722694 105316123231 118473410618 134209485683 136691912492 160612669175 147577028562 175162630595 206648874694 222554018891 246520670525 267832891582 306028235915 304201599540 324176832078 394557548597 451206107426 480707783056 485849199439 545352209789 550239696371 601352100786 724160128573 782642372043 868352382405 956282104671 1050797178259 1001004620644 1145912911084 1251442442798 1470789931633 1550248354327 1715597670128 1588959012890 1742238910596 1716658885976 2055584267917 2485361380344 2570455705671 2675171145847 2825608481053 3088317859252 3076684056635 3761971686324 4235373782756 4616256366960 4780431390365 5069745323741 5209980780113 5177483778728 5814759444701 7789783733146 7579938566665 8726894024424 8483384826136 8148160577550 8998122229061 9569027232172 12105697293108 12476760891778 12022297948905 13572538885898 13973609548474 14975030572524 15801694389772 20193542760950 21662444772981 24454163709564 21915779850729 22477515569070 21581297602388 24455099816876 27000710453185 33995309264738 30396840446451 31123389681557 36188868080495 36466743717738 42598908912694 46769229622115 46362288796253 50616864505212 49022299255112 56549182160796 50402109456165 66829292322087 68519978838986 74417908819943 74943222430007 69173987663150 76895657765405 89289732095410 87912207348375 98759201010543 116037622381449 109702650356315 120227673075253 126187429461436 125691542624872 161326105009140 166863644843886 185891487933413 138507294526008 194825325583240 129778670972427 194047938362371 216118740367050 241947665095771 283029135936596 272786671605700 238407605076883 299056024681076 277265487827413 365687325012670 343280823366529 400577426977279 444771637796039 309615159902637 435777660861659 569382573241300 392005535766338 534094642532584 628262064494011 591479113089712 462529828206456 516208347300920 641036406902351 565206294879525 806096936526098 775992857439988 601832439287416 606369506003103 653344575722950 854924976438693 961463481751348 1055301912305388 1328980490331845 732707965202840 694082601529556 1189021551192910 1075039144716390 1290610707351770 1701160390005084 829622338514062 862869974214170 1168046171204064 501962898867034 1709945827784090 1577950098773997 1590360958140586 1451541340342058 369173452710036 2133672354296466 1094096343359707 1907434621042376 1729437516918869 2005066673812147 1930282882579789 2896277567306788 2232207156410602 2072798755070044 3838671385269147 4164533746666417 2862012136395562 4074201632153592 1076930805010316 2398652316954595 4424841869889711 1382312359616822 2564404582420420 3530244874021910 3508302673392805 5912036460299841 2943809311924089 1688060412802945 7016815841538686 4456975258644631 5363584984481360 6007246333010156 3838963471939040 839611730366814 6408320903521504 5024898089696109 7756587499555264 3399810343714056 6466581553109193 1312051800816215 2933730058024625 1637293969337171 9948748279743124 3658842536648853 9771344015924902 2040825852575075 4391572623365032 15629556727277862 5877859587859110 8816789381788665 3160137867148997 3652430836071053 3652430836071053 4219388528587095 12973030184075076 13940544310273856 14978447182697840 5622992691950605 11245985383901210 6965850144195831 7479565078510584 15509813463453624 8620496275465025 9253082936723602 12269218019229465 12269218019229465 14118662665280005 28237325330560010 16239786535829663 37342976599200728 20017426762576945 21458096037352891 24650106150830490 64976586702933308 37274405776748077 42748078035954696 52462044228828641 60105349839666544
3 4 5 6 7 8 9 10 11 12 13 14 15 16 17 18 19 20 21 22 23 24 25 26 27 28 29 30 31 32 33 34 35 36 37 38 39 40 41 42 43 44 45 46 47 48 49 50 51 52 53 55 57 59 62 63 65 66 67 71
5 19 36 91 82 145 115 159 127 163 124 124 76 93 61 76 48 61 49 65 25 40 31 32 31 27 27 22 19 16 15 15 8 13 10 11 6 6 7 10 7 6 10 4 2 2 3 3 6 3 1 2 1 1 1 2 1 1 1 1
5 26 60 206 271 861 834 2091 2205 5239 4791 7677 5835 12398 9155 18394 13342 21975 24124 40893 21302 63506 42783 58698 61690 89882 76609 114287 80163 99779 100247 146995 68912 217395 189724 217633 160111 152866 208960 610441 356779 533614 640843 401083 232870 181523 314482 932483 889342 441819 124754 485815 563178 772310 614154 1932934 1121505 1300156 2600312 3087735
