25 37 49 61 73
3933 27994 39942 21421 6706
940054 778739 253268 67781 8421
6706181232047269 10129095181213972917 8330922662246737894 328266084874020603 622668204626
25 37 49
591 613 106
5528 1430 132
384431535 32086775 326124
3 4 5 6 7 8 9 10 11 12 13 14 15 16 17 18 19 20 21 22 23 24 25 26 27 28 29 30 31 32 33 34 35 36 37 38 39 40 41 42 43 44 45 46 47 48 49 50 51 52 53 54 55 56 57 58 59 60 61 62 63 64 65 66 67 68 69 70 71 72 73 74 75 76 77 78 79 80 81 82 83 84 85 86 87 88 89 90 91 92 93 94 95 96 97 98 99 100 101 102 103 104 105 106 107 108 109 110 111 112 113 114 115 116 117 118 119 120 121 122 123 124 125 126 127 128 129 130 131 132 133 134 135 136 137 138 139 140 141 142 143 144 145 146 147 148 149 150 151 152 153 154 155 156 157 158 159 160 161 162 163 164 165 166 167 168 169 170 171 172 173 174 175 176 177 178 179 180 181 182 183 184 185 186 187 188 189 190 191 192 193 194 195 196 197 198 199 200 201 202 203 204 205 206 207 208 209 210 211 212 213 214 215 216 217 218 219 220 221 222 223 224 225 226 227 228 229 230 231 232 233 234 235 236 237 238 239 240 241 242 243 244 245 246 247 248 249 250 251 252 253 254 255 256 257 258 259 260 261 262 263 264 265 266 267 268 269 270 271 272 273 274 275 276 277 278 279 280 281 282 283 284 285 286 287 288 289 290 291 292 293 294 295 296 297 298 299 300 301 302 303 304 305 306 307 308 309 310 311 312 313 315 316 317 318 319 320 321 322 323 324 325 326 327 328 329 330 331 332 333 334 337 338 339 340 341 342 343 344 345 346 349 352 353 355 359 364 367 369 370 371 372 373 379 385
264 1506 3851 9116 16034 26018 36209 42517 55302 56963 56852 58362 58532 52442 54152 50498 48324 47015 46015 42285 43365 40080 38049 37830 36668 33248 33813 32221 30557 30197 29510 27206 27571 26079 24291 24783 24143 21703 22082 21341 19997 20110 19276 18241 18461 17349 16289 16827 16007 14964 14760 14512 13337 13572 13170 12202 12514 11806 10959 11476 10977 10068 10377 10075 9173 9501 8965 8658 8649 7971 7705 7928 7387 7071 7087 6696 6255 6558 6164 5686 5861 5764 5306 5408 5156 4921 4986 4743 4405 4742 4503 4424 4196 4003 3829 3991 3642 3578 3586 3529 3197 3449 3170 3131 3036 2994 2825 2874 2792 2735 2616 2605 2278 2581 2293 2210 2231 2040 2111 2165 1838 1926 1888 1810 1731 1822 1691 1645 1654 1638 1513 1515 1371 1389 1382 1339 1250 1313 1181 1159 1087 1124 1007 1070 1008 948 956 958 914 983 864 822 818 815 745 713 648 696 701 598 543 622 645 571 503 523 515 497 448 486 557 513 388 419 406 330 341 368 316 369 293 334 297 291 261 280 278 255 232 258 225 224 198 231 262 206 180 210 197 177 172 196 175 131 157 139 166 124 134 164 152 121 122 132 116 103 105 92 94 109 88 99 112 78 97 100 73 78 89 87 78 76 70 69 61 59 41 70 57 54 52 46 64 46 55 46 57 46 45 45 40 42 26 49 30 34 28 33 20 28 27 24 21 25 19 27 22 21 13 22 29 20 33 22 14 20 13 30 16 10 10 11 14 17 4 10 5 8 7 8 5 4 5 5 5 8 5 6 4 7 10 7 9 6 12 8 4 5 1 7 3 7 3 4 4 2 3 3 5 3 3 2 2 1 3 2 1 1 1 2 1 2 1 2 1 2 1 2 1 1 2 1 1 1 2 1 1 1 1 1 1 2 1 1 1
264 1667 5433 16563 39965 92083 183466 328663 632007 970750 1483251 2304118 3408596 4511630 6711201 8681649 11783194 15784123 20660453 25390975 35316831 42098467 52253394 68031971 84880165 97939016 127732121 151186613 182810381 228928938 272030268 311650281 403821019 454180479 523358034 657153766 775641095 846204248 1072201369 1216970399 1395136931 1710862107 1923802525 2178372131 2693883726 2966924034 3296488376 4118144787 4619919170 5051864077 5896270250 6767631408 7287875452 8846439211 9956671476 10781305703 13309205068 14496056667 15171113670 19157780391 20689054478 22128034136 26719545864 30199457818 31596801584 39136237740 41181725011 45611498134 52844198352 56169016518 61552736522 73588579901 79400055876 86452264454 97762089428 106365378502 113495822835 134909603351 144868289851 148640825851 179624098973 200098801657 202583278088 238755021943 256040323874 274474800707 311528297906 342042496440 351443324321 433512313308 465920140888 515133296608 555865257100 612999011486 610897238954 749680293779 785193979811 838672051959 955528104688 1087500937583 1064391158827 1301005443268 1346012981693 1472211198829 1651948179661 1825353145446 1843387257781 2195666744912 2332899117829 2548569763479 2634726697455 3134940972259 2919946608969 3830187017829 3786443865891 4080516001452 4496341493089 4715022000280 5243688204913 6013322744964 5983123441596 6821604732398 7223397443266 7986353304077 8154674093609 9508781887619 10081932939617 10559972274142 12119952564482 13312494097264 13055287444014 15185235674495 14998772192750 16439999371309 18503434310483 20562195955828 19882813288522 24851507419257 23740358742481 26153215211835 26790001992874 30879969446308 28855222096978 34678240044857 37363442702948 38550221132972 40651547690392 48064743591736 48351880810439 57188435725683 56526151586312 58892835943704 63262833835582 72388223368665 65830891202478 75919100626561 74845545812895 85703428097255 93653185255010 93115510263992 86549968424925 116425805625622 122434334567586 129594774668967 123029812797049 138242915285025 150949129420047 162186480450069 145795346004511 185213399767729 205340597910181 233063205140245 192397016784743 226927951436675 234645227738304 216382676583519 243830321593655 270523506394884 238327191860875 332152425653370 284230097150211 361414092849193 337656023436219 374634859712112 358181227133860 439170915403957 442774500068476 482515761424437 435333077603827 522562013236926 501244270465095 568083734522622 522483765896593 677488317886586 802974716615990 766136069508477 673583650427266 866809741355101 913148069218791 927472413226025 870683883778791 1183451507936187 1021287425558801 947916717931168 1198611794598431 1056560095829205 1447372575970599 1203361592649167 1310457960770888 1760542376873608 1833908775466472 1686127709379039 1742287703988407 1960967108322873 2093368822460628 1854023615069113 2111140521231709 1802984121691665 2197981931103718 2715626905288020 2395753689381226 2830018514245685 3648464284672020 2652434306399193 3436373490840482 3849103281032598 3005940740694807 3604643107380602 3869892612557318 4771945251072986 4989147222599149 4922168228565434 4625170676735538 4900034313888741 5220584966887739 4786035266650179 3976767122804417 6576654576484242 6415946166098384 6477989591609413 6755983098412003 6117071377600524 8562544978473020 7151377083265225 8698992729315921 8806315844112368 16262521285899676 9835603616294393 9591575801411294 10596820574023561 10174064509417518 13126178854449925 9682908464281022 16846919533596545 11087103385674052 13280083208692761 11648769999986274 15995793767638365 10126886235994103 17435467978594887 15510772997280490 14975196793641234 12854052897042188 18749323507082183 14086774766873234 22540593185538920 18610371390120015 19506165713584139 12612525064081806 25773432137342546 34936703116703975 27669044052385977 37856444845140358 29803049102095284 21423701124029792 30440423689027505 21999690307640697 57301463973059190 32679613902399481 23191554490049481 21183060821287955 27348032742121362 36148220958897613 49621543365381121 11549662565336200 30052922158953876 16750473915096089 35250074240289130 27207963805007585 40726553450382585 26575789564777734 19150367296317138 25447189322205184 27337720215359159 34988269722138360 56145515918793927 40357572813824757 57781660890825660 32120993539772160 82663475411518340 97988392336408160 84633525341872216 94463263412648875 78492372854208198 145563264347938858 104404743284633393 55518205890897719 72641893473554403 16239786535829663 148506866017102231 56014464898801092 167342760474495290 85832384149411564 98600424603321960 98600424603321960 54720827974562329 117262404661677934 95302768692776272 234356038014189106 109349766422936984 114468377080496145 82667643562954687 91544717087156056 49005643635237875 150473331499304391 112313204225748578 60105349839666544 64325374609114550 68834885946073850 147306575723700678 73653287861850339 192900220384405520 103151466321735325 220615720850585544 117949491546113972 252217035667592710 134819180623301520 288235873055747664 154043597379576030 164637479165761044 351887119620845506 214618299743286299 261578907351144125 279363328483702152 637111947576658168 413766180933342362 572612058898037559 695143713458946040 790738119649411319 843250788562528427 899175348396088349 1917457395824676090 1022141228367345362 1498478743590581081 2190401332423765131
3 4 5 6 7 8 9 10 11 12 13 14 15 16 17 18 19 20 21 22 23 24 25 26 27 28 29 30 31 32 33 34 35 36 37 38 39 40 41 42 43 44 45 46 47 48 49 50 51 52 53 54 55 56 57 58 59 60 61 62 63 64 65 66 67 68 71 82 84 85 87 101
7 58 51 197 183 430 289 622 340 602 291 508 250 361 182 313 176 236 134 190 104 156 109 142 84 113 55 102 54 51 54 69 32 54 29 50 24 33 24 45 12 37 30 32 8 13 11 21 13 16 5 7 4 10 5 8 2 12 2 7 3 7 2 7 2 3 1 2 1 1 1 1
7 78 85 486 508 2383 1714 7806 4722 18098 8891 32571 18659 47893 25862 81949 46748 115030 63475 153424 88598 231552 133830 371059 184499 362709 194283 681861 257374 456784 404370 737638 367641 1020430 469223 1536180 645522 1189592 812803 2781743 748372 3180589 2306806 2721228 866503 2094676 1055843 5376543 2747494 4843158 1163954 3746244 1650955 5817625 1991602 5487881 1299133 16998755 1956198 11803136 4968172 14168716 2600312 48323350 5200624 11284196 3087735 22752027 15796476 20506255 26543660 150198136
