32 44 56 68
19285 43364 24382 12962
981492 419250 109112 22624
12897236499808937676 8891170457690118385 1016444181771183343 582772342523151
32 44 56
815 249 3
3114 442 3
93083053 2771696 46
3 4 5 6 7 8 9 10 11 12 13 14 15 16 17 18 19 20 21 22 23 24 25 26 27 28 29 30 31 32 33 34 35 36 37 38 39 40 41 42 43 44 45 46 47 48 49 50 51 52 53 54 55 56 57 58 59 60 61 62 63 64 65 66 67 68 69 70 71 72 73 74 75 76 77 78 79 80 81 82 83 84 85 86 87 88 89 90 91 92 93 94 95 96 97 98 99 100 101 102 103 104 105 106 107 108 109 110 111 112 113 114 115 116 117 118 119 120 121 122 123 124 125 126 127 128 129 130 131 132 133 134 135 136 137 138 139 140 141 142 143 144 145 146 147 148 149 150 151 152 153 154 155 156 157 158 159 160 161 162 163 164 165 166 167 168 169 170 171 172 173 174 175 176 177 178 179 180 181 182 183 184 185 186 187 188 189 190 191 192 193 194 195 196 197 198 199 200 201 202 203 204 205 206 207 208 209 210 211 212 213 214 215 216 217 218 219 220 221 222 223 224 225 226 227 228 229 230 231 232 233 234 235 236 237 238 239 240 241 242 243 244 245 246 247 248 249 250 251 252 253 254 255 256 257 258 259 260 261 262 263 264 265 266 267 268 269 270 271 272 273 274 275 276 277 278 279 280 281 282 283 284 285 286 287 288 289 290 291 292 293 294 295 296 297 298 299 300 301 302 303 304 305 306 307 308 309 310 311 312 313 314 315 316 317 318 319 320 321 322 323 324 325 326 327 328 329 330 331 334 335 336 338 339 340 341 342 345 351 352 353 357 360 365 366 367 371 372 375 381 383 387
241 1323 3725 8880 15042 22585 29022 33826 37367 37811 38177 37574 36622 35766 34499 33102 32389 31369 29958 29254 28228 27160 26371 25367 24861 23910 23334 22244 21730 21427 20169 19752 19644 18878 18061 17756 17115 16792 16291 15563 15402 14900 14318 14412 13623 13170 12701 12658 12273 11956 11503 11271 10878 10674 10130 10028 9856 9654 9351 9263 8820 8874 8241 8270 8113 7814 7607 7443 7401 6985 6913 6762 6458 6292 6077 5971 5820 6030 5277 5452 5173 5189 4967 5022 4682 4578 4500 4441 4313 4145 3808 3988 3757 3801 3478 3639 3369 3318 3149 3231 3066 3166 2786 2879 2766 2628 2674 2693 2487 2532 2325 2345 2256 2413 1990 2137 2067 1936 1942 1998 1798 1730 1698 1654 1629 1678 1459 1544 1463 1477 1281 1479 1360 1318 1239 1240 1199 1098 1104 1179 1052 1098 1027 1078 973 957 950 931 897 928 838 829 844 810 727 763 692 706 666 687 718 673 591 594 587 534 569 547 529 499 464 441 460 490 447 498 448 405 359 389 361 366 341 321 369 382 341 294 315 304 272 274 250 289 240 251 220 246 210 220 212 207 229 243 172 196 159 162 158 175 139 160 154 150 112 140 131 131 121 117 98 115 94 96 116 97 89 104 87 104 85 78 89 88 70 87 83 80 72 60 61 61 63 51 58 59 57 41 53 42 53 37 39 38 31 30 51 19 37 28 26 31 25 21 22 27 27 22 28 28 16 14 26 15 18 23 22 26 18 19 13 18 16 22 16 7 16 12 13 6 9 9 7 7 9 4 10 6 11 9 7 7 2 53 4 5 2 5 2 4 6 4 4 4 4 2 2 4 3 1 1 2 4 1 2 1 5 1 3 1 4 3 1 2 1 3 1 5 2 3 1 3 2 1 1 2 1 1 1 1 1 1
241 1464 5282 16604 40164 85865 163935 292338 494019 753956 1162145 1692885 2423726 3389497 4721284 6272319 8473212 11181831 14383267 18676902 23888333 29588027 37849410 46650521 58714730 71675418 88680093 106315076 131443294 159082369 189527480 225419687 281985973 328888378 389552459 461118990 539616316 641517496 772956423 873956812 1043510402 1218908470 1418879289 1689828543 1921350474 2132011720 2524793386 2941021171 3416992685 3848833959 4531714506 5045067318 5855340102 6515612611 7486226236 8403077358 9901146999 11392394330 12811745101 14444204998 16477910488 18345197501 20395983529 23654765379 26617946852 29771781545 34143093948 37612023210 43356587169 46324846337 53744908119 58699916859 65880328517 73983183623 83017452590 90656638191 101506864415 116705545611 121525763458 139758027267 151684106814 174080521544 190216514333 217641137294 226688728878 249590166976 283069735877 319409923197 348614397807 382620804096 393381543488 462481793126 497306244763 548959013849 568673917284 685426485389 695907449103 794836585700 833408080801 980679336447 1017325680158 1196917430853 1134647358271 1368607064299 1429781263708 1562907049582 1744211911443 1999573015971 2022669628340 2258342224423 2355226430165 2705222560896 2806546785337 3542718916673 3013023545083 3772972013178 4083647163606 4177803023023 4698990027370 5395584781015 5282959681373 5701867614849 6474433118643 6935200285128 7178295571293 8600998008403 7838243405052 10096344298093 10134953736543 11250920690239 10498394387401 14058149553517 13486214705134 15207259382340 15345916962257 17906730334808 18098022580461 19815342519096 20485126408385 24373499248135 24604235527064 27732918619408 27254936284037 35716359351163 31775535087713 35642732997197 38980396728076 42475762610887 43556938089682 51365447971954 49229347718204 57752006191475 63235389657405 65277852344482 61436310361456 75522935674489 71820518867999 85492240337862 86695537980882 107873628561430 111919268408106 117905601609147 109788609363276 118152973538959 141613221094770 130659410367427 156546629324268 173739444074245 168181707871747 169480551125832 182493654573282 190014670715445 223246274545505 260107124036778 247581884140366 320149034347582 303511265553305 288241387061167 285266882158600 346996820965740 332641227484148 368249653204543 401579700707172 414280213820356 470387543816125 508198145952903 534875842998136 524895441525643 603786647758206 596588486001750 573470618616667 695418390416660 630690904404786 860063249107764 755879376928781 854530429423355 823219725619294 1021757749021900 860467936798310 1116895123689231 1053104135056457 1175885430445893 1328882633499865 1586043648913850 1176190439322782 1501671360501850 1234949985562538 1563386391259925 1523238499141057 2003936385213750 1544001207940449 2071626757796772 2067809635055392 2286669831915250 1857666247741205 2481598731783577 2494420845816688 2783695040616456 2567815102761195 2911928901662696 2477495242602058 3325256876399716 2706694938876216 3609549439466268 4119273010534291 4048467022649348 3705283247197270 4910409602463014 4235743301620742 5744387425446415 4805012135628256 5098861202288197 6016054108935062 6404954782242771 5846229012561004 7417501721758197 7240561781389699 8138435214089761 6847980116421688 6938996567402240 7465537519096081 8248611547092355 8387366227549979 7885977536692113 9290316502468198 10214468386776439 11331422028256546 8434792050777788 11884231314794704 10128608696467555 15433627243356687 10258135974143930 11893548444956137 13649797592415585 10078390719907332 10879214846168578 23524133486130770 9443354480911337 18864369509860196 16246490432058176 14762328344852587 16646180463320219 18964817594544984 14613511487548428 19169033407015588 21240903397809841 21265377107829321 20276673493280602 28606433435355363 29766193887970540 19453057429055370 16912590323010346 34340551988865230 20062595908406775 27716968401965927 38312734493924795 39203812183755877 53195339724514672 35963503047888040 41136177994723859 34159787338338111 44793779900117311 39058941049412077 66309436529865385 48135569037124621 24617478717533650 58102188476107494 49604950760489062 56464699496244187 26954447521268520 39863684347166601 42834987719535162 40450184588613414 47576827076726016 53524332558569815 25499786263332779 79756793593416028 50815810746629829 86129999008643616 83843971192562310 64771580557065214 68838917291144608 21314662465097678 606083730124571512 58845062271925242 64918089599460281 27280880560337709 85736266065257219 32479573071659326 68482326935271548 126928493597843341 113374868260578765 85832384149411564 90458116003814902 95300225612635654 52831615267132652 54720827974562329 145567425002673937 125628950682619236 64976586702933308 37274405776748077 79839131053999982 170992312143818784 45772358543578028 98011287270475750 49005643635237875 269699336912234501 60105349839666544 244641424128114182 78801255302666615 337203262544900476 270526304941648869 96450110192202760 220615720850585544 117949491546113972 378325553501389065 134819180623301520 823187395828805220 489809074910764812 784736722053432375 279363328483702152 1089352536144330015 883245963858716874 610898403751884101 651688879997206959 1390287426917892080 899175348396088349 958728697912338045 1161537834849962850 1701169427975813525 1930656072350465812 2484305294265418180
4 5 6 7 8 9 10 11 12 13 14 15 16 17 18 19 20 21 22 23 24 25 26 27 28 29 30 31 32 33 34 35 36 37 38 39 40 41 42 43 44 45 46 47 48 49 50 51 52 53 54 55 57 58 59 60 61 62 63 65 66 67 69 71 72 73 75 76 79 83
28 44 161 134 249 161 270 176 251 179 230 127 183 100 136 86 110 70 102 61 83 49 73 32 52 39 37 36 28 14 31 13 25 14 22 16 19 10 10 12 9 12 10 6 5 1 2 4 3 2 2 2 3 2 1 2 3 2 1 2 1 2 1 1 1 1 1 1 1 2
35 70 406 410 1288 1127 3371 2831 7531 6685 15383 9645 24889 15018 30421 22478 46646 31309 75681 46384 110848 62098 139624 65989 171279 121787 195160 153112 181944 118855 280856 129473 440666 233442 599802 371729 668797 447537 537783 576839 653501 768097 910530 558975 395134 75175 211116 738906 589092 589092 589092 761475 1189276 1296043 386155 1065430 2194623 2484086 966467 3865868 3865868 5200624 1741630 4647040 3087735 3554345 5392783 5392783 7089500 29645126
