16 28 40 52 64 76
6037 11201 34969 27999 18118 1670
203209 2215430 570864 156036 44339 1736
138584770 7928821315544983391 33225395343237278506 4892709619138413921 35371207173090692 198508901
16 28 40 52
996 1298 352 30
22153 6295 656 31
17172848 237531410 4730656 2438
3 4 5 6 7 8 9 10 11 12 13 14 15 16 17 18 19 20 21 22 23 24 25 26 27 28 29 30 31 32 33 34 35 36 37 38 39 40 41 42 43 44 45 46 47 48 49 50 51 52 53 54 55 56 57 58 59 60 61 62 63 64 65 66 67 68 69 70 71 72 73 74 75 76 77 78 79 80 81 82 83 84 85 86 87 88 89 90 91 92 93 94 95 96 97 98 99 100 101 102 103 104 105 106 107 108 109 110 111 112 113 114 115 116 117 118 119 120 121 122 123 124 125 126 127 128 129 130 131 132 133 134 135 136 137 138 139 140 141 142 143 144 145 146 147 148 149 150 151 152 153 154 155 156 157 158 159 160 161 162 163 164 165 166 167 168 169 170 171 172 173 174 175 176 177 178 179 180 181 182 183 184 185 186 187 188 189 190 191 192 193 194 195 196 197 198 199 200 201 202 203 204 205 206 207 208 209 210 211 212 213 214 215 216 217 218 219 220 221 222 223 224 225 226 227 228 229 230 231 232 233 234 235 236 237 238 239 240 241 242 243 244 245 246 247 248 249 250 251 252 253 254 255 256 257 258 259 260 261 262 263 264 265 266 267 268 269 270 271 272 273 274 275 276 277 278 279 280 281 282 283 284 285 286 287 288 289 290 291 292 293 294 295 296 297 298 299 300 301 302 303 304 305 306 307 308 309 310 311 312 313 314 315 316 317 318 319 320 321 322 323 324 326 327 328 329 330 331 332 333 335 336 337 338 339 340 341 342 343 344 345 347 348 349 350 351 352 353 355 356 358 359 360 361 363 364 374 378 379 380 390
380 1629 4679 12190 24210 41888 60211 79961 86438 92157 93624 92945 91180 86190 80781 78969 72939 67599 66813 63202 60201 56825 55908 54378 51374 49029 47838 46754 45604 42281 42130 41804 39290 37604 36989 35614 35022 33201 33410 32025 31359 29153 29100 29056 28294 25762 26528 25828 24813 23183 23090 22441 22773 21051 20647 20806 20124 18144 19080 17806 17867 16674 16836 16109 16136 14680 14618 14702 14535 12867 13706 13232 12700 11993 12098 11430 11842 10472 10760 10688 10492 8984 9628 9311 8948 8365 8818 8194 8765 7366 7603 7461 7832 6636 7205 6720 6628 6051 6365 5744 6179 5697 5550 5603 5682 4661 5109 4839 4861 4456 4779 4159 4498 3963 3714 3783 4048 3303 3896 3405 3461 3039 3285 2956 3159 2781 2737 2724 2897 2282 2526 2424 2295 2303 2434 1992 2375 1933 1985 1881 2017 1683 2048 1785 1571 1561 1703 1404 1570 1353 1461 1328 1562 1066 1328 1159 1115 1087 1252 873 1094 857 879 887 919 766 1001 779 838 693 837 606 754 690 680 626 730 468 662 538 530 500 637 432 557 430 506 425 490 400 506 412 420 364 467 361 378 333 337 304 364 276 300 273 241 268 293 245 255 207 211 194 212 193 216 200 153 181 171 161 129 159 151 144 155 135 129 120 85 87 108 106 88 73 96 102 87 83 111 72 76 80 88 67 64 80 75 76 59 58 68 61 40 66 60 56 39 61 31 33 40 49 66 64 33 48 43 42 30 37 31 36 22 38 18 27 17 28 34 26 23 35 21 21 17 25 22 30 9 7 15 21 7 34 11 16 20 15 13 16 15 12 35 16 8 16 5 11 18 9 3 25 7 6 5 8 4 14 7 9 2 5 12 4 10 11 8 3 6 2 4 6 3 7 2 1 4 2 2 8 2 1 2 2 3 3 1 4 1 2 2 26 2 2 1 2 1 1 1 2 1
380 1781 6495 22236 58873 143049 291604 580928 951904 1600587 2449933 3728087 5365393 7593957 10032319 13841122 17941869 22956749 30164184 37498174 47305031 58843527 73982464 91139921 111373348 137236687 167059995 202885428 251238274 292815899 361091414 439763334 512879220 620716415 734130931 850045028 1029908535 1210241874 1448857350 1654438997 1970215576 2276281392 2678555655 3153046803 3713336863 4094086800 5006763442 5624588509 6530932059 7388357509 8518928135 9520737169 11657019418 12774987048 14464700233 16777485974 19014734570 20737681906 24999872152 26760691813 31578291824 35057795873 40520629585 44167051174 51475181896 55504122998 63610214875 72658276418 82314575916 85733815328 103727375023 111696738085 125480848791 139501667074 157332212450 169849357060 204379240322 207062102958 243536066787 269214067909 298461714766 309930448052 364547262496 394239028728 438228765816 467032052652 544070660064 571841191481 690582648194 679277638245 797690822215 854583860430 1027737037891 1000591423197 1230468549855 1239796544661 1412514136795 1517347629412 1724526632000 1772513476115 2121041255263 2236706416708 2405097997739 2678587409625 3010600498515 2959308311081 3556329318872 3602476947788 4344936918130 4383504725880 5225387694293 5013027715004 6028640825419 6191984633952 6380416751964 7056123895420 8451270026179 7956080059443 9951417302465 9374906306388 11411489226445 11293366596140 13004676059055 12911670539526 15961943959111 15281059307819 16642888632488 17758993691789 20898743585333 20029130559682 22957927760833 23928712211281 26021609517005 28955434472454 32044099713907 29660659566863 39633418923485 36434880412967 42018441369826 42189037584542 51095992348196 47736429753152 62354497049830 57625511238523 59085045589939 68240022728815 76420476368647 68865392113733 84470021663009 79471602022276 93869664004593 94420564222493 116282405853173 92855506621486 125468081025192 113480585098294 126328398726686 138188049693246 161676220656909 131560282838265 182010640495476 153232342618243 170833496858757 187726770887989 204929460756616 198216798033919 286702646630761 216591544200821 287917825492000 269525601127572 331953516044100 255720889977171 386449936895797 349368977158411 392931851943735 395399340091280 487238564991347 339463368567484 573177210993930 439648651302555 512619063290471 544884788218152 720885117682607 553848756330611 834872912312232 625506018364589 922939351605397 747803708342477 968615050717737 830175247737218 1266701353036527 954453174344947 1215008851762545 1185493284543754 1556103290718861 1215861879141604 1539067406811031 1278079708053450 1628752952514618 1550409891545065 1991960208726369 1706851228425252 2200484056616746 1770063800992954 1886221421440859 2256141029798266 2608251047287047 2335136074025612 2993303861778977 2267253201699846 2683738348125176 2803957674055772 2860317523381958 3000548820619891 4000005136370570 3365476202614113 3358515538896414 4417960278032094 4034919792661697 3794575088999420 3729983095273278 4756411666989777 4785912381710379 4853876570515546 5068672956464522 4959481829677984 5560079215993324 5168568393824178 4171678113508203 4764691956097962 6159877251500424 6662467678232299 6280151198410754 5490621278102671 7132001969232889 8450220052873819 7466792735609344 8522234819727991 12936006602617835 7865554885438259 9182593902056552 11098353568902079 12730996450661142 10252102702832086 10906348862379021 13605362870647862 13922503131210515 15230173592151666 13679823953236876 14051759027881646 17668128233394453 16274383204767083 12641740144536400 21514315316070028 20071687558289638 19238473444495768 14725353680846496 27670934988208861 14836831544043236 17261613414502843 20034508705661038 29101116555356163 46954986979774505 41736369987208652 23368935146638288 38323387706254597 35314024072319924 33637085803546423 31854790080815637 43081927884596475 38674736639793037 44891106951218045 26478544147709525 57930892316783290 35735079715704730 42218757243091480 33293604280220026 61347359933563244 73437277903875893 59380510285722244 62784842825008911 96651272487152247 63650385923621378 68876763417498783 55758426807261715 89555748108552990 82957113338478920 110049124541737648 41015857674370779 30900344724437246 71521731543747414 115383037749949338 35191265435149352 197248190007404296 69559768254131810 110086619667508652 132640804416415388 121501742057217645 98886395939934960 139544591164820663 143621220358767593 132254718936850024 351942186774994563 195723016412245427 96486392271020998 227989923352756282 66767534245510821 188664065016526010 286831988660071589 182160832686079189 54757156732348023 556278483781152947 148766002986694291 136458129314789576 123250530754152450 209560759585794772 109441655949124658 408397254667025808 249095790003614782 303957947753070766 72075360646188907 266211159937740367 607545934026235740 192789289449291653 510794839913923346 599249833821388939 573412264309119655 192976123827343650 403990293002524500 147306575723700678 337203262544900476 686155763778449960 289350330576608280 695254839734017015 220615720850585544 117949491546113972 488116018759820654 504434071335185420 288235873055747664 1212497457333203844 329274958331522088 188008647052292980 401765112575366318 429236599486572598 687816860613651450 734713612366147218 261578907351144125 1117453313934808608 318555973788329084 680245620097154856 775265065838058446 10757920704266901412 883245963858716874 942628128536797560 536679070310691121 1145224117796075118 1089657644424399782 1406207446561484054 1498478743590581081 3193350548981513582 2998964447736452194
3 4 5 6 7 8 9 10 11 12 13 14 15 16 17 18 19 20 21 22 23 24 25 26 27 28 29 30 31 32 33 34 35 36 37 38 39 40 41 42 43 44 45 46 47 48 49 50 51 52 53 54 55 56 57 58 59 60 61 62 63 64 65 66 67 68 69 70 71 72 74 75 76 82 84
14 96 137 705 459 1501 1006 2834 1322 3297 1438 3077 1189 2233 889 1712 708 1138 470 999 320 679 254 500 172 317 115 334 99 157 67 178 49 101 47 96 31 43 32 47 38 22 13 20 21 16 10 18 6 12 11 9 8 9 4 7 2 4 4 1 4 2 3 5 2 2 3 3 3 4 1 2 2 1 1
14 115 210 1576 1383 7388 5925 30363 18105 81878 45296 184307 84222 290403 131196 484860 224091 584446 268072 905887 313470 1029235 392026 1252249 406905 1215631 498437 2121780 654200 1352946 663694 2545316 727339 2052970 916893 2674687 771848 1643624 1354813 2620151 2237026 1448970 1199998 2542157 1935386 3013450 1900533 3757977 1194888 3875359 3411948 2553479 3468666 5314232 2605438 5497305 1299133 3255331 3248269 1053646 4291320 2860880 5166024 14232516 5611310 5611310 5224890 9290040 13941120 27851365 8175936 17570346 16178349 24264328 15796476
