21 33 45 57 69
2803 15306 44604 24581 12698
875457 623158 462268 111663 21614
56837733517 80247666549366572070 8816606053421933578 1443207226545467994 400347143323599
21 33 45 57
687 612 210 5
14903 1793 348 5
439111302 120930343 688588 56
3 4 5 6 7 8 9 10 11 12 13 14 15 16 17 18 19 20 21 22 23 24 25 26 27 28 29 30 31 32 33 34 35 36 37 38 39 40 41 42 43 44 45 46 47 48 49 50 51 52 53 54 55 56 57 58 59 60 61 62 63 64 65 66 67 68 69 70 71 72 73 74 75 76 77 78 79 80 81 82 83 84 85 86 87 88 89 90 91 92 93 94 95 96 97 98 99 100 101 102 103 104 105 106 107 108 109 110 111 112 113 114 115 116 117 118 119 120 121 122 123 124 125 126 127 128 129 130 131 132 133 134 135 136 137 138 139 140 141 142 143 144 145 146 147 148 149 150 151 152 153 154 155 156 157 158 159 160 161 162 163 164 165 166 167 168 169 170 171 172 173 174 175 176 177 178 179 180 181 182 183 184 185 186 187 188 189 190 191 192 193 194 195 196 197 198 199 200 201 202 203 204 205 206 207 208 209 210 211 212 213 214 215 216 217 218 219 220 221 222 223 224 225 226 227 228 229 230 231 232 233 234 235 236 237 238 239 240 241 242 243 244 245 246 247 248 249 250 251 252 253 254 255 256 257 258 259 260 261 262 263 264 265 266 267 268 269 270 271 272 273 274 275 276 277 278 279 280 281 282 283 284 285 286 287 288 289 290 291 292 293 294 295 296 297 298 299 300 301 302 303 304 305 306 307 308 309 310 311 312 313 314 315 316 317 318 319 320 322 323 324 325 326 327 328 329 330 331 332 333 334 335 336 337 338 339 340 341 342 343 344 345 346 347 349 350 352 353 354 355 356 357 358 360 361 362 364 365 366 367 368 370 371 373 374 377 378 379 380 382 383 386 388 389 394 397
253 1332 3915 8728 15557 25816 36629 52188 61056 71649 76739 83766 75531 78010 69864 68255 62687 61692 54328 54326 48102 46810 42552 43088 37564 37774 34439 33288 30235 30110 26338 27315 24497 24157 22238 22064 19722 20193 17781 18296 16650 16266 15051 15139 13622 13824 12666 12677 11523 11594 10896 10796 10029 9929 9252 9384 8517 8897 8596 8070 7690 7595 7029 7214 6818 6444 6638 6394 6041 6139 5639 5524 5323 5356 5157 5331 4735 4821 4622 4655 4298 4342 4208 3951 3785 3904 3559 3787 3463 3405 3491 3332 3132 3374 2981 3034 2989 2910 2722 2693 2626 2569 2562 2519 2282 2420 2316 2142 2047 2198 1974 2099 1893 1859 1828 1847 1720 1797 1661 1661 1539 1526 1581 1481 1330 1401 1431 1270 1208 1348 1212 1118 1117 1172 1016 1049 1028 1064 984 1004 894 1042 889 879 796 863 841 784 760 736 672 682 669 692 624 642 599 615 572 587 567 516 479 499 511 488 476 497 428 442 403 431 393 420 380 379 318 352 405 337 337 343 299 288 315 290 273 271 279 277 253 238 237 247 213 245 268 227 177 236 219 207 186 188 169 208 158 172 165 158 136 167 138 149 140 125 129 155 120 118 117 110 110 100 88 114 128 104 102 122 91 103 80 82 85 154 129 68 87 80 76 83 70 50 63 79 48 58 62 59 46 53 54 35 50 58 46 32 38 42 30 54 22 35 35 29 25 32 25 30 22 35 29 27 35 27 24 23 19 32 25 17 14 18 17 18 11 10 7 18 12 17 6 9 13 20 7 59 8 14 10 9 8 13 8 8 5 6 4 12 5 8 9 4 10 7 10 5 11 8 8 2 7 5 4 4 6 1 2 8 10 4 6 3 5 3 4 5 4 1 3 1 1 3 5 1 1 2 3 2 1 2 2 2 1 3 1 9 2 2 2 1 2 2 3 1 1 2 1 4 2 1 1 3 2 2
253 1463 5650 16445 40560 96448 190289 395287 676778 1212038 1918848 3251332 4266615 6824601 8737781 12572581 16096772 22621521 26557371 37274026 43109310 56534144 66173133 88674050 96052847 129611488 146581331 182526117 205394533 263877976 271500912 367526727 392251311 486927566 541020241 679012169 701226191 911761934 942786467 1152695199 1263439949 1545145299 1595988803 2021617010 2103158631 2561952129 2741021137 3316935859 3379724215 4132980902 4480968581 5165461651 5573193085 6473737206 6742913597 8118401175 8691984203 10515047726 11670032987 12543540613 14033959572 15813347726 17346480950 19608505584 22386152987 23858469063 28473405196 31325313432 34510493562 39304034177 42274553142 46109064220 52305316900 60700889839 65872776097 75721945794 80104894701 89407059608 98711130801 110273198820 121812233109 136913495905 157742976146 157897239218 175532845713 200954975533 217443994926 253094901029 265649538496 294462951509 344505076463 361244696383 395963527987 463823119182 471545061255 552681003754 619973795030 663141257791 701185813044 726120391970 854119773036 930345028423 1043613083444 1139719235824 1156191207635 1401786192487 1482274330400 1558106597409 1681689684282 1917528225554 2020549837807 2346478528712 2472749322324 2615185296059 2840525984354 3206801862123 3362947542636 3940086653075 3967217441086 4447041275120 4578985324780 5111900129348 5850125912378 5758999841460 5895745166907 7149518081136 7977073174573 8300513251807 8401265284124 10018303640352 9991929482654 10732378951481 12101792581021 13151560178198 12684726262708 14809173448481 15934975010363 18182367057554 18552173749708 20374760969932 20198678196165 25829654004956 24604703546077 27318181735967 25978676819824 32102346982193 34674999631668 34930557093892 37025052398981 38964690434697 40432108899450 45347206130137 50042105237197 52384910074616 52607259379674 60384059713366 62593750714910 71409690929357 74623349753241 80025231874756 85135307257203 88662817353507 85849275071729 97276480675387 107371296936198 112800492446884 121569770740533 146280611982033 135360665017594 151982192631874 146734956780207 171646719697599 173969639560805 205287200168738 207682741900592 222889805668253 202139790099949 232917377420520 280789863401735 275454894933070 298582902915869 343102019744161 352436146178293 328571092438283 387195084292665 412191521900660 407269260054988 458350678400177 481564554770372 538663130885683 520022671093348 553694026638714 586833758167305 701999379313076 620498417904941 774134787821886 889296200968183 845073740071545 716478476399420 1063719209762855 1085401925754934 1131906261578140 1073735629825006 1240457155639145 1057452068538247 1719251454615973 1266550141792283 1523741672053737 1623648028394473 1629647286955972 1593468797777225 2095513817413884 1827875860456977 2207612301682730 2173011060904808 2155820147364422 2194895184473564 3283203516200597 2519648871705773 2788511829074342 2953932200357456 3141894807256068 3406577599760683 3436668311201982 3347398930512431 4284938770756258 5418647477614214 4745051525177838 4948775304955686 6627557105069211 5144311375789683 6228899114343835 5316861089128791 6087048170727500 5984030854378968 12564458735517147 10398868659250300 6596319513493305 9292215735807932 9032906244942738 9784182018731793 10464348900186995 9915243043770767 7418025699732975 11302202191795983 16053147709518674 9306338401496968 11981504644920380 13994063539076258 14486849984009227 14135895321293984 15737653308271825 16098996054091603 13158105127079760 21128401067564484 21963851355266146 20191314478568261 14720671984483670 18128399780179784 23277515328555706 16473811237308567 33384589990478514 14684112607385316 24751495352937762 28673676585521174 26410045556088981 22453311707300648 29888882575909454 25938952379776233 32350177457020528 26615775175599758 45545112957298954 39753621466535793 41496685550435027 52240180695872912 50856217705053335 41788601812322514 50459198543398925 45393711059122338 76240872347672926 68143216797320881 48232645019742189 40588996026473813 52738257735932330 50634113576529770 66456422977880590 35727539189608405 41790395440178396 29766429339405162 85085562695156919 53151579129555468 86872219932774044 29981442449106070 64755560948028729 81222524828177930 127498931316663895 47802598975137331 438725764960550691 63691303773111864 118325956294422410 105976301950614608 95242387189955616 82353214499809360 165307444405145440 93985364446798915 136747397963180593 68680423785955423 99854928730537224 63862312346346183 232054585890885810 90842825165095682 172081210085333019 225954371487450179 111916212041167793 287550776333250115 179613548986756774 330214180554803651 149609748300367859 375872519009926602 328049299268810952 378034377267984598 85496156071909392 314357948789799532 323639794896706043 300946662998608782 213542734799360212 356683351311207009 64325374609114550 137669771892147700 648424385009323584 762272715822584770 410504957514008587 529303371194648730 276800980153302006 509055975479144060 330923581275878316 574464195488927460 630542589168981775 530566059703700915 144117936527873832 462130792138728090 164637479165761044 175943559810422753 564025941156878940 1073091498716431495 229272286871217150 261578907351144125 558726656967404304 894990189188274228 637111947576658168 340122810048577428 726235024096220010 775265065838058446 883245963858716874 471314064268398780 1508872699518000060 572612058898037559 5498085633766956909 1303377759994413918 1390287426917892080 1482866319768163368 843250788562528427 1798350696792176698 2044282456734690724 3268972933273199346 1319510599727473500 1406207446561484054 2996957487181162162 1596675274490756791 7249425998957891800 3861312144700931624 2332821198543892336 2645418340688763701 8450278509653828376 7701076869334858372 9281426249399247030
3 4 5 6 7 8 9 10 11 12 13 14 15 16 17 18 19 20 21 22 23 24 25 26 27 28 29 30 31 32 33 34 35 36 37 38 39 40 41 42 43 44 45 46 47 48 49 50 51 52 53 54 55 56 57 58 59 60 61 62 63 64 66 67 68 70 72 73 76 78 80 84 87 89 92 96
2 58 98 307 247 905 507 1331 866 1587 835 1442 642 1216 546 937 446 792 330 545 251 469 168 380 187 276 103 221 109 181 69 135 59 105 42 74 43 84 21 56 23 49 20 47 13 32 13 24 12 17 6 20 11 9 7 5 3 6 7 10 6 6 2 1 10 3 1 2 1 1 4 2 1 1 1 1
2 72 160 805 726 4419 2878 15791 11281 43507 25828 91544 44770 167841 77671 265670 116078 402900 174457 526168 214273 683413 227659 1042597 452257 1046001 381399 1479396 589331 1536258 599157 2055974 701432 2379275 820230 2340607 1008741 2691955 865334 3408334 1000515 3868799 1237594 5865192 1470224 4957552 1241899 7011125 2244606 6499539 1742054 9681054 3386595 3944171 3759657 4604424 1102241 6900666 5513717 9348622 7815317 8641635 3233090 2899401 24629482 7819338 6175470 12350940 10785566 14179000 37156364 63185904 26543660 34262962 44108109 145067614
