1 2 3 4 5 6 7 8 9 10 11 12 13 14 15 16 17 18 19 20 21 22 23 24 25 26 27 28 29 30 31 32 33 34 35 36 37 38 39 40 41 42 43 44 45 46 47 48 49 50 51
2 13 13 17 29 25 40 23 32 39 36 43 43 45 68 91 128 195 326 525 915 1409 2246 3203 4093 4867 5160 5350 5366 5074 4631 4346 4118 3643 4690 6616 6712 5320 2558 2328 2164 1966 1763 1530 1242 921 1802 2410 1335 462 25
2 22 24 30 37 38 52 34 40 49 46 51 55 67 99 151 209 317 540 995 2024 3734 6545 9626 12223 13492 13472 12665 11740 10631 9887 9282 8756 7717 9913 13908 13951 10558 4817 4281 3857 3409 2853 2331 1799 1202 2118 2715 1396 470 25
10 208 152 106 126 132 163 128 107 168 167 237 343 838 1439 9620 19850 165393 856990 2310844 31061714 972920691 56064786720 1697787489471 34377002437106 157475004324069 93583313459752 79593489256613 71021569759818 64188904014511 87845830138925 193069820818943 938932817959388 1374245323349328 2572018000613451 2167857955639375 1475443585468319 1695443839679635 227806937400558 62029119260948 26543335028774 268818060340792 99110784731569 24413601880079 4761104541429 492126073629 3849203321841 2206845169129 190515787358 6811043675 6655
24 26 27 35
1 1 3 1
1 1 3 1
385 15 11 2
3 4 5 6 7 8 9 10 11 12 13 14 15 16 17 18 19 20 21 22 23 24 25 26 27 28 29 30 31 32 33 34 35 36 37 38 39 40 41 42 43 44 45 46 47 48 49 50 51 52 53 54 55 56 57 58 59 60 61 62 63 64 65 66 67 68 69 70 71 72 73 74 75 76 77 78 79 80 81 82 83 84 85 86 87 88 89 90 91 92 93 94 95 96 97 98 99 100 101 102 103 104 105 106 107 108 109 110 111 112 113 114 115 116 117 118 119 120 121 122 123 124 125 126 127 128 129 130 131 132 133 134 135 136 137 138 139 140 141 142 143 144 145 146 147 148 149 150 151 152 153 154 155 156 157 158 159 160 161 162 163 164 165 166 167 168 169 170 171 172 173 174 175 176 177 178 179 180 181 182 183 184 185 186 187 188 189 190 191 192 193 194 195 196 197 198 199 200 201 202 203 204 205 206 207 208 209 210 211 212 213 214 215 216 217 218 219 220 221 222 223 224 225 226 227 228 229 230 231 232 233 234 235 236 237 238 239 240 241 242 243 244 245 246 247 250 251 252 253 254 255 256 259 260 263 264 267 268 271 275
377 1503 2527 3755 4967 5170 5362 5906 5018 4992 5319 4728 4455 4826 4238 4133 4323 3886 3857 4012 3488 3488 3548 3390 3146 3376 3082 3049 3074 2761 2609 2835 2486 2438 2703 2333 2240 2440 2085 2119 2204 1976 1935 2066 1786 1800 1842 1723 1625 1717 1505 1509 1651 1444 1355 1511 1256 1282 1403 1267 1167 1256 1077 1041 1117 1052 1015 1114 922 865 937 832 785 898 810 801 859 712 686 770 703 659 696 627 580 621 543 494 593 502 493 565 478 443 495 437 435 477 382 406 423 355 329 359 311 337 345 336 302 348 264 252 313 238 228 313 238 200 220 208 172 235 191 212 201 180 150 191 171 154 157 153 126 159 107 125 139 111 96 138 110 108 120 98 95 98 82 96 84 83 66 81 48 67 87 66 57 74 57 48 62 52 43 67 45 37 37 40 32 41 32 33 41 27 21 28 27 22 19 20 22 27 16 19 19 21 12 31 24 21 20 18 22 18 16 15 19 10 7 18 11 8 11 15 9 9 6 8 9 8 4 8 7 3 3 7 3 5 2 6 3 3 1 3 2 2 2 2 1 1 1 1 1 1 1 1 1 1 1 1 1 1 1 1 1 2 2 2 1 1 2 1 1 1 1 1 1 1 1 1
377 1560 3600 7493 15531 23770 37341 63697 81882 116930 184132 230959 304265 455805 542132 703048 1013571 1182305 1515738 2089549 2378344 2956042 3936856 4748465 5527606 7477938 8628269 10516400 13336384 14902373 16822681 22970796 24739617 29631353 39559480 41253618 47941002 63947949 64952496 79741734 101852973 106362733 121915385 156262997 161112282 194622394 235826484 268038748 292199143 361981073 367069045 436932766 565068308 580237077 629327899 843491913 790866838 945406802 1226332687 1249305886 1344217517 1698222242 1658000445 1859599421 2340370319 2542484095 2756286664 3498217442 3374336781 3632107933 4394657391 4715257072 4906711048 6386035444 6615827190 7407007045 9189238685 8602107809 9669280736 12394733347 12696966265 13469080321 16447582485 16604487570 17205116042 21503776228 21632895632 21757762151 29280466065 29288206987 31527706777 39183822777 38866916829 40398145004 51078245243 51120432569 57169730293 69746157580 62613850307 74099325264 89824121369 82169577954 87153705527 108696570855 103038001255 124579893022 142988281669 157994334601 153161516799 199445524961 173997677109 186297896236 255029574729 219748025643 229187043362 344424779808 305864654652 276365154100 340033016433 368064693249 330836567231 519840191364 448004106936 574984890023 600620046386 617653070535 534375257972 805534041384 782962091324 772307400772 859318225920 945525869024 852758513966 1196791063529 895044647509 1158578835442 1392065195158 1250745910508 1145241744203 1847161798474 1586671661909 1746701336953 2176990940746 2017375221067 2132571901952 2366098974067 2253520234931 2867449426919 2726404943925 3017895216773 2662494655491 3632548124703 2416778991451 3610625534915 5208822883250 4332688049973 4172652505506 5810794555542 5084627640828 4533019523390 6574283510616 5907603572313 5718272992865 9113774473133 6887175501450 6208009926065 6947911592249 7993447772010 7488101405690 9872630930741 8764506873013 9311483015358 13491022582175 9278964778087 8284374851385 11658427632570 12440815568760 10945590413875 10416058537305 11871752665825 14418845584616 19526121888792 12554810560832 16268932440973 18126126350752 21411968534193 13359929882224 38268823761673 32140233454068 30525563343477 31950010037180 31701803935823 41554606015743 37584485905594 36474594414888 36779245954443 51607002567285 28908486548727 22587953570382 63524358639261 42722209531479 32850086122881 50701626064605 74495248908255 48031379709845 52291457024515 38124724701900 55319317658120 67396833436998 64789025037810 35607367755460 77440673844488 74110026478337 33844095646796 38850287777685 96252920348225 44640848196249 80375096820704 36056365033342 114351789677922 60395991331657 65558429192583 25025873760111 77204156445837 56606958867365 61400940637907 69286252645038 72204259905089 40718063627362 44132934884255 47826239745920 51820051838712 56138148670947 60806135438329 65851585970275 71304185514919 77195892663512 83561103925871 90436839668817 97862933703585 105882246722733 114540884553038 123888443077259 133978259344888 144867692496445 365947779708052 395453033363344 427273839641250 230793554364681 249291451168559 538465402505158 290726957916112 365749566870782 394723676655357 495741934760846 534715062908609 670448123060170 722760953690372 904760108316360 1218374349844333
5 7 9 11 21
2 1 1 1 1
3 3 7 15 385
