6 18 30 42 54
199 3157 35986 47290 13356
6660 51480 413633 174295 19186
457928 196772660 6904412671118461182 3235015711555657446 61091672556248
6 18 30 42
41 363 417 19
424 1851 702 22
19037 8134333 27454068 114880
3 4 5 6 7 8 9 10 11 12 13 14 15 16 17 18 19 20 21 22 23 24 25 26 27 28 29 30 31 32 33 34 35 36 37 38 39 40 41 42 43 44 45 46 47 48 49 50 51 52 53 54 55 56 57 58 59 60 61 62 63 64 65 66 67 68 69 70 71 72 73 74 75 76 77 78 79 80 81 82 83 84 85 86 87 88 89 90 91 92 93 94 95 96 97 98 99 100 101 102 103 104 105 106 107 108 109 110 111 112 113 114 115 116 117 118 119 120 121 122 123 124 125 126 127 128 129 130 131 132 133 134 135 136 137 138 139 140 141 142 143 144 145 146 147 148 149 150 151 152 153 154 155 156 157 158 159 160 161 162 163 164 165 166 167 168 169 170 171 172 173 174 175 176 177 178 179 180 181 182 183 184 185 186 187 188 189 190 191 192 193 194 195 196 197 198 199 200 201 202 203 204 205 206 207 208 209 210 211 212 213 214 215 216 217 218 219 220 221 222 223 224 225 226 227 228 229 230 231 232 233 234 235 236 237 238 239 240 241 242 243 244 245 246 247 248 249 250 251 252 253 254 255 256 257 258 259 260 261 262 263 264 265 266 267 268 269 270 271 272 273 274 275 276 277 278 279 280 281 282 283 284 285 286 287 288 289 290 291 292 293 294 295 296 297 298 299 300 301 302 303 304 305 306 307 308 309 310 311 312 313 314 315 316 317 318 319 320 321 322 323 324 326 327 328 330 331 332 334 335 336 337 339 340 341 342 344 345 347 350 353 354 355 356 359 365
340 1587 3825 7086 10538 13479 15643 17401 18174 18606 18453 18036 17639 16188 15737 14751 14057 13344 12531 12200 11750 11030 10835 10326 10256 9653 9363 8952 8746 8307 8239 7884 7542 7443 7160 7031 6839 6591 6269 6211 6063 5784 5895 5466 5326 5113 4948 4912 4795 4712 4500 4483 4243 4161 4137 3986 3932 3834 3760 3516 3582 3371 3408 3223 3155 3028 3108 2858 2838 2743 2667 2658 2587 2520 2451 2368 2273 2235 2267 2099 1998 2073 2008 1927 1955 1778 1788 1778 1735 1735 1678 1537 1522 1489 1505 1464 1392 1377 1320 1315 1199 1206 1202 1192 1113 1178 1082 1113 1096 1021 994 1003 898 925 980 925 826 814 742 835 796 748 723 713 707 692 610 648 643 637 610 587 606 549 548 552 482 508 494 485 510 475 458 417 429 399 410 396 381 396 384 359 365 371 385 325 338 337 328 329 322 271 318 304 287 268 259 255 256 263 241 232 200 207 216 209 207 200 180 194 183 170 162 161 172 178 147 181 154 160 151 169 145 133 130 128 121 115 117 108 97 122 110 106 126 107 102 111 98 92 102 91 98 78 70 82 84 77 79 75 80 88 82 64 75 71 59 54 57 63 57 66 49 57 48 45 55 41 51 40 43 44 44 40 34 32 39 36 33 44 27 26 27 25 26 29 29 34 24 29 33 26 19 21 26 26 25 22 13 8 17 24 17 12 15 4 18 17 16 20 11 16 13 16 8 7 11 7 11 10 11 8 8 12 6 9 9 9 3 6 6 7 2 9 3 7 5 4 4 3 5 5 4 3 2 1 6 4 2 5 4 7 3 3 2 1 1 1 2 1 1 4 2 3 1 3 3 2 1 1 1 2 1 2 1 1
340 1746 5411 14057 30136 58069 100845 173214 274605 424340 619209 915120 1272394 1686279 2299174 2985611 3877367 4931283 6179292 7937677 9984202 12084708 15162636 18421741 23412510 27494014 33649028 40481211 49518807 57616233 70189842 82348472 97046344 116542412 136038773 166530963 195301262 223260046 259423122 303255614 357920845 418256437 495184082 552446628 635428778 735391944 852026799 985814437 1142609621 1338967934 1476586593 1750205239 1906443016 2228924504 2546698707 2899332510 3399465786 3847832257 4383599785 4783150432 5586709553 6159650025 7035308193 7760071515 8884655385 9881194277 11507300022 12453687751 13967082379 15804487221 17583211171 20224935307 22155858275 24792492087 27458713450 31028906050 34440085899 37492449803 44974440409 46102522442 49706622340 59378721635 64050958172 72046613039 81097356471 86118757232 97504441860 108581585731 118699725779 138257047912 146376897184 154280084537 167362406709 190512588255 216001303614 231122668167 250147062763 276263390204 297171613779 336119032201 345321839193 392339655236 436207120763 467560877194 514677523765 603868731465 628234740736 698509858775 784968917854 805730169049 894518243031 997445798686 984789213370 1154434219150 1384909326591 1401161314829 1459863404568 1573636758048 1556142420322 2077432463982 2073471716813 2224735668079 2325963816746 2555305135985 2807777218994 3101696266977 3192084400527 3556937817032 3923164828066 4382401207417 4685721868251 4984108550345 5609160628983 5576069476935 6440644461638 6929725205848 6648901965133 7804059318742 8496217192609 9397921485980 9976375160925 10372700896719 11230260341658 11474377614805 13503035088949 13542614663943 15654999618242 15998532989154 16695748105462 20600328100036 21651402621907 21051548418983 23897714664673 26064239642271 31531385531018 27729628367943 33962965317770 35112579145527 37448491594094 42272038280460 45021184604140 40463848048660 53771647952418 55057929816151 57309866847126 57182491164484 60801843229250 68805297023645 74391306987442 81814109861916 84784017596839 89805470195452 80321675998564 91094239409499 109899904404818 114984375833646 119814254064161 128200002226420 127837255811260 161287096602690 154919926281526 158506635754473 157688239538920 168297133298022 202948806150772 229258570515561 196723000539895 267809364743971 244302558548468 296781887289865 294050981868755 394415739797755 337801599775065 338794146840550 380108861537681 403152603004364 411820219946134 421320121826818 487954581987291 453246619524582 415753980806731 614963906479960 633422956590774 650371084123353 805244975892042 753290996243777 831826255102286 930670117413480 872938444710710 975515643312622 1072416931026184 1027916353197422 1226743826497291 995348170701164 990096625218447 1294271364992523 1394862405725468 1596030901557811 1556506443206768 1644644429561042 1991480247952514 2473485863862079 2375481487721131 2082144715085118 2391675596554391 2530559218543316 2264406324859116 2274809720188870 2466969043485201 3089983910147695 2912863815181002 3951405511130877 3066695095746483 3919993177427768 3916748658923701 3180898266321414 4524677260241103 3890051921961099 4866650585254429 4327495754668064 4895719592493826 5580520846911753 5685514380401485 5526173755733247 5645972494476133 5257379385006075 6502062721987969 6847175468399811 7050127250340256 10525066019776467 6218858466367696 6967508735847296 7933220900186097 7735069958203035 8553590053428093 9844712858317129 10438447013041594 14427812921345630 11130328847643962 13412811387781910 16177832353028923 13852709776315998 11492699928875327 15592612130240752 20016694531337438 18576616922376055 21096508080213936 20081876747100645 12028919568368277 8493212282988565 18300649858868170 28858611994248084 20108507857911810 15369911805907052 24957065469049497 6083921971404700 31249969290042014 32233445590887131 31185906810410842 42898456427781128 24986887738595073 44770835151021803 34500935592391850 42382526782247701 22893268520290380 21014924703945769 38412784767081850 25312169028413091 45470117985362850 40726553450382585 48932190600968373 37962949663063078 45660007574656696 65921425814619528 35405040912283270 62185279800889442 62213475280645736 66288655837965750 24090745154829120 57392234475645250 62241233912030906 67483138379784810 21314662465097678 102919878700398936 35973978116281034 91242525389575689 70593313326400025 59547520881851587 64959146143318652 51068146802124253 89585516998642613 116066745186531927 84391714874635618 88916205385680456 47650112806317827 26415807633566326 166051696631116664 121304727959371856 64976586702933308 167066789793281622 149097623106992308 276791798938748023 137317075630734084 147016930905713625 101467687864066516 60105349839666544 120210699679333088 128650749218229100 157602510605333230 84300815636225119 84300815636225119 373251090345504766 220615720850585544 353848474638341916 126108517833796355 404457541869904560 462130792138728090 329274958331522088 188008647052292980 229272286871217150 279363328483702152 596660126125516152 318555973788329084 680245620097154856 413766180933342362 610898403751884101
3 4 5 6 7 8 9 10 11 12 13 14 15 16 17 18 19 20 21 22 23 24 25 26 27 28 29 30 31 32 33 34 35 36 37 38 39 40 41 42 43 44 45 46 47 48 49 50 51 52 53 54 55 56 57 58 60 62 64 65 77 81
4 46 55 133 108 216 173 286 153 247 169 260 85 138 116 111 62 80 40 64 27 62 36 46 24 35 22 16 14 10 11 18 12 11 6 8 7 10 9 5 7 8 8 6 2 1 4 4 4 1 3 2 1 1 2 2 1 3 1 1 1 1
4 55 88 332 355 1222 1135 3685 2279 7458 5885 17712 7013 17790 18130 28078 15803 37405 18903 57091 24144 94225 40358 88479 46283 111201 64543 92942 80446 82774 82968 173728 107638 162222 99681 198722 145446 235711 307329 282576 326426 536333 601782 437934 181523 126522 371306 678140 722482 211116 713455 551276 479886 563178 1092564 1223040 451276 2977480 1430440 966467 6185689 12132164
