4 5 6 16 17 18 28 29 30 40 41 42 52 53
34 40 41 349 458 363 9552 12151 9607 22923 25649 18013 664 134
101 117 126 808 1037 791 47171 58340 45247 62040 64498 41953 671 134
1227 2216 2170 405188 887319 1842920 946795926835071 4788986820981029 14822303879877952 938947938888365200 799987511556024336 315779102519572697 95122060 67900
4 6 16 17 18 28 29 30 40 41 42
1 1 8 15 10 71 92 85 3 3 4
1 2 11 21 17 99 117 110 3 4 4
4 13 2022 111024 120431 238552 155270 176964 389 5653 1162
3 4 5 6 7 8 9 10 11 12 13 14 15 16 17 18 19 20 21 22 23 24 25 26 27 28 29 30 31 32 33 34 35 36 37 38 39 40 41 42 43 44 45 46 47 48 49 50 51 52 53 54 55 56 57 58 59 60 61 62 63 64 65 66 67 68 69 70 71 72 73 74 75 76 77 78 79 80 81 82 83 84 85 86 87 88 89 90 91 92 93 94 95 96 97 98 99 100 101 102 103 104 105 106 107 108 109 110 111 112 113 114 115 116 117 118 119 120 121 122 123 124 125 126 127 128 129 130 131 132 133 134 135 136 137 138 139 140 141 142 143 144 145 146 147 148 149 150 151 152 153 154 155 156 157 158 159 160 161 162 163 164 165 166 167 168 169 170 171 172 173 174 175 176 177 178 179 180 181 182 183 184 185 186 187 188 189 190 191 192 193 194 195 196 197 198 199 200 201 202 203 204 205 206 207 208 209 210 211 212 213 214 215 216 217 218 219 220 221 222 223 224 225 226 227 228 229 230 231 232 233 234 235 236 237 238 239 240 241 242 243 244 245 246 247 248 249 250 251 252 253 254 255 256 257 258 259 260 261 262 263 264 265 266 267 268 269 270 271 272 273 274 275 276 277 278 279 280 281 282 283 284 285 286 287 288 289 290 291 292 293 294 295 296 297 298 299 300 301 302 303 304 305 306 307 308 309 310 312 313 314 315 316 317 318 319 320 321 322 323 324 325 326 327 328 329 330 331 332 333 335 336 337 338
257 924 2022 3486 4954 6101 7107 7462 7635 7411 7364 7015 6861 6492 6223 5987 5894 5614 5533 5295 5257 5180 5067 4876 4713 4491 4465 4270 4349 4292 4239 4020 3999 3819 3899 3708 3532 3320 3333 3144 3029 2963 2932 2914 2878 2808 2723 2611 2553 2476 2397 2443 2445 2319 2281 2257 2224 2168 2099 1972 1938 1883 1849 1737 1733 1620 1696 1623 1554 1473 1503 1421 1383 1405 1372 1403 1339 1263 1305 1282 1272 1223 1174 1111 1084 1066 1031 992 964 929 911 837 866 825 797 768 794 787 809 766 736 744 771 761 724 649 637 625 606 575 592 549 543 501 486 502 485 421 447 428 446 448 445 443 414 404 408 393 358 349 362 335 333 316 320 296 286 267 276 267 245 251 252 241 242 255 240 246 221 208 217 200 192 192 199 190 177 193 177 160 161 158 160 141 141 138 130 139 124 140 111 117 108 108 111 103 106 111 101 100 101 99 90 85 78 88 85 80 88 79 75 71 75 67 64 60 56 59 58 63 65 58 66 62 55 47 47 39 48 42 48 33 31 34 32 31 32 30 35 29 33 30 33 30 28 31 25 24 22 23 17 22 21 17 16 15 20 17 16 17 20 18 19 20 23 19 18 19 18 18 15 13 9 9 10 10 8 9 10 9 8 10 8 10 10 11 9 8 9 9 10 10 7 7 5 2 2 2 2 2 3 3 3 3 4 2 4 4 4 4 4 4 5 3 3 3 3 2 2 2 2 2 2 2 2 2 2 2 2 2 2 2 2 2 1 1 1 1 1 1 1 1 1 1 1 1 1 1 1 1 1 1 1 1
257 1004 2927 7162 15102 28120 49293 78998 122476 178844 262745 364541 503371 674512 893349 1169672 1538219 2001981 2575102 3244669 4176652 5379946 6761918 8376967 10118694 12132371 15109116 17885619 23024207 28251893 34520611 40461049 49819976 58002278 72530059 83525184 97001695 109488034 131830883 149502323 175745182 204936584 238090641 283763382 334398942 389563274 448643251 501862875 583164005 666335272 761322216 912001906 1086886433 1208575764 1371282409 1581721376 1839760366 2048815824 2373626407 2537201520 2953659104 3253744991 3725102288 4008145498 4686178612 4936586835 5959541290 6657912415 7423359489 7973012440 9407119699 10191497909 11409568408 13099558925 14718544367 17427173580 18630363028 20156015637 23406801203 26356234963 30232811647 33120148727 36418561085 38479114307 41232957197 47065483162 51619811416 56136066557 60263532440 65564107323 74114581604 76786961870 91169836638 96779471169 105968185143 115437987818 132619129308 150709514376 172386648691 188003936572 195891446524 225454835576 263673694057 295517414981 318866609187 313065373495 341092523351 362790322667 403720536703 427151803908 495362944277 506654705881 555474149763 574343190854 634553465839 718571915450 771614645445 757018726950 887149417806 957467440307 1076962895451 1239475658223 1342247895265 1464643069403 1507769408386 1664988414959 1863086366998 1981769612865 2029064622802 2113057661793 2498820605971 2545947924311 2830219728613 3006866014809 3468588378998 3435393536907 3738905948462 3971659177969 4385363499041 4649163083965 4742480495497 5189273329953 5615963825020 6139235317824 6607967075447 7887446586758 8080584091954 9031675289393 8960270030437 9173972655765 10637219325496 10843334753719 10884462142040 12160116035474 13631781823754 14516692020458 14942076474069 18254809735415 18399378023286 18547529253458 20843249280138 21581857727436 24864722877396 24648523146094 25590795472475 28390273538833 29912891795865 35241770395358 33557895763681 42274558817455 35312537781887 41185328793975 41707382250344 45922697188544 51423336873393 49846039456261 57179816394070 68010423665750 65143622480550 71862862954765 80001050153238 83744206267846 83523539967201 88596464306328 86713575332039 105657956414571 114248505836068 115213080072604 139756889008760 134832835785471 143633619825508 144866042658711 167705769749456 158792685603202 161863793773669 172441066271093 169797710331036 199990843554442 199299582536007 250760272402417 271796229800598 264627507833362 326992341821368 338858604081386 324371806913434 310325154719982 333602142834175 299111323430620 399411908787810 371767977706719 466964829489835 353215202312674 350127404699254 422054738358680 445774830428136 446514755933815 524913097951815 510388667809278 660852273634079 585106565698710 777290769885423 714445029725525 869602895809629 814237301633544 853937805177264 992693673066094 876855806415869 910360392700403 908736757210228 1015568484275561 806586476920673 1157019407012172 1201794524912618 1085996551687815 1120492618078780 1091793572336908 1610812246576267 1576690917809567 1539499598341582 1777708705985667 2135314737966765 2186914037097100 2356250600730307 2692465651031100 3324372555792882 2991359610180908 3077176316939838 3495351787530856 3594524921847662 3899997445202345 3538287158938392 3111303587564121 2283505560685071 2573554107917942 3023094746113885 3288693550718740 2818415324477848 3465590760544488 4134493213077564 4035073755920118 3893543109462426 5191258116495038 4445550951423108 6037715198846362 6510038404399480 7741119168073284 6842586638444118 6535210540520571 7947395840998602 8563286544616830 10275885539351694 11069261997363593 8267212911193150 8903330252797859 6963050061510015 2933730058024625 3158274462188346 3399572402394440 3658842536648853 3937389956166659 6432398475940107 6920224602357938 7444124325429107 8198619550642605 11549662565336200 6099067661078552 13352889903109316 14354876520199932 15703688645957688 16877554114348380 18137012507603544 19488152225888336 26171855348768360 16868978075851815 18119291646286545 19460022381237264 20897550432587493 14959130157021168 16060496769886080 17240992550930050 18506165873447204 19861944784807002 21314662465097678 22871084155644208 24538436038458930 26324435790115408 28237325330560010 30285905477714388 34828360266294590 37342976599200728 40034853525153890 42916192074705782 46000013310974674 49300212301660980 26415807633566326 28305020340996003 30326181989842964 32488293351466654 34800954869440830 37274405776748077 39919565526999991 42748078035954696 45772358543578028 49005643635237875 52462044228828641 56156602112874289 60105349839666544 64325374609114550 68834885946073850 73653287861850339 84300815636225119 90175434980549623 96450110192202760 103151466321735325
4 5 6 7 8 9 10 11 12 13 14 15 16 17 18 19 20 21 22 23 24 25 26 27 28 29 31 33 36 37 39 40 41 42 43 44 45 46 47
2 7 16 28 23 35 18 24 20 24 20 20 12 18 8 15 8 14 9 13 6 10 5 6 1 5 1 3 1 3 1 2 2 1 2 1 2 1 2
3 10 42 84 114 222 192 388 528 878 1072 1395 1093 2225 1429 3248 2422 4743 4796 8130 6183 9761 6681 8893 3762 12136 3718 20476 8349 44869 24620 42597 65720 26015 95304 37338 127850 74676 159522
