1 2 3 4 13 14 15 16 25 26 27 28 37 38 39 40 49 50 51 52
3 18 37 4 151 278 285 39 3795 7176 8834 922 15302 24149 24961 2538 4684 4492 2164 133
72 81 114 9 391 582 634 78 18765 35014 43978 4468 50571 75799 72768 7037 5855 5302 2392 142
1361 1497 1872 141 25252 34500 131389 4048 382238145564 9756048087471 129728183329662 16785911009240 1315379019548608738 1928229750679294260 1507251007869049396 160132510340590285 5896556263862 1080079518370 28389435007 89563653
3 13 14 15 16 25 26 27 28 37 38 39
2 2 4 5 1 32 60 73 12 13 15 10
2 4 5 6 3 50 93 110 14 13 18 10
15 14 81 57 42 36024 130555 304383 80925 7093 36067 621
3 4 5 6 7 8 9 10 11 12 13 14 15 16 17 18 19 20 21 22 23 24 25 26 27 28 29 30 31 32 33 34 35 36 37 38 39 40 41 42 43 44 45 46 47 48 49 50 51 52 53 54 55 56 57 58 59 60 61 62 63 64 65 66 67 68 69 70 71 72 73 74 75 76 77 78 79 80 81 82 83 84 85 86 87 88 89 90 91 92 93 94 95 96 97 98 99 100 101 102 103 104 105 106 107 108 109 110 111 112 113 114 115 116 117 118 119 120 121 122 123 124 125 126 127 128 129 130 131 132 133 134 135 136 137 138 139 140 141 142 143 144 145 146 147 148 149 150 151 152 153 154 155 156 157 158 159 160 161 162 163 164 165 166 167 168 169 170 171 172 173 174 175 176 177 178 179 180 181 182 183 184 185 186 187 188 189 190 191 192 193 194 195 196 197 198 199 200 201 202 203 204 205 206 207 208 209 210 211 212 213 214 215 216 217 218 219 220 221 222 223 224 225 226 227 228 229 230 231 232 233 234 235 236 237 238 239 240 241 242 243 244 245 246 247 248 249 250 251 252 253 254 255 256 257 258 259 260 261 262 263 264 265 266 267 268 269 270 271 272 273 274 275 276 277 278 279 280 281 282 283 284 285 286 287 288 289 290 291 292 293 294 295 296 297 298 299 300 301 302 303 304 305 306 307 308 309 310 318 319 320 321 322 323 324 325 326 327 328 329 330 331 332 333 339 340 341 342 343 344 345 346 347 348 349 350 351 352 353 354 355
317 1197 2264 3711 5168 6401 7446 7575 8016 7595 7640 7456 7333 6759 6646 6286 6087 5718 5609 5392 5418 5184 5094 4988 4883 4711 4636 4428 4352 4267 4155 4035 3941 3833 3844 3737 3586 3389 3356 3258 3076 2933 2922 2732 2831 2812 2732 2549 2581 2476 2434 2371 2382 2280 2240 2096 2153 2126 2075 1991 1867 1824 1772 1660 1623 1583 1551 1531 1532 1465 1427 1394 1407 1367 1366 1293 1304 1222 1158 1201 1195 1126 1111 1072 1038 981 961 878 903 855 864 868 866 822 822 787 765 736 731 700 676 635 639 646 604 618 584 580 562 520 501 481 466 496 490 484 492 483 446 446 405 411 387 382 352 369 375 349 336 339 311 310 302 281 275 266 269 269 277 271 255 253 243 227 233 210 221 186 211 206 192 186 182 166 190 174 171 149 160 147 148 141 151 137 141 134 120 119 124 113 118 112 117 99 102 98 103 108 112 92 90 85 81 82 79 86 74 73 64 67 63 64 64 52 58 63 61 58 55 57 52 48 47 47 44 48 47 44 45 41 38 40 33 36 31 32 28 34 31 35 28 28 28 32 29 29 31 28 23 21 25 24 23 28 22 19 18 18 19 16 16 16 16 11 11 13 16 14 15 14 15 12 13 7 12 9 13 10 11 8 9 8 8 6 8 6 5 6 6 7 6 5 7 6 7 5 5 8 7 7 7 7 7 6 5 3 4 3 4 4 4 4 4 5 3 2 2 3 2 3 3 3 3 3 3 2 2 1 1 1 1 1 1 1 1 1 1 1 1 1 1 1 1 1 1 1 1 1 1 1 1 1 1 1 1 1 1 1 1 1 1
317 1302 3289 7741 16008 29642 51991 80598 129646 183860 273411 386818 542325 704251 955881 1228437 1592947 2012022 2599689 3268621 4273027 5312863 6760388 8420247 10555241 12912091 16051061 19093757 23299811 28258765 33769069 40565615 48731939 57672708 71649668 84610995 99269110 113674089 133975555 155434641 176768978 204463305 236425055 265730630 330026269 394480642 451065560 504069666 598366246 665769636 770483513 896129076 1035394507 1186578977 1358719073 1501897924 1789920379 2077903584 2386666587 2686434291 2847404094 3225452715 3622953621 3939102957 4370540893 4915167624 5489249103 6373238954 7302547960 8024929420 8864209829 10016621275 11489198182 12856545560 14656706798 16137458999 18700141740 20029202764 21568503229 25466710031 28922360232 31425018051 35843745539 38402687790 42143368794 45367598650 50840472408 52098413345 59567021589 62742688354 73097906357 83896226564 94195041536 100663243844 114667544440 121694330319 133439847309 140416232675 159989128505 173097127625 189804590825 198686509366 223095584392 247813843874 267111094190 307458554266 322517864569 355155725662 398232780655 406409446690 439951621008 459753573568 497854817000 591559016615 659123846443 731420486353 825229058426 906636408670 921312920916 1045406728085 1037894354667 1189174037167 1252978259865 1351578669624 1414584863434 1641192318093 1849390281632 1933989080372 2092732119227 2298251851405 2240789825264 2495423317463 2673721554894 2747045264960 2897119829791 3228395578694 3531481158841 4016918993209 4559166271477 4956827291327 5307555360950 5681163354101 6214612353925 6084422402428 7026070528342 7018330505530 8007625161733 7470730083159 9293696282139 9892666737111 10478160836955 11038845329467 11541473330232 11716153238042 15010908678737 15075570969246 16541510371543 15991787445742 18474278261863 18414373752096 20199106430070 21145622749298 25701532582854 25079434029767 28415152908678 27831709882309 27155684565324 29507484171666 35045858311079 34525210938276 39342934634020 38843571275169 46658355397002 43682783043474 51987446237622 49959810923864 63471135078310 69561399313950 80388463376835 73436912298965 81251743146258 79957177232293 83544775106585 92188752958553 97302805985200 112900792496163 107053554140255 113185112763690 106802957634988 120449899629599 118387791603463 136183831346582 143838759376594 131769497038647 155515214681637 190247291507572 199564648630849 211605327875757 206686953171774 242821237813704 236401297077359 245015157537582 257847294968646 282170822622256 283664190470575 340211468855784 355541834960659 366132201230495 409143549868415 414157683217517 429783609119544 475962331612111 391437103686317 466836556312928 435762446166358 506038036179271 472146634014416 631757791665129 633532098501503 773863295189511 671946398062297 709602780797742 791595213713277 1011486531529149 990807019193013 1052483132006364 1213519954419109 1168628253896021 1048026030854527 1088307645032212 1289747623809673 1401045939527945 1461867638324507 1860375902324956 1547267957440775 1361059664775350 1385555383338273 1506333740522180 1707132330673911 1630614905497816 1764498901586430 1909077065064979 2065180525424264 1603428974710370 1734026405867699 2176460534966451 2848198404558672 2557123433731238 3129610591806784 2986439258609261 3636812562571037 3236474810144822 3974495381733492 2199956136506724 4433741022367379 3481368656418254 5506220195205360 4168115784501477 5287454835289636 3934235757802161 5199787992184109 4617569925438666 5473023465201767 4127038207755070 6364206284747815 4797762522681594 4392855398014027 5574476608544463 6007578868466790 7448303651415675 6974566829585359 5413069477670563 8267212911193150 7778633353925408 9587153663142445 7280209681222700 8070156370199859 13723274073297858 12873091713538143 13852995721075052 14905622804455289 16036235516398392 17250467796195925 16013397914281536 14282535748883735 9037997455008107 13115443758271540 10447598860044599 14883214669702581 15997155013055361 17192418712662171 18474797437174742 19850485239169924 26949098593162226 17702520456141635 12526438009174603 13452524271274919 21924980301216999 15509813463453624 25271240935873090 27126662148912229 29115027721530604 31245634857501179 33528415388193047 35973978116281034 26324435790115408 28237325330560010 15142952738857194 26415807633566326 28305020340996003 30326181989842964 32488293351466654 34800954869440830 37274405776748077 39919565526999991 42748078035954696 45772358543578028 49005643635237875 52462044228828641 56156602112874289 60105349839666544 64325374609114550 68834885946073850 73653287861850339 110307860425292772 117949491546113972 126108517833796355 134819180623301520 144117936527873832 154043597379576030 164637479165761044 175943559810422753 188008647052292980 200882556287683159 214618299743286299 229272286871217150 244904537455382406 261578907351144125 279363328483702152 298330063062758076 318555973788329084
4 5 6 7 8 9 10 11 12 13 14 15 16 17 18 19 20 21 22 23 24 25 26 27 28 29 30 31 32 33 34 39 41 42 43 44 46 48 50
9 11 22 24 21 21 19 24 20 18 13 17 8 9 7 6 6 11 6 7 8 7 6 4 4 3 1 1 2 2 1 1 2 1 1 1 1 1 2
10 18 50 80 89 127 222 391 480 614 729 1143 896 1195 1254 1111 1878 3832 2882 4609 5947 5938 8142 6174 7158 5108 2436 4872 13310 13040 5604 14883 47652 26015 37338 31185 53174 75175 211116
