20 32 44 56
925 1067 329 1
5215 1839 345 1
1154465 485337 15809 3
20 32 44 56
925 1067 329 1
5215 1839 345 1
1154465 485337 15809 3
3 4 5 6 7 8 9 10 11 12 13 14 15 16 17 18 19 20 21 22 23 24 25 26 27 28 29 30 31 32 33 34 35 36 37 38 39 41 42 47
33 170 409 659 794 824 762 682 535 409 362 293 252 168 177 159 107 104 67 83 54 48 48 43 20 30 20 21 10 10 9 12 8 2 6 4 1 2 2 1
33 193 621 1399 2558 3884 5798 7907 9726 11017 13885 17335 20038 17641 27480 32860 29028 34194 30141 50133 44740 38956 55306 68673 36148 75762 65986 92525 40067 65302 77661 100850 70465 37511 73914 69526 17977 69289 112563 126522
3 4 5 6 7 8 9 10 11 12 13 14 15 16 17 18 19 20 21 22 23 24 25 26 27 28 29 30 31 32 33 34 35 36 37 38 39 41 42 47
33 170 409 659 794 824 762 682 535 409 362 293 252 168 177 159 107 104 67 83 54 48 48 43 20 30 20 21 10 10 9 12 8 2 6 4 1 2 2 1
33 193 621 1399 2558 3884 5798 7907 9726 11017 13885 17335 20038 17641 27480 32860 29028 34194 30141 50133 44740 38956 55306 68673 36148 75762 65986 92525 40067 65302 77661 100850 70465 37511 73914 69526 17977 69289 112563 126522
