22 34 46 58 70
3899 21264 42148 22441 10242
2184734 921091 358236 88988 15512
3608040642056 19310860156289517731 7711100452453960979 1160246859010087604 41663707507010
22 34 46 58
877 687 178 2
12603 2034 245 2
557371977 63404898 621561 140
3 4 5 6 7 8 9 10 11 12 13 14 15 16 17 18 19 20 21 22 23 24 25 26 27 28 29 30 31 32 33 34 35 36 37 38 39 40 41 42 43 44 45 46 47 48 49 50 51 52 53 54 55 56 57 58 59 60 61 62 63 64 65 66 67 68 69 70 71 72 73 74 75 76 77 78 79 80 81 82 83 84 85 86 87 88 89 90 91 92 93 94 95 96 97 98 99 100 101 102 103 104 105 106 107 108 109 110 111 112 113 114 115 116 117 118 119 120 121 122 123 124 125 126 127 128 129 130 131 132 133 134 135 136 137 138 139 140 141 142 143 144 145 146 147 148 149 150 151 152 153 154 155 156 157 158 159 160 161 162 163 164 165 166 167 168 169 170 171 172 173 174 175 176 177 178 179 180 181 182 183 184 185 186 187 188 189 190 191 192 193 194 195 196 197 198 199 200 201 202 203 204 205 206 207 208 209 210 211 212 213 214 215 216 217 218 219 220 221 222 223 224 225 226 227 228 229 230 231 232 233 234 235 236 237 238 239 240 241 242 243 244 245 246 247 248 249 250 251 252 253 254 255 256 257 258 259 260 261 262 263 264 265 266 267 268 269 270 271 272 273 274 275 276 277 278 279 280 281 282 283 284 285 286 287 288 289 290 291 292 293 294 295 296 297 298 299 300 301 302 303 304 305 306 307 308 309 310 311 312 313 314 315 316 317 318 319 320 321 322 323 324 325 326 327 328 329 330 331 332 333 334 335 336 337 338 339 340 341 342 343 347 348 350 352 353 356 358 359 363 366 372 375 377 380 382 383
266 1433 4212 9710 19600 34549 53095 82512 105561 125059 127086 124330 121996 119402 110301 108601 105878 97151 94346 90463 83951 81843 78892 72744 73367 69731 64457 62161 60187 55461 54273 52763 50507 47864 46413 41776 41867 39939 37432 36389 36646 32764 32559 30739 28987 27738 27115 24895 25445 23323 22327 20857 21083 18762 18712 17856 17547 16218 16245 14318 14774 13950 13314 12523 12854 11383 11376 10623 10720 9759 9598 8816 8995 8379 8342 7347 7595 6915 6937 6309 6368 5775 5767 5180 5429 5263 4987 4695 4828 4363 4258 4000 4073 3857 3804 3558 3647 3349 3243 2999 3114 2984 2671 2808 2757 2588 2558 2317 2422 2418 2277 2187 2302 2090 2046 1972 1929 1959 1865 1922 1943 1878 1676 1586 1638 1610 1459 1511 1503 1399 1386 1352 1299 1350 1282 1218 1324 1225 1171 1063 1061 1088 1072 1047 979 956 872 850 860 829 785 778 761 713 730 694 673 695 636 672 724 614 626 584 622 513 563 539 563 499 467 445 486 473 410 467 410 422 385 367 349 372 328 351 395 365 309 339 293 288 290 289 268 379 233 262 264 238 219 228 224 228 213 190 168 195 154 161 182 166 150 162 149 140 148 183 142 167 135 126 106 129 129 129 118 120 107 116 107 103 87 93 102 79 121 96 96 86 76 78 89 73 67 52 65 59 58 50 55 65 50 49 38 39 50 39 51 49 39 27 48 99 39 32 31 48 42 31 24 36 28 30 26 43 24 27 19 24 19 24 22 23 18 24 14 18 15 19 18 29 11 15 30 9 7 11 7 22 5 10 8 7 9 2 13 17 9 10 10 8 10 9 3 18 8 6 5 8 6 7 7 14 12 3 9 11 9 1 4 6 4 4 3 4 4 3 3 12 1 2 4 1 2 1 1 1 1 1 1 1 1 1 1 1 2 1 1
266 1568 5920 18250 47963 119209 248937 543889 1011118 1811491 2756871 4306561 6291414 9112913 12413177 17405216 23378421 30598517 40618318 51828202 66243380 84537986 105934460 128844233 167268969 201321680 245546010 300543307 361932213 431206905 523804649 619955084 748634583 877284478 1034120614 1172636154 1434212229 1626846181 1917029947 2229022214 2659286074 2917745028 3554547355 3918045356 4584151626 5187316199 6029763513 6486850958 7986709563 8440259640 9773901572 10717398716 12684061154 13188500964 16110408689 17246947915 20062643083 21501223872 25166762493 25685350449 32379393163 33471888732 39344129140 40964465150 49317494185 50264064298 60350986594 61505261910 73585138050 75204170155 89064294186 89078901391 108529470800 109331804056 130807788265 127666440208 155698873206 154344406915 188038233541 181523352492 221197118340 212646446675 249845261412 240869523957 300471307698 303996447856 355176526826 346536781772 417483448224 415563188259 486320178877 496394680473 595821790653 588963122016 691833115754 706748018118 829098967863 812413341535 892390036544 921740610144 1067055991627 1153702211647 1146662326346 1363178289967 1459207563966 1514889889821 1665509140455 1733713481886 2002180598181 2232132108060 2345870002812 2552574209157 2820871782405 3047621901872 3312920736201 3531412396553 3873170489901 4511427919105 4562241789822 5357961229095 5704850962580 6249639922518 6190054540812 6726098582939 7561192350535 8601151183364 8058718514936 9565771658107 10045962407863 10909381087693 11301903408638 13138987541010 13341980780664 15915469327489 16405339683830 17230689290080 19557829575573 21871223366218 21509631079388 22369677250728 24492418516718 27771324062117 29584528076868 34162389760451 32379190392303 35522453526844 37201269789635 38547472925622 42120058411580 47119698182323 47484832778598 53585875967190 57645680059254 56658207214025 63579437014466 71497259904745 72778782091431 81818758387359 82255690685029 93767753043518 112770321308761 106845569942640 115551164707427 122422107305759 139081591072752 129089257984965 147807439495183 161170479980379 168378570451557 173252039745457 180178159504389 186269765182609 228750127669933 239127799627799 229663970491836 281253743764895 270727164335670 298097252175432 300541627184070 314654310746845 311933596720893 388765894900564 351832881531342 418464908937277 507182202397150 506876136942303 443703931139939 603162861359581 523102952689572 545786176566998 614903064322368 668632241566055 685574625190133 1017235731690812 714486727350048 901771738942681 926918795802660 941555450341292 892562296394955 1077529663692323 1113745406532459 1235584616546608 1237255815455067 1209965333222326 1147845361567147 1595810931280800 1225664793855512 1472616400875440 1729218647907238 1673923002822910 1693800631128803 2210317790419574 2101341784209578 2185056149323241 2269629910245062 3063197151042155 2480257805789703 3420938347533648 2937765449590351 3152533029373700 2863556130085993 3750585450627632 4048863827916374 4261901647886802 3934152982010428 4241235599690590 4574352746510367 5668116321463938 4895663292348830 5418827234173433 4648732174813164 5705122209005374 6945784585056917 5328243019261652 10115837734995187 9231477612405169 8281411610041814 8672094007649317 7901705639270363 8734914748241597 10976914555663238 9268856789979144 10115091657004541 8455678096210488 10357090182055608 10446310404799403 11842956251807473 10143582850143533 13185764157057306 15033302614582952 12905253100875016 13420328786778556 12588928978644410 12486101696768525 16576674772187171 13889714488096598 18928014394621253 20955435712613029 19444292200770613 13976583111958671 26864966094340089 53118170237877736 24020045381281431 23861876616577353 23539361273840157 35712901758557498 44513209525988224 29170692216119394 23406355357241094 40833537972651655 32066407693423684 35885830367735947 33898777927438357 56552856978095658 34068811563947179 41634189282737380 35131195007296105 44500261035714323 44112768067317027 57111017405875243 49930980636694346 58266946313879535 55065832984711490 69399776602828894 44962310599052680 65350382611783380 51544466596971724 68988468215319084 67148500679038977 123777826617535097 51892120736300304 70063426812197885 147248140734007284 48663826116570780 45400712725749750 72924076830129753 47802598975137331 169748978132273709 45428073777495960 90103475905939395 70861730187495931 76058331860828513 93736904572503537 31971993697646517 151996750777316796 240259141371985747 122285740136408540 184566904722217254 172056649112291479 150855653211737495 179171033997285226 174773087011286181 62933618837282727 392413371144889822 208650159394729186 153197741353190448 137746676290120661 238567132621049790 244771567280367402 232043376496214930 255973938622622045 574987045152732639 493177348868773417 134292795123110752 415184511983862099 619175328965171394 501714861131822953 56156602112874289 248861448897562188 390461758991646600 348992831646145739 299761118888217632 247402886575116853 348952501233549484 366976415133851629 302753042835673410 316610793068763422 1331335956224334464 126108517833796355 260927698457097875 557874234302350704 188008647052292980 376017294104585960 229272286871217150 261578907351144125 279363328483702152 340122810048577428 387632532919029223 413766180933342362 536679070310691121 651688879997206959 958728697912338045 1161537834849962850 1319510599727473500 3193350548981513582 1812356499739472950 1930656072350465812
3 4 5 6 7 8 9 10 11 12 13 14 15 16 17 18 19 20 21 22 23 24 25 26 27 28 29 30 31 32 33 34 35 36 37 38 39 40 41 42 43 44 45 46 47 48 49 50 51 52 53 54 55 56 57 58 59 60 61 62 63 64 65 66 67 68 69 70 72 73 74 76 77 78 80 81 84 88 90 92
8 51 74 392 304 903 548 1212 679 1219 571 1069 512 886 394 752 336 641 221 536 251 390 191 314 136 236 102 216 104 173 90 193 66 127 59 114 64 74 49 98 34 54 27 58 32 36 27 45 14 30 9 19 13 11 22 19 10 4 2 10 6 6 2 6 1 5 1 1 4 2 4 3 1 2 2 2 2 1 1 1
8 62 112 984 869 4667 3482 14241 9557 34552 17967 69074 36298 113444 58335 204651 83780 301482 111557 434050 211820 555214 241175 697164 285712 740797 335784 1224355 460154 1510494 666354 2116210 777354 2388411 981505 3451700 1395961 2530065 1792354 5220204 1223247 5093209 2148542 6949762 3758256 4997860 3455787 11333707 2844546 7838510 2866659 11492621 4537960 5314123 10947535 11577370 4913667 2401374 2212111 18037681 5786257 7848253 3543166 28361232 1300156 9566832 3483260 3483260 18526410 12350940 43228290 24181603 7089500 57321264 18578182 37156364 47389428 26543660 68525924 44108109
