1 2 3 4 12 13 14 15 16 24 25 26 27 28 36 37 38 39 40 48 49 50 51 52
2 2 9 13 66 120 148 193 180 1064 2159 3070 4067 4528 10387 14652 15555 16151 14498 4876 4419 2413 1076 328
20 18 21 20 126 217 265 373 331 3227 7048 10932 14669 16595 31898 43249 43474 42084 35322 6269 5292 2768 1118 328
170 307 119 283 2496 5076 10642 44082 177943 22011975 1615266404 65936415656 902225772004 5286640994639 136914634844128297 186661179725005333 417604949845512734 831878073788313760 490112809174690792 25060128517483 5468997386971 329150029254 6770047128 27194300
2 13 16 24 25 26 27 28 36 37 38 40
1 1 2 7 10 11 13 11 6 5 5 5
2 1 2 7 12 15 17 16 8 5 6 5
6 2 30 53494 7291 15500 1973 3931 32189 461 6034 1163
3 4 5 6 7 8 9 10 11 12 13 14 15 16 17 18 19 20 21 22 23 24 25 26 27 28 29 30 31 32 33 34 35 36 37 38 39 40 41 42 43 44 45 46 47 48 49 50 51 52 53 54 55 56 57 58 59 60 61 62 63 64 65 66 67 68 69 70 71 72 73 74 75 76 77 78 79 80 81 82 83 84 85 86 87 88 89 90 91 92 93 94 95 96 97 98 99 100 101 102 103 104 105 106 107 108 109 110 111 112 113 114 115 116 117 118 119 120 121 122 123 124 125 126 127 128 129 130 131 132 133 134 135 136 137 138 139 140 141 142 143 144 145 146 147 148 149 150 151 152 153 154 155 156 157 158 159 160 161 162 163 164 165 166 167 168 169 170 171 172 173 174 175 176 177 178 179 180 181 182 183 184 185 186 187 188 189 190 191 192 193 194 195 196 197 198 199 200 201 202 203 204 205 206 207 208 209 210 211 212 213 214 215 216 217 218 219 220 221 222 223 224 225 226 227 228 229 230 231 232 233 234 235 236 237 238 239 240 241 242 243 244 245 246 247 248 249 250 251 252 253 254 255 256 257 258 259 260 261 262 263 264 265 266 267 268 269 270 271 272 273 274 275 276 277 278 279 280 281 282 283 284 285 286 287 288 289 290 291 292 293 294 295 296 297 298 299 300 301 302 303 304 305 306 307 308 309 311 312 313 314 315 316 317 318 319 320 321 322 323 324 325 326 327 328 329 330 331 332 333 334 335 336 337 338 339 340
273 994 2025 3165 4506 5502 6088 6336 6449 6125 6084 5749 5637 5290 5150 4836 4885 4738 4715 4455 4477 4239 4179 4036 3968 3791 3773 3582 3559 3403 3301 3202 3138 2980 2969 2939 2942 2819 2736 2670 2631 2516 2425 2380 2311 2194 2132 2090 2105 2035 2034 1981 1920 1861 1794 1730 1668 1667 1610 1567 1525 1508 1473 1446 1394 1357 1352 1297 1267 1273 1212 1203 1182 1128 1140 1119 1033 985 983 954 951 944 895 885 866 785 797 759 766 736 745 719 744 712 709 651 649 606 618 590 578 560 571 567 539 556 538 490 465 461 453 450 406 411 403 378 365 361 347 356 344 355 359 370 340 333 320 304 284 275 277 271 259 272 269 243 262 245 238 223 226 208 210 191 194 186 195 176 182 166 177 169 169 164 170 157 154 137 134 122 129 120 123 112 119 114 116 115 111 102 97 98 88 90 81 88 83 86 81 78 71 77 75 72 70 74 70 64 58 59 52 59 56 59 55 56 53 47 53 50 47 50 47 44 39 38 41 38 37 35 33 26 28 29 26 28 26 28 26 27 18 20 22 20 20 22 22 22 20 22 21 21 18 20 19 18 19 20 20 17 19 14 14 11 14 10 14 10 12 10 12 7 5 6 7 7 7 8 10 7 8 6 7 6 6 6 6 6 6 6 6 4 5 5 5 5 4 5 5 5 5 5 4 3 3 4 4 4 4 3 2 2 2 2 2 2 2 2 1 1 1 1 1 1 1 1 1 1 1 1 1 1 1 1 1 1 1 1 1 1 1 1 1 1 1 1 1 1 1 1 1 1 1 1 1 1 1
273 1053 2938 6519 13852 25506 42772 68030 104552 148299 217043 297574 412926 542536 723674 934403 1247655 1619696 2104839 2633001 3429365 4205116 5307963 6628140 8226551 9918948 12350587 14837395 18349615 21552026 25769952 31015059 37071554 43264138 53132641 63706442 76769922 89398036 104752628 121944350 143333317 163295039 188475406 221371201 256888540 293018783 338683306 390713223 459390202 527365213 622655757 713947558 817466268 940495592 1069954725 1206877728 1321593923 1554201181 1757032034 1962122354 2193576975 2550760607 2920349415 3312664673 3601149820 4107623085 4695307371 5159114101 5865550652 6668675128 7288182726 8250991354 9419129517 10365402034 12056953008 13485451932 14657229193 15594082081 17908056857 19635672124 22179294490 25260921786 27584805035 30323039846 34067467505 35164420033 40272499298 42138819868 48313424392 52502358401 61732369717 65995664043 79069536071 85159007298 94593403361 97040454711 111337448102 116964402375 132147842288 140360882986 155167108241 169676994880 197320716463 217732325410 231751827259 269976779782 289975074990 301995601910 319950198585 355384223458 385889928885 428749919204 434041284381 493555279706 527853858408 550367233374 591433232935 659379803024 686880675222 795260258042 856501147000 998077755099 1093839796590 1288143115610 1303173143159 1438819957398 1495049475513 1624748617426 1673719996169 1750200615334 1981828081364 2176188395557 2303250622641 2662534652539 2896119268996 2870317334311 3479956575692 3591440571825 3883452659206 3962422549073 4473202735190 4485932452985 5051880363830 5025630883335 5735794880088 6001062432010 6831424710228 6854065257456 7925379641673 7706358694692 9280682968062 9632457354894 10580918239692 11134183773310 13002653012788 13023352642413 14262864808985 13606140462600 15078130176939 14608308006679 17358225447394 17465834063696 20406825314172 19584296540370 23754233446487 24418784359432 27198603049877 28961965333321 31787657827330 31026559709918 32061992084759 34975210209113 35067928271477 38052418185548 38041663557278 45704950938701 46676134425300 53444714484485 54546621707040 57404718975090 56737334309759 67524586798424 71152785463685 75756552864075 80578208386211 92942213646862 94558870883374 97955766355111 93724763096063 104087144957612 99770964801886 127692220629558 131399799065148 151049835046408 149737276149404 166889684380403 173526894888793 159907913148655 200686686732602 207339084755816 213813343506977 241137882084533 247861509087060 254681758871345 243555926766800 260965408433814 307887773255850 306364285286780 334550333429400 333940546728510 346071648710625 288845679445873 350286876832837 382715796660351 388015280562648 437986333165554 432364208014943 502897351893636 510154716752870 573574801192937 421737041289590 488149348897299 597034339143570 576732824537247 644029702805899 762541914621134 856306395764748 934437848151163 868257616367607 1022656168001448 1064275910107645 1161313726336091 1094160609142402 1302262842642280 1344667748998004 1395824249528553 1588123633189793 1802860392765276 1951450431189165 1735353574944347 2179415356473834 1713990522468966 1898087062518155 1537110398265253 2208988748427550 1628796777555398 2581964459628784 1903295448694510 2620644965266948 2222722892915251 3076700050209030 1883344228525204 1306281006094855 1658384720842540 2104583805584443 2272130757972700 2452665757607066 3012918864319981 4103283805323565 3082369588983449 3784954556525913 3091370993008365 3910835888514499 3595530274370349 3876856618709355 4179627230251626 4505434749757617 4855987079786943 5233115516049522 5638783434782955 6075095579627226 4362871987739446 5830464211504484 6279226651165429 6761654532795545 7280209681222700 6200235447890696 8436438774126051 9079963506354975 9771344015924902 10514050181090257 11311797225722970 9627610026058831 8006698957140768 8610732771406645 12419343395376546 13352889903109316 14354876520199932 15430197320539319 12364699218663612 9068506253801772 9744076112944168 10468742139507344 11245985383901210 12079527764191030 12973348254158176 13931700288391662 14959130157021168 8030248384943040 8620496275465025 9253082936723602 9930972392403501 10657331232548839 11435542077822104 12269218019229465 13162217895057704 14118662665280005 16239786535829663 17414180133147295 18671488299600364 20017426762576945 21458096037352891 23000006655487337 24650106150830490 26415807633566326 28305020340996003 30326181989842964 32488293351466654 34800954869440830 37274405776748077 39919565526999991 42748078035954696 45772358543578028 49005643635237875 52462044228828641 56156602112874289 60105349839666544 64325374609114550 68834885946073850 73653287861850339 78801255302666615 84300815636225119 90175434980549623 96450110192202760 103151466321735325 110307860425292772 117949491546113972
4 5 6 7 8 9 10 11 12 13 14 15 16 17 18 19 20 21 25 26 30 33 34 35 40 41 45
2 5 9 15 3 6 6 2 2 7 3 3 5 8 2 3 2 3 2 1 1 1 1 1 1 1 1
3 9 22 43 12 37 58 32 44 203 128 186 420 924 289 775 501 1034 2004 792 2436 5604 5604 6842 14883 26015 53174
