19 31 43 55 67 79
2058 10614 44983 26542 15744 51
316482 669658 490949 126915 30280 51
4028854880 958882605497271415 17674029485753343001 1807381595496326716 2380719423572164 146
19 31 43 55
654 518 290 17
14161 1779 501 19
968714658 92321179 4142584 907
3 4 5 6 7 8 9 10 11 12 13 14 15 16 17 18 19 20 21 22 23 24 25 26 27 28 29 30 31 32 33 34 35 36 37 38 39 40 41 42 43 44 45 46 47 48 49 50 51 52 53 54 55 56 57 58 59 60 61 62 63 64 65 66 67 68 69 70 71 72 73 74 75 76 77 78 79 80 81 82 83 84 85 86 87 88 89 90 91 92 93 94 95 96 97 98 99 100 101 102 103 104 105 106 107 108 109 110 111 112 113 114 115 116 117 118 119 120 121 122 123 124 125 126 127 128 129 130 131 132 133 134 135 136 137 138 139 140 141 142 143 144 145 146 147 148 149 150 151 152 153 154 155 156 157 158 159 160 161 162 163 164 165 166 167 168 169 170 171 172 173 174 175 176 177 178 179 180 181 182 183 184 185 186 187 188 189 190 191 192 193 194 195 196 197 198 199 200 201 202 203 204 205 206 207 208 209 210 211 212 213 214 215 216 217 218 219 220 221 222 223 224 225 226 227 228 229 230 231 232 233 234 235 236 237 238 239 240 241 242 243 244 245 246 247 248 249 250 251 252 253 254 255 256 257 258 259 260 261 262 263 264 265 266 267 268 269 270 271 272 273 274 275 276 277 278 279 280 281 282 283 284 285 286 287 288 289 290 291 292 293 294 295 296 297 298 299 300 301 302 303 304 305 306 307 308 309 310 311 312 313 314 315 316 317 318 319 321 322 323 324 326 327 328 330 331 332 333 334 335 337 338 340 343 346 347 348 349 353 355 356 358 364 365 368 369 381 386
223 1429 3679 8270 14801 22881 31213 37883 46277 49758 53477 53189 54563 49157 49470 44738 43254 39357 38863 33891 34910 31191 30245 28255 27758 24306 25579 22274 22308 20942 21000 18745 19420 17326 17502 16346 16880 14744 15556 13928 14105 13091 13522 11867 12579 11552 11760 10585 11269 9841 10859 9704 9872 9152 9381 8501 9141 8078 8293 7636 8116 7217 7646 6795 7021 6658 6988 5954 6449 5898 6016 5571 5896 5052 5550 5029 5183 4783 4960 4551 4775 4460 4542 4039 4332 3973 4134 3853 3887 3476 3841 3389 3576 3287 3294 3132 3450 2881 3163 2818 2902 2717 2731 2500 2733 2593 2436 2272 2405 2163 2355 2139 2114 2014 2095 1884 2002 1881 1827 1717 2060 1634 1651 1582 1523 1537 1459 1489 1501 1390 1332 1203 1340 1182 1245 1299 1167 1041 1097 998 1047 1023 932 921 868 928 946 820 815 821 801 722 787 811 739 712 744 672 646 621 686 651 624 548 594 547 538 525 543 483 561 483 447 449 421 370 435 411 384 345 372 356 351 332 358 335 305 286 296 282 286 289 249 262 263 232 246 245 203 228 223 216 208 229 200 185 179 149 162 230 145 165 166 150 114 121 122 138 111 103 111 136 95 89 96 103 86 94 92 77 80 77 86 85 83 80 75 71 46 58 59 67 69 46 56 60 32 42 50 51 57 38 40 46 27 34 33 37 37 33 36 45 38 32 34 78 37 26 33 29 15 19 15 20 15 12 20 14 15 11 17 19 18 11 15 14 14 8 9 23 16 15 15 12 7 7 8 13 6 7 8 2 7 6 2 4 4 4 3 6 4 2 4 3 2 4 5 2 2 4 7 1 40 4 4 1 1 1 1 4 1 2 2 1 2 3 3 1 1 1 1 1 1 2 1 1 1 2
223 1579 5106 15516 38101 85083 164662 309193 550673 913220 1437923 2226774 3304855 4539558 6549993 8487116 11584573 14852454 19475562 23146908 31769305 36694582 45991733 56533300 69401444 78227998 104352961 113744619 141454001 168958946 199110158 224866632 287210896 309634471 382193009 446954258 538317652 582321554 735292889 789515762 966423357 1064881031 1282170800 1387006114 1727266778 1865053125 2242570845 2411778393 3039313121 3106338995 3986382110 4195394888 5096146415 5444062939 6488888238 6903623472 8852891319 8932618920 10826855109 11305361207 14316080150 14472265215 17859099699 18064063612 21932661571 23883948331 28484460778 28099156348 35599948115 37404449624 43398004860 46404780312 56207009225 55063326234 69302543836 71234969500 84683046985 86714492991 104641410502 109394120960 132115043557 137005538976 162495631620 163030223536 199849667022 205244978896 241678004429 260268667641 293033955239 293498116165 376489398209 368030215924 456131312170 454357977839 516891369414 553941838997 700131323934 642407401425 794754285608 783980917270 928907551021 982135594087 1142092448048 1116436961800 1362490147114 1503607052330 1564232743471 1602413486034 1927750179284 1854928596944 2346907323686 2412638333285 2631650136751 2760118800970 3281057987810 3183444164042 3818731287770 4034805959591 4453524919020 4578683243584 6409833146895 5167049529031 5973445813726 6509812970119 6854374392910 7604509483341 8220597706986 9352039862240 10119573000295 10272230322768 11128602256105 11320469711742 13710971688025 13311044047576 15958852909175 18960619208908 18156714275870 17685235819475 20972924645515 20799354587879 23771600691837 26541777592843 26909800137803 27915073895383 29652698564661 33711514609072 38938229674341 39377362273677 39128007150774 43694985794067 50408834672958 48035304362907 56299359391168 64885162308422 65717758452958 70719874551507 80983142583311 79237158159143 81022130627678 91242040217500 104107440801083 105984469943731 118702565634586 107927334079195 134604711671234 130609953980629 140299834240048 155231084449170 175829282733978 160719077752308 212358513867228 199021479597193 202341015285702 225473520629339 231266411688267 222139937799644 276941499238967 286792855787530 306055201176215 300234559514825 339468601372522 363307200579789 418611102623142 417359152818863 466381768990659 486545879616472 510949286543372 498179895681822 598451523848435 610457767294349 618752605188089 756543908367388 675650632955744 724982337394063 869908166634941 815770678757122 910237359602095 1024756850156105 967759795702575 1149994529289821 1107291165565587 1156440906284914 1288450454413103 1690433494924674 1536923402983265 1428422112765612 1515198575135098 1398177164553341 1505914552472963 2310037250001903 1687773905942980 2039468498149308 2312454356113025 2329923266868032 1728830732515713 1999920637386005 2150936584881115 2651710876157296 2719957582426121 2562533330237627 2911350437409123 3730642061814776 2888871453311984 3132718519594224 3400498874389721 3453600296952612 3516544282885869 4405115095530061 4753844554463930 4404190210192387 4773338081295295 4833862243021151 5511832685613928 6527392081430658 7164760598092814 6742833853875504 7157340873465037 7454035082074041 5130497348209414 6774968732483365 6591062323727549 8707173718982779 10941299338227589 7387013993186680 9152655645157392 11146487896328270 6225154339648692 8778379783555216 12043716317901572 11942283705503123 14167707620059757 11329864030050104 13950907857191539 15371790487352452 11318359903780625 13515328021701215 12407164436349940 16082716096992090 21779189554979332 17391257562089479 20366683774252853 28608151564430909 26105010085314124 23095771163601712 24435396978395838 53297789325932877 36650943473198671 30503634771756548 33504632507367357 30670953996286900 18558875037455464 23057371128603067 22412121196240843 30237200838788074 22433659631774302 20133319348743435 37980941784067818 29630959860725584 33529796262159196 24983761158454278 39571890914711530 53576925146847375 52042624863746394 36201846636320683 47545671239738927 44335457907837611 45207952791055396 28200059392231304 37344782336965637 97450261913820531 87536416554879810 71053861269654072 76341567966615552 69989932017782401 41028033604233875 44512898399586470 73270119466336940 101631621493259658 48181490309658240 67193226532154245 73392076832530239 19861944784807002 74601318627841873 77714162008934933 23704760097051569 50862871828574338 56474650661120020 59547520881851587 47622525810516520 118376080140078169 70914028699042249 38688915062177309 84391714874635618 67458109348327565 49300212301660980 102131827568793632 141525101704980015 64976586702933308 99777541572374138 181425127069125891 274146639188496109 85496156071909392 1960225745409515000 202935375728133032 232523903905081666 64325374609114550 68834885946073850 73653287861850339 78801255302666615 337203262544900476 96450110192202760 206302932643470650 235898983092227944 144117936527873832 351887119620845506 564025941156878940 602647668863049477 214618299743286299 279363328483702152 318555973788329084 340122810048577428 387632532919029223 572612058898037559 1221796807503768202 741433159884081684 790738119649411319 1701169427975813525 4665642397087784672
3 4 5 6 7 8 9 10 11 12 13 14 15 16 17 18 19 20 21 22 23 24 25 26 27 28 29 30 31 32 33 34 35 36 37 38 39 40 41 42 43 44 45 46 47 48 49 50 51 52 53 54 55 56 57 58 59 60 61 62 63 64 65 66 68 74 75 80 82 84 90 92 93 96 98
7 57 79 273 260 837 478 1437 747 1631 820 1463 671 1189 535 840 349 719 293 557 196 404 149 391 148 269 86 208 89 179 51 130 44 122 68 82 46 78 17 68 18 64 14 45 18 37 9 37 10 33 6 13 13 8 5 12 2 11 2 4 4 2 1 2 5 2 1 2 2 2 2 2 1 2 2
7 69 115 680 741 3813 2604 16440 9176 44263 24319 87567 44422 169791 78483 230391 103377 356770 146869 466080 160940 584780 193973 870539 306880 934220 273860 1122974 417897 1444299 363493 1858978 408486 2061549 882400 1970748 794120 2974454 465754 3125675 747816 5216085 847247 5544639 1308854 4877470 995336 8299042 1088396 9894729 1078858 5555101 3252051 6555470 1802625 8859613 1158465 13295361 902552 3576100 5273169 1932934 1663640 2600312 13460778 8175936 8175936 18578182 48528656 31592952 68525924 176432436 56634173 145067614 370678880
