1 2 3 5 6 7 8 9 10 11 12 13 14 15 16 17 18 19 20 21 22 23 24 25 26 27 28 29 30 31 32 33 34 35 36 39 42 45
1 1 2 7 17 17 21 14 16 16 13 8 21 14 24 44 68 61 54 64 61 54 79 41 36 33 31 37 35 27 25 24 14 10 3 1 1 1
4 2 2 13 26 25 33 19 19 18 19 13 34 21 46 66 85 77 69 85 88 71 93 46 43 38 33 39 37 27 25 24 14 10 3 1 1 1
18 2 3 26 81 79 95 66 57 51 56 47 139 185 338 517 828 2466 1598 4925 11130 5385 3244 2068 2006 1253 2191 955 1706 687 362 479 88 562 4 1 3 3
1 2 3 5 6 7 8 9 10 11 12 13 14 15 16 17 18 19 20 21 22 23 24 25 26 27 28 29 30 31 32 33 34 35 36 39 42 45
1 1 2 7 17 17 21 14 16 16 13 8 21 14 24 44 68 61 54 64 61 54 79 41 36 33 31 37 35 27 25 24 14 10 3 1 1 1
4 2 2 13 26 25 33 19 19 18 19 13 34 21 46 66 85 77 69 85 88 71 93 46 43 38 33 39 37 27 25 24 14 10 3 1 1 1
18 2 3 26 81 79 95 66 57 51 56 47 139 185 338 517 828 2466 1598 4925 11130 5385 3244 2068 2006 1253 2191 955 1706 687 362 479 88 562 4 1 3 3
3 4 5 6 7 8 9 10 11 12 13 14 15 16 17 18 19 20 21 22 23 24 25 28 30 32
34 80 151 230 162 156 107 64 59 56 30 33 18 24 16 15 9 5 5 4 2 4 1 1 3 1
34 86 224 455 514 735 820 756 997 1337 958 1652 1054 2112 1814 2255 1733 1287 1507 1960 1470 3003 1002 3765 8456 3718
3 4 5 6 7 8 9 10 11 12 13 14 15 16 17 18 19 20 21 22 23 24 25 28 30 32
34 80 151 230 162 156 107 64 59 56 30 33 18 24 16 15 9 5 5 4 2 4 1 1 3 1
34 86 224 455 514 735 820 756 997 1337 958 1652 1054 2112 1814 2255 1733 1287 1507 1960 1470 3003 1002 3765 8456 3718
