9 10 21 22 33 34
140 96 397 449 63 87
538 298 660 725 66 89
2944 1800 33986 29375 1870 2303
9 10 21 22 33 34
140 96 397 449 63 87
538 298 660 725 66 89
2944 1800 33986 29375 1870 2303
3 4 5 6 7 8 9 10 11 12 13 14 15 16 17 18 19 20 21 22 23 24 25 26 27 28 30 31
50 134 267 362 412 308 273 207 91 64 38 38 27 13 18 14 10 11 12 9 3 3 1 3 3 1 1 3
50 153 421 764 1344 1661 2306 2504 1638 1753 1503 2003 2087 1378 2356 2563 2558 3267 4521 6051 1925 2371 1002 3512 4405 1958 3916 12308
3 4 5 6 7 8 9 10 11 12 13 14 15 16 17 18 19 20 21 22 23 24 25 26 27 28 30 31
50 134 267 362 412 308 273 207 91 64 38 38 27 13 18 14 10 11 12 9 3 3 1 3 3 1 1 3
50 153 421 764 1344 1661 2306 2504 1638 1753 1503 2003 2087 1378 2356 2563 2558 3267 4521 6051 1925 2371 1002 3512 4405 1958 3916 12308
