21 33 45 57
1135 1374 267 13
5368 2126 304 13
1357920 568727 35263 19
21 33 45 57
1135 1374 267 13
5368 2126 304 13
1357920 568727 35263 19
3 4 5 6 7 8 9 10 11 12 13 14 15 16 17 18 19 20 21 22 23 24 25 26 27 28 29 30 31 32 33 34 35 36 37 38 39 41 42 44 45 53
35 207 477 738 874 880 752 618 493 457 376 305 264 212 188 176 104 112 81 65 62 53 59 32 29 33 27 27 19 10 8 11 7 5 1 5 1 3 1 1 2 1
35 232 727 1601 2923 4468 5796 7461 9137 13331 14926 17553 21838 22833 27054 34440 26342 39927 38922 38968 45905 52777 81605 47543 56272 94465 94921 124205 108890 80124 66765 63291 59257 67893 8349 108337 17977 73667 26015 44583 106348 204226
3 4 5 6 7 8 9 10 11 12 13 14 15 16 17 18 19 20 21 22 23 24 25 26 27 28 29 30 31 32 33 34 35 36 37 38 39 41 42 44 45 53
35 207 477 738 874 880 752 618 493 457 376 305 264 212 188 176 104 112 81 65 62 53 59 32 29 33 27 27 19 10 8 11 7 5 1 5 1 3 1 1 2 1
35 232 727 1601 2923 4468 5796 7461 9137 13331 14926 17553 21838 22833 27054 34440 26342 39927 38922 38968 45905 52777 81605 47543 56272 94465 94921 124205 108890 80124 66765 63291 59257 67893 8349 108337 17977 73667 26015 44583 106348 204226
