27 38 39 50 51 62 63 74 75
4571 12775 21481 11276 25188 6787 13733 1421 2765
759982 271796 472737 64804 154295 18963 39350 1646 3151
770912510909364946 2113520180793108579 30493260516404831935 1271623942942958019 3745072148214539732 34194632929006539 103793682501863309 8742205629 12646695284
27 38 39 50 51
484 195 295 16 37
2615 396 651 20 44
278030862 5945423 10134795 33533 22969
3 4 5 6 7 8 9 10 11 12 13 14 15 16 17 18 19 20 21 22 23 24 25 26 27 28 29 30 31 32 33 34 35 36 37 38 39 40 41 42 43 44 45 46 47 48 49 50 51 52 53 54 55 56 57 58 59 60 61 62 63 64 65 66 67 68 69 70 71 72 73 74 75 76 77 78 79 80 81 82 83 84 85 86 87 88 89 90 91 92 93 94 95 96 97 98 99 100 101 102 103 104 105 106 107 108 109 110 111 112 113 114 115 116 117 118 119 120 121 122 123 124 125 126 127 128 129 130 131 132 133 134 135 136 137 138 139 140 141 142 143 144 145 146 147 148 149 150 151 152 153 154 155 156 157 158 159 160 161 162 163 164 165 166 167 168 169 170 171 172 173 174 175 176 177 178 179 180 181 182 183 184 185 186 187 188 189 190 191 192 193 194 195 196 197 198 199 200 201 202 203 204 205 206 207 208 209 210 211 212 213 214 215 216 217 218 219 220 221 222 223 224 225 226 227 228 229 230 231 232 233 234 235 236 237 238 239 240 241 242 243 244 245 246 247 248 249 250 251 252 253 254 255 256 257 258 259 260 261 262 263 264 265 266 267 268 269 270 271 272 273 274 275 276 277 278 279 280 281 282 283 284 285 286 287 288 289 290 291 292 293 294 295 296 297 298 299 300 301 302 303 304 305 306 307 308 309 310 311 312 313 314 315 316 317 318 319 320 321 322 323 324 325 326 327 328 329 330 331 332 333 334 335 336 337 338 339 340 342 343 344 345 348 351 354 355 356 357 360 362 363 364 366 368 369 372 384
229 1444 3871 8139 14690 25848 32005 39516 44651 46710 47002 44443 44872 44703 41599 39725 40381 38018 35950 34461 34101 32960 31942 29590 29932 29611 27526 25547 26691 25331 23720 23378 23462 22410 21616 20201 20402 20082 19100 17805 18560 17489 16732 15942 16336 15754 14944 14025 14362 14210 13286 12179 12895 12194 11802 11389 11637 10855 10674 9838 10327 9918 9452 9129 9539 8854 8421 7889 8139 7945 7580 7226 7520 7159 7068 6459 6594 6613 6144 6009 6149 5789 5780 5298 5587 5343 4825 4872 4997 4749 4570 4266 4438 4285 3902 3993 4116 3868 3569 3493 3581 3414 3176 3148 3205 3100 2901 2637 2870 2796 2572 2748 2579 2540 2562 2246 2338 2203 2051 2081 2203 2032 2007 1840 1946 1887 1763 1688 1764 1663 1604 1405 1564 1484 1399 1389 1340 1292 1291 1163 1251 1162 999 1028 1099 1012 1012 917 902 919 774 802 818 779 763 739 724 706 640 657 629 650 602 555 548 561 492 516 511 479 499 433 436 443 375 403 382 328 340 362 308 306 303 275 265 311 278 230 254 242 220 220 216 199 239 213 214 199 150 189 207 179 147 176 161 158 180 155 147 169 137 147 144 133 106 134 128 114 131 108 95 125 104 90 128 91 80 97 89 82 93 85 70 78 62 65 77 55 45 62 53 50 61 67 45 75 27 41 37 50 41 42 27 38 36 44 39 31 38 49 34 35 28 32 32 41 34 32 19 30 22 27 13 23 21 17 50 18 14 21 13 18 9 12 11 19 12 12 14 8 10 17 6 12 20 9 4 9 8 7 4 12 3 7 3 9 12 6 5 14 9 5 6 6 10 9 2 4 4 4 2 7 2 2 7 1 4 3 1 3 3 2 3 3 4 2 1 1 3 1 1 3 4 2 1 1 1 3 1 1 1 3 2 2 2 17 1
229 1587 5447 15453 37553 92695 170120 320499 541492 859184 1287863 1916075 2742949 3979692 5305174 7192510 9816643 12892188 16300338 21318933 27181023 34875105 43214976 53605585 67252235 86431095 101316686 120637877 151883317 184939771 213153860 264575741 323952183 382803584 445172522 529449101 627332731 749750428 871907293 981694538 1205355227 1389950021 1568946853 1830746139 2208601981 2516865161 2868964712 3202498479 3792062244 4410805645 5083569115 5412016025 6593090267 7316369280 8428051855 9320252994 11474389602 11989935756 13779422638 15204448099 18275874332 20087518604 23145853374 25145172519 30170916482 32629188305 36145965344 38750884108 46028149316 50311334760 57432627254 62444185242 73627022439 79327413260 90888733905 95321877585 108454453869 126832049613 135380725279 148119781515 177102972921 186545462490 211310022070 224525082380 259379404890 283356889847 298887251017 333532326613 385923577956 417868650366 453902964030 480967486941 561181824463 604766180994 648590454269 727695085051 850396774187 885463295213 937809564028 1057440745152 1165914299116 1231749709674 1355087437463 1464122645474 1703870312270 1822557981438 1915140680629 1950625964618 2396960454294 2575716814009 2693032495862 3158109661928 3339257518789 3632823608461 4215200478215 4059987220719 4652517495643 4864715602024 5228741895195 5576333089702 6988270772319 6925117645865 7524610243434 8071304820152 9125797062076 9538939555632 10760999711887 10914876947500 12649935033475 13480670171573 14426125520530 14037396538825 17050131867030 17572796579135 18535159072785 21057154228870 22251964424189 23462603878358 26361271148777 25926460193384 30049904817691 32252406027138 30252362001461 33764338803682 40688772096481 40148665796838 45724549223499 47001265622579 47598397988889 53323372207846 50665671100176 56411619960138 62417256282076 68548522585690 69695467574171 78231006233187 82044692590235 90067371991681 85443283846477 105113361593758 104730372822623 122314254346748 125663330185932 127212695758573 133052086889971 150952316522490 139714764874240 165988788114773 183707773015027 185863762005627 205669257555587 196471125824713 199332826732911 239937492169507 217134592310113 259761928103590 267179914308792 235720092760514 263678208500235 309644295779405 275982123248839 305950711939141 329499110219014 331555461831940 333655235155181 443152303551172 416060464005360 379662917810810 479787994687600 475812051448858 469799384478982 550533621597512 538354857054758 572951841582807 770492974325081 687958275538015 774461497428143 810037225289751 618057101026767 858312280771217 1090356823081226 958888720043407 818232628985940 1218312987385879 1129553556189699 1268586060353565 1520427819861327 1355896521501745 1418549991476517 1964654029838863 1547880459809568 1761781301917502 2122093086939867 2012111360137127 1687906698900490 2489009412572426 2576570091505370 2260660319665366 3343711041045482 2709357091502105 2489377635630277 3970035998192231 3229710819486164 2948769793152024 5568956675881716 3428698313099798 3679514869898014 4531146862006911 4093587952034625 4346063463428436 5469194874471952 5308658790683494 4574974938445933 5733720709292699 4764121495822053 5363083426856001 8215458261127649 5572168354052285 4995736277099350 8504682092924102 7095959672582231 6526173290861913 9695861605146358 10590759502601626 7384294063696359 14435871718012253 4644436724841410 8869537663800637 7937435780701462 12571064363491444 11619299275934828 13424352715585727 7933379573223390 12384952093068283 13602857830509475 17826141964189623 15884125105423394 14009831731876789 18496384645019990 24764167402920487 19620822640097802 20887903826459215 17510595950628617 20743915722250593 29066244329230446 31094290472244392 31219138277120737 28625343139910111 16824345547350573 31066770147662895 22813872683733516 35073078025806300 16534425822386300 31128184113043809 34616835643007765 29445531507923975 80136161417185152 35258064602121277 25755484633890503 50897545932199585 31264325755427739 46622283420846175 24694592121625032 34183907231605096 34030817864862540 64150814477934517 42981361431639169 45987321282911017 57832156123336032 40433087083284912 60352296024690612 106990101355289962 33815577633154170 75224303087536073 128290322314507320 68225043682984957 33391722669628926 65261225969336244 68968135625892624 81482979630474370 36379745085635831 115104331974762618 31245634857501179 76157740318388403 35973978116281034 127157179571435845 214421265401812468 100879218804114413 81198932679148315 249468766024033105 161756853864137931 132046356560179129 122985899125013562 130290486842251792 284250577342563809 234210865736625262 54720827974562329 121304727959371856 127791062044242926 139203819477763320 74548811553496154 274146639188496109 82667643562954687 91544717087156056 343039505446665125 52462044228828641 217237292683405860 180316049518999632 64325374609114550 197485635164302950 284976347615848378 157602510605333230 252902446908675357 270526304941648869 379525765557157903 206302932643470650 110307860425292772 117949491546113972 404457541869904560 144117936527873832 154043597379576030 493912437497283132 803530225150732636 489809074910764812 298330063062758076 318555973788329084 340122810048577428 1089352536144330015 441622981929358437 502957566506000020 536679070310691121 1717836176694112677 1303377759994413918 1482866319768163368 1581476239298822638 16298387864509746765 2056513475336633805
3 4 5 6 7 8 9 10 11 12 13 14 15 16 17 18 19 20 21 22 23 24 25 26 27 28 29 30 31 32 33 34 35 36 37 38 39 40 41 42 43 44 45 46 47 48 49 50 51 52 53 54 55 56 57 58 59 60 61 64 65 66 68 80 105
5 24 44 117 131 230 158 330 177 288 168 229 154 195 131 138 80 129 67 92 88 67 57 64 48 67 31 32 45 35 30 38 14 23 15 18 21 19 15 14 7 6 7 8 3 9 9 6 4 9 4 3 3 4 2 3 1 1 1 2 1 1 2 1 1
5 32 70 324 384 1229 954 4463 2736 8089 5656 14892 11425 27685 17661 34736 22066 55328 34423 70234 62879 98206 78011 126738 106828 197435 94764 169704 220447 269222 209099 461612 200356 436042 197484 528176 444752 806888 390347 557973 320134 351509 402055 833393 240097 961007 981365 1005193 800879 2889231 1030911 940591 1043064 1746888 949333 1609195 902552 526823 1228308 2243010 1932934 1932934 3483260 18578182 241265379
