4 5 6 16 17 18 28 29 30 40 41 42 52 53
9 48 27 261 873 449 6443 18317 9358 13035 34174 16245 399 336
25 181 109 613 2550 1241 34417 96823 48532 36068 89791 40113 399 336
598 3988 1991 335177 2296429 4292218 4227420975920675 30477370955045471 36188450961217789 693221291913246443 1117588509311235263 378424067767152896 11815406 573989
5 16 17 18 28 29 30 40 41 42
3 10 22 10 65 167 75 1 5 2
9 13 34 17 90 230 96 1 7 2
43 1818 49998 148950 259172 1718798 2897294 3 1536 5608
3 4 5 6 7 8 9 10 11 12 13 14 15 16 17 18 19 20 21 22 23 24 25 26 27 28 29 30 31 32 33 34 35 36 37 38 39 40 41 42 43 44 45 46 47 48 49 50 51 52 53 54 55 56 57 58 59 60 61 62 63 64 65 66 67 68 69 70 71 72 73 74 75 76 77 78 79 80 81 82 83 84 85 86 87 88 89 90 91 92 93 94 95 96 97 98 99 100 101 102 103 104 105 106 107 108 109 110 111 112 113 114 115 116 117 118 119 120 121 122 123 124 125 126 127 128 129 130 131 132 133 134 135 136 137 138 139 140 141 142 143 144 145 146 147 148 149 150 151 152 153 154 155 156 157 158 159 160 161 162 163 164 165 166 167 168 169 170 171 172 173 174 175 176 177 178 179 180 181 182 183 184 185 186 187 188 189 190 191 192 193 194 195 196 197 198 199 200 201 202 203 204 205 206 207 208 209 210 211 212 213 214 215 216 217 218 219 220 221 222 223 224 225 226 227 228 229 230 231 232 233 234 235 236 237 238 239 240 241 242 243 244 245 246 247 248 249 250 251 252 253 254 255 256 257 258 259 260 261 262 263 264 265 266 267 268 269 270 271 272 273 274 275 276 277 278 279 280 281 282 283 284 285 286 287 288 289 290 291 292 293 294 295 296 297 298 299 300 301 302 303 304 305 306 307 309 310 311 312 313 314 315 316 317 318 319 320 321 322 323 324 325 326 328 329 330 331 332 333 334 335 336 337 338
273 987 2207 3666 5351 6712 7523 7926 8140 7934 7820 7584 7466 7133 7046 6700 6679 6314 5957 5684 5674 5389 5403 5251 5215 4948 4894 4693 4738 4532 4523 4287 4327 4280 4176 4014 3908 3661 3609 3447 3437 3254 3309 3136 3098 3000 3093 2877 2908 2782 2748 2671 2678 2559 2512 2381 2318 2216 2240 2059 2060 2027 1973 1876 1912 1842 1806 1719 1722 1724 1697 1712 1659 1538 1510 1426 1380 1349 1303 1238 1271 1181 1258 1214 1190 1132 1111 1128 1049 1058 1049 1065 993 957 921 872 875 812 800 765 760 792 754 752 738 728 734 655 642 690 659 606 661 571 575 556 519 478 483 482 483 479 470 451 439 410 394 405 426 388 408 388 367 354 355 320 308 305 307 291 303 304 284 251 259 206 252 235 214 228 242 230 216 202 183 183 186 187 191 188 182 165 177 159 163 145 151 145 152 155 163 155 126 128 112 126 109 117 121 105 104 111 103 92 94 100 102 92 91 102 83 73 69 67 71 63 71 65 65 62 65 55 54 51 62 58 57 51 56 37 51 45 37 39 44 41 39 30 37 29 31 28 29 33 26 27 37 29 28 27 25 21 25 16 23 25 21 24 20 18 19 22 17 15 17 22 16 18 14 11 8 15 15 14 16 13 14 12 10 10 11 9 10 9 12 8 8 8 6 9 10 10 8 8 6 5 4 6 5 3 4 3 4 4 3 3 2 1 2 3 2 2 2 2 2 3 3 3 3 2 3 5 3 2 2 2 2 2 2 2 2 2 2 2 2 2 2 2 1 1 1 1 1 1 1 1 1 1 1 1 1 1 1 1
273 1071 3187 7498 16199 30565 52082 84257 131320 191519 279070 393659 549890 739054 1010951 1319184 1766426 2254491 2797051 3504445 4585590 5645376 7266254 9074920 11323548 13749292 17192391 20596588 25676089 30683886 37530688 43811597 54115384 65720113 78876730 92339855 109901944 124375661 147990510 169302884 203467955 230352776 278427929 316440845 374120390 425739039 518708469 573240140 687194741 779750368 904881984 1030385753 1198190438 1350583842 1526752688 1702582598 1943794580 2170912844 2535196927 2734325995 3252299926 3601259826 4192447707 4405545958 5315797154 5848934477 6583012627 7131791480 8613436770 9785114511 10922181857 12670158759 14416442419 14955747042 16780411334 17972577957 20288059431 22091921719 24610161416 26619598609 31009631021 32499599548 39284235339 43315312856 47799676919 52187550566 57829243361 67429884802 69645845736 79696763765 89901550102 106239128889 106108135228 116834894025 123817026046 134473663934 151800896123 157272317997 181215139269 185366899779 206712909947 241985470818 257195468316 293780515381 316527511473 362473775165 405008603792 408166933012 440398735653 543313276348 573594264484 580147100103 700480374860 687547607241 757782720668 833579238259 869831306940 874824518004 984698835115 1064601408462 1203297193690 1317262907926 1505587806487 1577932544089 1710725171241 1750309073254 1877743112328 2058173727632 2482263322922 2527109189869 2902793369969 3118714081879 3232382735067 3425465341664 3859252069685 3796303567394 3930722457320 4411728966322 4773996394776 5183047210873 5874715491193 6623584240200 6690260067278 6420236380636 7542044882111 6296882331237 8842932224164 9195446129492 8847621064536 10456659925380 12056668728402 12652282164201 12974624574938 13261242868164 13771296040605 14543792403045 16866034659434 17955312723245 20945343694584 21615779103296 23717376888336 22465813832683 26897842782028 27491485626116 31887165047992 30179191965699 34190354666023 35838925097836 40577834394938 46799354963045 53537133553704 55257880323042 49589537790940 55718297922808 51806568288589 66700969539445 58527425887515 72706644864225 81087603227195 74584797488875 83218020218275 93895396662124 98489163163244 96269925956229 107859775491601 124565065919462 133039126034638 133418971442179 145675991040729 178438444821154 153832026601526 150235308358598 151603930976284 154262448930989 185711116050025 172011431328837 212383089124809 213871023950421 232521362176763 248870967223729 281230914854838 259261488318934 278283409090297 286511859583675 384832089046336 382658267354624 403851474992745 395827889032990 483708474835481 331116296102958 504616471877818 485242397261587 427864906695485 491325561970395 629529590015657 608491444665198 635142408223525 516560532351967 745430259081180 614030008688267 689206306559007 666786033845865 725339661007749 935763730420059 772480578400419 899346341732030 1308749088967992 1098166060613253 1130312964476826 1198929966326367 1200089586017303 1081335987984292 1490472892452937 1029858403016868 1551181016679029 1816975316035329 1670333017794000 2058961907577716 1887495485530958 1762856517916131 2135314737966765 2539195328586519 2251057274701490 2052843803109547 2509613566571997 3461214847764746 2738582872156730 3481674620068384 2833124108776266 2586355120000689 1794878531285280 3785186353854286 4068428219033024 4124467545442817 4836951593782216 4255331797580750 4905331515214132 4620787680725984 4134493213077564 4886939924738830 5272180360808451 4695516181734192 5598896301317444 5461042523899194 7753713237418710 5625149137632370 6007246333010156 6474649439715924 5167967138099976 8633360806245095 10200522419365202 10988220983356104 9485587261037483 10309059504585956 8375799626683465 7496671536578150 6549175877348684 10448686134623516 9348534847423605 5978215808741734 8628184787622623 6920224602357938 9985076915474805 10739572140688303 8610732771406645 9259205528227549 6557721879135770 3652430836071053 7851844322978844 12658165585761285 9068506253801772 9744076112944168 10468742139507344 11245985383901210 12079527764191030 19460022381237264 20897550432587493 22438695235531752 24090745154829120 17240992550930050 27759248810170806 49654861962017505 31971993697646517 22871084155644208 24538436038458930 28237325330560010 30285905477714388 32479573071659326 34828360266294590 37342976599200728 40034853525153890 42916192074705782 46000013310974674 49300212301660980 52831615267132652 56610040681992006 60652363979685928 64976586702933308 34800954869440830 37274405776748077 39919565526999991 42748078035954696 45772358543578028 52462044228828641 56156602112874289 60105349839666544 64325374609114550 68834885946073850 73653287861850339 78801255302666615 84300815636225119 90175434980549623 96450110192202760 103151466321735325
4 5 6 7 8 9 10 11 12 13 14 15 16 17 18 19 20 21 22 23 24 25 26 27 28 29 30 31 32 33 34 36 37 38 39 43 45 47 48 49 50 51 52 53 61 63 64 65
3 13 23 27 31 44 30 36 18 29 18 26 22 20 21 16 14 11 10 11 6 9 8 9 5 4 4 6 3 2 1 1 1 1 1 1 1 1 2 1 1 2 1 1 1 1 1 1
4 21 54 80 167 310 384 633 536 1084 1054 1847 2033 2591 3736 3922 4934 4643 5632 7025 5804 8869 9846 15157 11749 12185 14852 28514 17454 8614 11208 16698 11208 24620 20286 35954 74676 106348 181523 75175 105558 316674 147273 147273 715220 831820 966467 1121505
