1 2 3 4 11 12 13 14 15 16 17 23 24 25 26 27 28 29 35 36 37 38 39 40 41 47 48 49 50 51 52 53
1 7 23 20 93 91 121 153 182 231 23 3230 5040 6647 8113 9083 9760 654 9595 9969 9233 8185 7265 6244 433 2145 1553 1003 537 262 99 3
2 15 57 56 151 172 222 246 281 411 35 13411 21717 28793 33222 34924 35146 2387 24776 24832 22121 19321 17185 14915 1051 2938 2005 1133 560 268 99 3
20 129 900 1513 1019 3013 4260 14832 10378 95205 610 46446810582 2265202536898 196019666530658 2809898552294385 35364637007109624 51022965085191685 207186097359281 40917059682724567 57293679714767332 60400168912760501 77133706089169673 500527027211948858 230470015269632311 3471898819287057 131986409408611 23101558859411 2386517571402 125653782238 2702144877 8224216 149
3 14 15 16 23 24 25 26 27 28 36 38
1 1 2 1 2 4 2 2 1 1 1 1
1 2 3 1 2 5 2 3 1 1 1 1
10 10 7 2 17 454 8 415 11 15 22 7
3 4 5 6 7 8 9 10 11 12 13 14 15 16 17 18 19 20 21 22 23 24 25 26 27 28 29 30 31 32 33 34 35 36 37 38 39 40 41 42 43 44 45 46 47 48 49 50 51 52 53 54 55 56 57 58 59 60 61 62 63 64 65 66 67 68 69 70 71 72 73 74 75 76 77 78 79 80 81 82 83 84 85 86 87 88 89 90 91 92 93 94 95 96 97 98 99 100 101 102 103 104 105 106 107 108 109 110 111 112 113 114 115 116 117 118 119 120 121 122 123 124 125 126 127 128 129 130 131 132 133 134 135 136 137 138 139 140 141 142 143 144 145 146 147 148 149 150 151 152 153 154 155 156 157 158 159 160 161 162 163 164 165 166 167 168 169 170 171 172 173 174 175 176 177 178 179 180 181 182 183 184 185 186 187 188 189 190 191 192 193 194 195 196 197 198 199 200 201 202 203 204 205 206 207 208 209 210 211 212 213 214 215 216 217 218 219 220 221 222 223 224 225 226 227 228 229 230 231 232 233 234 235 236 237 238 239 240 241 242 243 244 245 246 247 248 249 250 251 252 253 254 255 256 257 258 259 260 261 262 263 264 265 266 267 268 269 270 271 272 273 274 275 276 277 278 279 280 281 282 284 285 286 287 288 289 290 291 292 294 295 296 297 299 300 302 303 305 306 308 309 311 312 314 316 317 318 320 321 323 324 327 329 330 332 333 335 336
440 1454 2981 4467 5702 6666 7128 7132 7251 7030 6860 6572 6444 6150 6044 5793 5759 5397 5328 5126 5039 4914 4822 4638 4667 4439 4208 4183 4137 3903 3872 3868 3687 3551 3514 3455 3319 3159 3242 2990 3024 2902 2846 2730 2613 2587 2565 2437 2454 2383 2254 2189 2209 2136 2105 1979 1936 1901 1861 1730 1819 1751 1653 1610 1687 1555 1492 1489 1441 1362 1372 1362 1330 1296 1224 1147 1170 1118 1107 1084 1035 1030 1021 973 941 915 890 880 857 834 841 760 730 704 734 693 728 701 654 645 623 597 575 547 532 531 531 520 497 509 461 451 406 399 402 412 372 355 424 377 368 375 317 296 308 304 311 288 283 289 277 272 255 247 229 206 225 242 219 205 214 190 194 190 159 147 166 157 164 156 133 155 148 137 142 122 114 122 99 114 118 108 101 106 103 96 96 95 70 74 81 81 82 74 71 76 67 66 60 69 56 65 56 51 54 54 58 58 50 53 41 33 47 40 33 44 41 39 42 36 32 33 24 34 25 30 25 30 29 24 23 20 21 18 21 16 14 13 20 20 18 13 17 14 7 16 12 12 14 10 16 14 12 12 9 5 13 10 11 9 8 11 16 9 11 9 3 6 5 5 4 6 5 10 6 6 5 2 3 3 3 2 3 4 1 3 5 1 1 4 1 2 2 2 1 2 2 2 3 1 1 2 1 1 4 2 1 2 1 2 1 1 2 1 1 1 1 2 1 1 1 2 1 1 1 1 1 2 1 1 1 1 1 1 1 1 1 1
440 1539 4209 9030 17365 30960 49739 77206 118087 168147 241259 332662 451222 605550 816788 1054746 1414602 1763096 2252180 2864123 3675354 4572665 5805650 7133923 8958531 10898650 12996272 15984417 19832661 23288315 27954304 35066564 40540823 47890822 57699805 70451966 79487893 93220971 115292549 125751611 153657149 178608907 206592935 235676326 271458706 318158121 373674064 422515798 496876244 573221735 645463333 739440148 851445969 970148922 1112666497 1228714520 1406378636 1615753065 1822399922 2001691457 2463746467 2745029465 3000286605 3312120006 4032852085 4230244015 4725465127 5467797494 6147940928 6656975505 7679118851 8690663271 9771977423 10967687277 11790645617 12488500433 14363634611 15997254558 17960853998 20188592661 22067311906 25030241118 28318720190 30418534893 33369782629 36916158083 39405609663 44753048128 49979206111 54987886346 61604015954 64024318221 68515466684 75087389596 89033822840 94042258850 111582446003 119887645449 126947674855 144726165225 151058650995 166987330902 179918819478 190240247249 207859925097 233403960998 257103788156 284668975948 296296156457 337726006481 346520315447 378980388586 389261302904 424366359365 468165307154 537168927486 532241221909 591262106650 769134021171 761916854576 814015786989 973551775359 875723780271 946867882246 1033769079496 1146090359606 1330514449100 1340591541342 1518772916978 1705116220076 1743965007070 1921910032372 2132877562820 2171336993066 2276950812053 2273478958027 2616538586514 3192669232706 3126142049571 3207713431899 3678725686340 3643169195513 4003438130613 4585538621470 4099548554736 4121795110584 5176427959650 5404848582219 6173708813178 6535242809010 6253450090249 7653215269415 8240094535811 8710170067493 9429896301778 9266365899805 9582055750613 10554250887912 9718705988153 12631660861562 13776988434144 14537901045963 14971255920006 16343965912344 18086711004381 19163364620767 19002091010474 22620277520376 18351746989383 19989509630736 23566384534822 27433820145090 29156115527523 29014447663924 29993158340375 35519393339277 33620618698415 38666497688190 36174661395795 45157540909360 41618716493685 51915348273829 50611865581974 50854093219936 56128316949335 62371208434176 73866173322136 79307879693682 71731047111799 91570768923820 72095142243053 60175905360349 100910328986033 94878306900333 81354544182393 120908034961186 121049186410200 122991117749875 152134057215703 140108066800051 138512247460683 158010387234412 108546005134937 185075172280011 143363596208651 199394227490381 168773998218320 226471537392860 237790736408585 205701467277348 221719247545865 233878143229291 240207677293469 207025135427906 313577481480863 243359844794188 243408028190273 263091512804477 391057088230508 405182008239151 444535215145958 310310220598772 446783614757079 434596124900871 194846750362206 516437192489280 468823354757094 502511812075572 580157345101474 475217669956126 813973086644003 709805984601927 708205448561136 753485756494368 582950836433147 351068328029951 1034047947704373 804258487060681 1134424501236945 941498866862010 839038660762716 1428421034377359 2164559065721115 1185624701568734 1673075711047998 1374313552657011 495211857311054 1056811836736740 1127348592779448 1036363792825219 888860948370612 1440255016599720 1326222256178875 2821292552506988 1813856847668331 2008163312550065 1774957229109706 760473243526139 1246589845474069 1311411919267387 1378637251346025 1030456997669455 1646102800764386 2397020182913566 670448123060170 2063657199810712 3726384120195450 779050629562167 904760108316360 3619040433265440 974834369944625 2100394979862234 2262477007877212 2436748699688666 1312051800816215 2933730058024625 3041960985702350 3399572402394440 5421120969706122 1896564103591584 2195786311682516 4903171735383409 2732873183547535 2732873183547535 12419343395376546 6795168023973546 3652430836071053 7851844322978844 4219388528587095 9744076112944168 5234371069753672 5622992691950605 12079527764191030 6965850144195831 7479565078510584 8620496275465025 9253082936723602 21314662465097678 11435542077822104 13162217895057704 14118662665280005 32479573071659326 17414180133147295 20017426762576945 23000006655487337 24650106150830490 26415807633566326 60652363979685928 32488293351466654 37274405776748077 39919565526999991 49005643635237875 56156602112874289 60105349839666544 68834885946073850 73653287861850339 84300815636225119 90175434980549623
5 7 8 9 10 11 14 21 22
3 4 2 5 2 4 1 1 1
5 9 9 40 13 72 60 385 385
