4 5 6 7 8 9 10 11 16 17 18 19 20 21 22 23 28 29 30 31 32 33 34 35 40
5 7 26 24 27 34 39 30 48 125 174 199 220 225 230 159 77 183 168 157 130 123 100 55 1
6 11 53 36 40 54 58 44 88 212 288 350 348 331 329 217 87 203 182 168 135 128 104 55 1
12 30 220 110 115 180 190 148 766 4439 20709 18836 71516 31988 59993 18689 24699 34380 28879 19924 12971 14925 6971 1992 1
4 5 6 7 8 9 10 11 16 17 18 19 20 21 22 23 28 29 30 31 32 33 34 35 40
5 7 26 24 27 34 39 30 48 125 174 199 220 225 230 159 77 183 168 157 130 123 100 55 1
6 11 53 36 40 54 58 44 88 212 288 350 348 331 329 217 87 203 182 168 135 128 104 55 1
12 30 220 110 115 180 190 148 766 4439 20709 18836 71516 31988 59993 18689 24699 34380 28879 19924 12971 14925 6971 1992 1
3 4 5 6 7 8 9 10 11 12 13 14 15 16 17 18 19 20 21 22 23 24 25 26 27 28 29 30 31 32 33 34 35 36 41
68 207 397 469 448 371 297 218 175 140 110 91 87 65 64 44 48 39 33 36 21 16 13 12 13 6 11 8 6 2 6 1 2 3 1
68 216 589 1022 1446 1867 2310 2577 3249 3640 4052 4674 6160 6194 7961 7353 11133 11665 12467 16517 10764 10891 13964 16916 21308 10599 24969 22212 21338 10585 34417 5604 13684 28635 21637
3 4 5 6 7 8 9 10 11 12 13 14 15 16 17 18 19 20 21 22 23 24 25 26 27 28 29 30 31 32 33 34 35 36 41
68 207 397 469 448 371 297 218 175 140 110 91 87 65 64 44 48 39 33 36 21 16 13 12 13 6 11 8 6 2 6 1 2 3 1
68 216 589 1022 1446 1867 2310 2577 3249 3640 4052 4674 6160 6194 7961 7353 11133 11665 12467 16517 10764 10891 13964 16916 21308 10599 24969 22212 21338 10585 34417 5604 13684 28635 21637
