23 35 47 59 71
2920 21422 43041 23152 9459
614502 813186 315960 85059 13492
180959122008618 8782674761867922538 7063119661490783551 642708362978145951 14150196809052
23 35 47
475 617 145
3841 1873 207
51913647 27242952 365222
3 4 5 6 7 8 9 10 11 12 13 14 15 16 17 18 19 20 21 22 23 24 25 26 27 28 29 30 31 32 33 34 35 36 37 38 39 40 41 42 43 44 45 46 47 48 49 50 51 52 53 54 55 56 57 58 59 60 61 62 63 64 65 66 67 68 69 70 71 72 73 74 75 76 77 78 79 80 81 82 83 84 85 86 87 88 89 90 91 92 93 94 95 96 97 98 99 100 101 102 103 104 105 106 107 108 109 110 111 112 113 114 115 116 117 118 119 120 121 122 123 124 125 126 127 128 129 130 131 132 133 134 135 136 137 138 139 140 141 142 143 144 145 146 147 148 149 150 151 152 153 154 155 156 157 158 159 160 161 162 163 164 165 166 167 168 169 170 171 172 173 174 175 176 177 178 179 180 181 182 183 184 185 186 187 188 189 190 191 192 193 194 195 196 197 198 199 200 201 202 203 204 205 206 207 208 209 210 211 212 213 214 215 216 217 218 219 220 221 222 223 224 225 226 227 228 229 230 231 232 233 234 235 236 237 238 239 240 241 242 243 244 245 246 247 248 249 250 251 252 253 254 255 256 257 258 259 260 261 262 263 264 265 266 267 268 269 270 271 272 273 274 275 276 277 278 279 280 281 282 283 284 285 286 287 288 289 290 291 292 293 294 295 296 297 298 299 300 301 302 303 304 305 306 307 308 309 310 311 312 313 314 315 316 317 318 319 320 321 322 323 324 325 326 327 328 329 330 331 332 333 334 335 336 337 338 339 341 344 345 347 350 353 354 355 360 364 366 371 377 381 382
262 1361 3978 8729 15640 27245 35515 41838 45677 48107 49263 47801 46337 44828 44035 41310 40601 38938 37469 35580 34803 32830 33464 31017 29984 29525 28529 27165 26664 25562 24951 24332 23522 22491 22649 21285 20259 19557 19757 18315 18371 17950 17286 16524 16180 15425 15552 15379 14431 14341 14157 12915 13233 12439 12508 11849 11934 11511 11375 10743 9920 9919 10144 9417 9433 9308 9056 8422 8567 7895 8353 7726 7423 7535 7576 6746 6812 6715 6420 6398 6212 5890 6096 5725 5492 5143 5484 4936 4991 5118 4800 4626 4582 4152 4406 4271 3943 3973 4045 3542 3671 3520 3404 3395 3242 3102 3291 3137 2816 2830 2951 2663 2576 2610 2508 2403 2335 2150 2209 2275 1973 2078 2061 1796 1919 1728 1775 1713 1636 1457 1579 1565 1364 1325 1394 1271 1309 1266 1166 1125 1150 961 1077 1030 952 891 1017 825 835 831 778 754 727 722 722 717 642 601 637 604 571 577 541 518 550 473 498 589 531 470 459 422 447 425 373 410 379 354 347 369 334 362 323 361 285 309 248 254 284 243 268 271 212 228 196 221 220 208 187 201 175 163 196 157 158 165 148 145 131 164 136 130 139 99 107 122 110 113 109 99 106 77 140 83 94 83 72 84 75 74 77 85 74 73 65 65 81 51 56 151 49 43 61 41 57 39 46 48 41 36 32 27 43 32 40 34 38 27 31 35 37 24 35 37 29 29 15 22 29 24 29 20 22 19 15 24 16 22 23 16 17 15 12 8 17 9 12 15 9 17 9 13 5 9 13 11 5 10 10 10 6 7 9 15 3 11 4 4 7 4 7 11 7 3 2 2 8 9 3 2 8 1 5 5 3 4 3 2 2 2 1 2 1 1 1 2 1 2 1 1 2 1 1 1 1 1 1 1 1 1 1 1
262 1500 5452 16119 39769 95788 179568 330540 544784 880717 1358944 2027075 2849500 4019590 5587039 7478197 9953267 12923314 17011106 21535619 27782868 34384412 45220502 54419946 67382537 83519075 102553010 125967519 151181968 180157839 220362781 268533710 316276829 372021815 457490254 537384007 612616998 713782557 866208818 989362740 1170133588 1351495156 1574301312 1838322021 2120888175 2413272879 2847663298 3377335798 3722426084 4283060082 5022020086 5574705435 6520626759 7326163049 8671880649 9630200388 11238548962 12525172700 14328143986 16139940085 17272202115 19687297705 23796349466 26178667832 29420650673 32303158712 37727213058 40614003795 47959708513 50413692231 61179413811 65389524420 73271256471 81388107231 97179728919 98394392998 114861321089 126329634099 139797608907 161418314357 175068520041 184810364947 224870814818 242569290798 269089947796 272029789944 341363167390 344949752605 401461548837 447095483715 487548743356 541484905268 603997753727 603876618413 741931637926 802617766552 819192554853 907666680870 1075824009364 1089022507427 1263152043990 1301037372839 1467122906737 1640211065781 1781472286303 1844849348932 2236367866601 2380082351665 2441609569664 2540119339659 3118201897009 3152750446742 3532587806575 3792085042184 4221079207264 4561155656449 4867596994773 4850728188506 5717540808999 6635641385352 6528233346258 7340433807766 8236170349215 8179812386815 9467051822139 9267543282178 10839071334581 11463328341484 11980537966810 12209224778183 14660022859270 16232139030982 15608364682553 16338498230917 19361593125633 20114689949148 21990394099509 23664331275631 23975716586641 25945828785530 29179108674225 26438918345605 32826177901866 35132592908304 34613621597468 36159358595183 46708728824924 41741256358661 45052422777541 48268784937752 50441646083952 51265585902741 56929578771712 56820128039373 67074328199860 76502356724551 69353973268786 72338394044676 84628805925391 82618431588114 87889207063426 98523764997956 101064859462951 100460612025574 131181218051897 109951524727962 132999052724255 159185740048445 159821834362667 164255686163226 183966753269326 174148182998724 203065748418495 212970089717099 204706476956020 246413400600906 252773459537338 245928925642945 271677851090900 316881506825915 327592331177448 366696893453378 363818662748275 434040962393203 366922199649604 474635286843650 402870421505680 411764835294532 546719934773172 499459937858758 617093444621534 669594034236937 574326047006230 666719547317310 629071393549804 746839143108009 805364302214653 884524181503138 753829930312170 986794422331599 912172045578012 988381005583778 1124161663895795 1057214729957579 1105564991847132 1319765542803779 1205544450414557 1348460070839983 1347739496386740 1836014570069878 1669328981032544 1638013690836570 1938981166389728 1610276151803991 1632396805554539 2157345217702708 2127679767113175 2300672684762911 2484245035729290 2233299476480476 2709617773850410 2294455100205677 4471305614130955 2725861631825013 3535724200489481 3464254966559001 3215019574674879 4013402794221956 3640512923064464 3772123977257914 4753385228570810 5303049119243634 4983268658034844 5236763613795872 5080559454783781 5663201044809392 7188135448189251 4930835395512146 6009429455797444 15475692663192196 6265932356746290 5895978090252050 9983145083362267 6241498473557316 9546938409195896 6733415748459595 8603646199413531 10041008820845800 10311585324578674 9441124503900128 8611225763902022 8253163979841074 13237142590733334 10226431463309112 14404148873010582 13053459632293922 15690058898028419 12365193401552647 15117894079529717 18628234374422268 21042736058056414 15799680375229506 21635408425197233 26346019153091925 21479170071792368 23168830246616488 12351179579091305 23276025234852828 31136300552058117 30716398839521570 31856184908538889 23046015340561073 29217836715567193 30866776575326628 24228139314220633 41850651138092830 31207221502555413 38666307991749819 44506323872105755 36198931874121939 44807400558287909 36131177988851426 29419030412300454 21479144281376606 56899391175273822 33228211488940295 44511852428160402 59033162324196541 33984487327647042 82040039634960516 39233955150539019 59620860508853914 33791029549443780 53509575564127519 80833903205980997 74264807565080472 45471250433819956 78679211323413153 85028632395778704 122224469445711555 54885910959083035 83955635886192317 93736904572503537 195723016412245427 35973978116281034 177127051524181944 53605316350453117 59547520881851587 140673909837604622 83547719873783579 126928493597843341 232133490373063854 147325333711918345 67458109348327565 49300212301660980 52831615267132652 245299119531815642 317418708697496916 95302768692776272 67289248220907484 295721795306677369 74548811553496154 205254852652909365 225837512210266808 147016930905713625 255397419956961673 168469806338622867 172418554065415122 120210699679333088 128650749218229100 73653287861850339 157602510605333230 84300815636225119 90175434980549623 96450110192202760 199601576513938085 110307860425292772 252217035667592710 154043597379576030 164637479165761044 376017294104585960 229272286871217150 279363328483702152 298330063062758076 318555973788329084 441622981929358437 572612058898037559 651688879997206959 899175348396088349 1319510599727473500 1701169427975813525 1812356499739472950
3 4 5 6 7 8 9 10 11 12 13 14 15 16 17 18 19 20 21 22 23 24 25 26 27 28 29 30 31 32 33 34 35 36 37 38 39 40 41 42 43 44 45 46 47 48 49 50 51 52 53 54 55 56 57 58 60 61 62 63 64 66 70 73 79
4 39 41 188 121 365 248 516 270 476 286 470 228 362 168 306 148 221 117 151 74 145 66 108 42 68 45 100 36 52 33 69 12 29 19 53 15 29 15 20 3 18 11 18 8 20 9 10 5 12 2 14 3 5 3 2 4 1 8 3 1 3 1 1 1
4 49 59 459 389 1840 1577 6470 4016 13450 9571 29917 17302 51012 26985 78865 47920 107249 58419 129272 69692 183331 96919 227841 98942 223664 178558 438046 181950 427625 279644 806082 152026 514907 304804 1234078 331554 1193158 532399 1127317 175968 1519155 683295 1757966 644403 2815800 1309148 2590639 750545 3533156 294546 6466282 1098493 3082126 1407945 1689534 3219482 1053646 5636228 2513507 2860880 7443634 2323520 6175470 9289091
