0 3 4 5 6 7 8 9 10 11 12 13 14 15 16 17 18 19 20 21 22 23 24 25 26 27 28 29 30 31 32 33 34 35 36 39
1 1 3 8 10 24 24 26 36 26 28 21 10 80 40 54 64 63 65 46 55 49 46 45 20 88 56 44 24 15 5 4 2 1 1 4
2 11 5 16 28 53 46 50 55 47 36 29 12 155 64 93 89 92 88 62 80 66 61 57 24 97 63 48 24 15 5 4 3 1 1 4
3 71 25 82 191 195 235 215 194 186 93 88 34 1413 479 844 1653 4730 7820 22161 8909 14360 24099 10571 3202 11316 6052 1426 523 466 47 21 26 2 1 1398
0 3 4 5 6 7 8 9 10 11 12 13 14 15 16 17 18 19 20 21 22 23 24 25 26 27 28 29 30 31 32 33 34 35 36 39
1 1 3 8 10 24 24 26 36 26 28 21 10 80 40 54 64 63 65 46 55 49 46 45 20 88 56 44 24 15 5 4 2 1 1 4
2 11 5 16 28 53 46 50 55 47 36 29 12 155 64 93 89 92 88 62 80 66 61 57 24 97 63 48 24 15 5 4 3 1 1 4
3 71 25 82 191 195 235 215 194 186 93 88 34 1413 479 844 1653 4730 7820 22161 8909 14360 24099 10571 3202 11316 6052 1426 523 466 47 21 26 2 1 1398
3 4 5 6 7 8 9 10 11 12 13 14 15 16 17 18 19 20 21 22 23 24 25 26 27 28 29 30 33 34 36 39
46 105 175 291 198 212 116 97 53 53 30 30 28 28 21 21 13 9 11 7 7 9 4 4 5 4 3 2 1 1 1 1
46 111 268 624 620 1023 878 1079 911 1288 1034 1344 1837 2349 2654 3325 2873 2431 3817 3325 4917 8131 4008 5020 7875 7449 7308 6020 5604 6842 10143 17977
3 4 5 6 7 8 9 10 11 12 13 14 15 16 17 18 19 20 21 22 23 24 25 26 27 28 29 30 33 34 36 39
46 105 175 291 198 212 116 97 53 53 30 30 28 28 21 21 13 9 11 7 7 9 4 4 5 4 3 2 1 1 1 1
46 111 268 624 620 1023 878 1079 911 1288 1034 1344 1837 2349 2654 3325 2873 2431 3817 3325 4917 8131 4008 5020 7875 7449 7308 6020 5604 6842 10143 17977
