12 24 36 48 60
434 9389 43555 35921 10695
19651 535635 450113 123823 15475
2942382 290053102813235 17329104817076711555 1130748378755532033 15329796533350
12 24 36 48
106 486 155 1
1326 1597 228 1
180459 13242522 410413 385
3 4 5 6 7 8 9 10 11 12 13 14 15 16 17 18 19 20 21 22 23 24 25 26 27 28 29 30 31 32 33 34 35 36 37 38 39 40 41 42 43 44 45 46 47 48 49 50 51 52 53 54 55 56 57 58 59 60 61 62 63 64 65 66 67 68 69 70 71 72 73 74 75 76 77 78 79 80 81 82 83 84 85 86 87 88 89 90 91 92 93 94 95 96 97 98 99 100 101 102 103 104 105 106 107 108 109 110 111 112 113 114 115 116 117 118 119 120 121 122 123 124 125 126 127 128 129 130 131 132 133 134 135 136 137 138 139 140 141 142 143 144 145 146 147 148 149 150 151 152 153 154 155 156 157 158 159 160 161 162 163 164 165 166 167 168 169 170 171 172 173 174 175 176 177 178 179 180 181 182 183 184 185 186 187 188 189 190 191 192 193 194 195 196 197 198 199 200 201 202 203 204 205 206 207 208 209 210 211 212 213 214 215 216 217 218 219 220 221 222 223 224 225 226 227 228 229 230 231 232 233 234 235 236 237 238 239 240 241 242 243 244 245 246 247 248 249 250 251 252 253 254 255 256 257 258 259 260 261 262 263 264 265 266 267 268 269 270 271 272 273 274 275 276 277 278 279 280 281 282 283 284 285 286 287 288 289 290 291 292 293 294 295 296 297 298 299 300 301 302 303 304 305 306 307 308 309 310 311 312 313 314 315 316 317 318 319 320 321 322 323 324 325 326 327 329 330 331 332 334 335 336 339 340 341 343 347 348 350 351 355 356 359 360 362 364 367 372 374 375 380 381 383
357 1742 4204 8713 14078 20014 24470 30122 30399 32215 31049 30658 29289 29463 26460 26359 24900 24089 22219 22615 20714 20531 19435 18869 18063 18349 16427 16785 16142 15758 14768 15419 13877 14169 13079 13065 12499 12903 11527 11732 11143 10783 10053 10679 9789 9861 9267 9066 8845 8921 8130 8251 7872 7811 7279 7402 6765 6881 6434 6293 6084 6297 5722 5757 5592 5374 5088 5215 4988 4981 4622 4626 4417 4547 4090 4083 4067 3974 3708 3767 3489 3426 3370 3268 3184 3368 3119 2976 2822 2795 2577 2689 2582 2572 2477 2354 2265 2336 2300 2125 2133 2094 1938 1933 1855 1851 1810 1716 1636 1718 1542 1534 1487 1507 1408 1413 1327 1370 1272 1145 1143 1170 1064 1042 1039 989 990 986 962 916 882 791 810 867 807 711 780 726 736 705 644 638 660 609 607 569 583 529 563 523 490 454 402 484 478 405 394 399 404 369 368 345 347 308 289 317 291 277 288 327 271 248 242 211 212 189 197 210 197 196 216 180 198 185 166 142 149 147 144 139 137 113 146 129 117 113 108 115 93 94 83 89 97 93 91 82 74 72 67 86 80 77 80 76 79 78 71 55 56 44 50 45 54 57 52 49 46 33 56 41 45 36 35 39 38 37 36 21 37 30 25 57 26 25 47 26 30 24 19 31 15 19 23 21 21 14 22 22 16 16 20 20 21 11 17 20 14 20 10 14 14 12 10 15 12 14 10 4 9 4 10 8 3 4 9 6 6 5 7 6 8 3 8 3 2 7 4 4 3 3 1 5 8 3 5 7 3 2 7 4 4 4 4 6 3 1 5 5 1 3 5 5 2 1 5 5 2 1 2 1 1 2 1 1 1 1 1 1 1 1 1 2 3 1 1 1 1 1 1 1 1 1 1
357 1884 6003 16183 37821 78778 138648 262035 405311 643319 947020 1404760 1906203 2805858 3563584 4867523 6332092 8461769 10042096 13776014 16465328 20918401 25692587 32867612 38497778 51381204 57905738 73645977 88197753 110341545 123507538 164435207 181792589 228506794 256772059 323055896 355486492 458777085 499697156 610791119 701814748 831547266 873864853 1160336448 1257088138 1468683027 1676048174 2010140935 2178026158 2687275368 2832278888 3394947437 3863670948 4651170641 4732937277 5916546557 6242401097 7223895644 7948392822 9478587608 9802773510 12354990076 12685010630 14800110502 16614584193 19304630086 19511710350 24707480929 26636215776 29866539544 31975201655 38970892146 39303541051 48970931288 49793562574 56400504250 63488419409 74911438492 73086655042 89719240560 95077882503 102142517268 115393952392 132574354227 137059808097 173611163708 181051245248 189306493068 210938990247 242232329732 231497244931 289612846228 316838518938 344043005508 373879306372 431713493360 423959913692 519323440444 562908244398 566989095205 663236937811 771087020334 729514097299 885367043135 963618176512 980007921460 1085581734397 1246993955444 1249199045197 1494694301142 1497227635571 1646706439407 1826088280618 2106859176070 1999083492164 2430959648827 2653214859192 2714861056474 2939323906059 3227916590388 3195367206709 3856618910165 3871207017576 4140036714994 4691696723408 4980452024670 4848070298882 5981374060533 6662848208911 6505373029044 7065788010804 7648366685309 7764758561379 9745362370718 10349133958482 9705057852363 12095895231202 12106283373806 12967975267325 14511408782650 15057298806076 15350559182447 17192770944263 19542730859177 19173442265906 21372650371985 23087887308815 21674708800187 28986970338138 28708669343809 27997946907097 30879820346907 30203863715583 36957383786210 38937773784502 41118647172239 41281470091131 45495190816728 49878485696635 46494885512062 53321758924229 55789038786600 57272723443981 60331733098934 62036969763464 71681998312290 69991476424331 74759132406827 82189234812639 105644100961492 89186245803971 86873901065891 100486679231424 94808577694851 103250392897333 104589956616033 118559068750955 134799562342585 144463618511730 165790355979855 176103340644560 170278277978219 204783735257076 212033539272766 196308296030187 192799701595623 218776104037770 229593958059935 251733825413912 259399665696312 281731370531380 259465352308174 328323256948642 353332467226200 337169414621018 345634652161560 362409889332127 423086837552326 357738068655973 441086472339667 398561197017911 491430217630134 536398649177812 596947023914549 602929097169869 606380533948224 602628628778415 617762377924020 610213213972481 896990720244849 898312473440352 947699420969501 935027301862235 1041162703299915 1154227762868960 1234881525469289 1174336450726250 1004243636808850 1102747051313890 994906371860191 1242120349735811 1147207014520794 1497616334862302 1641871822419618 1756467198592570 1897048531352483 1889139843384318 1361056595091498 2658462440465481 1998777276282792 2575523509152909 1980457164727412 2213905514538771 2761684080085023 2814289795094908 3076050943091386 3156536530447002 2095389354314843 3754666596867695 3045475536224571 2965284921024414 7140479106979217 3585010382962085 4162802033172152 6739059044333932 4666157894988794 5538850806757291 4760977397618032 4073985294732206 6963826653249496 4216574172287306 4730882254896354 6996037518801214 6971038778455605 6472171281234203 5420036868796660 8723079478216353 8962228299418583 8217921966194740 8597903311692358 9841775754074438 12382344679229307 12890041541299155 7100731065615804 11543686337991279 16880637234083242 11291731712329940 18073458081001951 11586642754156152 13791476176987633 14638382124244056 14219854467156944 11660928423008968 21287511863317263 18993972737726479 25567855754081785 17212204424923451 6924129268508978 18034942548989852 9915605764908393 25264712526438105 20272847680655983 7622857770137094 13088604137232164 25640277720718098 21457340850384653 23070749649394083 20895197720089198 30586903315660269 24729398437327224 39548819748852810 14616114169416252 45660007574656696 21714727523408554 11662756574046120 50552662281681985 26905048542549838 29404545379727583 23540061848396664 25271240935873090 9253082936723602 66805248924104911 83079573339954698 33528415388193047 71114280291154707 101725743657148676 41399543225617714 30285905477714388 110388004359890234 69656720532589180 90842825165095682 78723768587331199 85832384149411564 136458129314789576 72300218957148317 26415807633566326 141525101704980015 149609748300367859 32488293351466654 104402864608322490 181425127069125891 196952667884748041 85496156071909392 45772358543578028 245028218176189375 277088452680325797 120210699679333088 64325374609114550 137669771892147700 78801255302666615 84300815636225119 180350869961099246 110307860425292772 117949491546113972 126108517833796355 144117936527873832 188008647052292980 200882556287683159 229272286871217150 244904537455382406 318555973788329084 680245620097154856 1241298542800027086 441622981929358437 502957566506000020 572612058898037559 695143713458946040 958728697912338045 1089657644424399782 1161537834849962850 1596675274490756791 1701169427975813525 1930656072350465812
3 4 5 6 7 8 9 10 11 12 13 14 15 16 17 18 19 20 21 22 23 24 25 26 27 28 29 30 31 32 33 34 35 36 37 38 39 40 41 42 43 44 45 46 47 48 49 50 51 52 54 55 56 58 59 60 62 63
4 34 64 139 105 229 186 219 190 271 214 266 159 222 118 104 72 75 59 55 42 53 15 20 16 15 10 24 11 21 10 11 5 16 7 9 11 6 6 7 5 5 3 6 4 3 4 5 1 1 6 1 2 2 1 1 1 1
4 44 102 345 330 1291 1226 2914 2920 7931 7198 17001 12206 28854 19539 26573 25449 35340 42043 47250 37536 67457 21355 36418 36632 40742 21300 92546 48260 127126 81938 135222 50302 278007 144865 189502 208921 216534 151025 318399 288531 343930 202526 431409 329131 584914 614510 957036 124754 211116 1665392 589092 761475 837431 386155 526823 1430440 966467
