9 21 33 45 57 69
393 6230 35212 41280 16383 493
75383 389439 516393 174887 33706 520
19996135 51200426184 25520714236074902086 6011666286869387580 40296252209940445 4773173
9 21 33 45
127 836 451 31
7456 5137 816 40
902198 290853059 24341081 6039
3 4 5 6 7 8 9 10 11 12 13 14 15 16 17 18 19 20 21 22 23 24 25 26 27 28 29 30 31 32 33 34 35 36 37 38 39 40 41 42 43 44 45 46 47 48 49 50 51 52 53 54 55 56 57 58 59 60 61 62 63 64 65 66 67 68 69 70 71 72 73 74 75 76 77 78 79 80 81 82 83 84 85 86 87 88 89 90 91 92 93 94 95 96 97 98 99 100 101 102 103 104 105 106 107 108 109 110 111 112 113 114 115 116 117 118 119 120 121 122 123 124 125 126 127 128 129 130 131 132 133 134 135 136 137 138 139 140 141 142 143 144 145 146 147 148 149 150 151 152 153 154 155 156 157 158 159 160 161 162 163 164 165 166 167 168 169 170 171 172 173 174 175 176 177 178 179 180 181 182 183 184 185 186 187 188 189 190 191 192 193 194 195 196 197 198 199 200 201 202 203 204 205 206 207 208 209 210 211 212 213 214 215 216 217 218 219 220 221 222 223 224 225 226 227 228 229 230 231 232 233 234 235 236 237 238 239 240 241 242 243 244 245 246 247 248 249 250 251 252 253 254 255 256 257 258 259 260 261 262 263 264 265 266 267 268 269 270 271 272 273 274 275 276 277 278 279 280 281 282 283 284 285 286 287 288 289 290 292 293 294 295 296 297 298 299 300 301 302 303 304 305 306 307 308 309 310 311 312 313 314 315 316 317 318 319 320 321 322 323 325 326 329 331 332 333 335 338 340 341 342 343 344 345 347 348 349 351 354 355 356 357 358 359 360 361 365 371 372 373 377 379 380 391
208 1169 3617 7359 13904 19317 29342 32717 42690 40342 48593 41664 45332 39031 41534 33061 35142 27912 30296 23812 26187 20531 23335 18334 20776 16651 19455 15007 17414 13741 15947 12755 14690 11632 13536 10619 12588 9857 11543 8963 10668 8478 10065 7802 9248 7093 8733 6632 7890 6078 7304 5673 6800 5269 6384 4934 6080 4637 5568 4269 5368 4058 5091 3832 4799 3611 4422 3355 4262 3014 3876 3009 3665 2697 3514 2687 3344 2592 3081 2423 3041 2264 2878 2034 2717 1997 2696 1973 2545 1820 2420 1801 2254 1691 2070 1667 1974 1606 1924 1466 1811 1392 1699 1357 1621 1229 1592 1246 1432 1175 1488 1165 1358 1066 1264 1019 1199 877 1130 905 1100 886 990 753 992 743 880 754 885 662 816 703 742 630 756 604 690 566 682 552 641 499 611 497 617 425 580 476 571 476 542 403 533 339 446 375 405 343 448 334 367 329 403 297 347 274 354 259 300 268 316 229 282 254 258 225 284 194 259 201 229 191 234 171 195 178 222 164 210 150 177 171 182 142 182 137 164 160 134 102 129 105 127 112 107 113 136 104 110 97 115 81 109 82 83 74 84 68 91 48 81 60 77 43 71 49 72 45 64 51 72 44 45 48 56 35 71 29 43 48 44 43 62 30 29 37 37 21 48 20 38 33 31 30 37 21 25 28 29 24 34 17 31 33 19 22 25 15 12 15 17 15 16 9 13 16 9 12 20 10 10 8 6 7 13 4 9 13 6 9 1 4 10 1 3 10 5 8 2 4 3 18 3 4 6 6 2 11 2 2 8 4 2 7 1 8 5 5 2 4 4 3 7 3 3 1 1 2 1 4 1 2 1 3 1 2 2 1 2 2 3 1 1 1 2 4 4 1 2 2 2 1 2 1
208 1261 4914 13639 36143 74106 160371 269841 527115 759250 1385898 1793214 2915260 3797149 5738010 6572845 9745875 10681150 15563956 16184201 23263717 23358404 34638363 33774976 50108045 49638280 74977695 71552602 106083679 103012191 151070135 145223158 215215507 205142605 298203623 278214886 408440056 378737506 558979898 506533891 742435154 704415774 1010578639 904038423 1302023966 1188230112 1764764808 1539477078 2191407599 1968868517 2796952683 2495490232 3600228646 3233638871 4543175038 4031021680 5969305174 5194130087 7288272589 6542891211 9368995551 8376339303 12019906291 10166976931 15242205120 13172969673 18036934167 15971875374 23304379621 18411500856 28271934878 24421332470 34746801285 29419462345 43043982337 36042930670 54655429774 47090324131 61942656705 56356963423 81368223456 67430409841 103753829937 79066449507 118603745576 98117600729 156215911952 123229255304 190587674057 148224333728 227837067628 191380801482 268886967517 219374487908 321361786043 281523143551 374018171626 341905912892 462906981414 393671541384 555180808176 466410561086 657612088993 566738059280 792199315601 651419750749 996025500733 830391855212 1103461615028 966886202102 1377893294967 1173098798339 1556038528306 1414736386698 1890157647595 1692374661171 2185675116473 1719908665196 2596117995564 2300534423426 3100505620024 2710561419872 3440367257705 2753652340265 4131166567600 3377438118384 4619097907795 4302458605215 5595345112447 4518835625367 6573068818776 5935042917426 7043954826129 6572765771738 8751775437820 7553631476241 9738080728886 8961516648926 12076850002007 10493300541720 13879984665057 11397818441199 16196627097192 14276484548790 19463855415769 14543063596990 22455930497326 19365591838487 27406492643875 23679623205466 30714158409043 24175590154803 36217422698520 23788877967988 36370973282473 32537702102055 40109834205456 36637241184617 53268935554674 41191426225845 53818567959101 51141761762432 73103673430398 54170617383171 69887996384239 63588436130690 91462440395594 68941822911803 90372241246638 87607763644289 112489128853565 87677625562289 122148107902990 111738553317556 134853440854688 129576032429237 172487454623828 126570493019070 191297324948165 145572089494375 198442342888820 183539606774189 235225536099663 193023220600768 235406509900534 227141955481495 332826943736770 243407370026638 359393775363297 272318341219036 377077455566917 372387340307957 464049675240191 333438881073967 498729653821878 433170114629028 528448276314134 565548488914422 541207778388037 423153425346284 603242678239993 553569388025865 712549787342985 714619357235664 752222139875555 879646623204540 1078770709534892 878121775020601 965592924294848 974648450083206 1271497666467716 926367960348703 1388629496076404 1147513104323325 1246703445350584 1209007409909860 1547584422457852 1273308223191364 1816560072256578 1077019242726532 2004526822579969 1573938894775045 2184801276592997 1301818657897413 2391868689169710 1899701372606819 2903084134477437 1765625937343642 2911236075087130 2782658380443179 4075198035108684 2689939604540574 2710846219966854 3143793341231564 4390046333142153 3170915236176549 5931356034098291 2918671227048676 4258230069912602 5583416494385939 5700591363013279 4985037134711433 8646133116251321 4468927778635398 4636696348304586 6184873958167058 6529356911217241 4200376275791210 10040608664807992 4370524875380965 9287696023857112 8462967174591671 8587321089429535 9417858763655103 12390672194408838 7959895431664161 10368239761817599 11724774211489754 12559704543703177 10268022983290463 17738692899172375 9279666866696279 19327513683438035 21594783976096331 12790807135998617 17198216341944101 21052148940066920 13317236078160042 12300545005768773 17849386305565173 18844460942326751 17800705784926485 20560944090299314 15939085604014366 19427825912868991 25358927062046825 14503018771062547 22366561149992720 40731798078551021 19985449357249453 21038799072304464 18065588994425713 14888248650858214 18554350504327234 41667811651879817 12213286784994526 29391025383692077 51270809041625387 24142465703131878 39548819748852810 4534253126900886 20212818252451512 53147242550845931 6039763882095515 18566201891270118 67262621356374595 42822530733804492 62589937160246952 17240992550930050 36379745085635831 29115027721530604 181662938423844370 34306626233466312 48243196135510499 86777526010434494 80886196910790826 42355987995840015 174250316706236417 32479573071659326 37342976599200728 154755660248709236 85832384149411564 46000013310974674 170900643560470277 26415807633566326 220772524605678993 145567425002673937 162441466757333270 69601909738881660 146624172199685061 170992312143818784 128244234107864088 378317983253937431 188756099057895644 201995146501262250 73653287861850339 78801255302666615 199601576513938085 117949491546113972 488116018759820654 134819180623301520 288235873055747664 144117936527873832 493912437497283132 188008647052292980 401765112575366318 429236599486572598 244904537455382406 596660126125516152 637111947576658168 1020368430145732284 363117512048110005 387632532919029223 413766180933342362 883245963858716874 1885256257073595120 2443593615007536404 899175348396088349 1917457395824676090 2044282456734690724 2639021199454947000 1498478743590581081 3193350548981513582 3192707518433532826
3 4 5 6 7 8 9 10 11 12 13 14 15 16 17 18 19 20 21 22 23 24 25 26 27 28 29 30 31 32 33 34 35 36 37 38 39 40 41 42 43 44 45 46 47 48 49 50 51 52 53 54 55 56 57 58 59 60 61 62 63 64 65 66 67 69 70 72 73 74 77 78 80 82 84 88
4 68 85 335 285 948 611 1254 912 1308 789 1411 730 990 540 647 363 348 173 251 144 160 77 142 55 93 42 71 43 68 23 51 32 39 21 42 15 22 18 19 9 10 12 16 7 16 7 12 4 12 5 12 3 14 5 8 5 7 4 10 3 8 6 5 1 1 1 3 1 3 1 2 1 3 2 1
4 77 124 790 789 5005 3482 14356 11285 36230 23342 85069 46788 150027 81392 192759 105830 181789 89981 193508 111402 200990 113135 250310 121232 281863 138431 387678 213965 534327 173688 542352 382462 790779 319366 984510 339025 776754 494103 949048 438460 657346 815632 1195616 600935 2527799 694594 1927604 647757 2670909 1208269 5451909 1056847 7139962 1638351 7989716 2587840 4835800 2408539 12105296 2977480 20141723 7153949 7800936 1741630 2323520 4647040 13284160 4087968 16961109 7089500 14179000 18578182 38112978 36008654 53087320
