12 24 36 48 60
823 16179 47436 33929 1616
9518 520217 290247 76685 1657
972729 1407092951132196 10541989219227785776 82492828482668481 77586166
12 24 36 48
123 651 109 1
582 1627 142 1
30417 40380004 747771 11
3 4 5 6 7 8 9 10 11 12 13 14 15 16 17 18 19 20 21 22 23 24 25 26 27 28 29 30 31 32 33 34 35 36 37 38 39 40 41 42 43 44 45 46 47 48 49 50 51 52 53 54 55 56 57 58 59 60 61 62 63 64 65 66 67 68 69 70 71 72 73 74 75 76 77 78 79 80 81 82 83 84 85 86 87 88 89 90 91 92 93 94 95 96 97 98 99 100 101 102 103 104 105 106 107 108 109 110 111 112 113 114 115 116 117 118 119 120 121 122 123 124 125 126 127 128 129 130 131 132 133 134 135 136 137 138 139 140 141 142 143 144 145 146 147 148 149 150 151 152 153 154 155 156 157 158 159 160 161 162 163 164 165 166 167 168 169 170 171 172 173 174 175 176 177 178 179 180 181 182 183 184 185 186 187 188 189 190 191 192 193 194 195 196 197 198 199 200 201 202 203 204 205 206 207 208 209 210 211 212 213 214 215 216 217 218 219 220 221 222 223 224 225 226 227 228 229 230 231 232 233 234 235 236 237 238 239 240 241 242 243 244 245 246 247 248 249 250 251 252 253 254 255 256 257 258 259 260 261 262 263 264 265 266 267 268 269 270 271 272 273 274 275 276 277 278 279 280 281 282 283 284 285 286 287 288 289 290 291 292 293 294 295 296 297 298 299 300 301 302 303 304 305 306 307 308 309 310 311 312 313 314 315 316 317 318 319 320 321 322 323 324 326 329 330 331 335 336 337 340 345 348 350 354 355 356 362 365 367 371 375 380
412 1737 4155 7898 12429 16754 21060 23065 24562 24490 24922 23732 23080 21793 21313 20040 19838 18256 17762 17186 16944 15952 15761 15012 14961 14182 13896 13399 13059 12217 12001 11761 11416 10862 10652 10349 10238 9799 9409 9068 9078 8432 8271 8103 7693 7480 7476 7166 7026 6685 6463 6179 6156 5758 5881 5540 5381 5223 5136 4982 4856 4739 4618 4446 4307 4096 4079 3872 3793 3541 3563 3420 3331 3273 3222 3039 2978 2982 2799 2697 2659 2575 2542 2523 2352 2255 2285 2210 2154 1991 1962 1892 1882 1805 1731 1695 1631 1628 1583 1519 1488 1442 1454 1463 1317 1211 1274 1265 1184 1167 1193 1094 1119 1065 953 921 998 937 963 867 874 803 852 816 765 742 738 701 695 634 629 643 627 619 602 523 589 547 538 512 492 487 477 468 438 404 415 401 421 348 361 352 348 338 313 318 307 313 309 290 320 319 287 269 232 249 268 221 246 199 214 202 195 187 166 160 177 157 159 155 165 138 150 145 147 133 130 124 122 112 115 105 103 96 104 103 115 107 111 96 90 88 82 86 70 68 73 74 73 62 63 55 69 52 61 60 66 58 53 55 60 63 56 44 46 37 38 44 36 28 40 44 38 38 32 24 30 28 32 19 28 34 23 35 24 26 28 16 26 22 14 31 27 23 15 16 27 19 22 9 17 19 17 14 8 15 12 10 12 11 13 11 14 13 11 11 14 12 11 11 5 6 7 6 4 2 7 5 8 3 2 7 5 4 2 1 8 1 3 9 2 5 4 2 4 3 3 2 3 2 4 2 3 5 3 2 3 2 3 3 1 2 3 1 2 2 1 1 1 3 1 1 1 1 2 1 1 1 1 1 1 1
412 1878 5810 15351 34685 69297 128474 215952 350473 531095 801254 1138982 1604671 2175927 2994295 3852847 5252085 6461907 8551961 10741890 13906608 17011353 21747737 26660829 34337412 40682620 51097476 60823810 75512425 88126176 107039205 128731980 154586823 178020759 215522387 251694838 307077197 353667412 414365337 473389323 578953565 645076539 763029205 880598769 1016006951 1171363123 1387415136 1542018564 1837619170 1985146271 2325247090 2557024881 3053361980 3365296669 3980232558 4444681417 5043484598 5556690232 6403636139 7315794257 8181368283 9382575822 10623022020 11762728931 13209862097 14378405715 17214624108 17963208168 20841233102 22201238009 25362936075 27387034232 31300928474 34666875875 40202420907 42928841429 48666026119 55424226174 60033299301 63946040659 73352351722 78789349298 88303720232 98818783380 106070212145 116840551236 137179066997 145041632025 162967198207 170520356499 192768977208 203013385427 230261478917 248255039756 274764493472 300735018134 341124702855 354363260339 392675095011 419279923110 461097747452 512025299489 565781123525 628293423749 669096175849 663830020304 796819192640 870919973818 890300883444 1033337560447 1218449900019 1172682674114 1375623868590 1394749469529 1426821253174 1512668102550 1968223030914 1927747984474 2305312256164 2300060719915 2633244058699 2466666792894 3111086308040 3135319359284 3406192840499 3706532809565 4173277763076 4190063713832 4794408680780 4642172854851 5050181785086 5485263018262 6200994604538 6687366886011 7885909760214 7436048906574 8872600850113 9113088435871 9802351029264 10631874103858 11326825547219 11654033138497 12937391140952 13252665948217 14069284286652 14319820818041 16017261945221 16862018374392 19199695363344 18416900563895 21091096368201 21988238412282 24794640521375 25696079665220 28047906124338 27485775823314 30734741426294 33939526269491 37874010306642 39546631083010 49553109802065 51129134979739 50070811294331 51094068115530 52853764885650 56563652259041 68261823075970 60629261811772 76085345227462 69881113369680 87329269338057 78080907298449 94056599520469 86271015959895 89817830209845 90773432726120 116778248205867 100146570632395 116500397313975 130410951656785 143530295951216 133679298832968 154242728289620 182163976693637 202319253173570 170517598525081 204652401911690 200483962515129 217688387550373 203752885818887 242696886126903 232299486696395 223177926010342 254836052642277 300583450099767 297919378051611 407749700127955 387373972559910 429358487705542 415446542828624 440414725915749 465644886247365 468748487948996 523776999969222 494076497851768 471979681370275 569662604271141 612253874377900 671058823462329 612194644876588 762667986191568 626598936450175 907228620448111 704514281959702 965463410997459 990835286680179 1082731641551015 1112012993844424 1042242382898655 1238154926148851 1384527539083674 1618348607468967 1554870636565954 1405019696821329 1597201096553630 1297449769523382 1546614842807260 1921862822434705 1558658200526222 1478276215812347 2264444857130812 2520787643439630 2362002837839893 2492599277877813 2543695525556841 1893933459653601 2375479509899043 2517192564637727 3398263400493612 2061621538321241 3605768892740901 4535911242942802 3242076649996887 4843381994875467 3791256113066887 4769330514632471 5045494129110451 3289018993147342 5133154634183274 5882047203630032 3292829432839861 8696733521742975 7397642204241223 7926090665699047 4412246765703846 5516291481461796 10573737034393980 7807031379237087 10425568525717549 4757295777152194 8494167650494880 10998153540212098 10258423838794669 9284756058812687 6371098214724031 11468441543051327 10957970502340763 8759783077463482 12929092399539738 11142344229988099 12990165864300774 13895690411126988 17329310606498474 17545252967878537 16248110431580755 17609913511468240 23520670800491872 23206768447096998 20200077993650066 23335816239032972 12266352535698350 13507583537405486 19433953496825649 18554350504327234 13870422528119695 6320275734297994 23308195794231859 17752460532186705 30313411990241900 15997155013055361 8438777057174190 41821632930821568 30319227378677268 22103349145605487 12079527764191030 6486674127079088 53330921067982933 6965850144195831 31019626926907248 90103475905939395 17873579212188627 65449470012745113 51107579642308181 22871084155644208 45742168311288416 39486653685173112 40443098455395413 43380278069417204 48719359607488989 34828360266294590 74685953198401456 37342976599200728 60052280287730835 113458122659302239 93650126117292501 52831615267132652 83025848315558332 58631202330838967 95302768692776272 99777541572374138 37274405776748077 79839131053999982 134292795123110752 52462044228828641 120210699679333088 124430724448781094 84300815636225119 90175434980549623 96450110192202760 353848474638341916 164637479165761044 200882556287683159 229272286871217150 298330063062758076 637111947576658168 340122810048577428 502957566506000020 610898403751884101 695143713458946040 899175348396088349 1161537834849962850 1596675274490756791
3 4 5 6 7 8 9 10 11 12 13 14 15 16 17 18 19 20 21 22 23 24 25 26 27 28 29 30 31 32 33 34 35 36 37 38 39 40 41 42 43 44 45 46 47 48 49 50 51 52 53 55 56 58 59 60 61 62 64 65 68 71 78
4 38 34 97 85 193 129 252 129 224 127 152 82 117 56 78 42 60 24 44 34 24 22 34 14 32 21 18 11 26 13 12 6 11 7 8 6 9 6 7 1 8 5 6 6 6 4 5 2 1 2 2 1 1 1 3 2 1 2 1 2 1 1
4 45 51 271 290 1133 939 3328 2187 6756 4637 9882 6774 16011 8891 19665 12710 24774 12375 34463 27257 26180 33589 63292 26125 114328 71663 95558 53845 169687 96747 92796 100880 112509 83313 166747 190332 248690 245551 304031 71908 340623 261366 518460 706914 779266 328618 591778 358389 316674 468071 653411 563178 2252712 526823 2071443 1242043 1228308 2396907 2243010 3483260 3087735 14179000
