24 36 48 60 72
3218 25913 41877 21704 7285
618576 833947 282061 72820 9480
265140989320612725 26257592542942977182 2899770629268222304 307949454637864262 1458194893451
24 36 48
391 570 101
2540 1315 137
34181888 30589278 206134
3 4 5 6 7 8 9 10 11 12 13 14 15 16 17 18 19 20 21 22 23 24 25 26 27 28 29 30 31 32 33 34 35 36 37 38 39 40 41 42 43 44 45 46 47 48 49 50 51 52 53 54 55 56 57 58 59 60 61 62 63 64 65 66 67 68 69 70 71 72 73 74 75 76 77 78 79 80 81 82 83 84 85 86 87 88 89 90 91 92 93 94 95 96 97 98 99 100 101 102 103 104 105 106 107 108 109 110 111 112 113 114 115 116 117 118 119 120 121 122 123 124 125 126 127 128 129 130 131 132 133 134 135 136 137 138 139 140 141 142 143 144 145 146 147 148 149 150 151 152 153 154 155 156 157 158 159 160 161 162 163 164 165 166 167 168 169 170 171 172 173 174 175 176 177 178 179 180 181 182 183 184 185 186 187 188 189 190 191 192 193 194 195 196 197 198 199 200 201 202 203 204 205 206 207 208 209 210 211 212 213 214 215 216 217 218 219 220 221 222 223 224 225 226 227 228 229 230 231 232 233 234 235 236 237 238 239 240 241 242 243 244 245 246 247 248 249 250 251 252 253 254 255 256 257 258 259 260 261 262 263 264 265 266 267 268 269 270 271 272 273 274 275 276 277 278 279 280 281 282 283 284 285 286 287 288 289 290 291 292 293 294 295 296 297 298 299 300 301 302 303 304 305 306 307 308 309 310 311 312 314 315 316 317 318 319 320 321 322 323 324 325 326 327 328 329 330 331 332 333 334 335 336 337 338 339 340 341 343 346 347 348 349 357 359 361 362 364 367 369 370 373 378 381 387 388 394
218 1430 3978 9676 15826 23190 32417 37222 41642 43403 46303 41893 44191 40180 41413 37363 38405 35093 36604 32442 33540 31398 32295 28943 30246 27101 28234 25471 26511 24276 25422 22634 23314 21626 22047 19809 20866 19553 19780 17898 18213 16810 17858 16028 16460 15682 15777 14179 14545 13761 13965 13157 13122 12481 12697 11344 11717 11316 11540 10216 10500 10122 10307 9206 9087 8816 9304 8590 8372 8403 8460 7632 7638 7398 7423 6975 6963 6810 6951 6078 6082 6163 6226 5619 5732 5657 5719 5113 5117 4752 5309 4688 4573 4808 4741 4082 4179 4112 4127 3863 3758 3876 4078 3435 3380 3529 3622 3211 3210 3186 3292 2867 2942 2708 2986 2604 2629 2715 2690 2213 2392 2470 2424 2308 2061 2240 2346 1753 1790 1974 2030 1797 1872 1821 1788 1560 1501 1583 1811 1582 1490 1611 1567 1225 1300 1325 1401 1393 1222 1292 1363 1095 1064 1141 1272 1073 1091 1131 1089 899 862 938 1062 883 817 998 983 712 731 808 897 838 678 819 810 615 563 750 726 633 644 671 656 547 502 548 710 554 502 691 647 426 405 507 473 506 437 469 491 357 322 389 476 362 364 361 381 298 254 271 358 321 257 321 327 237 245 247 267 249 201 252 261 184 162 209 227 198 187 198 195 155 129 128 176 155 145 141 128 113 96 102 126 115 84 95 107 60 81 67 89 75 67 67 58 54 31 47 49 46 44 48 46 37 37 36 40 35 31 41 40 27 26 22 42 28 22 39 21 34 17 15 15 17 23 15 16 12 10 17 21 14 9 10 10 6 10 6 10 10 10 7 1 8 13 6 7 8 5 10 9 7 2 3 7 5 2 5 7 4 7 5 2 6 2 1 2 2 1 2 3 2 1 1 2 4 1 1 1 1 2 1 2 3 1 1 1 2 1 2 1 1 1 1 1 1 1
218 1552 5549 17486 39935 85344 173817 299950 507773 794864 1266233 1744916 2689519 3522312 5170159 6480762 9342470 11482240 16190291 18952184 26541721 31005633 42774197 49474474 67100155 73361897 101690684 111566273 152024104 165985947 222165704 239867157 320810286 347533476 449405930 484084796 639900354 683894208 893968231 934773032 1190032712 1280809810 1664905711 1735444157 2245514508 2349671105 2953439601 3193744179 3955607129 4184309053 5181555767 5585094413 6783587745 7272740712 9040272580 9167903450 11586440864 12267146220 14997972101 15288637153 18628881141 19843736749 24275674902 25098129584 29335435818 31728872210 37737305864 41143552353 47640707928 51547086117 59278442659 63976134157 73353245384 79369411063 91798571665 96903406818 113801403274 123530688882 141995728074 150628479052 173433814215 190536384592 215323366130 233742150533 262785075628 286913524441 335809470559 344395928478 399067731742 419262732703 496723413410 510812443966 578635089672 657514129038 720611257133 756216569321 857665803219 897908667746 1049803559776 1083317426144 1206821633414 1361030479850 1554249489478 1590174764103 1737965702824 1900653642285 2234447542785 2273155440023 2589000800920 2757404548203 3097860436117 3198365671263 3640698822633 3715714317605 4353297114090 4322077821475 5125961204170 5433713228353 6117184810503 5929960964374 6820734818950 7535421872521 8326046438009 8949242246785 9127825361178 10782857410296 11810323026794 10383350667241 12460200877827 13549869357019 14947395803154 16136755444273 18349404524511 18845845799367 20978753028563 19973686797665 21817918238762 24465297584315 30770219377852 30787309963901 33127493249745 36647188956234 38492950312895 37565643590671 43155616429511 42003498491666 51641862802028 60246318575717 58904868416858 65391217058174 73483667722151 68013092358965 76509168749313 82199322469861 99862945930346 99759565652771 112471915257443 115809816417124 129591462194761 118532618612326 129163496543732 140837009708995 178693766529991 164966911614218 188925786836747 218741231577113 236568490809952 200303381138654 235494487427063 254930015106905 304194328324604 340717389865035 311441678789020 379553020952460 413231517012087 344343265969200 391342711132180 495577505027390 511990203166710 558206878072780 607939931911507 621342682792452 678853039945380 689692106706521 651748775832249 715752452323960 1017173880799598 913957059507854 1002402871955433 1327588873028788 1264035079275713 1051961476397573 1075097389152574 1324887508093926 1426564995997784 1774803902741635 1569772330044055 1796911605732221 2071715427541366 1645704077818109 1683654699497934 2015298270283333 2581079048682577 2571559077373562 2862344656621036 2644437848208114 3247260291597185 2793465823672898 2657899205624389 2863730830440300 3972839230996398 4146071057144790 3689795841314904 4869569740006892 5140498938027620 4367838430583592 4907236276960295 4775269935413837 6151921373406871 6831822364846183 5697735557779211 7183972066928138 8042632621165505 6007238782512609 6664917092902478 8253581023286316 8909026718808651 10380709348508747 10946080901516545 10831740900774160 11840611288655986 10341767579357924 9217724348959464 9460350056214010 14614854940984043 14181656221368073 15096642880145302 15761492093828118 14436662890246129 15799837629160206 14028011734891202 13240261426562618 19371682128329434 23044898842976912 17033096403989889 18541142097344007 23451224214781706 13602653042227648 21264408867742136 19431160119189367 30395530575362101 25698736630999623 25010183803398040 24089979574127826 20823789206025809 20913340091820781 16146973029407818 21787369176812973 24923829809924071 23867689943915826 23412857178924131 30677595435458890 30711671279592717 29463980047418685 30820751305705749 29960431121671698 35107698452880932 38129543464695685 33085292078879727 43325352446059937 46489278174424718 36786093321835306 36899478033013206 36342155798142049 59314497186507542 44064430518975830 40565731412634455 90004691357529475 40838180128642685 74468617836166481 42777273415836784 33292605091643638 40539793582262645 49250889327171297 66689919541451855 66565102208469665 55859359045072933 48857810967482726 40450230522199952 79418817372760763 95030599817112627 72977516285015002 50532045631128780 73722393816579031 57480240489940780 43202306719474414 86243467720495116 57267945956510907 85028632395778704 92464467468027335 97988392336408160 76736221316508412 19861944784807002 99807035319305876 177368862757183087 77187307618689746 97874193886737734 116022171542971607 77908431288230908 170618620539520054 176119025474262762 183038179412744397 44458102692840228 69000019966462011 225382358322946082 162273271216257310 58631202330838967 188443426023928854 299332624717122414 174004774347204150 306130725464740358 205254852652909365 85496156071909392 284334006536447709 104924088457657282 52462044228828641 116261951952540833 180316049518999632 68834885946073850 142488173807924189 304909086329033908 168601631272450238 168601631272450238 96450110192202760 199601576513938085 426918653494056194 117949491546113972 126108517833796355 144117936527873832 175943559810422753 376017294104585960 200882556287683159 429236599486572598 1089352536144330015 413766180933342362 471314064268398780 502957566506000020 1145224117796075118 695143713458946040 1581476239298822638 843250788562528427 1022141228367345362 1406207446561484054 1701169427975813525 2484305294265418180 2645418340688763701 3850538434667429186
3 4 5 6 7 8 9 10 11 12 13 14 15 16 17 18 19 20 21 22 23 24 25 26 27 28 29 30 31 32 33 34 35 36 37 38 39 40 41 42 43 44 45 46 47 48 49 50 51 52 53 54 55 56 57 58 59 60 62 63 64 66 67 68 72 73 74 80
7 35 33 139 95 281 147 327 169 351 155 280 134 223 143 182 107 126 73 130 76 117 47 86 30 55 35 48 27 47 17 25 22 35 13 21 7 12 8 15 10 18 5 12 5 11 4 10 1 4 4 4 4 1 1 2 1 2 2 2 1 1 2 1 1 1 1 1
7 44 57 329 288 1586 986 4064 2479 10647 5158 16890 10200 31166 20971 43111 27253 55569 36142 102549 67827 141508 66497 184437 73215 213115 117431 219569 145704 292096 135165 221411 258684 600932 160284 437759 163819 414049 299217 872780 454255 871904 372982 1350847 430211 1798747 451050 1598536 267402 883638 797051 1163954 1191817 329931 659862 1335488 772310 1429375 1943528 2860880 1932934 2600312 3483260 3483260 6175470 6175470 4087968 10619863
