14 26 38 50 62 74
1181 9323 31278 34649 19381 4175
275057 1532748 719564 203950 56061 4843
186882201 3747217520696454331 20797749740261807437 4510702856096831013 107117280220417608 33128814370
14 26 38 50
397 1081 479 69
39384 7657 1015 86
25397868 316479987 39971116 121308
3 4 5 6 7 8 9 10 11 12 13 14 15 16 17 18 19 20 21 22 23 24 25 26 27 28 29 30 31 32 33 34 35 36 37 38 39 40 41 42 43 44 45 46 47 48 49 50 51 52 53 54 55 56 57 58 59 60 61 62 63 64 65 66 67 68 69 70 71 72 73 74 75 76 77 78 79 80 81 82 83 84 85 86 87 88 89 90 91 92 93 94 95 96 97 98 99 100 101 102 103 104 105 106 107 108 109 110 111 112 113 114 115 116 117 118 119 120 121 122 123 124 125 126 127 128 129 130 131 132 133 134 135 136 137 138 139 140 141 142 143 144 145 146 147 148 149 150 151 152 153 154 155 156 157 158 159 160 161 162 163 164 165 166 167 168 169 170 171 172 173 174 175 176 177 178 179 180 181 182 183 184 185 186 187 188 189 190 191 192 193 194 195 196 197 198 199 200 201 202 203 204 205 206 207 208 209 210 211 212 213 214 215 216 217 218 219 220 221 222 223 224 225 226 227 228 229 230 231 232 233 234 235 236 237 238 239 240 241 242 243 244 245 246 247 248 249 250 251 252 253 254 255 256 257 258 259 260 261 262 263 264 265 266 267 268 269 270 271 272 273 274 275 276 277 278 279 280 281 282 283 284 285 286 287 288 289 290 291 292 293 294 295 296 297 298 299 300 301 302 303 304 305 306 307 308 309 310 311 312 313 314 315 316 317 318 319 320 321 322 323 324 325 326 327 328 330 331 332 333 334 335 336 337 338 339 340 341 342 343 344 345 346 348 351 353 354 357 358 360 361 363 365 366 367 368 369 373 378 393
299 1607 4340 10916 21571 37123 50633 69121 78931 87178 90280 91386 91990 85997 86754 79271 76359 68111 66148 59278 57072 52298 51722 46411 46743 42982 41544 38843 39278 35109 35830 33482 33192 30982 31204 28226 29169 27261 26502 25218 25900 23709 23687 22540 22618 21116 21233 19640 20039 19291 18365 17992 18066 16392 16508 15951 15691 15110 14814 13808 13995 13416 12744 12518 12494 11768 11559 11217 10947 10534 10400 9913 9987 9542 8951 8926 9224 8410 8356 8112 7998 7923 7490 7117 7278 6889 6492 6475 6274 6032 5915 5913 5781 5505 5284 5204 5287 5271 4757 4773 4653 4373 4133 4304 4248 4067 3723 3616 3816 3464 3266 3374 3310 3220 3011 3012 2938 2855 2723 2868 2681 2665 2428 2370 2395 2359 2166 2239 2172 2099 1945 1872 1952 1912 1756 1767 1690 1628 1552 1515 1634 1474 1371 1426 1287 1396 1254 1208 1203 1234 1069 1219 1060 1070 896 967 960 960 904 953 807 791 755 740 730 740 630 753 635 681 628 613 573 599 508 596 503 545 466 437 423 435 384 473 365 380 358 331 355 360 278 323 313 279 271 278 235 271 217 271 214 246 217 209 210 215 177 227 161 154 159 179 161 180 118 146 118 125 140 128 139 131 125 130 96 115 82 92 89 98 92 103 92 86 101 83 73 89 60 81 69 67 77 67 53 65 43 58 57 64 57 47 55 56 44 58 41 45 48 31 46 49 38 44 34 46 41 28 28 35 29 27 33 25 20 20 28 28 10 25 16 25 45 14 20 14 6 20 14 16 15 11 14 8 9 9 9 16 5 7 9 8 5 5 3 8 7 4 11 6 8 5 10 10 7 12 7 7 6 3 8 5 2 5 3 4 3 1 5 3 4 6 3 2 5 2 2 3 1 2 1 1 1 2 2 3 1 1 2 1 1 2 1 1 1 1 3 1 2 1
299 1758 5908 19663 52505 126771 247015 526912 867302 1522395 2326072 3742926 5386953 7685282 11294584 14973076 20073827 25230466 33363599 40071271 50994008 59822988 76800740 88200609 111881277 126425045 160092554 182388472 230869412 252796724 325986822 368273509 469869735 511169068 652956525 715538324 908589078 987726450 1231737538 1363461929 1716719021 1840470591 2290884370 2518193521 3125653403 3336197715 4144690384 4473696551 5494104812 5955336564 7008186626 7950097774 9608524280 9863213841 12044286772 13329984110 15748196315 17172897925 20079383812 21488287976 25550783526 27446730517 31946833241 35191365127 40502152309 43354842641 50922612443 56045145622 64400806201 69199166188 77876657741 87215204393 101359485941 107786277615 120490805378 132778054698 159264735265 165411539315 189344037224 206394135832 235729043072 263303234534 285605093903 310660200660 364238431174 368760961928 424661567423 464903535029 514851060883 554933785994 617656217681 687422734722 783812038312 818283833775 889842084443 974107569411 1124021349717 1237133978667 1302714396304 1434766208043 1618676466643 1686281683682 1754761879376 2109431647512 2321183377015 2404773676958 2545674541475 2839129604093 3324332656900 3277404614963 3469346826989 3954095099585 4500200684362 4805827171342 4898869766691 5564646031528 6094949951274 6064139044373 6919118067773 8026841295405 8246792250304 9261471038537 9528873301909 9714570928956 12005501942430 12410007330526 12740699833485 14700024746568 15898347260369 16053034925547 17703224256122 18800481907862 21540830595641 23340590217819 24243258203062 26165402197068 28195349472749 28946204924914 31346847706903 34966430146728 42067088097626 38414442848609 41789299274267 47567893957295 46079535639396 55581951757238 55895397360766 57944441912641 64197222648135 74735008945711 67238618031866 88065456223719 81109126503720 89568285718981 86182023756687 102247687513412 110873026246260 120911321814332 121540762112182 141303317168871 137550672964295 147284438705802 144624047924232 172940146577306 179537160438132 191627036376678 182672750229065 244686326473589 224522198894180 272258296830144 270074724005256 284761241646404 291912518212421 327357805181105 309017534977041 403722058030033 346374672926714 415832693025544 390104934814730 416222871622035 428590826793128 476974246563731 458936557260328 607751059800970 530510213993199 604062989646311 611071466328118 620020747289555 730551527753624 717150154876862 699377696336925 822336625305392 876229898032447 898974699237690 932473178375573 985614635168224 896312789308983 1142521099590376 1108933386854290 1392504943037089 1203448360387625 1487468005589627 1389092316346517 1581604859799141 1676202988022722 1799306346900540 1571106244607835 2039896740796074 1616808955013599 1804628387878847 1917357689271176 2425124185892568 2235216856958368 2621436486152910 1887049791456900 2631877266325945 2120720291920492 2779296707250733 3174433674069603 2979736237601746 3791063372831052 3769848413310761 3794437421138049 4205119025776191 3507036047574534 4449124235464227 3287050860370909 4287792993505469 4829642983970117 5049996270150789 5479010792518753 6060834434460714 6138679637061102 6372355690458209 7730770485595554 7369719148038819 7040106305629335 8136178273471613 6770613552679027 9231518623092615 8009809631984449 9951559349597006 12217298960898097 11316459226717093 8681433259703979 12544085440749520 8325810227242147 12925678203654601 14311038432872716 17328978204911023 16085640390524695 13252786370145167 20447236466450079 20192532773030950 16072282208563792 20950922459167830 17919997228837437 23990181806687557 23521015059979517 19541133767743628 26287141361889390 28496786067658804 27160546996080473 30152584535364984 25401191432064170 40107974736107405 34879614046311936 27261739457998274 31601513751994737 38338052790772442 34031943008387615 32045614030022174 44092114126682287 41302789043425108 30320011063442298 39083631656352385 48952498017059218 55737362855336630 25702872127166881 52606556532223796 42633011666853293 72707687741012501 118464859094350516 51090095287178897 72347586502048762 53182550215301120 25076132935590868 75853238956278646 71037133837860221 76099802987145991 66124609313630544 57113316959380216 81938272049650812 57992991998402670 58313782870230600 68225043682984957 79277617576299285 156330992778196800 45978757083928416 56211738694601280 90000482722201712 86667193708911913 51833938482453519 54843077853290725 46575844252695777 113994961676378141 95004859576070831 58523230808274398 203439388386978336 102136293604248506 144342673730990636 94703379960978401 205936944724873234 263664794920772476 185650152739241849 336342693305418894 220772524605678993 285071365058806991 192767648747176234 102090203090348314 290774893492062875 196952667884748041 85496156071909392 216764670687396812 232095077809549987 206391776321723798 232523903905081666 120210699679333088 519112508209875700 211323059753998039 310057053769850184 652408283755566936 270526304941648869 186625545172752383 502354619349611495 220615720850585544 235898983092227944 362007500926024299 134819180623301520 288235873055747664 154043597379576030 164637479165761044 175943559810422753 401765112575366318 489809074910764812 838089985451106456 298330063062758076 363117512048110005 775265065838058446 441622981929358437 471314064268398780 1073358140621382242 610898403751884101 651688879997206959 695143713458946040 741433159884081684 2372214358948233957 1022141228367345362 2812414893122968108 3617712763867604423
3 4 5 6 7 8 9 10 11 12 13 14 15 16 17 18 19 20 21 22 23 24 25 26 27 28 29 30 31 32 33 34 35 36 37 38 39 40 41 42 43 44 45 46 47 48 49 50 51 52 53 54 55 56 57 58 59 60 61 62 63 64 65 66 67 68 71 73 75 77 80 103
9 78 72 450 337 1735 1123 4137 1920 4952 3156 5318 2153 4314 2320 3584 1197 2202 1219 1716 522 1240 603 880 267 534 260 388 118 296 112 225 54 123 42 72 17 51 18 54 19 34 15 29 13 25 7 26 13 10 7 10 4 10 3 7 6 5 3 3 4 5 2 3 3 1 1 1 1 2 1 1
9 88 116 1027 986 7733 5075 42682 19911 117168 70025 299383 122775 540660 273255 1065427 333023 1257702 572025 1774958 507213 2246174 847845 2823601 668559 2579100 870078 2757916 612913 3161975 858750 4358283 635383 4149442 839413 2724025 475912 1944406 766566 3514235 1143011 3958860 1074135 2985161 1043521 4124411 1160999 9111455 2700133 2330013 2777036 7160440 888338 4500395 1147630 3976912 5321942 5262921 4403370 3726129 3943947 6775863 3233090 4354595 5224890 1741630 2679689 6175470 8175936 17875066 18578182 190569292
