28 40 52 64 76
9714 37859 31305 19195 1921
1400265 633234 179830 47177 2011
323945922634494696 13605427426557805751 2394312752339245094 31685535363742469 246088568
28 40 52
884 415 47
5633 873 55
232511011 7864390 22345
3 4 5 6 7 8 9 10 11 12 13 14 15 16 17 18 19 20 21 22 23 24 25 26 27 28 29 30 31 32 33 34 35 36 37 38 39 40 41 42 43 44 45 46 47 48 49 50 51 52 53 54 55 56 57 58 59 60 61 62 63 64 65 66 67 68 69 70 71 72 73 74 75 76 77 78 79 80 81 82 83 84 85 86 87 88 89 90 91 92 93 94 95 96 97 98 99 100 101 102 103 104 105 106 107 108 109 110 111 112 113 114 115 116 117 118 119 120 121 122 123 124 125 126 127 128 129 130 131 132 133 134 135 136 137 138 139 140 141 142 143 144 145 146 147 148 149 150 151 152 153 154 155 156 157 158 159 160 161 162 163 164 165 166 167 168 169 170 171 172 173 174 175 176 177 178 179 180 181 182 183 184 185 186 187 188 189 190 191 192 193 194 195 196 197 198 199 200 201 202 203 204 205 206 207 208 209 210 211 212 213 214 215 216 217 218 219 220 221 222 223 224 225 226 227 228 229 230 231 232 233 234 235 236 237 238 239 240 241 242 243 244 245 246 247 248 249 250 251 252 253 254 255 256 257 258 259 260 261 262 263 264 265 266 267 268 269 270 271 272 273 274 275 276 277 278 279 280 281 282 283 284 285 286 287 288 289 290 291 292 293 294 295 296 297 298 299 300 301 302 303 304 305 306 307 308 309 310 311 312 313 314 315 316 317 318 319 320 321 322 323 324 325 327 328 329 330 331 334 335 336 337 340 343 345 346 347 349 352 355 357 358 359 360 364 377 389
419 1574 4243 9845 18800 29019 40837 50020 56033 58167 60230 57165 57007 55664 55131 50338 50790 48963 46864 44542 44407 41306 42452 38683 37595 37897 36183 33499 34118 32724 31425 30090 29546 28524 28309 26130 25623 25590 25223 23041 23172 22885 21198 21026 20684 19677 19704 18437 17679 18255 17290 16171 16484 15690 15090 14691 14092 13972 13560 12890 12393 12889 12189 11678 11678 11633 10737 10553 10308 10054 10011 9526 8923 9462 8539 8190 8305 8124 7773 7592 7212 7417 7040 6644 6302 6527 6265 5969 5911 5954 5561 5379 5301 5158 5039 4815 4481 4745 4446 4291 4245 4070 3894 3903 3644 3746 3488 3272 3182 3266 3170 3167 2941 3035 2715 2661 2643 2579 2523 2407 2243 2289 2203 2135 2127 2020 1949 1936 1719 1781 1733 1613 1572 1649 1556 1503 1460 1425 1386 1328 1375 1262 1231 1220 1178 1264 1101 1108 1151 1089 1047 1045 952 925 936 830 789 837 826 774 780 757 714 642 691 629 706 616 610 588 537 494 568 486 534 499 490 448 448 395 442 388 422 368 405 308 343 373 358 278 341 298 317 292 298 264 282 266 227 261 219 198 209 194 207 201 164 190 165 172 176 160 154 175 152 138 123 139 118 133 129 117 145 120 101 121 125 96 114 107 90 87 90 83 80 83 99 87 75 75 70 84 59 63 67 47 98 82 52 49 60 42 66 52 43 38 40 35 57 47 40 21 29 27 33 34 37 37 36 15 41 21 19 32 23 15 18 18 20 13 14 21 16 12 18 9 17 15 14 14 9 10 13 16 12 13 8 10 18 7 15 12 5 8 11 4 10 4 11 7 11 5 5 5 6 6 11 8 4 7 4 2 3 3 1 2 1 1 2 1 2 2 3 2 2 1 2 2 1 3 1 1 1 1 1 1 1
419 1708 6000 18092 47345 103314 209951 387365 661965 1040520 1646345 2352313 3489325 4852612 6976668 8943358 12503946 16071867 21630418 26931289 36050958 43342679 58556710 68266347 88284468 108178537 135655703 156006842 202188304 236359919 294515153 338271435 421566862 482340432 606521941 671652548 830088327 955668006 1168611902 1287872088 1588016572 1791173814 2099843608 2426587772 2890477970 3196722364 3886993925 4197398764 4956011739 5753261191 6663588722 7227691748 8734477229 9431954094 11096291603 12597895087 13944512549 15841247521 18275087374 19984638614 22785952605 26445954016 29361845788 33057426168 38884708057 43245094654 47854098135 53388897509 60484494000 67096109227 77092410434 85858642837 92887357993 109746971566 115243639345 128410426417 144527272291 160323052262 179297037745 200736515086 216430513444 248086908894 273117090398 291322098571 324193312083 371729979455 397334804835 442984472309 492081870440 548100747698 597459606762 659860442688 718437460976 790923216709 848598446304 952975364287 996970737318 1169065136360 1236792938990 1359476828966 1480147081221 1583572810921 1706753093415 1952579237587 2008094552282 2362740111006 2399368926905 2500038406375 2754520203672 3141221613542 3314485807723 3837661884683 3988778273046 4542121707178 4647132661610 5127007863942 5577160786890 6033276950457 6529813509338 7182575344490 7424517489388 8467197734275 8788584152865 9463159925785 10257163231226 11038296085109 11578270807852 12981121200186 12597678068146 14724818164970 15568528974686 15896102508743 17173162637613 20343279175422 20653160131091 23022188994941 23665800136180 25739948556803 28142202740009 29798528528373 32748250330339 34975162572920 36020631751348 40992562840396 42571751163961 51307013606667 48306188824990 54632687828559 61778883094397 63118950893303 66278294867866 75986277400093 74687009520681 80069509849974 86087279411438 85936040478858 92432022997528 105440684520290 109326613510892 120557142732608 133313227617263 137112814354825 144173387500972 138510370060927 170115235887123 165640040371515 192966408509864 201636122622523 219096913207473 228776013616104 215198931619763 221278556975510 281288903064881 248301417567613 325850115805502 327764936041205 346642026069968 346776521602780 392271160822150 354642689515350 470400688397765 422763429426705 483901506461960 487560085712478 592998329924620 482832459653845 578110112859400 681687676575524 728992305398198 568852362117824 836711854062726 791260642282243 894047398944096 875157492693614 924419511873220 909989650163478 1224184862903611 1082938130086095 980353092072400 1333227804363176 1164003630756837 1138737590740839 1148655995016221 1231219498552838 1483627168540251 1637272766707445 1378722573492781 1775650786753293 1720265516300131 1891892089873782 1890572140167927 2005018299790966 2007625953768657 2598042428821861 2526707060456630 2660706924329137 2102841595891501 2776671288431395 2637939436676943 3341785386194736 3430580103423556 3414671195413158 4554991837984295 4159105140620403 3653636932547780 4953719686609885 4807214706808117 4631829979011698 5428094748115254 5761583831777625 5104405670340713 5863685517685112 6203910823326449 5947438153019244 6116844416536569 7357191791076968 9335914656774843 9238842648387992 8727976791871790 8950620496067438 8893607954222073 11940875650680242 8821146700411060 9891572867791984 11830280854527528 8663743555033860 22604801746534254 15927421022921379 10423513370525398 12267271152243365 14549742713094354 11274850669614887 19090493468114311 15933083846501914 15276447516906425 14112758012718144 15768811776214638 14644534324968591 26761078340936760 24441475574914408 20594221881709530 12451960104018057 17510595950628617 17622747698399945 27304976493179246 24468520034345567 32463362552463859 39908232833406887 35226067960326036 14896607302831350 53840660603942537 26428375064334897 24998762260148011 48211591431129091 33239187644761080 27599858232039625 30676484456420305 30346182694109764 42484775304794073 32962898505974383 31852071461485653 52000980671594623 45097799039282872 39265812411696492 57816586092142458 30495338305392760 80190677402913805 61701007222423482 56153919168157640 56430242096340273 43453343679126114 64492898565325998 78677274930116520 85693045227043417 97257960523739925 85897425084287929 52372569033749447 85131346533294231 153446084715238872 64832234970066305 173675098831817654 121645857088766624 49654861962017505 99807035319305876 142228560582309414 50862871828574338 136404402801688545 73666183547131592 186102768054176204 134615866675907832 267499242829474770 97395256886931563 102968472362436617 110374301423033347 142950338418953481 158494845801397956 352851562773510623 234524809323355868 129953173405866616 238981361050137458 178951676161818644 79839131053999982 125415721598909383 147016930905713625 52462044228828641 108618646341702930 112313204225748578 64325374609114550 157602510605333230 78801255302666615 180350869961099246 192900220384405520 353848474638341916 288235873055747664 329274958331522088 175943559810422753 376017294104585960 429236599486572598 261578907351144125 955667921364987252 363117512048110005 387632532919029223 413766180933342362 441622981929358437 572612058898037559 1319510599727473500 2816759503217942792
3 4 5 6 7 8 9 10 11 12 13 14 15 16 17 18 19 20 21 22 23 24 25 26 27 28 29 30 31 32 33 34 35 36 37 38 39 40 41 42 43 44 45 46 47 48 49 50 51 52 53 54 55 56 57 58 59 60 61 64 65 69 70 73 76 77 79 81 83 84 88
2 48 54 245 184 417 295 520 304 492 265 390 210 324 161 295 165 238 109 199 93 184 100 132 90 110 82 108 50 89 55 77 38 50 27 46 19 38 26 33 19 29 17 30 6 19 7 10 6 5 5 6 2 6 4 2 1 2 2 1 2 1 1 3 3 1 1 2 1 1 2
2 59 77 612 535 2331 2011 6772 4635 14598 8599 23630 15273 46223 22801 74277 46267 108897 50698 151835 77105 233430 135994 288872 210718 399752 283946 649918 241222 804124 404298 918509 508728 860812 413889 1235234 430482 1531473 1059854 1955534 1174753 2242240 1200508 4969291 527885 2609332 1132481 2959968 1550429 1394112 861119 2399091 377751 2534301 1223040 2252712 526823 2107292 2634115 966467 2087972 3483260 2323520 12817550 16178349 10785566 14179000 29198045 15796476 31592952 53087320
