1 2 3 4 5 6 13 14 15 16 17 18 19 25 26 27 28 29 30 31 37 38 39 40 41 42 50
1 5 6 13 15 16 5 69 55 83 93 146 3 34 187 154 116 88 79 2 1 14 16 11 9 6 1
1 17 19 21 32 29 7 99 82 130 159 269 3 37 211 169 128 94 82 2 1 14 17 11 10 6 1
2 59 131 78 120 122 17 358 354 1007 5401 117775 19 2063 89282 78851 179867 7302 36935 2437 30 8037 970 1082 4330 519 15
1 2 3 4 5 6 13 14 15 16 17 18 19 25 26 27 28 29 30 31 37 38 39 40 41 42 50
1 5 6 13 15 16 5 69 55 83 93 146 3 34 187 154 116 88 79 2 1 14 16 11 9 6 1
1 17 19 21 32 29 7 99 82 130 159 269 3 37 211 169 128 94 82 2 1 14 17 11 10 6 1
2 59 131 78 120 122 17 358 354 1007 5401 117775 19 2063 89282 78851 179867 7302 36935 2437 30 8037 970 1082 4330 519 15
3 4 5 6 7 8 9 10 11 12 13 14 15 16 17 18 19 20 21 22 23 24 25 26 27 28 29 30 33 34 35 37 38 41 44 46 50
21 108 193 215 218 204 121 112 77 61 55 33 28 34 20 19 19 16 14 11 10 10 5 9 5 7 3 7 2 4 2 1 3 1 1 1 1
21 114 292 463 712 1058 975 1323 1459 1648 2261 1806 2237 3444 2194 3349 4663 5148 5790 5281 6230 7306 6558 13064 6915 15148 5491 23022 13040 27180 15191 20286 57622 43274 44583 63261 124754
3 4 5 6 7 8 9 10 11 12 13 14 15 16 17 18 19 20 21 22 23 24 25 26 27 28 29 30 33 34 35 37 38 41 44 46 50
21 108 193 215 218 204 121 112 77 61 55 33 28 34 20 19 19 16 14 11 10 10 5 9 5 7 3 7 2 4 2 1 3 1 1 1 1
21 114 292 463 712 1058 975 1323 1459 1648 2261 1806 2237 3444 2194 3349 4663 5148 5790 5281 6230 7306 6558 13064 6915 15148 5491 23022 13040 27180 15191 20286 57622 43274 44583 63261 124754
