12 24 36 48
160 1118 845 133
4787 3835 1164 137
147809 741545 413450 2830
12 24 36 48
160 1118 845 133
4787 3835 1164 137
147809 741545 413450 2830
3 4 5 6 7 8 9 10 11 12 13 14 15 16 17 18 19 20 21 22 23 24 25 26 27 28 29 30 31 32 33 34 36 37 38 39 40 42 44 49 52
25 163 355 558 758 1056 1303 1123 768 956 905 558 238 267 274 149 74 69 53 52 37 39 23 37 15 12 11 9 6 11 6 2 1 2 1 1 2 1 1 1 1
25 186 535 1189 2480 4837 8588 11596 12649 21542 29484 30959 21891 29189 51407 39905 18294 21377 21272 29615 26183 35173 33976 76485 31714 24324 29934 32716 27364 57542 43493 12446 8349 29008 12310 17977 81169 52030 37338 105558 173525
3 4 5 6 7 8 9 10 11 12 13 14 15 16 17 18 19 20 21 22 23 24 25 26 27 28 29 30 31 32 33 34 36 37 38 39 40 42 44 49 52
25 163 355 558 758 1056 1303 1123 768 956 905 558 238 267 274 149 74 69 53 52 37 39 23 37 15 12 11 9 6 11 6 2 1 2 1 1 2 1 1 1 1
25 186 535 1189 2480 4837 8588 11596 12649 21542 29484 30959 21891 29189 51407 39905 18294 21377 21272 29615 26183 35173 33976 76485 31714 24324 29934 32716 27364 57542 43493 12446 8349 29008 12310 17977 81169 52030 37338 105558 173525
