22 34 46 58 70
2652 18789 43682 23819 11051
1932741 769432 385326 97515 17381
19023134893528 25123388812632568026 9711115837443799035 795059660394592971 94615551967743
22 34 46 58
574 682 164 3
7015 2174 239 3
353014075 58741812 869462 6
3 4 5 6 7 8 9 10 11 12 13 14 15 16 17 18 19 20 21 22 23 24 25 26 27 28 29 30 31 32 33 34 35 36 37 38 39 40 41 42 43 44 45 46 47 48 49 50 51 52 53 54 55 56 57 58 59 60 61 62 63 64 65 66 67 68 69 70 71 72 73 74 75 76 77 78 79 80 81 82 83 84 85 86 87 88 89 90 91 92 93 94 95 96 97 98 99 100 101 102 103 104 105 106 107 108 109 110 111 112 113 114 115 116 117 118 119 120 121 122 123 124 125 126 127 128 129 130 131 132 133 134 135 136 137 138 139 140 141 142 143 144 145 146 147 148 149 150 151 152 153 154 155 156 157 158 159 160 161 162 163 164 165 166 167 168 169 170 171 172 173 174 175 176 177 178 179 180 181 182 183 184 185 186 187 188 189 190 191 192 193 194 195 196 197 198 199 200 201 202 203 204 205 206 207 208 209 210 211 212 213 214 215 216 217 218 219 220 221 222 223 224 225 226 227 228 229 230 231 232 233 234 235 236 237 238 239 240 241 242 243 244 245 246 247 248 249 250 251 252 253 254 255 256 257 258 259 260 261 262 263 264 265 266 267 268 269 270 271 272 273 274 275 276 277 278 279 280 281 282 283 284 285 286 287 288 289 290 291 292 293 294 295 296 297 298 299 300 301 302 303 304 305 306 307 308 309 310 311 312 313 314 315 316 317 318 319 320 321 322 323 324 325 326 327 328 329 330 331 332 333 334 335 336 337 338 339 340 341 343 344 349 350 352 358 359 360 364 365 370 373 377 379 388 397
253 1416 4127 9434 18040 28284 38932 82657 89585 95841 98227 92239 92735 89285 85750 82213 80632 76833 75525 70139 67016 66156 63842 60103 59102 58417 55986 52623 51093 48967 48475 46192 44224 44184 42295 39219 38287 37412 36141 34912 33772 33145 32447 30157 28879 28683 27931 26387 25968 25643 24890 23009 22252 21961 21337 20538 19375 19509 19081 17425 16715 16455 16225 15330 14905 14598 14455 13338 12404 12367 12081 11453 10997 10966 10953 10023 9524 9395 9189 8717 8353 8126 8122 7444 6971 6831 6676 6453 6119 5963 5919 5490 5037 4967 4986 4740 4430 4183 4215 3899 3676 3624 3498 3543 3148 3002 2937 2860 2707 2624 2456 2476 2269 2273 2071 2104 2024 1923 1914 1757 1816 1729 1706 1734 1604 1564 1407 1580 1458 1344 1357 1357 1261 1327 1141 1249 1260 1207 1117 1154 1044 1022 1024 1081 951 972 893 910 915 870 785 892 738 730 709 700 718 636 642 627 648 624 565 639 627 550 523 565 509 494 448 560 508 430 431 463 465 453 414 413 358 399 355 430 392 377 346 370 340 321 300 309 314 313 271 313 267 248 244 301 226 265 225 249 246 229 229 227 270 282 172 219 225 174 180 168 178 184 141 177 164 136 143 149 114 113 136 117 124 125 103 115 99 131 83 113 103 83 98 72 90 78 89 80 101 72 74 74 64 70 64 56 56 42 63 44 53 59 38 37 45 34 44 40 39 42 36 35 40 43 36 36 29 20 92 29 37 28 22 24 17 22 13 25 30 17 13 13 7 21 14 16 14 17 6 9 12 11 7 8 11 9 9 8 11 6 10 7 12 8 6 5 1 8 8 2 4 7 4 3 6 3 3 5 9 8 6 6 4 9 4 2 8 3 2 1 1 1 1 3 1 3 3 2 2 2 1 2 1 1 2 1 3 2 1
253 1557 5803 17687 45352 96972 194786 534152 781676 1398273 2158448 3159452 4737694 6556244 9149581 12573071 16905070 21940391 30233429 36920900 47105290 60622808 76107548 92412300 120456739 147398486 182329660 222411768 265378499 309822304 408129719 464053124 554638436 695500621 806551357 918012016 1141940589 1260777188 1509071016 1827347479 2077182111 2442962015 2985924527 3274818106 3758563479 4447399271 5130831441 5743011815 6922892088 7921029424 9142926604 10390227112 11599337798 13002094334 15702268820 17261978353 19033198158 23233609137 26222858294 28236507042 32727326419 35239103292 41118012904 46066513130 51309178904 57946917110 68369177501 73572128326 78657782799 86699313656 99154299016 108662630318 120973863975 139167476306 158720150563 171946210373 187238548035 200217795055 232273552876 251172064627 278299275602 313877073618 357243697510 373875869600 400851794672 425400528307 478690076998 529521639498 569106922164 639346336939 722664407236 764539536300 802329080534 862131937727 977283054712 1040703515645 1121712000407 1187232340781 1355503567169 1424663549861 1508762877082 1574547837882 1773299519504 1964118613277 1964245651701 2090084588884 2282809016049 2531429566671 2595854098146 2746387620753 2921310062842 3179095688737 3177666957884 3605060457801 3720678570300 3969398353900 4086473772872 4332521853322 4725695190624 4636953258631 5385322626949 5709559816312 6352869394418 7002533788439 7496172852853 7892222469408 7953699300332 9734616158448 10100399114340 10486941919811 11401956958867 12753156359761 12894123054291 15125255486109 14146466192111 18020736078601 19912365021198 20809291335699 20695995940617 23820258930819 23755933602860 26277655567692 28543873113977 33532935381899 31684690495931 35542940534263 36540756921602 42107299558572 44256455827163 47139945724618 47171475670209 55148297997068 51574971817866 57070761326618 60616506787564 68120714293563 76975276299901 72323051710517 81535818000518 86558805982589 98190743737032 103885650846629 101627021889101 125399679013901 139189065797509 130513027709866 136157954674479 162281213142343 160624009761272 161542530632602 166238923752150 238414170883984 219412686867656 201385156957189 243717460996228 261208675965906 310106495506880 299277190955515 309287713145550 355919189381580 314969615124390 384643357862388 381441822842809 518293112152624 494403404931350 523529846244499 551413569859673 609153556668545 636911020788551 629076982298368 669163794458495 757329078494059 841765068212465 866720173892310 805552350491339 1043444875768488 978128305974899 1012221193886624 1097573697767909 1399312237354446 1207113707268568 1496531061760761 1260174486727757 1662397350501545 1684043236770501 1776471796607886 2034981048635827 2073842395894868 2520505734978845 2759648122388580 2038561634235303 2755852862921565 2908571397920005 2578858863441764 2907920247672623 3096439935281919 3805673678614762 3710306422437962 3093631703009363 4417229413564728 4405460911995649 3805009049628354 4744823496490923 5314583425437843 4517113097815152 4580893777955093 5896426678175884 5434341050074225 6505649979088096 6336025394362078 6836388626204278 8639361629008932 6932721290092130 9257728778001267 6975227865316308 9817498390228493 9715124328312597 7939517411109101 12216658906096439 9292090180564007 13130778708657293 10738355035918405 12404316350486252 12582521073723080 18079240937247101 12970399691728670 16548740170949840 15854360051049305 15351583191353276 17255174703918374 17899814198789053 15584204736216267 19020598254489219 12944037156340702 25406189183008757 17690493317300345 23783824391638762 24178968749558599 18525358754804565 19010974709606186 24115442146466595 20322546466909619 31077351852376564 27180851759318223 31966968599307145 33258871209235861 31475060600380884 34822815625199912 39881096131198482 47330357263343934 58530540194557600 45237982583331989 41169119342948687 28055318071750434 133200759085902074 46472072265252810 67185763790211530 59585081500505975 49802460378091779 58594748419414706 42766574705712834 56350058931851473 42415014837687563 84135666106566821 103400643346222466 50213317495696721 47925674511765509 52035349513878227 26387489828752478 88777943614586580 65201413749905289 78164418939800877 70407078954009094 107019151128255038 34571498531993450 62185279800889442 80235969610532771 84172994499060745 68417452319460168 81482979630474370 96090632352632429 94564497734275717 112146131677019863 99028824474032611 143062236523716775 74508307991205029 137360847571910846 131165124281828801 187199601851148673 148506866017102231 128185801764296410 98741195349908144 21458096037352891 200832417426848249 213600457880758645 51065913784396816 160384058508827633 206219788982359865 123466839320995546 99777541572374138 255973938622622045 114468377080496145 125415721598909383 222813231702643476 473890010894079515 458332795685094705 430780027482766072 352734603584414754 244641424128114182 596966416829868150 284976347615848378 157602510605333230 815510354694458670 258777066252999861 192900220384405520 103151466321735325 110307860425292772 117949491546113972 126108517833796355 432353809583621496 154043597379576030 643854899229858897 687816860613651450 523157814702288250 775265065838058446 827532361866684724 441622981929358437 1145224117796075118 610898403751884101 843250788562528427 2044282456734690724 1319510599727473500 4495436230771743243 5290836681377527402 4640713124699623515
3 4 5 6 7 8 9 10 11 12 13 14 15 16 17 18 19 20 21 22 23 24 25 26 27 28 29 30 31 32 33 34 35 36 37 38 39 40 41 42 43 44 45 46 47 48 49 50 51 52 53 54 55 56 57 58 59 60 62 63 64 65 66 67 68 69 70 72 75 80 82 84 92 96
6 46 69 342 196 536 385 757 397 880 337 642 335 588 282 516 214 366 164 285 151 264 104 214 92 162 72 130 53 106 47 95 48 106 34 53 28 38 25 39 14 23 9 19 13 31 9 12 6 9 9 9 6 5 2 2 3 15 4 1 3 1 3 1 3 2 1 3 1 2 2 2 1 1
6 49 106 739 538 2830 2325 8943 5618 25602 10411 42924 23940 80126 39533 122840 57665 166348 77719 229641 125823 360926 122006 441506 216577 578389 227852 740346 301691 852354 455840 1326631 555844 1730235 509097 1474068 858510 1485861 944368 2073781 875737 1417536 450370 2656161 1094345 3364574 1103828 2938034 1169052 2962213 1735568 4033324 2379954 2401212 893109 772310 1825956 11023724 4427614 966467 5027014 1121505 5833402 3010998 5224890 5806780 2323520 12381815 4087968 27867273 36396492 49597279 44108109 145067614
