7 19 31 42 43 54 55
137 4775 42601 28 47167 10 5266
1848 48609 352381 87 150956 15 6386
120995 199338606 710959425466829128 2181518738610 84207437163471912 855867826 53614674285
7 19 31 43
19 496 433 9
74 1657 677 10
2303 7637879 13402504 12068
3 4 5 6 7 8 9 10 11 12 13 14 15 16 17 18 19 20 21 22 23 24 25 26 27 28 29 30 31 32 33 34 35 36 37 38 39 40 41 42 43 44 45 46 47 48 49 50 51 52 53 54 55 56 57 58 59 60 61 62 63 64 65 66 67 68 69 70 71 72 73 74 75 76 77 78 79 80 81 82 83 84 85 86 87 88 89 90 91 92 93 94 95 96 97 98 99 100 101 102 103 104 105 106 107 108 109 110 111 112 113 114 115 116 117 118 119 120 121 122 123 124 125 126 127 128 129 130 131 132 133 134 135 136 137 138 139 140 141 142 143 144 145 146 147 148 149 150 151 152 153 154 155 156 157 158 159 160 161 162 163 164 165 166 167 168 169 170 171 172 173 174 175 176 177 178 179 180 181 182 183 184 185 186 187 188 189 190 191 192 193 194 195 196 197 198 199 200 201 202 203 204 205 206 207 208 209 210 211 212 213 214 215 216 217 218 219 220 221 222 223 224 225 226 227 228 229 230 231 232 233 234 235 236 237 238 239 240 241 242 243 244 245 246 247 248 249 250 251 252 253 254 255 256 257 258 259 260 261 262 263 264 265 266 267 268 269 270 271 272 273 274 275 276 277 278 279 280 281 282 283 284 285 286 287 288 289 290 292 294 295 296 297 300 302 305 306 307 308 309 310 313 314 315 316 322 328 334
341 1441 3217 5799 8378 10947 12912 14432 15142 15195 15183 14815 14447 13665 13087 12266 11890 11090 10832 10388 10089 9540 9253 8857 8531 8217 7856 7685 7471 7093 7025 6658 6419 6140 6149 5966 5899 5626 5495 5305 5198 5153 5024 4813 4752 4457 4388 4376 4191 4094 3921 3821 3721 3511 3606 3477 3426 3229 3212 3118 2884 2997 2848 2857 2787 2686 2664 2493 2507 2452 2388 2313 2259 2228 2001 2078 2031 1950 1940 1862 1836 1698 1793 1752 1690 1597 1536 1507 1415 1425 1386 1483 1358 1300 1265 1234 1116 1173 1193 1130 1080 970 990 1017 1001 1014 1025 963 828 861 866 824 848 794 758 747 669 639 716 687 646 634 570 579 603 585 578 576 531 480 485 479 443 441 490 448 415 367 419 391 408 369 364 348 326 318 326 330 309 306 272 293 303 276 309 265 229 218 233 227 233 235 211 211 185 183 172 188 186 191 175 159 113 148 158 169 154 117 125 117 121 137 124 115 125 98 100 111 105 97 94 103 68 77 98 81 77 69 63 77 70 71 75 76 68 50 62 49 63 64 68 48 36 36 39 50 41 58 35 30 37 40 33 44 47 24 27 30 26 24 29 27 22 10 16 22 23 21 28 18 15 20 19 16 15 17 10 12 20 19 18 18 11 6 5 11 12 13 14 8 10 4 7 17 5 9 7 4 3 8 5 8 10 7 1 6 5 8 1 2 1 1 2 4 2 2 1 3 1 1 1 1 1 4 1 1 1 1 1 1 2 1 2 1 1 1 2 1
341 1571 4765 12000 25666 50225 90086 153097 242374 366675 547380 779999 1107955 1495018 2027793 2615925 3484357 4359537 5671439 7157538 9145449 11137126 14059528 16950677 21196367 25241124 31089030 37988495 45634085 54020271 66520165 76329656 91147912 107062134 129858118 152132423 180001765 212553655 249467834 288396239 343821468 399405262 466817543 530030064 643290931 713801979 840066958 974320391 1099848494 1266133307 1401524077 1633834227 1906041235 2085011689 2583016107 2749727782 3250001826 3532204689 4049240504 4575440509 4984002536 6164004793 6583598863 7601112197 8515388781 9610836208 11083687778 11748479005 14037325091 15560410813 17370960055 18900856090 21744848179 23688085506 25207463486 29650964249 33396500849 36407671346 39528712680 43900159710 49606236627 53024805603 64534387798 69524882987 75962523128 82348401045 89125279723 100634672847 105950211614 123409143398 133679044260 156508734043 167069444067 178150258444 190712948142 215384027871 219458448872 266106608117 294650526237 312332777817 345759459648 344490369543 392688585190 438326919629 493449138622 558331535967 626881104282 661100920991 654317730182 733212988402 833085501251 874521863149 1033261374931 1045980512370 1125840881131 1233232164329 1229953848358 1385643727986 1663163976397 1732068166598 1883293653923 2046652220527 1984019648798 2247919338609 2572165900702 2782604834262 2970659066415 3354699278479 3477579214945 3384007261487 3958796239229 4169356085765 4257775566262 4634142885588 5672283339945 5904503312329 6048646019754 5858779551672 7547630917058 7531886100036 9074249982893 9034702812181 9911829375173 10256404137754 10331213242695 11246872004624 13050462339918 13931355738065 14954247778758 16745242766854 15435995244270 17978211174753 20821733598280 19911811406026 25964632623366 23587931142271 23489781669401 24693780226026 28033993937911 30262384301662 33975007197993 38882529310035 34784537393356 40073232270321 40581729118763 42208242536610 44465647241394 49860157116518 56736244103035 63543400010687 64552447891884 62525992630023 48801816854249 69111363009065 83912127825896 96236802959282 93218856968384 77544090003724 94063232970090 89768957449895 102507422817838 129776763577941 128562315699320 141956110844813 159906673999302 134161672134814 144016274134391 171189438558123 181545790997132 185838133805034 197640901290768 246997212838912 159977410643282 190639783521453 270411502658899 240836113324928 270222746441720 244564505619781 274034848879295 357081390299130 331000280260155 361921420556981 394438498615248 461637881211376 434823809962425 366765113928654 458306712717375 422875289361029 558362110500166 609476024101483 790593604582695 581721066305916 471963449097304 491559366815505 595116399789619 833545209979964 707965498350243 1208736693071659 750167242976027 705639730316222 936528610208082 1088938605376777 852433032394566 1326520230229767 1632937547405626 854940747263838 1103314032152695 1365970122477099 1216256454314595 1174630217106995 1668199079854871 1607725132420539 1313746537515069 589389407313762 1257630716460535 1679819544550135 1989060938977534 1987184217949031 2685425781696101 1936304103218997 1804002247697790 2583295947093588 2701251095777253 2490085451043033 2919651107436433 2991359610180908 1930134189789784 2427859356128236 4458834335195980 4509087398386314 4842250238026610 4498747438271851 3782140974256709 2115532116432105 1770868334341265 3843387954057487 4462762099837218 5940994206448710 5653204402160418 3409867933560168 5550745189696271 2556655930099756 3745989924251059 10741426081548600 3255019202199740 7434646432451366 6119825684753746 3895253147810835 4860574356931842 8423138021360300 5175624329669093 8731421869499889 12966438618759028 8903330252797859 1312051800816215 10229006065888305 9258361531209588 13598289609577760 1896564103591584 5833954059758243 2195786311682516 4391572623365032 5081905180091396 10368918102478479 8404676161024625 6320275734297994 3160137867148997 10702445684128879 4219388528587095 9068506253801772 4872038056472084 10468742139507344 6039763882095515 29404545379727583 8030248384943040 9930972392403501 11435542077822104 12269218019229465 12269218019229465 14118662665280005 29261615404137199 18671488299600364 57360403361777673 20017426762576945 23000006655487337 34800954869440830 101467687864066516 78801255302666615
3 4 5 6 7 8 9 10 11 12 13 14 15 16 17 18 19 20 21 22 23 24 25 26 27 28 29 30 31 32 33 34 35 36 37 38 39 40 41 43 44 45 46 47 49 50 51 52 53 55 57 58 63 67 73
3 26 41 99 114 212 133 163 117 147 139 132 118 110 90 73 64 85 54 68 37 43 33 25 36 27 18 18 15 24 21 15 8 14 11 9 7 8 6 5 2 4 5 4 5 5 4 4 4 2 7 1 1 1 1
3 31 62 254 373 1149 911 2190 2034 4459 4635 9003 8580 14706 13408 18521 16777 32864 24963 43496 27548 49850 35986 47224 70633 68612 56079 86793 62036 167410 123549 171530 94084 166109 156802 177978 121373 262161 260662 282992 83215 189651 459805 502370 635349 774279 579167 732651 1471948 816904 3694528 772310 966467 2600312 4087968
