4 5 6 7 8 9 16 17 18 19 20 21 28 29 30 31 32 33 40 41 42 43 44 45
5 2 5 7 5 6 26 47 70 78 85 85 106 139 118 101 100 69 4 6 1 1 2 2
8 5 7 12 8 7 37 64 111 111 114 114 110 143 120 106 102 73 4 7 1 1 2 2
19 9 18 25 18 17 202 784 1906 24437 38183 20827 15256 41184 13046 11616 7067 9974 682 1441 7 1 18 177
4 5 6 7 8 9 16 17 18 19 20 21 28 29 30 31 32 33 40 41 42 43 44 45
5 2 5 7 5 6 26 47 70 78 85 85 106 139 118 101 100 69 4 6 1 1 2 2
8 5 7 12 8 7 37 64 111 111 114 114 110 143 120 106 102 73 4 7 1 1 2 2
19 9 18 25 18 17 202 784 1906 24437 38183 20827 15256 41184 13046 11616 7067 9974 682 1441 7 1 18 177
3 4 5 6 7 8 9 10 11 12 13 14 15 16 17 18 19 20 21 22 23 24 25 26 27 28 29 30 31 32 33 35 37 38 40
14 68 156 136 170 130 109 77 71 53 51 34 33 24 23 15 17 10 14 12 8 7 7 6 3 3 2 3 3 3 3 1 1 1 1
14 68 222 260 532 599 834 880 1130 1235 1648 1656 2010 2070 2552 2214 3437 2442 5126 5144 4474 5425 6174 8355 4085 5108 4394 8456 12748 12848 18260 13684 12310 14883 21637
3 4 5 6 7 8 9 10 11 12 13 14 15 16 17 18 19 20 21 22 23 24 25 26 27 28 29 30 31 32 33 35 37 38 40
14 68 156 136 170 130 109 77 71 53 51 34 33 24 23 15 17 10 14 12 8 7 7 6 3 3 2 3 3 3 3 1 1 1 1
14 68 222 260 532 599 834 880 1130 1235 1648 1656 2010 2070 2552 2214 3437 2442 5126 5144 4474 5425 6174 8355 4085 5108 4394 8456 12748 12848 18260 13684 12310 14883 21637
