3 14 15 26 27 38 39 50 51 62 63
78 708 563 10373 13899 20329 29075 10674 14204 52 34
3695 8979 5646 230166 286529 102671 149007 20436 27191 52 34
257009 2180049 901605 828919300134711327 5752890895236329380 5324545230704575608 4754414988724756802 4210842413563088 5296248420034270 333 185
3 14 15 26 27 38 39
20 112 76 231 292 29 34
326 733 424 530 633 38 37
12430 95740 42857 14910674 4411055 150733 55541
3 4 5 6 7 8 9 10 11 12 13 14 15 16 17 18 19 20 21 22 23 24 25 26 27 28 29 30 31 32 33 34 35 36 37 38 39 40 41 42 43 44 45 46 47 48 49 50 51 52 53 54 55 56 57 58 59 60 61 62 63 64 65 66 67 68 69 70 71 72 73 74 75 76 77 78 79 80 81 82 83 84 85 86 87 88 89 90 91 92 93 94 95 96 97 98 99 100 101 102 103 104 105 106 107 108 109 110 111 112 113 114 115 116 117 118 119 120 121 122 123 124 125 126 127 128 129 130 131 132 133 134 135 136 137 138 139 140 141 142 143 144 145 146 147 148 149 150 151 152 153 154 155 156 157 158 159 160 161 162 163 164 165 166 167 168 169 170 171 172 173 174 175 176 177 178 179 180 181 182 183 184 185 186 187 188 189 190 191 192 193 194 195 196 197 198 199 200 201 202 203 204 205 206 207 208 209 210 211 212 213 214 215 216 217 218 219 220 221 222 223 224 225 226 227 228 229 230 231 232 233 234 235 236 237 238 239 240 241 242 243 244 245 246 247 248 249 250 251 252 253 254 255 256 257 258 259 260 261 262 263 264 265 266 267 268 269 270 271 272 273 274 275 276 277 278 279 280 281 282 283 284 285 286 287 288 289 290 291 292 293 294 295 296 297 298 299 300 301 302 303 304 305 306 307 308 309 310 311 312 313 314 315 316 317 318 319 320 321 322 323 324 326 328 329 330 331 332 333 334 335 338 339 343 344 345 346 347 348 349 350 352 354 355 356 359 361 362 364 365 367 369 370
406 1672 4050 7867 12072 15812 19127 21094 21373 22070 21709 21306 20518 19455 18508 17995 16822 16187 15806 15487 14752 14246 13943 13210 12843 12695 12067 11945 11428 11013 10826 10307 10155 9970 9493 9435 8994 8828 8369 8270 7793 7614 7575 7642 7200 7015 6645 6675 6353 6241 5902 5954 5834 5566 5480 5305 5015 5204 4926 4881 4558 4456 4382 4351 4031 4005 3950 3894 3749 3622 3497 3411 3313 3268 3121 3154 2824 2794 2809 2725 2670 2673 2575 2480 2371 2412 2189 2308 2173 2111 2020 2019 1982 1918 1849 1836 1757 1695 1607 1730 1575 1544 1474 1512 1410 1386 1295 1369 1329 1288 1135 1219 1181 1221 1145 1151 1077 984 1005 934 925 934 931 975 859 822 761 817 861 791 719 695 711 694 649 651 619 627 604 566 530 512 517 564 461 511 479 481 471 443 410 413 425 437 368 383 376 347 372 356 389 368 332 321 330 314 281 301 315 332 283 284 269 274 239 236 273 247 238 220 197 182 195 204 210 183 201 181 161 170 147 151 152 161 164 156 130 134 122 121 130 109 116 99 98 119 112 100 131 112 111 86 109 94 103 79 90 85 81 81 80 62 66 74 84 52 73 65 65 64 56 49 55 65 57 55 64 41 40 45 58 51 41 39 38 38 31 38 45 34 37 25 28 32 34 35 35 37 24 30 30 29 19 26 19 23 21 19 25 16 18 18 13 16 7 14 18 9 10 11 17 12 9 13 7 8 12 17 11 9 5 9 12 11 6 9 10 7 7 12 2 13 5 11 8 2 6 7 9 2 3 6 4 3 1 3 5 3 1 3 3 1 3 1 3 1 3 3 2 1 1 1 2 4 1 1 1 1 1 1 1 2 1 2 1 2 1 1 2 1 3 2 1
406 1834 5646 15349 33682 66148 119115 203435 313574 490023 716891 1042752 1443167 1967297 2611478 3496871 4468651 5795408 7411682 9614012 11817010 14917118 18787613 23005580 28132064 35729135 42582604 52512624 62817228 76150165 91958979 109743830 130291612 157761764 185574947 222866244 262081821 309680334 352912347 425928015 470515245 566837893 657463988 799870829 895315864 1040465150 1187335812 1388187522 1571976110 1821483657 1993071464 2399014118 2726969035 3115985687 3529380313 4017117478 4443974838 5392958756 5858285931 6732807744 7396006529 8676126154 9568275820 10947428147 11838079556 13585043195 15535690332 17284022974 19353616545 21626557475 23834180080 26441917631 30152904278 33469621209 36509855070 42304047032 43654199670 48798920205 55629837770 61246374846 68856529859 76765274311 85400198348 93199287448 102329836520 118852995218 120068519372 145331915031 157687924149 170185106248 184848372492 208309169594 223202628110 254262225862 275501839339 305710925074 336652717413 355974465608 380760759355 447594101113 472264649996 515653809295 548161186880 638435472889 681057348246 758596604702 796811264972 890971592210 1031005176106 1119443172402 1068609915634 1250848654968 1355549570218 1586641372954 1725579132662 1907190094100 1902160029688 2045281157900 2250123248128 2350504186306 2623471623380 2875500117579 3077414128513 3606546500072 3718509964884 3861872464814 3844606765881 4742961001896 5304872375725 5661365821614 5784556193290 5840937084570 6560563145802 7557889526735 7847549934317 8791402721813 9236365030595 9814580642338 10742366187444 11251242143077 11012153813908 12318340301118 13207524757404 16035519657846 15312652990967 17921336724171 18749586665238 20100336177203 21578573533324 23494893515326 22708982955538 25257723455891 27558127196882 33163683381071 29727024906975 34376432197835 36906884891618 38751445239908 43006218385192 45616311276028 51926236266669 56366255086012 56478734947356 60736123068805 69913766359755 74950762316232 73409764514505 78204722674630 97939682978191 110275477399998 101251996997193 115260707757020 108486325041453 126334692388141 125552436923428 131759957804163 162410619589912 168636562151020 169091553518925 177022404785735 163192307870383 171436718745736 197581410125804 241250606689770 252986953516967 252043076259093 302035154919016 294626014015415 282152428825069 338975543119720 298306824123880 336376974693202 380234230860400 437103719407081 507936676343570 511299425255923 441638555165376 506646424089216 501075938221566 554797440353303 650410148810771 616602066551532 647829621925538 591453147715130 699859525004228 845817248262501 860579327048444 927147895615150 1186150628340597 1201288495502350 1330623578093618 981852841779552 1512216806879874 1431103844116353 1629346560386946 1219071143147724 1819992886568766 1713064699690321 1728818014342571 1951537074625801 1891333241372300 1614403211914318 2002119899366687 2215388108635788 3012150342965592 1803904993644332 2992171546877914 2752710704352559 3024589464455897 3153074084462977 3096036123532830 2804652791515739 3608806536339403 4634468185398241 4403320049892696 3982660689873543 5875741899726314 4074444540164488 3959772380847621 4955751220578530 7159999866743475 6166465905337726 6196831248337949 5778404188348213 5939705963888663 7088796082341907 5850381144938974 7576628986555274 9575900918751094 8253607627498789 9238718583035150 7039868792536007 8410577872196346 10637484332412585 11873701048567213 13515328021701215 15800386646438790 15553515907226223 11161538255397961 15054124909911336 15893429915077259 18127852379931573 12283349189876612 16752371739182864 15035103269284302 16585270870700265 19441734850312384 18601721457479826 25285611228968259 18180054078991622 20250318598757420 21102024494692820 18211331236516375 23168737462240792 10697809935244190 24565430409657765 32173217302846667 18635155981309371 18428498353778580 24819547252572435 35313881330206039 32959739424333248 22332372976287321 39841574192202003 25420085093455895 23953854497875324 38871438985139068 69243315039403364 45196626659944481 40139620716187239 21726671839563057 50552354255052142 59913788730791360 65532804192422595 34571498531993450 56145515918793927 72790943449220197 71199646244902569 54009005468871456 108524964237913415 17240992550930050 133610497848209822 62491269715002358 151537269791503541 93151688505391554 26324435790115408 80886196910790826 101903508877691602 141770743634577091 33653966668976958 54757156732348023 117412683649508508 85832384149411564 88916205385680456 24650106150830490 77481721417963142 139635888997550338 90978545969528892 30326181989842964 99777541572374138 111823217330244231 39919565526999991 137317075630734084 52462044228828641 168469806338622867 60105349839666544 192976123827343650 206504657838221550 147306575723700678 78801255302666615 84300815636225119 103151466321735325 220615720850585544 576471746111495328 154043597379576030 164637479165761044 175943559810422753 188008647052292980 200882556287683159 214618299743286299 229272286871217150 523157814702288250 298330063062758076 637111947576658168 340122810048577428 827532361866684724 471314064268398780 502957566506000020 1145224117796075118 610898403751884101 2085431140376838120 1581476239298822638 843250788562528427
3 4 5 6 7 8 9 10 11 12 13 14 15 16 17 18 19 20 21 22 23 24 25 26 27 28 29 30 31 32 33 34 35 36 37 38 39 40 41 42 43 44 45 46 47 48 49 50 51 56 57 58 60 62 64 67 71
5 29 37 146 108 231 148 344 131 264 150 216 116 128 77 105 43 59 49 31 23 32 20 17 20 20 18 28 10 7 10 9 8 5 7 4 6 7 4 6 4 5 4 3 3 8 1 1 3 2 1 3 1 1 1 1 1
5 34 62 351 317 1278 1003 4275 2087 7936 4971 13725 9168 17493 11817 25742 12385 25266 24698 25041 19532 40418 30910 33410 40651 58287 58225 123192 42885 32330 66354 131834 81983 59052 102831 122032 178663 192837 166374 309845 177265 245965 355341 217016 314540 804144 178268 89134 478518 628639 563178 1721643 772310 1430440 1663640 2600312 5359378
