20 32 44 56
4854 40570 44957 9610
127887 387533 144761 12345
3057379636 9783386858283271702 1599876992054443680 3969838715538
20 32 44
556 342 4
2190 514 7
17699588 4854744 1822
3 4 5 6 7 8 9 10 11 12 13 14 15 16 17 18 19 20 21 22 23 24 25 26 27 28 29 30 31 32 33 34 35 36 37 38 39 40 41 42 43 44 45 46 47 48 49 50 51 52 53 54 55 56 57 58 59 60 61 62 63 64 65 66 67 68 69 70 71 72 73 74 75 76 77 78 79 80 81 82 83 84 85 86 87 88 89 90 91 92 93 94 95 96 97 98 99 100 101 102 103 104 105 106 107 108 109 110 111 112 113 114 115 116 117 118 119 120 121 122 123 124 125 126 127 128 129 130 131 132 133 134 135 136 137 138 139 140 141 142 143 144 145 146 147 148 149 150 151 152 153 154 155 156 157 158 159 160 161 162 163 164 165 166 167 168 169 170 171 172 173 174 175 176 177 178 179 180 181 182 183 184 185 186 187 188 189 190 191 192 193 194 195 196 197 198 199 200 201 202 203 204 205 206 207 208 209 210 211 212 213 214 215 216 217 218 219 220 221 222 223 224 225 226 227 228 229 230 231 232 233 234 235 236 237 238 239 240 241 242 243 244 245 246 247 248 249 250 251 252 253 254 255 256 257 258 259 260 261 262 263 264 265 266 267 268 269 270 271 272 273 274 275 276 277 278 279 280 281 282 283 284 285 286 287 288 289 290 291 292 293 294 295 296 297 298 299 300 301 302 303 304 305 306 307 308 309 310 311 312 313 314 315 316 317 318 319 320 321 322 323 324 325 326 327 328 329 330 331 333 334 335 336 337 339 342 345 346 347 351 352 355 357 359 366 369 387
338 1589 3846 6773 10004 12923 15686 17593 19320 19948 20050 18914 18630 17552 16824 15829 15558 14531 14056 13516 12808 12291 11901 10972 10971 10431 9917 9354 9070 8599 8420 8043 7848 7592 7273 6942 6666 6448 6177 6172 5840 5786 5504 5366 5208 4901 4851 4586 4612 4385 4161 4109 3943 3689 3786 3606 3547 3576 3413 3386 3225 3125 3026 2922 2924 2824 2691 2705 2541 2569 2616 2353 2332 2374 2203 2127 2065 1973 2014 1921 1901 1935 1800 1785 1763 1744 1753 1685 1652 1597 1520 1460 1434 1415 1411 1335 1357 1291 1188 1272 1137 1121 1174 1095 1058 1068 1033 1024 990 950 948 983 923 886 874 849 802 794 772 784 712 703 722 654 664 646 666 641 596 629 640 570 557 531 546 546 526 498 472 500 470 445 432 441 448 416 367 372 365 386 389 385 395 395 344 341 319 321 320 306 324 265 272 295 278 246 229 244 239 232 210 236 215 219 206 207 204 211 189 194 161 187 170 187 137 171 170 179 150 156 140 150 138 163 117 142 129 128 132 107 109 128 110 111 111 131 98 93 69 94 105 94 101 102 101 99 93 84 76 62 72 64 67 75 65 65 65 64 55 52 60 57 58 45 40 43 54 51 39 40 41 41 37 45 29 37 35 37 34 33 33 32 26 28 32 32 19 23 26 19 23 28 14 27 16 11 26 18 13 23 19 15 20 20 14 20 15 11 14 15 11 8 14 16 6 9 8 9 2 3 10 13 6 4 6 4 7 11 9 5 6 7 5 5 2 7 12 11 4 3 2 3 4 3 2 1 1 1 3 2 1 4 5 2 4 1 3 4 6 1 1 1 1 1 2 2 1 1 1 1 1 1 1 1 1 1 1
338 1729 5467 13329 28648 56034 100404 172452 285532 443568 668726 938233 1327268 1815355 2460189 3177011 4333449 5473027 7070605 9077998 11233247 14224123 17678620 20686465 26512144 31593328 38423766 45100061 55305314 65373353 78138048 92049587 109808716 129923464 152462816 177545176 206507368 241402701 273649099 324913434 375233471 440410059 491321922 582690574 662934829 736045211 880705811 985640251 1146753967 1261757680 1422163962 1707037032 1866625061 2007618847 2408229711 2650128725 3110808015 3578579993 4002142699 4614353922 5002781385 5842190733 6346201124 7036947841 8225398228 8997768245 10014328487 11456233273 12578822185 14929247310 17464662234 18035510534 19912311108 23728827718 25028185879 27575256341 30622350413 33017078299 38307476451 41299282353 46876624627 54721600199 57335188658 64411160388 75276314283 81732479819 94520179952 99138376994 111865548207 125066418758 131753591580 145824405686 159386099532 177791055183 198851868505 206505109431 251241368023 255743419505 274667349090 330865905725 327182305654 370712940781 426001026663 444820842266 497254363333 532030854938 611736142497 661099129928 702119737938 766531078832 864262020194 1000145711774 1052525283678 1097390782511 1249208882842 1296440115070 1470354648387 1497882964919 1681069143274 1846621651705 1885302097123 2086082661175 2287814945604 2341760254772 2748902319981 2831249856048 3266678960557 3370674111315 3534221875087 4427095501659 4770717673077 4849896575702 5155910836199 5429211957727 6332214700145 6768028627286 7231307476212 7577931624859 8019694628618 9497877843841 9485230062194 10006680159085 10372147993011 11467325560079 13549283068612 14028817492876 13847343412507 14726528418171 15862572045118 19253636415708 21493647444312 22964682254099 25861238077225 27710499731013 27778479348515 30105925958817 29391588391617 33416173654633 36751306819715 39192101663134 44769099857597 37638517536850 45143362199521 54271844745060 54579359110594 55082533768443 58222168090033 62940276140792 67389806527870 75117476061659 73498169387523 91706980209343 86435450087682 97653151355858 100411044657414 110358349636609 121322572451980 135879496960630 131510102652150 153633853008980 135280356460385 177946094749985 170190198574368 201503310464370 165974089469911 222096827725574 255689640279803 273113665642310 242757780546072 290424039054147 282325558039927 325739717328598 336339686663733 438905385150256 347161241583793 441971557348531 442584386221149 449162405421935 536870043308001 463727712524621 535174008394649 654624277504550 630528323245056 638049967207175 724751950740074 899473728279917 781757077180207 772387494738380 655264219111324 968336791655660 1145864031439955 1195087566697714 1293960543321456 1432025475489376 1516905838211989 1602333101243068 1614434772598980 1613646427107961 1558712374692988 1339115554243524 1718794883161495 1632178117226020 1832760168498782 2302460766642783 2172154184133336 2245777288517531 2423839500642267 2641073373456563 2455843445008690 2548840253764597 3177684367122456 3396803322066669 3668761272747915 3070556261897821 3015404172768813 3102234481838953 4745341022972949 4684283425140390 3715151447297750 4326395038084420 5039377080272504 5460425736930641 4944250484019679 6786722334527911 4667535977429321 5953109302449285 6912236769582195 7424521598252454 7247647183037948 8292045823860005 7852140503453240 8695101991216174 7085640296260320 8607250831951371 11292247132734989 11437503728610249 8071146730902884 10421068952576765 13173071940337017 9543397703773067 11687709310687694 17902344442551771 9681751163847501 16562938961154391 11394408253351506 8726931972021151 22171863327941673 18116933482075190 13115362979098578 23823763397453296 21688312073815907 18663767468903879 26571774825513490 27928365108237910 19174307326284890 30223961833672055 28922877010597138 21668445979777619 27383477396413457 35003724358549458 23234585383986980 20284320055203737 37399355071853522 49647917662968821 17221465542813290 30083225084628720 26705779806218632 34520335126529298 7304861672142106 12658165585761285 43181275543244559 69748562213884094 31406226418522032 22491970767802420 41028033604233875 31092639900444721 48760951009370817 94665771349063827 71170868851622448 49952233981224195 53620737636565881 86667193708911913 52560297322598857 55621288698563990 24538436038458930 91242525389575689 163685283362026254 175569692424823194 62765478549373714 49893753204806621 37342976599200728 58706341824754254 85832384149411564 69000019966462011 47650112806317827 26415807633566326 28305020340996003 30326181989842964 153793021310838510 69601909738881660 37274405776748077 194307508134496127 213740390179773480 91544717087156056 192789289449291653 52462044228828641 168469806338622867 240421399358666176 377512198115791288 73653287861850339 78801255302666615 84300815636225119 90175434980549623 96450110192202760 220615720850585544 269638361246603040 164637479165761044 175943559810422753 188008647052292980 244904537455382406 261578907351144125 318555973788329084 363117512048110005 413766180933342362 651688879997206959 790738119649411319 2484305294265418180
3 4 5 6 7 8 9 10 11 12 13 14 15 16 17 18 19 20 21 22 23 24 25 26 27 28 29 30 31 32 33 34 35 36 37 38 39 40 41 42 43 44 45 46 47 48 49 50 51 52 53 54 55 56 57 58 64 66 74
3 28 42 118 110 207 148 203 145 208 140 159 101 116 86 108 47 82 74 51 50 60 34 45 25 35 25 24 26 31 9 16 12 21 14 19 16 7 7 6 6 3 1 4 4 8 2 2 5 1 2 3 3 2 1 2 2 1 1
3 33 69 303 338 1143 1067 2448 2425 6244 4916 10328 7692 16063 14005 23979 13621 37528 39899 36639 39332 71067 44291 79306 51900 112539 73480 115475 116986 196900 58899 161000 149096 377355 201897 382884 373174 227838 203359 421509 317249 357472 74676 355682 320439 903230 276872 300250 1037141 147273 377751 876523 1268755 611520 386155 893109 2899401 1300156 6175470
