29 41 53 65 77
10851 40251 28903 18935 1054
1375282 600370 160798 43337 1065
14262378716206317857 17641200775529622586 4636580834674433843 19474442605044309 14362508
29 41 53
872 389 33
4219 774 39
136036094 11764765 5020
3 4 5 6 7 8 9 10 11 12 13 14 15 16 17 18 19 20 21 22 23 24 25 26 27 28 29 30 31 32 33 34 35 36 37 38 39 40 41 42 43 44 45 46 47 48 49 50 51 52 53 54 55 56 57 58 59 60 61 62 63 64 65 66 67 68 69 70 71 72 73 74 75 76 77 78 79 80 81 82 83 84 85 86 87 88 89 90 91 92 93 94 95 96 97 98 99 100 101 102 103 104 105 106 107 108 109 110 111 112 113 114 115 116 117 118 119 120 121 122 123 124 125 126 127 128 129 130 131 132 133 134 135 136 137 138 139 140 141 142 143 144 145 146 147 148 149 150 151 152 153 154 155 156 157 158 159 160 161 162 163 164 165 166 167 168 169 170 171 172 173 174 175 176 177 178 179 180 181 182 183 184 185 186 187 188 189 190 191 192 193 194 195 196 197 198 199 200 201 202 203 204 205 206 207 208 209 210 211 212 213 214 215 216 217 218 219 220 221 222 223 224 225 226 227 228 229 230 231 232 233 234 235 236 237 238 239 240 241 242 243 244 245 246 247 248 249 250 251 252 253 254 255 256 257 258 259 260 261 262 263 264 265 266 267 268 269 270 271 272 273 274 275 276 277 278 279 280 281 282 283 284 285 286 287 288 289 290 291 292 293 294 295 296 297 298 299 300 301 302 303 304 305 306 307 308 309 310 311 312 313 314 315 316 317 318 319 320 321 322 323 325 326 327 328 329 330 331 332 333 334 335 336 337 338 339 341 342 343 344 345 346 347 348 349 350 351 352 353 354 355 356 358 360 363 365 367 370 375 376 377 381 383 387
267 1453 4381 9808 17912 29424 37866 46785 52313 55883 56161 53833 54551 52330 49794 47610 47646 45591 43973 42520 41842 40998 38927 36362 37136 35858 34058 32165 32323 31245 30000 28621 28153 27543 26948 24835 25652 24639 23214 22303 22920 22212 20982 19910 20261 19793 18805 17598 18007 17869 16517 15890 16328 15735 14893 14093 14149 13975 13164 12481 12773 12638 11602 11053 11438 11098 10595 10136 10131 10114 9598 8956 9040 9201 8397 8034 8130 8118 7450 7075 7185 7134 6550 6292 6567 6484 6076 5630 5712 5911 5395 5127 5303 5249 4889 4680 4815 4804 4452 4089 4333 4359 3916 3775 3836 3896 3463 3325 3470 3349 3124 2880 3060 3062 2734 2622 2899 2713 2553 2436 2548 2549 2234 2185 2183 2351 1926 1834 1939 1930 1765 1686 1803 1768 1711 1491 1622 1609 1493 1373 1501 1504 1260 1248 1298 1358 1208 1101 1187 1242 1011 965 1038 985 932 858 866 864 844 742 757 772 703 647 717 722 631 652 653 649 650 536 588 689 479 483 581 507 455 459 472 421 436 429 436 427 396 385 422 360 309 400 314 274 404 281 268 339 269 289 267 243 231 242 250 201 206 196 201 199 184 191 214 208 144 204 167 155 190 131 134 203 136 124 145 120 127 141 120 101 119 98 97 97 89 117 118 80 73 81 71 64 88 65 70 70 62 60 78 52 44 66 57 63 62 50 61 35 35 36 38 37 41 47 32 27 36 15 44 43 20 37 38 14 21 32 34 29 28 22 34 22 15 26 36 16 22 25 21 19 22 18 13 54 6 12 31 8 16 13 13 8 11 15 15 14 8 21 16 8 6 17 12 3 9 4 11 10 3 7 9 5 9 1 5 7 4 6 4 2 6 12 3 2 6 1 7 2 1 5 1 3 5 1 2 3 2 1 3 1 3 2 3 1 1 1 1 2 2 1 1 1 1 1
267 1595 6054 17781 44555 102921 195176 366943 614878 1007225 1535712 2235557 3318586 4608255 6338417 8446410 11657140 15313305 19902445 25607291 33449565 42303036 53257341 64893617 84458320 102715734 126670366 148925697 187245060 226301933 277196042 325049290 393179839 468548296 567838769 645999660 799282937 925159975 1075900402 1240716236 1533149394 1787785488 2058169858 2308714565 2790367658 3206689534 3702068817 4119597501 4924682978 5708233707 6362270272 7236967816 8600182880 9636829490 11009390783 12232737756 14228275052 16255262047 17884941431 20135983457 23643340550 26881236259 29242534913 32866167557 37920960990 42718177919 48365489876 53665832875 59087157425 67352730781 74082211296 82125950782 91410044173 107021963011 114771999813 124982773259 140759321830 159354278631 169536941549 191224362595 213467203453 239901016776 245630465708 278218595738 317551515079 355061965824 377163475941 413071771904 452258421473 536982888389 545031386379 615504738051 679398779301 753454145854 814379340956 911497535103 1004795952377 1154580515539 1174783178473 1281632629263 1448868234618 1593925681601 1637061065700 1861206365685 2052678812757 2362919590704 2280653748592 2656175429811 2903262025728 3114409312483 3286651970537 3547029157281 3976616453021 4570974364453 4283495877096 5017542879766 5842048207030 5878680915602 6287451162992 7013560313031 7865043855688 8835240735464 8427056395980 9625860749142 10356269678527 11909816926767 11104448236953 12211029060677 13818417871195 14870318318706 15198603925087 16774098932984 19109694210813 20024013373158 21853998282566 21952121614240 25987343576338 28755665978513 28312527880991 31127265059346 36745889145155 38431798460995 36259638141441 40487113841254 45803282664817 53658833015638 50377487566650 53282861040602 62043336427769 69651319392979 61152076209726 67155853351626 79481979473296 82756271604690 80551942530687 89693050570833 96091804793589 103168100502276 109858239758004 107693564893463 116623784740063 137945779336138 129253718976443 134993188937697 174690533985445 174086200608805 172259817046709 203073254956876 217262576075593 245355759088986 256564011502650 236578758376293 277577401761086 370040616893919 276204896279439 301190223500222 403990869472470 391606152153427 357220638250125 423185974439645 448520279365373 450231610965979 497479075453250 553875637789580 572706214877163 619224556975254 622341321453396 658246201571025 769236870086100 713139122518038 668768053998337 972489318514917 797997097236875 814904317721898 1201026676290406 935883985130649 1024483036918707 1370969211884907 1164997979710026 1344778600968735 1314934070037277 1353962166612318 1372268081532315 1657412540597212 1767292585489635 1560637722075701 1677423397108783 1835622848264753 1936154372290481 2288866578706287 2132990342484884 2440438814487207 2947670776755258 3082361756883076 2383695095913343 3763177838970506 3133078300159307 3317613647705328 4342271610787095 3264360743243774 3431054042384246 5762087068526256 4305367270145665 4274157683930298 5047711423290525 4585430034167569 5247749182151437 6647514286263457 6671438196587749 5809806101131359 6253728726350929 6372212567918915 6413073298538130 7141870933444692 7329249313034571 10719876655808066 10930533827421717 7541747143073124 7928147057819861 9662237982219695 8896485857202890 8618014484738786 12186676452983218 9611757101943434 11448593351398929 11760227253228942 12177699251268581 11936548979904265 14835941509288542 13581842374719294 10928164844245888 16405120031529859 16597578956428721 19470979352289469 21031910051218083 16582789714675502 23710467574805397 15299505165168795 15744410634461674 17284628330076073 19918169597905969 23592320481825542 27888923657757371 30550558325876337 23424673909481783 19933809361921468 29272037274295208 13373525754031837 42554090961843471 44437800754880938 22528286778862229 47514157581105952 46423442484770512 22726516627646002 31336989884572161 54348935369298430 64178468043187510 58503341951896478 53826955099086709 45557442799994720 76760938928261253 62669991311792321 43105347394413927 74316135487006153 108244643058290208 52724982606024814 82892161052005584 85958987596006445 85174452536644051 79438792414440067 93456276825543672 87187084531087835 74529902900207612 304370765290106842 39360948843654235 86344335329271502 205399482093502415 63789159000788005 122977141094764080 106163972675825475 113964211564821056 76736221316508412 114325208197455877 175186564792421014 184636025127968386 213934705581870339 110079967011573137 317780609151200433 264011199342407112 136964653870543096 110771621631149115 378813519843913604 245971798250027124 69000019966462011 210300258890072339 100366126086057796 294352309384088940 285071365058806991 97464880054399962 234356038014189106 352956450509022794 245174418179909356 390781263338838928 49005643635237875 248484618769780141 378317983253937431 232523903905081666 364852123807447270 266320521110376800 147306575723700678 447067694611918310 956614184299116388 258777066252999861 186625545172752383 585402017282749125 110307860425292772 850123519685844953 252217035667592710 134819180623301520 730515343491071358 164637479165761044 505218518141944841 891782886293983992 200882556287683159 429236599486572598 643854899229858897 489809074910764812 261578907351144125 838089985451106456 298330063062758076 955667921364987252 680245620097154856 1162897598757087669 441622981929358437 536679070310691121 610898403751884101 695143713458946040 1686501577125056854 2323075669699925700 1238057794119125085 1319510599727473500 1701169427975813525 1930656072350465812 2484305294265418180
3 4 5 6 7 8 9 10 11 12 13 14 15 16 17 18 19 20 21 22 23 24 25 26 27 28 29 30 31 32 33 34 35 36 37 38 39 40 41 42 43 44 45 46 47 48 49 50 51 52 53 54 55 56 57 58 59 60 62 67 68 69 72 73 75 80 82
6 42 76 157 156 309 221 365 214 361 195 311 178 228 151 177 112 174 119 149 91 125 70 112 60 101 61 75 44 51 44 50 26 40 30 43 25 42 22 17 15 29 14 11 5 13 16 15 13 12 7 9 7 5 4 8 1 5 1 1 3 1 2 1 1 2 1
6 54 120 393 507 1837 1476 4329 3497 11072 7317 21751 14143 28297 23623 42010 31627 81729 56969 111252 77365 176656 98474 220156 153662 365850 219566 370088 257316 420887 343902 659487 320674 749742 531953 1095423 756914 1330897 1029466 723326 623198 2017955 869213 1077798 510072 2146702 2474569 3423800 2597882 2687351 2371319 3425553 2119113 2323849 2583141 4996145 659862 5932993 614154 1121505 9542566 3483260 6175470 4087968 8175936 37156364 24264328
