4 16 28 40 52 64
236 2709 30634 46563 19792 60
22248 48697 522075 214758 37941 60
2544129 28116175 12451211654968861786 3320622966928054041 6348209774378925 453
4 16 28 40
40 386 630 27
1802 2282 1220 30
101623 584650 81348018 37193
3 4 5 6 7 8 9 10 11 12 13 14 15 16 17 18 19 20 21 22 23 24 25 26 27 28 29 30 31 32 33 34 35 36 37 38 39 40 41 42 43 44 45 46 47 48 49 50 51 52 53 54 55 56 57 58 59 60 61 62 63 64 65 66 67 68 69 70 71 72 73 74 75 76 77 78 79 80 81 82 83 84 85 86 87 88 89 90 91 92 93 94 95 96 97 98 99 100 101 102 103 104 105 106 107 108 109 110 111 112 113 114 115 116 117 118 119 120 121 122 123 124 125 126 127 128 129 130 131 132 133 134 135 136 137 138 139 140 141 142 143 144 145 146 147 148 149 150 151 152 153 154 155 156 157 158 159 160 161 162 163 164 165 166 167 168 169 170 171 172 173 174 175 176 177 178 179 180 181 182 183 184 185 186 187 188 189 190 191 192 193 194 195 196 197 198 199 200 201 202 203 204 205 206 207 208 209 210 211 212 213 214 215 216 217 218 219 220 221 222 223 224 225 226 227 228 229 230 231 232 233 234 235 236 237 238 239 240 241 242 243 244 245 246 247 248 249 250 251 252 253 254 255 256 257 258 259 260 261 262 263 264 265 266 267 268 269 270 271 272 273 274 275 276 277 278 279 280 281 282 283 284 285 286 287 288 289 290 291 292 293 294 295 297 298 299 300 301 302 303 304 305 306 307 309 310 311 312 313 314 315 316 317 319 320 322 323 324 325 326 327 328 329 331 333 335 337 338 339 340 343 345 349 350 351 352 353 355 359 365 366 371 374 377
206 920 3625 6314 12924 15085 22618 21666 27540 23124 28285 22068 26274 19548 23137 16823 20400 14456 18308 12930 16817 11738 15598 10880 14360 10067 13493 9612 12687 8875 11890 8414 11164 7793 10858 7241 10073 7038 9461 6527 9139 6192 8634 5879 8069 5718 7709 5337 7220 5032 6952 4609 6650 4495 6127 4193 5814 3955 5708 3726 5280 3588 5101 3398 4869 3219 4554 3022 4459 2844 4265 2632 3905 2649 3765 2443 3562 2366 3409 2220 3164 2098 3118 1924 2834 1975 2646 1758 2591 1722 2408 1619 2300 1634 2290 1405 2120 1435 1919 1348 1946 1330 1781 1144 1706 1092 1612 1035 1498 1060 1411 933 1407 933 1275 847 1273 828 1163 751 1039 759 996 650 1012 691 951 635 931 626 869 506 828 593 731 471 737 514 673 447 618 489 641 364 587 430 512 345 516 384 529 349 449 345 444 269 375 310 377 259 409 269 370 247 366 238 331 202 323 232 293 176 302 206 300 188 279 159 268 150 263 150 219 130 243 122 191 132 167 122 179 111 157 115 132 92 177 81 135 83 141 71 122 72 119 74 78 54 94 48 91 43 72 54 69 40 75 49 79 42 77 39 56 43 73 45 52 54 55 42 43 36 64 38 56 28 49 21 46 33 43 24 31 19 28 24 31 21 29 21 29 21 41 24 17 14 23 11 21 15 19 6 13 11 25 5 12 10 14 6 14 7 19 2 8 6 5 8 8 7 8 5 6 5 9 1 6 8 8 4 5 2 15 8 2 8 1 6 3 9 1 5 1 7 2 3 2 2 4 2 1 1 4 2 1 1 1 1 4 4 2 1 1 1 3 1 1 1 4 1 3 1 2 4 1 2 2 1 4 1 2 2 2 1
206 1012 4845 11549 33680 57635 129824 191349 371742 477625 874358 1032597 1774856 1929828 3184059 3270880 5279927 5071033 8478555 7715613 13465454 11787244 20416748 17894188 30735880 26578911 46834386 39935347 69408334 57394900 99595899 83718894 143406954 114984731 204880044 162216989 287203796 228764122 398644118 308700887 562007594 427104531 742357980 577243808 1007812279 799768701 1348087008 1055175864 1762597184 1390937815 2404046780 1774953121 3141077279 2398982869 3964104634 3035815694 5293280346 3919073527 6726602062 4993653188 8598220912 6521787164 11326271715 7991906791 14546634694 10502874058 17651379335 13038287493 23406879448 15913223006 28745239514 20224356760 35313636066 25712841437 44206377238 31439881456 55030953037 40324681634 65898753011 48760603964 85036677413 59405877515 102557130120 68902021624 123896896850 94550661630 150923858827 107201991985 185736096857 136086488040 223283676039 161595016178 273859979950 204728758964 331824466415 227803386327 406445625526 287332478920 456921393776 345781937200 599106702509 449280820014 674416221497 469518658996 831908156083 555046820957 959665960408 666517633015 1122142966720 866837037611 1320180755740 961057008792 1623202716559 1162464112198 1823912072253 1295263754392 2373593619751 1554387051651 2565692413480 1750953574601 2847256425647 2246629151777 3547405083733 2334119154379 4447503230250 3074999633646 4831236793148 3398718936025 5855741249999 4352103496162 6669050053532 4262278571722 7861917730010 6162915578125 8596342292269 5889771291886 10633139476779 7878143164999 11417416931220 8468168163074 13099291187131 11238036737094 16387357645410 10130140252748 18909883871142 14493929368825 19580155461756 13845325138624 24597858813713 18442949087919 29315997813301 19936141413271 30564455589375 24609889117276 36208150939535 24878068890793 36715892741637 31651616101272 44307549243199 33116965312558 58230934495299 40036772294498 61190876605373 46205785240036 78811437403426 50414960037839 81813901719460 50123578313219 92283248518202 74501593202840 101030428604899 63963110524888 137148065186119 88604322533140 150078674261507 101122997322253 159787463868209 99840064327645 182325172066595 121010531290495 217875406533349 137367411339191 215807667917094 141065666015933 284121494987268 151124857488990 267880604274840 194711124553939 284842942244623 214044807400760 373667368310911 224924817031128 406643358555819 302991999568947 360497403047562 283781430056971 619004831275572 278914012063950 526255651254854 354113734430080 671787137731244 386004090010614 639893020634703 419825639422145 782002731485198 502414965800023 653143809658679 449732412332289 830782177679469 427248687589687 961262573127337 499962398658273 888171688339211 716607478310262 981449983087282 612568269737833 1206268058051688 994456099238479 1653621433665641 887313547303933 1953794141509726 1037582145287525 1621959367979230 1226899382438838 2363578013825432 1515696818060421 2071248607145625 2223716126956767 2453030322520028 2119236629979246 2461358620080896 2070426572515100 4054876266638787 2401165364287284 4051421966074705 2100824191099190 4356886837564635 2105882451888768 4874339678512579 3430003093722840 5080127107455516 2978097135942869 4729553969153199 2939044839763126 4675068559937245 4564567763111433 5671188882180133 3651454606229132 5920421154846480 4263783158653522 7836800622303008 5744914425847667 11935191644478905 8631654916560899 4993700681536070 4663847042370331 8768018443301998 3971533437496871 8512133659979338 7092025171045017 10019502584844301 2977228552400668 7450022236463559 6932900617461568 18790485649575472 3456866276561254 8793664486511240 9253113902733822 13391575693643973 5433486533576879 15327630589317394 7438101337546305 22196713173977568 2530426150660548 10503434719915073 9017652029429325 7953842893713863 14386705294576551 16013393981678170 13708733972091561 17101409116137805 10823971099305139 16393702405814366 13088604137232164 25626141703837915 2938929793929555 19435719492569534 28454906216315584 29766429339405162 16290621380153034 22041536437876848 9744076112944168 74529902900207612 46651026296184480 12079527764191030 53810097085099676 6965850144195831 47630807003225784 24090745154829120 80114813124219533 9253082936723602 52560297322598857 11435542077822104 80882470486162089 27280880560337709 42355987995840015 32479573071659326 33653966668976958 69656720532589180 37342976599200728 21458096037352891 21458096037352891 95300225612635654 54720827974562329 28305020340996003 34800954869440830 34800954869440830 39919565526999991 159678262107999964 183089434174312112 91544717087156056 52462044228828641 56156602112874289 64325374609114550 216141461669774528 84300815636225119 90175434980549623 103151466321735325 441231441701171088 117949491546113972 413756297774476872 164637479165761044 429236599486572598 917089147484868600 244904537455382406 523157814702288250 558726656967404304 318555973788329084 1655064723733369448 610898403751884101 1303377759994413918 1798350696792176698 2179315288848799564 1319510599727473500
3 4 5 6 7 8 9 10 11 12 13 14 15 16 17 18 19 20 21 22 23 24 25 26 27 28 29 30 31 32 33 34 35 36 37 38 39 40 41 42 43 44 45 46 47 48 50 52 53 54 55 56 57 64 95
6 42 53 199 185 361 283 572 313 627 379 521 330 315 176 188 107 122 46 90 59 58 32 42 26 21 20 14 20 16 11 14 9 12 6 9 3 6 1 7 3 7 2 2 2 2 4 2 1 3 1 1 1 1 1
6 55 81 482 576 1943 1817 6509 4511 16204 13008 32226 23685 38348 27589 41980 35191 48317 26985 64467 41336 74931 37821 73939 50466 63412 63096 52909 91509 81888 81951 112874 74499 175505 95202 143100 72899 173653 14883 252186 123938 419257 178736 195514 253507 152395 642428 569505 499016 1225356 239943 563178 329931 1932934 72533807
