3 4 5 15 16 17 18 27 28 29 30 39 40 41 42 51 52 53 54
51 62 151 516 1839 2350 199 7145 25113 26018 1771 4980 14851 13248 767 255 495 185 4
688 666 1398 2011 7089 10223 812 42583 142014 136394 8691 12098 35758 30412 1663 282 531 185 4
21635 22972 48945 196044 1223633 4210233 509791 1419229464388911585 4537350545913255877 4497360368298348856 9811528236276671 498660313623716099 1498172780860056264 930249003218671874 64168713424006140 5778023291 1466662901 2931561 40
3 4 5 15 16 17 18 27 28 29 30 40
1 9 5 21 60 66 7 10 30 27 1 3
6 22 13 44 136 136 15 21 61 50 1 4
66 378 274 909 26814 13139 14269 37615 90833 429052 2 524
3 4 5 6 7 8 9 10 11 12 13 14 15 16 17 18 19 20 21 22 23 24 25 26 27 28 29 30 31 32 33 34 35 36 37 38 39 40 41 42 43 44 45 46 47 48 49 50 51 52 53 54 55 56 57 58 59 60 61 62 63 64 65 66 67 68 69 70 71 72 73 74 75 76 77 78 79 80 81 82 83 84 85 86 87 88 89 90 91 92 93 94 95 96 97 98 99 100 101 102 103 104 105 106 107 108 109 110 111 112 113 114 115 116 117 118 119 120 121 122 123 124 125 126 127 128 129 130 131 132 133 134 135 136 137 138 139 140 141 142 143 144 145 146 147 148 149 150 151 152 153 154 155 156 157 158 159 160 161 162 163 164 165 166 167 168 169 170 171 172 173 174 175 176 177 178 179 180 181 182 183 184 185 186 187 188 189 190 191 192 193 194 195 196 197 198 199 200 201 202 203 204 205 206 207 208 209 210 211 212 213 214 215 216 217 218 219 220 221 222 223 224 225 226 227 228 229 230 231 232 233 234 235 236 237 238 239 240 241 242 243 244 245 246 247 248 249 250 251 252 253 254 255 256 257 258 259 260 261 262 263 264 265 266 267 268 269 270 271 272 273 274 275 276 277 278 279 280 281 282 283 284 285 286 287 288 289 290 291 292 293 294 295 296 297 298 299 300 301 302 303 304 305 306 307 308 309 310 311 312 313 314 315 316 317 318 319 320 321 322 323 324 325 326 327 328 329 330 331 332 333 334 335 336 337 338 339 340 341 342 343 344 345 346 347 348 349 350 351 352 353 356 358 359 361 362 364 367
558 2161 4343 6860 9107 10230 11258 11705 11495 11336 11125 10376 9896 9208 8795 8277 8267 7720 7375 7450 6962 6656 6626 6293 6037 5988 5716 5602 5540 5319 5169 5147 4908 4733 4730 4507 4393 4420 4042 4002 4083 3804 3741 3646 3575 3389 3470 3393 3185 3167 3015 2917 2925 2822 2702 2710 2589 2525 2485 2484 2340 2348 2288 2162 2220 2134 1992 2084 1910 1824 1897 1843 1811 1712 1654 1615 1590 1573 1502 1503 1436 1359 1434 1309 1310 1296 1205 1205 1164 1164 1115 1122 1096 1021 1047 980 946 960 938 963 894 825 882 833 826 756 762 755 720 722 659 632 644 640 598 617 612 558 589 581 517 557 517 483 482 473 445 482 449 426 392 434 395 385 386 373 370 353 324 343 333 323 326 307 309 288 273 272 249 272 241 276 241 235 237 207 220 215 204 180 184 161 174 184 186 137 179 148 151 169 156 132 147 134 125 126 131 103 112 142 115 120 112 102 116 95 96 107 98 89 90 98 71 88 78 81 99 85 81 79 66 70 65 70 53 62 59 52 61 58 52 68 57 56 55 41 36 53 42 33 38 37 34 49 33 34 33 39 34 20 24 28 29 32 27 22 28 20 32 26 22 21 29 24 29 28 17 23 24 17 22 22 15 20 16 14 20 17 15 18 13 11 20 12 14 12 15 9 18 15 12 9 9 7 7 9 9 11 12 8 6 13 9 8 9 12 9 8 10 7 4 9 9 10 7 5 7 7 7 7 6 6 6 9 4 5 3 4 4 5 1 3 5 2 1 2 2 5 6 2 1 3 2 5 5 1 3 3 2 4 2 1 2 3 1 1 3 1 1 3 2 2 1 2 3 2 1 1 2 1 2 2 1 1 1 1 1 1
558 2316 6118 13757 27313 46017 77939 122992 183621 268298 388903 522141 701956 924006 1200814 1509800 2054261 2560067 3198924 4226659 5071512 6219177 7973608 9734673 11524410 14498475 17633915 21495852 26531270 31782401 37413671 46316543 54851065 63523729 77187566 90195745 106350163 128300949 145613265 171406785 208989819 235172761 277234450 321992625 368273608 411756212 506827931 592282789 647313558 775482956 848592735 975874164 1146695111 1293907838 1448523994 1693555644 1931768277 2176292253 2496295640 2881642919 3118859314 3622078733 4153577053 4498044373 5420828802 6024691480 6352453449 7815502113 8303215358 8879432970 10653436519 12050382795 13463113073 14454386885 16398237529 18070121214 20159184413 23184581506 24708040447 28674795902 31411313481 33726179320 40090317959 41660069914 47231973445 53311793420 57460432554 64316047644 70072349657 79986318862 86802443867 97020108606 111307010431 111257343190 133955376342 141404353944 149857796745 175494465163 193040521862 223816103934 226859846953 242443118665 291709804379 305260760619 345878644624 343770630369 396937388021 432711097485 457251859651 532049505867 530910058599 562010055303 635221048900 741625513222 727984270057 835562545768 974027560116 951855598286 1134110242858 1305894112941 1248366323084 1496663473928 1613270307343 1559014629185 1807169319969 1915942443953 2102303564256 2428888420049 2645026973128 2692828637659 2649495385843 3368981610907 3326773883252 3600684443252 4121734234194 4252557986715 4811139661362 4868147533757 5062964212838 6015776657478 6200091843881 6711326762468 7716368613861 7976655129505 8812474238432 8582453890749 9564868023838 9862838850388 10179423636542 12878105221966 12031880670055 15391833249765 14187642709633 15521095325815 17713675303266 15798486458348 19722631831994 20964759023758 22927240251228 22061226967644 22644209981777 22619185496192 26845746771585 32398641265222 33791231653255 28875727639542 40142917100746 37971248630781 42287905223373 51235075763098 51149671986061 46529573660206 58296358709433 61411541308985 57361247961405 60646554218767 72876633438155 62196325414485 76237041823745 106741596899380 88206329902615 107399967056100 110882605078869 106255047704124 130543220732182 112328607432609 125644881749569 158361727166472 153100775237117 161524723178397 166454181263364 204349541006700 155606394804169 225991794437220 210660226527454 228992401458627 308201831837979 309274418348628 298915610041878 336346445123406 301663119492702 333327575453932 345642146373787 406425243765139 315698702609449 420311175873464 426861704595515 402788016864720 513560907967308 560883765229191 509583869685825 778391661409248 690890283891091 740968572561042 793115966897197 602598998864401 570024725027074 940695396173215 831952243734208 665424020930632 861253209093409 920508467058827 886162450434450 1512334022378064 983266710024939 1104174548999505 1205229499744345 1602517628227622 1329417700631787 985610916843080 1126875369300225 1529450932087918 1650575429540751 1980938503396173 1847008111629602 1614782256605256 2351976598487173 1648942111552018 3032400619924303 2585865243845718 2368901567814996 2553029183231682 3848726703389381 3121844255927181 4129041728746138 4274251263225743 2897056464348890 4291122160034194 4594477170004166 3442060575594496 5447601496995270 6078647787476684 4109754072481206 6056743987276475 5281086085998142 4859950746803527 7646926991185848 6786310972166101 6201739819616346 7868471515604322 6900936811548681 6530922239693300 11113877378557770 7506366162884848 9667836193498110 8984794001092514 11845623638404927 7374822270887385 16417836076906086 14826533041203085 12688713384354806 9694900451402520 10616825764976089 8809652801825977 9385758134427975 13255900724949675 14154078341604559 21909743919983713 21953055219893118 15605298075683145 12709836492772773 31406739698176004 22332372976287321 23636255684418630 25214028483073875 36373197893251870 32551163250841074 32107337052386637 38165256313220744 28655320598816646 17192418712662171 42834987719535162 46384673601219872 54675440430718318 41444804794378785 31539550145428294 47802598975137331 51329525680944582 55110372081736368 59753226037733190 54253324297824458 57552165987381309 62491269715002358 102919878700398936 48243196135510499 64918089599460281 42355987995840015 60571810955428776 64959146143318652 85896507068418843 18671488299600364 58706341824754254 107290480186764455 44458102692840228 24650106150830490 52831615267132652 54720827974562329 151630909949214820 192767648747176234 69601909738881660 37274405776748077 119758696580999973 85496156071909392 228861792717890140 245028218176189375 52462044228828641 168469806338622867 180316049518999632 128650749218229100 275339543784295400 147306575723700678 78801255302666615 168601631272450238 270526304941648869 96450110192202760 103151466321735325 330923581275878316 117949491546113972 126108517833796355 404457541869904560 288235873055747664 308087194759152060 164637479165761044 351887119620845506 564025941156878940 401765112575366318 214618299743286299 229272286871217150 489809074910764812 261578907351144125 558726656967404304 680245620097154856 387632532919029223 413766180933342362 471314064268398780 502957566506000020 572612058898037559 695143713458946040
3 4 5 6 7 8 9 10 11 12 13 14 15 16 17 18 19 20 21 22 23 24 25 26 27 28 29 30 31 32 33 34 35 36 45 54
1 13 19 50 37 62 44 46 40 32 23 28 6 9 12 11 6 18 11 4 3 9 2 3 1 3 3 2 2 1 2 1 2 1 1 1
1 15 29 119 106 335 325 585 636 825 801 1654 388 1100 1420 2516 1404 4612 4635 2272 2299 7576 3214 4852 1881 9028 7544 11025 14132 6020 10169 9130 24903 16698 53174 408452
