12 24 36 48
167 1803 1044 163
4626 5147 1452 170
143717 1105575 366163 12267
12 24 36 48
167 1803 1044 163
4626 5147 1452 170
143717 1105575 366163 12267
3 4 5 6 7 8 9 10 11 12 13 14 15 16 17 18 19 20 21 22 23 24 25 26 27 28 29 30 31 32 33 34 35 36 37 38 39 40 41 42 43 44
55 236 490 720 883 1213 1402 1203 867 1037 1009 555 278 266 328 175 88 86 97 70 51 56 51 29 27 20 20 10 9 14 13 8 3 7 3 2 7 2 1 1 1 2
55 271 753 1600 2877 5940 9540 12653 14627 24754 32982 30859 24483 29437 58442 43982 21329 26392 44480 41461 32695 54233 66166 51558 61927 35798 54377 34292 34092 66549 94752 70680 27906 70954 34763 29766 132482 77509 26015 31185 31185 81921
3 4 5 6 7 8 9 10 11 12 13 14 15 16 17 18 19 20 21 22 23 24 25 26 27 28 29 30 31 32 33 34 35 36 37 38 39 40 41 42 43 44
55 236 490 720 883 1213 1402 1203 867 1037 1009 555 278 266 328 175 88 86 97 70 51 56 51 29 27 20 20 10 9 14 13 8 3 7 3 2 7 2 1 1 1 2
55 271 753 1600 2877 5940 9540 12653 14627 24754 32982 30859 24483 29437 58442 43982 21329 26392 44480 41461 32695 54233 66166 51558 61927 35798 54377 34292 34092 66549 94752 70680 27906 70954 34763 29766 132482 77509 26015 31185 31185 81921
