16 28 40 52 64
1481 22516 49979 21820 4201
53544 653339 321343 62581 4638
36268121 19469958085334216101 10453649112833968425 124619381239498632 1625441541
16 28 40
280 498 35
3718 1174 46
2664442 17602393 29703
3 4 5 6 7 8 9 10 11 12 13 14 15 16 17 18 19 20 21 22 23 24 25 26 27 28 29 30 31 32 33 34 35 36 37 38 39 40 41 42 43 44 45 46 47 48 49 50 51 52 53 54 55 56 57 58 59 60 61 62 63 64 65 66 67 68 69 70 71 72 73 74 75 76 77 78 79 80 81 82 83 84 85 86 87 88 89 90 91 92 93 94 95 96 97 98 99 100 101 102 103 104 105 106 107 108 109 110 111 112 113 114 115 116 117 118 119 120 121 122 123 124 125 126 127 128 129 130 131 132 133 134 135 136 137 138 139 140 141 142 143 144 145 146 147 148 149 150 151 152 153 154 155 156 157 158 159 160 161 162 163 164 165 166 167 168 169 170 171 172 173 174 175 176 177 178 179 180 181 182 183 184 185 186 187 188 189 190 191 192 193 194 195 196 197 198 199 200 201 202 203 204 205 206 207 208 209 210 211 212 213 214 215 216 217 218 219 220 221 222 223 224 225 226 227 228 229 230 231 232 233 234 235 236 237 238 239 240 241 242 243 244 245 246 247 248 249 250 251 252 253 254 255 256 257 258 259 260 261 262 263 264 265 266 267 268 269 270 271 272 273 274 275 276 277 278 279 280 281 282 283 284 285 286 287 288 289 290 291 292 293 294 295 296 297 298 299 300 301 302 303 304 305 306 307 308 309 310 311 312 313 314 315 316 317 318 319 320 321 322 323 324 325 326 327 328 329 330 331 332 333 334 335 336 337 338 339 341 342 343 344 345 346 347 349 350 352 353 359 361 362 364 365 368 371 377 379 382 389 395
379 1959 4402 8976 14398 19513 24447 27498 29271 29663 30337 28620 27682 26950 25712 24153 23419 21750 21063 20105 19157 18481 18605 16930 17102 16323 15705 14866 15019 13945 14024 13165 12827 12381 12400 11542 11651 11341 10860 10565 10742 10007 9916 9767 9083 8836 9253 8228 8435 8405 8014 7576 7634 6916 7402 7083 6753 6543 6682 6123 6140 5947 5856 5488 5662 5203 5376 5108 4884 4625 5036 4385 4559 4427 4216 4026 4185 3702 3902 3675 3728 3448 3551 3211 3250 3208 3070 2885 3007 2767 2806 2764 2635 2523 2626 2295 2403 2407 2281 2066 2236 2045 2029 1986 1990 1879 1960 1748 1745 1757 1782 1552 1673 1434 1527 1418 1434 1355 1438 1308 1377 1324 1293 1197 1270 1128 1113 1074 1014 993 1037 938 942 951 907 863 857 776 821 771 759 697 749 665 690 698 645 564 656 517 576 600 501 505 548 453 471 464 473 379 454 396 387 388 375 360 361 345 342 346 306 265 312 264 299 280 280 259 282 240 237 256 237 211 246 206 202 202 177 211 180 154 150 170 149 127 154 115 160 143 145 128 120 119 124 121 137 111 102 103 95 87 95 87 108 92 92 88 80 62 80 76 77 73 85 78 69 51 58 54 65 52 54 49 47 45 43 38 45 41 46 46 38 32 45 27 33 39 42 25 34 27 17 29 36 21 26 24 32 30 30 29 27 32 25 31 14 10 16 23 26 13 18 18 20 23 16 16 26 16 11 12 11 11 12 11 14 10 7 8 13 7 6 7 5 16 10 7 7 4 4 5 8 4 9 7 7 9 4 5 4 4 7 8 8 3 3 3 8 5 9 3 4 4 3 2 6 2 4 1 2 2 2 2 3 2 1 3 1 2 1 1 1 3 1 3 1 3 2 2 2 1 3 1 2 1 1 1 1 1
379 2137 6329 17097 39017 78940 143723 253632 407303 623116 961693 1358745 1874497 2689186 3598121 4673867 6225588 7828373 9881231 12687850 15842056 19496983 25598079 30214862 37242572 46273582 56545525 65707717 83763690 99088618 119533337 140813159 170831617 195682991 242517719 279139115 331809033 397167301 473324738 539301567 673689342 755571696 872730511 1043586827 1168772651 1310868808 1652069777 1758963391 2053073428 2511315663 2856852208 3046558988 3699150359 4036582148 4876392306 5436099404 6256953620 6851534311 8266575995 8969578306 9908260354 11467941086 13314467066 13885933777 16885265651 18410171059 21064804467 23439798423 25917765459 27171454048 34978534099 35705061395 40674936607 45918812322 51546593952 54883478750 65740660872 67758960414 78203076665 85149894746 99473792225 101348443816 122592166399 127719645975 140064938848 161188114042 176928501949 183547266139 215103549421 233439830772 256495247142 287707968270 320795355639 326294972759 396239625063 386225713782 454749624635 521582402236 563319011756 543040090856 681710003789 700323684970 765946980446 836126636045 975708771887 998397887203 1173281890619 1163951887184 1276345571400 1469371252241 1710736491317 1573925233574 1993845554341 1961011807430 2216121034739 2317140632515 2676046745667 2694897387760 3302839650665 3300929666357 3888705130653 4106501499037 4566175087395 4410962748267 5401658363598 5457614804438 5636925522769 6044064295018 6779921161078 6990463094132 8633028124660 8295939681715 8933012132125 10214365693294 11334916075782 11192156008085 12672605953610 12693406234057 14725375316065 15070135872192 17409219770157 15654009609315 20071930497779 19449061732728 21717946278233 24016381132996 26450527607664 24050557046863 30688987610306 26973123586957 32135212297693 37314605511974 34465494887789 37078811145166 47726143602849 42292091116811 46338441441414 49916111425895 61564848273765 48991019282827 65055974743225 67513590021763 62432081925301 75123049070816 81810111771842 84671028916768 96894242279859 95876773268824 96912083253247 109029611879821 113902508478890 109793334219658 136821303920131 132236034301154 148518211930775 165286504411196 172542435103215 171903374651855 199539635070465 202031481003975 192296189204287 250143652745123 247228576357183 250738075066346 292866544004398 293692505073133 296473350219619 314869566705676 324795034732342 386227205531684 368451272559047 397456896377527 351959577449511 451595513309921 441778632891400 407429761335198 521277256784455 494587991606352 604822961715282 641523963725453 697715368710552 664995257279367 659651936417839 774820956560614 766273956689917 888219319442776 1073264146732432 913633328106945 936172830216586 1141021184088114 981141125178447 1020807926376329 1267490196348061 1178650812082502 1580526944424031 1709856406830844 1614254394791178 1754646717983591 1721029558728407 1455818467518454 1919066475204185 2129726205841959 2154448137771866 2220016222233024 2985098809552153 2647864694646064 2745552604119065 2228769613821315 2481971472335797 2622092846702197 3746278712217145 2766448077451889 3253030498567150 3482445608668201 3450103913780289 3815815469415226 4022990606194012 3377787489737816 4796404469067505 5370334258079423 5457145320089868 5802222627809838 5901175441039495 5058063810285628 7189068030598883 4911474260495512 6399089011200781 7303424806287934 9901892655436904 5939899934629309 8363951284409667 8270510676094568 5129906506837039 9895822005224960 13627693640627048 7784993640700814 10184958224261270 10540603181523683 14725227835143294 16468778085582000 17003165838108732 16498618782235943 17350514912176243 22309310428461749 17536236795275194 24888510376493668 12467735776076488 7976461022968463 15201095910276693 26683118129337625 26713210163512016 13976731425134477 23879713420005881 23811396408911656 28466388009740983 34678672384547855 28440635257311656 27196579219155520 52236167163820623 33117136333407050 25419672985545546 31573172531831199 27056811266962743 38332583741775007 36777827065290258 33655476172541757 46853837733301494 38647658252275903 25859151679249829 32581242760306068 60352296024690612 37287379803920682 39338637465058260 38195083977063436 34154727341848540 106698178200475912 67741797373491338 51329525680944582 62039253853814496 41331737705759170 35114571763118677 48976972506337606 83805932180100036 42629324930195356 105420906524621019 88563525762090972 110079967011573137 131165124281828801 63862312346346183 87070900665736475 73428645031948387 94703379960978401 160139414100615560 182458142625764250 215250557376101798 77481721417963142 84915061022988009 90978545969528892 255582124088485852 164754128275307446 328049299268810952 119758696580999973 168163799634864079 183089434174312112 140550360722393931 104924088457657282 385707099022028727 112313204225748578 253081473667010194 64325374609114550 147306575723700678 157602510605333230 168601631272450238 180350869961099246 289350330576608280 199601576513938085 110307860425292772 378325553501389065 134819180623301520 288235873055747664 154043597379576030 164637479165761044 175943559810422753 564025941156878940 214618299743286299 687816860613651450 261578907351144125 838089985451106456 827532361866684724 942628128536797560 1005915133012000040 572612058898037559 1832695211255652303 741433159884081684 1798350696792176698 1319510599727473500 1498478743590581081 1812356499739472950 2816759503217942792 4098034535626594791
3 4 5 6 7 8 9 10 11 12 13 14 15 16 17 18 19 20 21 22 23 24 25 26 27 28 29 30 31 32 33 34 35 36 37 38 39 40 41 42 43 44 45 46 48 51 52 54 56 57 58 63 64 70 76
5 34 43 173 134 345 268 471 284 460 300 442 229 261 146 214 133 172 88 129 64 94 59 56 35 49 25 31 17 29 24 16 8 15 14 10 8 13 8 6 1 2 3 1 5 1 3 1 2 2 1 1 1 1 1
5 40 63 419 420 1790 1770 5796 4096 12308 9567 28410 19033 37898 21954 55229 35631 76344 43064 113042 62690 132588 81764 133276 78331 162054 86768 158692 99078 258246 219121 212453 147278 196104 257261 276044 369086 408994 316443 218993 52030 126706 181024 74676 575742 211116 494323 347050 761475 949333 772310 966467 1932934 2323520 6185689
