18 30 42 54
952 1249 454 1
6886 2321 497 1
757275 413162 32248 11
18 30 42 54
952 1249 454 1
6886 2321 497 1
757275 413162 32248 11
3 4 5 6 7 8 9 10 11 12 13 14 15 16 17 18 19 20 21 22 23 24 25 26 27 28 29 30 31 32 33 34 35 37 39 41 47
45 250 538 800 1101 1155 1115 891 819 554 489 360 329 238 201 152 139 96 98 55 66 42 36 23 29 19 21 8 6 3 11 3 4 5 1 2 1
45 295 875 1687 3415 5583 8328 9798 13936 14225 18703 19293 24356 26514 30623 30095 36412 35335 49424 33249 50477 38329 46301 34235 62065 46089 53903 33850 35762 20636 102032 32922 71717 47127 17977 71908 75175
3 4 5 6 7 8 9 10 11 12 13 14 15 16 17 18 19 20 21 22 23 24 25 26 27 28 29 30 31 32 33 34 35 37 39 41 47
45 250 538 800 1101 1155 1115 891 819 554 489 360 329 238 201 152 139 96 98 55 66 42 36 23 29 19 21 8 6 3 11 3 4 5 1 2 1
45 295 875 1687 3415 5583 8328 9798 13936 14225 18703 19293 24356 26514 30623 30095 36412 35335 49424 33249 50477 38329 46301 34235 62065 46089 53903 33850 35762 20636 102032 32922 71717 47127 17977 71908 75175
