6 18 19 30 31 42 43 54 55
124 1342 2301 16937 20116 21189 25568 5696 6714
3945 22276 37511 202923 230467 75884 93271 8029 9382
251610 72634176 114950607 1609692367449662768 6070786695646241280 1197861017261918552 1807990462363697134 19213993011035 21326052318715
6 18 19 30 31 42 43
20 177 286 180 198 9 7
108 820 1257 304 313 10 8
5172 2278932 5514706 4621254 11579681 2544 2180
3 4 5 6 7 8 9 10 11 12 13 14 15 16 17 18 19 20 21 22 23 24 25 26 27 28 29 30 31 32 33 34 35 36 37 38 39 40 41 42 43 44 45 46 47 48 49 50 51 52 53 54 55 56 57 58 59 60 61 62 63 64 65 66 67 68 69 70 71 72 73 74 75 76 77 78 79 80 81 82 83 84 85 86 87 88 89 90 91 92 93 94 95 96 97 98 99 100 101 102 103 104 105 106 107 108 109 110 111 112 113 114 115 116 117 118 119 120 121 122 123 124 125 126 127 128 129 130 131 132 133 134 135 136 137 138 139 140 141 142 143 144 145 146 147 148 149 150 151 152 153 154 155 156 157 158 159 160 161 162 163 164 165 166 167 168 169 170 171 172 173 174 175 176 177 178 179 180 181 182 183 184 185 186 187 188 189 190 191 192 193 194 195 196 197 198 199 200 201 202 203 204 205 206 207 208 209 210 211 212 213 214 215 216 217 218 219 220 221 222 223 224 225 226 227 228 229 230 231 232 233 234 235 236 237 238 239 240 241 242 243 244 245 246 247 248 249 250 251 252 253 254 255 256 257 258 259 260 261 262 263 264 265 266 267 268 269 270 271 272 273 274 275 276 277 278 279 280 281 282 283 284 285 286 287 288 289 290 291 292 293 294 295 296 297 298 299 300 301 302 303 304 305 306 307 308 309 310 311 312 313 314 315 316 317 318 319 320 321 322 323 324 325 326 327 329 333 334 335 336 337 339 340 341 342 345 350 351 352 357 369 372 384
381 1559 4087 7230 10452 13747 15657 17798 18277 19129 19137 18396 17374 16735 15740 15128 14408 13887 13107 12675 11986 11627 11049 10596 10186 9852 9710 9218 9003 8500 8306 8034 7754 7497 7431 7100 6867 6707 6486 6219 6034 5986 5687 5652 5431 5338 5272 5157 4879 4675 4692 4425 4440 4403 4114 4092 4033 3914 3884 3681 3605 3616 3451 3326 3308 3193 3040 2959 3010 2879 2761 2702 2595 2616 2535 2466 2383 2373 2258 2230 2180 2107 2185 2142 1952 2047 1869 1830 1754 1811 1748 1593 1663 1560 1488 1519 1479 1470 1455 1315 1392 1272 1214 1266 1158 1247 1215 1185 1105 1126 1061 992 998 1000 965 954 865 939 890 844 812 740 802 726 705 694 687 730 699 671 698 601 638 618 609 568 559 604 563 548 533 476 480 522 469 439 438 438 451 433 431 351 440 369 408 347 361 365 372 315 302 315 314 314 298 264 283 300 276 230 248 214 232 248 250 213 196 220 204 198 211 197 201 194 163 167 174 186 170 171 150 157 145 149 139 127 129 141 151 119 125 123 129 136 111 119 109 105 102 110 100 95 101 94 78 84 83 91 84 78 66 69 73 80 63 64 63 66 81 52 62 70 46 56 38 60 38 52 45 36 47 44 46 44 44 34 52 40 36 32 30 41 38 26 34 21 29 24 28 23 30 24 28 22 25 18 20 15 23 17 18 11 14 17 19 17 23 18 16 13 15 12 14 10 10 9 10 11 19 9 12 8 6 9 7 4 4 5 6 4 4 1 4 6 3 4 4 5 3 4 4 2 6 5 2 2 4 4 6 2 1 4 1 1 2 2 1 1 2 2 3 3 2 3 3 1 1 1 1 1 1 1 1
381 1714 5802 14330 30010 59662 102609 177864 277275 433552 648016 926457 1265124 1739113 2303219 3060988 4005940 5145352 6421409 8206187 10178105 12746627 15673311 19307643 23415477 28598349 35359245 41591823 51474653 59182762 71900049 86286962 101672071 120183034 144988423 167580144 196735869 229317010 267872192 310278479 365383893 426450648 486517727 578707302 678354444 772275579 899320473 1053164074 1167266737 1332080913 1567411475 1722892340 2003697494 2328443359 2634524136 3019366230 3499586757 3867021687 4476790129 5043876638 5724254732 6463958736 7308407819 8133048708 9595179491 10359255838 11535576089 12694171791 15160806452 16418819126 18275344890 20805921334 22846944343 25810879286 29267152617 32310246836 35834054887 40887578811 43893984764 49111022757 54972394542 61274399405 69871611563 80706838155 83108080744 98723428895 102770644864 107497627788 121367385640 143152703555 153139265796 153230073470 190124157035 193854129954 214611640840 250888779704 263454267238 293555674525 333775222416 342883212598 409847216391 402876601746 453539356213 503354703358 541074703592 634129389951 703271588460 761137496164 796899691355 913562321314 969548710416 1035145376210 1148981547078 1249871122888 1386918878877 1506363139469 1557155603537 1808189405083 1851428256608 2125645666836 2209264050016 2222919830568 2691876986676 2614828850488 2844899270451 3237954484254 3418500337541 4010349516827 4522411347375 4722876735139 5359112160561 5215759548952 5958416395182 6386787373845 7061655620651 7182220055467 7706694364851 9062566442527 9454698717199 10461793619633 11163081149538 10833708212275 12062268029874 14801938063720 14717754274864 15123402800564 16606427187543 18516485833186 20008195013568 22888091314263 23661406878295 20372852785455 30032023813919 27411018368590 33390239226557 30174726911929 34787503618157 37745371745754 43371181669905 41742064660143 42824144957975 48566325217425 56569067517494 57111860067574 62598880051484 58151777492353 69988375682936 82318053654332 81420807391105 75527131777611 88148323297013 81904813774994 96911364993257 118911591959517 128815821752217 115224642261663 116332912885681 148080597601430 144787733064185 157240788089610 169332061787730 180460712833994 193804834817164 226503410097506 197395578896800 217769929204623 254000440040558 305384093258930 283815762745327 336466396102030 298204927244334 343592971234193 351270884449952 375583347450450 398310678663672 403336944967306 414129665576396 550147689333878 591656282075543 530137430498395 585060336245569 636660521772973 688593828609817 825221869278646 749811477077678 872824388843074 832866592619200 929893382442498 952765385244961 1181725783737668 1134888979834203 1192321932038339 1322166140384548 1263793223775178 1105469865298364 1368400688268285 1422525597553005 1845606113269856 1844241645774531 1970720390130345 1613989732491448 1859886501292445 2134702665909546 2445844287795036 2240105606212255 2254456193763502 2468362008137864 2676515055428891 3711489311013590 2598407743239495 3478306130717405 4231265636252030 2909060057087510 4020589582323577 2741505439769867 4495528787829865 3148398610518011 5116175021943067 4579078787043448 3882187292066925 5209299521156481 5543176166366749 5825342257751522 6891210137746498 6939074654444428 5771653642076085 10728168519513433 7817023047988752 8528670996000110 8040974997623732 6965201495904113 11101853206762608 10987587444058442 8564940729307546 11821081690676984 7057194685950182 10675519155842127 9801308643648555 12796145883619115 10524908020178415 15361491796004242 14618685708457888 18240176654276041 15225727515486379 16414272326990873 13160719107264493 18257777096082650 13373525754031837 21152700955083735 17475664988202619 20174955478770928 13169656977225827 20467713412495349 24842415856812225 29382669066513611 26526867776540330 38854871754297889 32358430054607229 34307606664922435 27273206195199631 35933723166635803 29377386220148683 33977035869320681 26177208274464328 28565071497767470 27777616584682647 36186193407665623 39667045548613023 75510038650186381 40726553450382585 56741238461514981 42834987719535162 31406226418522032 54728017648549008 51857247797990175 25052876018349206 26905048542549838 43336245668119245 47630807003225784 33301489320816130 36379745085635831 18506165873447204 51107579642308181 77714162008934933 36807654057688395 51755871704402577 55518205890897719 74690473620708781 48719359607488989 98613112812295610 73428645031948387 40034853525153890 124426568399789508 113458122659302239 46000013310974674 52831615267132652 113220081363984012 121304727959371856 194929760108799924 69601909738881660 37274405776748077 157033102357748050 42748078035954696 45772358543578028 98011287270475750 112313204225748578 73653287861850339 78801255302666615 168601631272450238 180350869961099246 289350330576608280 330923581275878316 235898983092227944 378325553501389065 404457541869904560 164637479165761044 229272286871217150 244904537455382406 261578907351144125 363117512048110005 790738119649411319 958728697912338045 2056513475336633805
3 4 5 6 7 8 9 10 11 12 13 14 15 16 17 18 19 20 21 22 23 24 25 26 27 28 29 30 31 32 33 34 35 36 37 38 39 40 41 42 43 44 45 46 48 49 50 52 53 55 56 57 58 61 66 70 80
10 33 42 127 120 226 143 238 139 237 140 215 133 143 80 83 62 81 35 70 51 46 26 49 25 33 18 29 16 19 10 16 5 9 12 15 5 15 5 10 2 11 2 7 6 3 2 5 2 1 1 1 1 2 1 1 1
10 37 67 328 371 1270 985 2980 2522 7271 4562 12999 10501 19235 11053 20553 17705 39441 16594 43956 35751 52673 37407 86404 52294 77308 55853 136147 68056 118137 71409 147607 47135 185864 223660 314918 77787 459934 108772 353271 83215 814300 96613 472681 556400 451050 300700 1131903 441819 479886 239943 563178 772310 1943528 1121505 2323520 9289091
