1 2 3 13 14 15 25 26 27 37 38 39 49 50 51
4 18 54 769 1510 1145 11184 20061 15705 13984 19428 12070 1634 1720 713
115 170 567 3270 6067 4926 85087 137443 98960 37615 50860 30566 1985 1999 791
4201 6235 14064 138468 383562 383160 1082849670531974 245620415027594856 2815119356213331390 1217448285392390640 2714403118751939767 1369032695440360830 14605424504169 3185446786126 113622027661
2 3 13 14 15 25 26 27 37 38 39
3 2 20 47 42 22 38 25 1 2 1
11 6 46 110 109 39 62 45 1 2 2
132 18 267 1321 4967 37153 7101 12157 10 97 88
3 4 5 6 7 8 9 10 11 12 13 14 15 16 17 18 19 20 21 22 23 24 25 26 27 28 29 30 31 32 33 34 35 36 37 38 39 40 41 42 43 44 45 46 47 48 49 50 51 52 53 54 55 56 57 58 59 60 61 62 63 64 65 66 67 68 69 70 71 72 73 74 75 76 77 78 79 80 81 82 83 84 85 86 87 88 89 90 91 92 93 94 95 96 97 98 99 100 101 102 103 104 105 106 107 108 109 110 111 112 113 114 115 116 117 118 119 120 121 122 123 124 125 126 127 128 129 130 131 132 133 134 135 136 137 138 139 140 141 142 143 144 145 146 147 148 149 150 151 152 153 154 155 156 157 158 159 160 161 162 163 164 165 166 167 168 169 170 171 172 173 174 175 176 177 178 179 180 181 182 183 184 185 186 187 188 189 190 191 192 193 194 195 196 197 198 199 200 201 202 203 204 205 206 207 208 209 210 211 212 213 214 215 216 217 218 219 220 221 222 223 224 225 226 227 228 229 230 231 232 233 234 235 236 237 238 239 240 241 242 243 244 245 246 247 248 249 250 251 252 253 254 255 256 257 258 259 260 261 262 263 264 265 266 267 268 269 270 271 272 273 274 275 276 277 278 279 280 281 283 284 285 286 287 289 290 291 292 293 294 295 296 297 298 299 300 301 302 303 304 305 306 308 309 310 311 312 313 314 315 316 317 318 320 321 325 326 331 335 336 338 339 341 342 344 345 347 350 351 354 356 357 359 360 361 362 371
541 2206 4679 7206 9738 11400 12324 12773 12842 12375 11998 11255 10710 10311 9755 9260 9156 8708 8244 8084 7668 7590 7421 6965 6947 6712 6481 6333 6134 5913 5565 5664 5426 5173 5216 4811 4716 4763 4508 4347 4328 4214 4015 3884 3790 3660 3780 3490 3445 3386 3151 2995 3130 2933 2868 2785 2797 2703 2672 2496 2392 2393 2316 2257 2289 2120 2080 2059 1920 1834 1868 1790 1777 1739 1709 1489 1686 1615 1502 1484 1453 1375 1397 1328 1252 1275 1212 1154 1163 1210 1072 1068 1058 937 989 937 870 965 866 788 824 848 792 775 786 684 728 692 678 699 613 607 647 581 544 567 549 524 540 494 500 498 504 419 443 421 430 459 432 388 402 360 376 384 377 295 358 340 305 302 259 259 288 269 246 289 240 244 217 226 197 238 242 195 191 175 177 186 180 160 151 198 157 148 158 131 136 118 124 120 129 106 119 101 104 120 114 88 104 88 79 110 93 72 86 70 71 74 73 67 62 64 57 67 71 42 63 55 40 63 50 32 59 36 43 48 41 38 38 41 35 45 42 36 39 28 34 32 26 18 25 27 19 36 15 25 31 21 25 30 15 17 16 22 14 11 17 23 17 15 18 22 19 19 13 9 12 16 20 9 7 16 12 18 17 9 11 24 15 11 7 8 14 13 10 3 6 6 13 10 10 8 9 7 8 1 3 8 5 2 5 3 3 3 1 3 4 2 2 1 2 3 2 4 2 2 6 3 5 3 2 3 2 3 1 3 2 3 3 4 2 3 1 3 3 1 1 1 2 1 1 3 2 2 1 1 1 1 2 1 2 2 1 1 1 1 1
541 2374 6509 14226 29129 50971 83742 133657 202169 289655 413786 561722 752511 1013270 1331115 1694401 2266049 2870265 3561694 4619846 5688758 7219470 9136459 10976109 13670337 16703036 20454558 24895736 30479280 36124623 41505752 52641470 62724149 71137420 89216437 99419597 117520655 143201301 166359150 190265218 227975785 273464885 299801651 355217458 414959447 467446834 575065563 645612565 734525777 864182993 957239323 1045029661 1272270812 1447286030 1580682987 1833465910 2166385990 2448056754 2815262145 3105618247 3305900612 3891478813 4369199960 4998408968 5794627271 6276555193 7122091637 8226628191 8629990775 9440440674 11068768627 12104617172 13840586125 15874958132 17102883824 17792445611 22487505193 25452523041 25829361009 29515005730 32818521790 34177574809 41428854152 43578800346 47927294182 52223512846 57505414449 64175699240 71321419682 84638029581 84621373461 91829314265 106149697824 106940189957 126680091869 133280129442 137915429260 176358426160 175296873688 181949048202 220432364887 250561682284 252267245301 283423421004 338852622969 309301424448 357067458095 396740132302 435887524374 501334091223 499416595987 565357352172 676042548829 680295096313 695948652992 781888356569 900255540065 943459007184 1053682098049 1109775101338 1245625727312 1369201975236 1508224284258 1381014862676 1631656028651 1734860087888 1983132915571 2393574048247 2593271123044 2387016828354 2824540889754 2861305898078 3172891707832 3622967188304 3918162643688 3477412854757 4606268329819 4849315163838 4793689906396 5511495144875 5257098577706 5687105812864 6651882337949 6943224467664 7330747083461 9038717486438 8617797858340 10043471264562 9447345646608 10827243563807 9778620835809 13683666999205 15325114047980 13800346250912 14765772555378 13936635254363 17304435829325 19145891113161 21711303231396 20331846148403 19353913539791 29714243497488 25344059297693 25349779247037 30735805734657 27359267560962 30700059779637 29274677135050 34363675451747 35188480087980 40720058267332 40839876018227 47606412913803 43761791514320 51936239196356 59543294750127 66560185831504 51667115172130 70743693777400 62613590145125 62657419522493 96628623656394 82781138966688 74606940533183 98103947989244 90072920605647 102583808469799 99958060281954 131755052939132 115321347036741 113159220636460 129970717584337 131189365117937 163958176225457 189001806812021 123905734107454 197792419443796 186102967293754 150123420614057 256779331163428 226062442872261 141128739792431 305412495876266 191728819958663 264248174783985 295567114251076 285903096622636 312719156358750 328661081283401 406631079847177 354417242506685 493395780721759 502307851275926 463273643221240 535766556549414 437899298081779 537025211431724 574060325211829 507521823034004 427803667415095 549336144613478 716717980139410 547433822888688 1063019634386118 533794202947050 860371967883786 1213929744163019 921589878473229 1059303318495442 1560110443731445 762731975641190 982290710861914 1003799080701126 1648777598137873 953588027124195 889600512906835 1412360557288142 2001808656928813 1644708958457465 1778809422569311 1985469146019804 3061226573992193 2280477791661985 2903594560832142 2077409339734446 1730968024325559 1982702608908430 3185111535271556 4318120610627164 1876158845280073 1546928342376543 4285110518451226 3267946881675997 5847335036275956 5690979764321059 2926674253079507 4489657402459320 9637858020753470 6206210415555194 5640371353724905 4107466124544460 4124604934513412 8732224906364368 8875913832019755 6558649110950035 2115970030440914 5228195703447989 4916548180591590 12275751248731764 9538120914561455 11250719909296319 8725743975478892 12549043884925107 10121704602642192 12110559500417640 1412749565173450 4795568431525517 13473305145857662 9214249176889290 4236612164257591 11311797225722970 7444124325429107 7814778363638931 8198619550642605 3160137867148997 10447598860044599 14883214669702581 7851844322978844 8438777057174190 4534253126900886 10106409126225756 15703113209261016 11662756574046120 25052876018349206 12973348254158176 14959130157021168 47080123696793328 24090745154829120 44367654699842279 37690221202574307 19861944784807002 32750204542919782 24538436038458930 41399543225617714 14118662665280005 47622525810516520 33653966668976958 53499848565894954 58706341824754254 85832384149411564 44458102692840228 73950318452491470 26415807633566326 90978545969528892 97464880054399962 42748078035954696 45772358543578028 64325374609114550 168601631272450238 90175434980549623 103151466321735325 330923581275878316 252217035667592710 269638361246603040 154043597379576030 164637479165761044 188008647052292980 229272286871217150 489809074910764812 298330063062758076 680245620097154856 726235024096220010 413766180933342362 441622981929358437 471314064268398780 502957566506000020 899175348396088349
4 5 6 7 8 9 10 11 12 13 14 15 16 17 18 19 20 21 22 23 24 25 26 27 33 39
11 14 33 67 52 45 41 31 25 22 16 10 10 13 8 3 5 4 4 6 2 2 2 5 1 1
13 23 64 207 268 293 445 500 649 688 845 735 963 1770 1173 780 1621 2407 2302 4267 1772 1629 2262 7411 5604 24620
