26 38 50 62 74
4786 32313 37630 20542 4724
941568 728259 229889 59958 5552
19853144527081267 13767462310794336289 5015261664936928768 134793516331505608 50938309292
26 38 50
533 517 69
2960 1175 86
150166715 25336393 53468
3 4 5 6 7 8 9 10 11 12 13 14 15 16 17 18 19 20 21 22 23 24 25 26 27 28 29 30 31 32 33 34 35 36 37 38 39 40 41 42 43 44 45 46 47 48 49 50 51 52 53 54 55 56 57 58 59 60 61 62 63 64 65 66 67 68 69 70 71 72 73 74 75 76 77 78 79 80 81 82 83 84 85 86 87 88 89 90 91 92 93 94 95 96 97 98 99 100 101 102 103 104 105 106 107 108 109 110 111 112 113 114 115 116 117 118 119 120 121 122 123 124 125 126 127 128 129 130 131 132 133 134 135 136 137 138 139 140 141 142 143 144 145 146 147 148 149 150 151 152 153 154 155 156 157 158 159 160 161 162 163 164 165 166 167 168 169 170 171 172 173 174 175 176 177 178 179 180 181 182 183 184 185 186 187 188 189 190 191 192 193 194 195 196 197 198 199 200 201 202 203 204 205 206 207 208 209 210 211 212 213 214 215 216 217 218 219 220 221 222 223 224 225 226 227 228 229 230 231 232 233 234 235 236 237 238 239 240 241 242 243 244 245 246 247 248 249 250 251 252 253 254 255 256 257 258 259 260 261 262 263 264 265 266 267 268 269 270 271 272 273 274 275 276 277 278 279 280 281 282 283 284 285 286 287 288 289 290 291 292 293 294 295 296 297 298 299 300 301 302 303 304 305 306 307 308 309 310 311 312 313 314 315 316 317 318 319 320 321 322 323 324 325 326 327 328 329 330 331 332 333 334 335 336 337 338 339 340 343 344 346 347 348 349 352 355 358 359 361 362 364 366 367 368 369 370 385
261 1420 4097 8948 16233 25630 37026 40002 46886 47009 48860 44682 48586 43343 44081 41541 41654 37186 40469 34750 36592 35170 34675 31071 33556 29479 30519 28950 29123 27041 28484 24312 25711 24059 24354 22009 24016 21317 22183 20445 20707 18529 20053 17450 18622 18153 17787 15908 17196 14958 15678 14656 15100 14223 14848 12840 13602 12699 12723 11534 12732 11149 11730 10695 10820 9891 10699 9082 9950 9563 9491 8550 9328 7973 8353 7890 7973 7640 7891 6706 7259 6791 6721 6096 6838 6125 6151 5799 5776 5141 5556 4798 5239 5079 4996 4502 4844 4217 4370 4150 4131 4141 4195 3464 3798 3535 3607 3374 3730 3162 3278 2966 2934 2618 2834 2406 2716 2630 2584 2368 2527 2100 2357 2151 2169 2174 2168 1823 2051 1789 1805 1624 1831 1686 1722 1510 1499 1374 1442 1170 1423 1327 1288 1186 1225 1003 1139 978 1038 1037 1038 921 1000 852 865 791 859 722 819 710 667 645 647 592 681 544 620 538 550 491 480 466 497 462 458 418 420 431 389 390 371 387 362 280 312 316 271 269 254 231 229 225 227 223 218 206 213 195 206 156 203 153 165 173 156 131 167 152 143 153 117 155 138 123 149 109 93 119 121 117 117 117 101 102 115 81 96 103 71 86 96 55 69 81 62 76 73 66 54 51 60 63 66 60 52 54 39 52 45 58 51 60 34 52 53 31 39 36 33 51 31 29 39 28 22 48 56 27 30 23 24 28 18 27 19 26 19 28 15 16 10 19 14 14 16 9 34 7 8 17 6 9 19 11 4 8 12 14 9 4 6 7 6 7 6 7 8 4 7 6 5 3 2 9 7 5 6 5 3 6 3 2 2 3 4 3 1 1 4 2 1 2 2 1 3 3 1 3 1 1 1 1 1 3 2 2 1 1 1 1 1 1 2 1 1 1 1
261 1534 5666 16205 39981 90354 182366 306231 543249 824406 1323513 1792973 2824907 3705142 5395912 6953140 9764411 11914130 17113284 19878679 27825025 33655270 44585604 51229279 70242029 80428183 106031314 121602337 159601358 180930239 236943067 255170383 334747894 378481763 480961354 518457544 684328056 742217647 972667268 1029933800 1309640451 1405346174 1791708816 1884678072 2412919241 2640723611 3240653411 3401233541 4359020751 4560994557 5676732480 5942957563 7559925671 8169047704 9991717219 10398948561 12876215643 13660466585 16576566196 17363281868 21307704782 22039088152 28044883749 28424447493 34232085773 36449284808 43785325570 43764692830 56416115607 58504250355 70862184244 72309078197 88701205894 90442389449 109564021004 113774043637 133973586987 144152179887 170746258463 167746640122 208387029479 216834913741 251237830809 257600212118 318214736369 329506299506 388542336797 393537584429 460930316563 476437444975 552224390902 553529251733 675712404998 708857769811 828876412254 852325472225 976946890284 1002399741424 1173599240771 1208634741100 1365962373219 1527061638918 1748759987752 1637377618312 2029568910073 2094803990293 2355926868334 2479631714931 2900556145169 2801841000394 3488930454014 3379178896386 3763680835797 3945133414909 4460823505393 4400061042342 5417711341191 5585376306744 6516839851411 6588928581182 7464866178688 7257291037114 9212065536971 8885155580330 10044924951942 11393436039851 12470599451731 11802572850846 14798827967159 14303678102380 16349399383503 16258918147717 19166434350369 19873640100765 23802153344282 22037241521370 24226139193927 25155820783873 28697535294408 25615431640583 33922233703191 34563925891172 37665256881555 39869483106670 43487118598604 40769771241210 52593241704670 46605913197989 54540388405804 62602143896341 64842376226937 69411313398031 79406903100950 71190745393884 81009908472985 86011332155338 92230523592450 87343530462950 119364827937350 104097845739240 111666549913173 120287910160242 127115905083095 129487102160124 162970377483288 141194581698782 178425458378482 179932215990462 188945027956433 186364398411487 209886139183303 209552211677247 236599181419705 264235796473174 266986075411415 267058865190324 303294153065514 316893108037902 323374475654325 373013791134240 354055694994759 415488527622293 427640191086836 356712825971600 440695095621083 460380143464481 435522314229889 445115256542476 465269495216498 476235494828992 524784132324153 530791453883189 585731371148011 606520713249075 699901870918601 676051930680982 793272324723469 777530473867579 883586108842096 728664392861742 1059166729487209 885219418945338 1024018232792891 1109994656330215 1091955244390846 973730997135282 1394192305592532 1400938699289082 1332437717782613 1534797041731002 1507420360542324 1850950471696901 1784975122052557 1751170775780652 2425401810725523 1827452754063465 1732925180575211 2246254778409339 2784580519944049 2715548737766394 2881408395540293 3027958547819468 3029249810173608 3049645397858808 4210527275994635 2977009426014057 4140066154071575 4573913297499463 3553246955009628 4563902772483207 6321431224701857 3715798587858662 4148500923372006 5835633966323893 4799567529760814 6638850194519084 6250358340181235 6112004695984700 5890542664929311 6310604384534289 7696974467674749 7384094673867215 10458587567901064 9391036639477060 8475614872387833 9678678689388919 7108893984155184 11540804824010628 10140444090522012 13620704886574997 13951763655128651 17783164552985486 12066278948423486 19672674920629041 19655336613846368 12652299226079431 16304478785780256 15557673521551169 18724147422576659 28203859153229304 17648188974145826 18835320662627081 25008544766912327 19612172702230494 17070805519698292 37277857823517234 53941563561838857 24007329038408904 26983183798281483 25032170561503945 27052087320444029 31713429878116464 21866454286049374 37326816523369666 26959960993595651 41440326917343400 35031046628426651 59020621781245074 28242960962987389 34302367770530355 24377744612289259 49162407774386835 40872659249573035 48165301510129525 52819497013332160 32991851952883431 117728209695348175 31105350435296021 30586903315660269 73601262577786326 34699702023638133 42497202789963964 102513423315383912 70767175262176267 29365277030187755 67778133438001384 81673497661883000 122015456991532398 76998384010835664 32711241430294145 54253324297824458 67483138379784810 82353214499809360 76935951163661668 72781632173969429 102618743532976915 134491513261243943 58523230808274398 109291170562917765 102136293604248506 89585516998642613 57360403361777673 40034853525153890 220748602846066694 188950351729928155 125016232236888286 162273271216257310 173872445343669940 95302768692776272 238981361050137458 111823217330244231 79839131053999982 85496156071909392 134292795123110752 196022574540951500 153929732092895157 56156602112874289 60105349839666544 257301498436458200 197485635164302950 73653287861850339 157602510605333230 168601631272450238 90175434980549623 289350330576608280 302753042835673410 110307860425292772 353848474638341916 144117936527873832 154043597379576030 175943559810422753 188008647052292980 200882556287683159 643854899229858897 523157814702288250 637111947576658168 387632532919029223 413766180933342362 471314064268398780 502957566506000020 572612058898037559 651688879997206959 1390287426917892080 741433159884081684 790738119649411319 843250788562528427 2190401332423765131
3 4 5 6 7 8 9 10 11 12 13 14 15 16 17 18 19 20 21 22 23 24 25 26 27 28 29 30 31 32 33 34 35 36 37 38 39 40 41 42 43 44 45 46 47 48 49 50 51 52 53 54 55 56 57 58 60 61 62 64 65 66 68 71 75 76 79 80 83
8 25 62 138 113 259 137 360 190 342 170 234 182 233 106 211 125 162 76 99 73 92 45 78 61 67 32 36 32 43 29 48 24 37 24 23 10 26 10 14 15 22 14 13 7 15 6 6 6 12 8 8 6 5 1 13 11 2 2 1 1 1 2 1 2 1 2 1 1
8 28 91 349 341 1388 865 4555 2857 10385 5946 15140 13074 30843 15028 56080 35863 79336 34867 83670 60076 119240 63756 149375 134346 228435 103800 219939 153373 296819 230546 485575 284157 668743 357856 660587 277276 870760 295636 907000 775708 2041261 949617 1717870 783668 2448583 838973 1169052 895046 4344142 1729303 4779928 2274578 3818936 239943 9598008 25201045 1679584 2860880 966467 1300156 1300156 6966520 4647040 13568719 5392783 23468091 18578182 24264328
