24 36 48 60 72
3155 24958 42585 21450 7845
1741560 750643 288565 73105 10457
84391141664976558 10377075878375744638 7901665589737760224 505659973534859236 3584299113823
24 36 48
448 480 138
4555 1105 187
189275879 14327627 318388
3 4 5 6 7 8 9 10 11 12 13 14 15 16 17 18 19 20 21 22 23 24 25 26 27 28 29 30 31 32 33 34 35 36 37 38 39 40 41 42 43 44 45 46 47 48 49 50 51 52 53 54 55 56 57 58 59 60 61 62 63 64 65 66 67 68 69 70 71 72 73 74 75 76 77 78 79 80 81 82 83 84 85 86 87 88 89 90 91 92 93 94 95 96 97 98 99 100 101 102 103 104 105 106 107 108 109 110 111 112 113 114 115 116 117 118 119 120 121 122 123 124 125 126 127 128 129 130 131 132 133 134 135 136 137 138 139 140 141 142 143 144 145 146 147 148 149 150 151 152 153 154 155 156 157 158 159 160 161 162 163 164 165 166 167 168 169 170 171 172 173 174 175 176 177 178 179 180 181 182 183 184 185 186 187 188 189 190 191 192 193 194 195 196 197 198 199 200 201 202 203 204 205 206 207 208 209 210 211 212 213 214 215 216 217 218 219 220 221 222 223 224 225 226 227 228 229 230 231 232 233 234 235 236 237 238 239 240 241 242 243 244 245 246 247 248 249 250 251 252 253 254 255 256 257 258 259 260 261 262 263 264 265 266 267 268 269 270 271 272 273 274 275 276 277 278 279 280 281 282 283 284 285 286 287 288 289 290 291 292 293 294 295 296 297 298 299 300 301 302 303 304 305 306 307 308 309 310 311 312 313 314 315 316 317 318 319 320 321 322 323 325 326 327 328 329 330 331 332 333 335 336 338 339 340 342 343 348 351 354 360 361 366 372 376 378 385
233 1334 3697 8385 25711 31207 43639 57708 63505 63043 68411 67713 64579 59582 60486 59760 57922 53304 53928 52839 50224 44921 46665 46690 45231 41828 42031 41499 39434 35724 36002 37663 36323 32819 33459 33654 31609 28745 29522 30071 29444 26293 26987 27424 25779 22576 23574 24907 23412 21677 22171 22146 21307 18423 18662 20264 19598 17339 17713 18743 17390 15406 15432 16478 16470 14337 14546 15722 14531 12528 13058 13965 13626 12179 12142 12825 12115 10604 10638 11757 11566 9798 10558 11149 10096 9029 9147 10085 10059 8493 8501 9302 8826 7258 7740 8559 8347 7402 7356 7832 7382 6109 6375 7259 7129 6008 6339 6925 6156 5449 5392 5943 6134 5113 5162 5774 5328 4457 4583 5252 5155 4398 4384 4913 4426 3666 3595 4433 4388 3574 3765 4143 3827 3188 3423 3666 3677 3136 3058 3443 3173 2606 2651 3153 3015 2679 2588 2860 2649 2160 2208 2508 2607 2019 2119 2437 2069 1849 1731 2064 2025 1706 1728 1949 1776 1428 1458 1671 1678 1428 1338 1487 1386 1146 1048 1264 1265 1086 1057 1168 1091 878 828 944 980 888 800 909 783 642 626 718 708 639 593 643 580 473 426 479 502 447 423 464 394 322 271 315 317 360 340 248 221 198 185 166 172 158 131 114 88 81 97 81 78 80 70 63 71 68 77 59 70 47 70 55 53 50 57 53 46 31 47 39 35 41 34 36 35 39 36 23 31 28 28 31 22 25 47 27 30 25 27 23 19 23 28 33 11 17 16 20 10 25 17 9 16 22 10 10 11 15 16 7 9 11 8 11 12 6 9 5 7 3 14 6 4 13 8 8 5 5 7 14 5 3 5 5 10 7 7 4 7 7 7 8 5 2 6 3 3 5 2 3 5 3 1 2 1 1 2 1 1 1 3 1 1 4 3 1 1 1 2 1 3 1 1
233 1450 5170 15424 54983 98362 205743 387604 665244 1009488 1681948 2385459 3454973 4741255 6852439 9030623 12441138 15797207 21711635 27283968 35207132 42195014 56175107 68749612 88089775 106305814 135951780 160153842 197439873 231201936 289771769 350073359 426842195 493535312 615314891 717750269 843097730 971115869 1197871993 1386676092 1663479814 1868989563 2297785787 2605355806 3065285452 3321653143 4011676356 4670972714 5366553722 6125070599 7453015097 8102032925 9383413497 10072715476 11868109765 13910432798 16010564615 17418675365 20732868737 23594393017 26489462849 28584793842 32101959970 36880956153 43954594379 46272256153 54437452814 61540251610 68452589609 72478043452 81415667849 92466339062 109093789459 117228034143 132231996659 150279198385 166598217391 172528206228 194940830566 228225269979 262560054948 271604629850 328827041103 358718967477 393941466703 422352237105 456469392523 541846136108 641700978047 647215965939 745042190036 823769961375 908366775847 921687204554 1062202653694 1192614736380 1409210369634 1494303731452 1651710393568 1813219907741 2008807327957 1918442602914 2226396517449 2658026270280 2986307310305 3116755094377 3554776743322 3947298391245 4146651488961 4454490327859 4607148859887 5361858282477 6413726290423 6319120095565 7345436813969 8152375679852 8421599586704 8908411234596 9492767747339 10969089448892 13130678807460 13223722241817 14100998354595 16813271492270 17207824718682 16672331470959 17152764587345 22058741674927 24597484166369 25169475404934 28583481927347 31228268753968 34104974732156 34198734493020 36572991412883 41891150571583 49814228608418 49223746085183 55117520246025 62545413958220 62110109566965 63912301856379 66645876052953 78970081770182 91142586306858 98078520695639 99735072620389 116222453934965 118957394142859 114983247088509 125323556669909 143770767336656 169741330363855 160613491326424 190832878860732 212300167258026 203956558483585 222773785878547 193823264628336 266201251085633 298678901966839 288516322779337 329798079056429 375564462735979 373562118558675 377075789060145 391066332601257 441275387169705 543741193086758 547115200990482 567903656362793 615029067435977 638270733197483 621754595561782 574355509298707 737856417130952 797027699876531 886164352517374 942814043025010 1010661045136935 1084540348194994 1037049558172468 969903667725676 1153532198473344 1440940410470475 1438814920348922 1547532026651924 1749325797229068 1563500097962857 1616135680286233 1511014974665087 1785530572098677 2070094017102913 2269461161189508 2285946303628653 2603925298119006 2541363450661566 2321888206146312 2228380030363995 2561540569742353 3051374637422241 3266313591905886 3514171026531388 3724548519789989 3480649416827767 3443141340878261 2676857372500173 3367480288296848 3972506660533889 4735598296700327 5022937463419914 4202354806367198 4045324830984696 3894044026857232 3706606360768454 3715354525887645 4292127798346707 4203292549263118 3763821967532510 3491494411264939 2636142573980298 2237796959025700 3116259283390895 2443155932469138 2593898343943128 3053803665404453 2849788595852299 2605437605876330 3641911157470806 3420888464361026 4302674568215894 3528645259509890 4768124109370312 3291416613884448 5469423968976264 5263677833097108 5064444134577930 4876396909254742 6379971122620018 5434888003602577 5345023417301127 4438947950248315 7017213365492139 6269647823228963 5980031847362585 7790494391641074 6482221425186911 7474917436579382 7373968068295718 9112786412026517 9250890291958794 7289160243704566 9233887166197677 9006586587952888 10196769808716223 12020920764363177 9397735455595415 12817865297777154 23168414651406852 15586687226334098 18205989204439606 15540554153190830 17179699980131211 15959496744995125 14326382334637901 19528627516091955 26107498770657931 33104850171103156 11460933275401959 19290111088514058 19921505392527459 24582458914537124 13343928669037281 40084414693580775 27602230010837986 15469680105832675 32438174451051743 39407543786836305 19672236518327023 21439252135441388 26851355711814807 35999162278839493 43271780228069122 23444335090916793 25626141703837915 39121222539636827 25993441371705304 45697673100333729 46290591961617957 24729398437327224 43453343679126114 32077556817877400 35915931461712528 20937484279014688 86485045465879579 50105752036698412 27863400576783324 102145336427574411 84477949089346248 74042979136053315 45632828022359433 66127359468425012 90831469211922185 188956739406062913 71114280291154707 38593653809344873 95004859576070831 74690473620708781 174250316706236417 121899260932031065 128185801764296410 80069707050307780 147325333711918345 157916225352142467 190600451225271308 202497953654851428 133968250875261307 60652363979685928 190605537385552544 104402864608322490 109349766422936984 250831443197818766 91544717087156056 143783645814053778 258853820550552439 164775248454577219 60105349839666544 128650749218229100 68834885946073850 73653287861850339 168601631272450238 90175434980549623 103151466321735325 110307860425292772 353848474638341916 134819180623301520 144117936527873832 803530225150732636 734713612366147218 298330063062758076 441622981929358437 471314064268398780 1303377759994413918 958728697912338045 3714173382357375255 1406207446561484054 2190401332423765131
3 4 5 6 7 8 9 10 11 12 13 14 15 16 17 18 19 20 21 22 23 24 25 26 27 28 29 30 31 32 33 34 35 36 37 38 39 40 41 42 43 44 45 46 47 48 49 50 51 52 53 54 55 56 57 58 59 60 61 62 64 65 66 70 71 72 82 88 95
4 47 32 174 137 402 245 462 258 472 242 423 239 331 207 275 161 261 110 185 76 152 64 116 55 65 30 76 26 69 42 52 15 40 13 47 11 29 20 22 10 18 8 21 5 17 11 9 6 7 2 6 4 6 5 1 2 2 2 2 5 4 1 1 1 1 1 1 1
4 51 50 416 403 2051 1462 5498 3694 12107 7890 24686 17287 40049 28167 72166 45503 116856 53633 136349 71493 182260 94278 248734 133589 203149 104290 353327 141253 517192 253242 575781 168221 721674 210258 1186754 310276 1043698 527281 1631216 407639 1433981 442323 2637602 584013 2353835 894276 2470144 1250722 2029313 249508 2590288 1134210 2748306 1511325 659862 1319724 1995896 1956198 1842462 6690654 4509633 1300156 4647040 3087735 6175470 12132164 53087320 72533807
