8 19 20 31 32 43 44 55 56
187 471 5435 4581 39631 4949 40748 468 3506
1740 5289 71765 35643 298816 14383 120505 544 3965
99045 35970640 1404380470 46079040571644415 862776507741125693 7173180271709370 37073346342123394 1277955295 5296145556
8 19 20 31 32 43 44
21 47 442 30 321 1 6
52 178 1246 46 486 1 7
1592 544076 30514116 236162 2702891 77 117246
3 4 5 6 7 8 9 10 11 12 13 14 15 16 17 18 19 20 21 22 23 24 25 26 27 28 29 30 31 32 33 34 35 36 37 38 39 40 41 42 43 44 45 46 47 48 49 50 51 52 53 54 55 56 57 58 59 60 61 62 63 64 65 66 67 68 69 70 71 72 73 74 75 76 77 78 79 80 81 82 83 84 85 86 87 88 89 90 91 92 93 94 95 96 97 98 99 100 101 102 103 104 105 106 107 108 109 110 111 112 113 114 115 116 117 118 119 120 121 122 123 124 125 126 127 128 129 130 131 132 133 134 135 136 137 138 139 140 141 142 143 144 145 146 147 148 149 150 151 152 153 154 155 156 157 158 159 160 161 162 163 164 165 166 167 168 169 170 171 172 173 174 175 176 177 178 179 180 181 182 183 184 185 186 187 188 189 190 191 192 193 194 195 196 197 198 199 200 201 202 203 204 205 206 207 208 209 210 211 212 213 214 215 216 217 218 219 220 221 222 223 224 225 226 227 228 229 230 231 232 233 234 235 236 237 238 239 240 241 242 243 244 245 246 247 248 249 250 251 252 253 254 255 256 257 258 259 260 261 262 263 264 265 266 267 268 269 270 271 272 273 274 275 276 277 278 279 280 281 282 283 284 285 286 288 290 291 292 293 294 296 297 298 299 300 301 302 304 305 306 307 308 309 310 311 312 314 318 321 325 326 327 332
333 1375 3031 5595 8312 10813 12967 14308 15208 15691 15674 15531 14526 13856 13400 12567 12107 11588 10941 10676 10341 9613 9457 9053 8524 8172 8037 7766 7525 7355 6931 6756 6397 6274 6079 6022 5594 5356 5302 4939 5072 4811 4721 4586 4443 4234 4126 4114 3956 3940 3675 3505 3409 3390 3296 3221 3186 3105 3003 2912 2817 2763 2779 2646 2586 2595 2391 2379 2281 2308 2287 2214 2087 1968 1990 1939 1944 1913 1833 1740 1640 1653 1571 1637 1580 1563 1511 1374 1397 1426 1356 1343 1293 1251 1198 1149 1152 1212 1113 1123 1048 929 919 969 874 953 895 850 794 786 784 782 822 788 794 672 658 660 653 658 626 589 512 549 577 549 566 551 481 455 473 514 456 487 441 425 379 382 351 416 372 393 354 319 311 330 310 309 320 278 254 228 255 257 266 281 255 226 204 226 220 207 221 179 162 173 151 183 173 182 155 156 149 157 141 173 136 150 89 135 105 123 118 130 101 92 79 103 81 110 89 71 86 64 93 87 74 84 69 64 59 64 63 84 64 58 57 52 56 61 53 53 48 48 37 43 54 50 44 23 35 36 32 35 33 30 24 28 28 26 26 27 24 17 24 28 14 20 15 15 14 13 15 19 17 23 15 11 17 11 15 14 11 12 11 7 10 12 11 12 4 7 8 8 13 8 10 3 6 4 2 6 4 7 2 6 5 2 5 1 1 5 2 4 2 1 2 1 1 1 2 1 2 1 1 3 1 2 2 1 1 2 1 1 1 2 1 1 1 1 1 1 2
333 1487 4529 11682 25627 50132 89777 150890 242399 374748 557194 813977 1113426 1521269 2077879 2693669 3576661 4628001 5806000 7497552 9470428 11412118 14439653 18022748 21575528 26334146 32222014 38408687 46819599 57130987 65473062 80516759 93090216 113174498 129794332 160829918 178406666 208551692 252683529 281639350 342115090 390478886 445616468 522733975 605012129 690592013 772146180 935214620 1048336005 1217163618 1345645272 1490283409 1737370570 2037923897 2287755386 2605650221 3043559676 3471567993 3902314354 4353379223 4867693123 5639054153 6519508564 7042367721 8002183137 9036111750 9846243602 10962763524 12742234422 14341555137 16354508854 18683384073 19604470691 21390428552 24643080702 26971134059 31123996778 34625901020 38580241805 41469770045 45551339564 50879188870 54279192104 65761370311 73072267646 81372300474 89323379966 93191054636 103944405122 116902262626 128379689237 144377321163 156212534019 170632546948 184561054418 203005218974 228976519524 257071799740 280988529309 310535392050 325841352416 330756231358 368714668343 432077232203 441537304342 529832601970 542430158798 564904783743 616861770419 679425334761 802758126653 845781121706 1024015855858 1048598635739 1170593873029 1103184249087 1239473363102 1327706472359 1498804031642 1694405468344 1794618821088 1880143236609 1777773331134 2041779807525 2535498427025 2620993064325 3021128567855 3239426723093 3282208225061 3300613193293 3870748530174 4465517583493 4617947589745 5164415302068 5358465080958 5826979174316 5499989988961 6372798141690 6285883361607 8133621185587 8104747499752 9253855885759 9597419156599 9130503228447 10284407770696 11475481348917 12186634931602 12847147858766 14847173747825 14761616556870 15092514335023 14688072663218 18176536060937 19189697737914 21700987969608 25302951777651 26056438201373 24681458222763 25098006936883 30077677341763 33248812352708 32491744696760 38817175054186 35277534159083 36513474094874 37719533690808 37099086331170 49639917874150 55256051668204 61118939931691 60312932587151 63020605921776 63162356311113 73506520273569 71756125814860 98234087709874 83687026560591 101437229770720 62365688615615 106744707114415 94184522635519 109030945901761 123976409002480 150737315255469 124395016703658 119028505025501 110088128794490 175196065928455 122512472738550 204603898356673 178725633175227 166709200173913 225700932085795 173224004805844 267388591250234 270799348633778 256333379246041 302551492723424 306923574577410 281606562522382 267174189760684 337511474003524 338195808518652 512339507275981 435126773925344 414577153014772 410385265460538 477640420884305 519239859324046 551925361527351 577209998318346 676706692804285 672689514098695 799113384476739 519100425249244 751267554734536 955130562195776 970207139167953 935541441395921 556005072246348 874944212939102 902006284977714 991350972528825 1094907760892256 1142332839232771 1182582088428092 1004952629042451 1327745173993462 1334775869582407 1389376681859807 1476245543512600 1599136493772701 1720448997377776 1073042261191110 1880128642569369 2283796166384596 1285231769684338 1836920318933573 1653658018172104 1623188811463048 2174327968889195 1592616762865540 1880769786857545 2778963860011475 2457565251465996 3526411360680516 2857166355093852 2155994761695440 3523988165804954 2254543699193157 3687036234798102 4020003694998433 4017264588461816 4850847642284961 3848945553081115 2899914740586030 4173832381472568 4564918268319307 5287454835289636 6429818707035619 1840766520067552 4779215369883197 4445550951423108 4748875624264685 10206236056859047 6295597260692540 8745328501122631 3003623166505078 5363412271948614 3694040578572424 2999866229820367 7362738217559813 5830464211504484 9947432910830738 3748800500504881 8808723337394365 7953842893713863 5036866371731611 10976527609946559 2040825852575075 4081651705150150 10990403932960334 4903171735383409 12896683543730327 8816789381788665 6795168023973546 7578352997560475 4219388528587095 4534253126900886 4872038056472084 10857363761704277 6039763882095515 18119291646286545 6965850144195831 13931700288391662 22989378541964208 8030248384943040 18506165873447204 20588303624952340 11435542077822104 11435542077822104 26324435790115408 14118662665280005 15142952738857194 15142952738857194 49893753204806621 18671488299600364 26415807633566326 32488293351466654 79839131053999982 42748078035954696 49005643635237875 133160260555188400
3 4 5 6 7 8 9 10 11 12 13 14 15 16 17 18 19 20 21 22 23 24 25 26 27 28 29 30 31 32 33 34 35 36 37 38 39 40 41 42 43 44 45 46 47 48 49 50 52 53 54 55 56 57 58 62 63 64 68 70
5 26 43 79 90 152 120 133 93 137 102 105 88 97 64 58 47 60 41 53 40 39 23 24 20 23 17 26 19 24 12 10 6 13 8 12 8 5 9 7 10 5 1 9 9 3 8 4 4 2 4 3 4 1 2 2 1 2 2 2
5 29 72 203 286 866 905 1863 1570 4189 3607 6371 6633 13378 10657 17415 13084 24595 16770 40164 32401 40589 33815 40907 37422 68525 57653 95494 94637 144044 72158 74138 89984 146258 130594 304962 184340 144792 288903 369913 528439 310576 89166 875610 847693 445566 1132350 511816 883638 471804 1814448 852621 1126356 563178 1544620 1430440 1430440 3865868 3483260 9294080
