11 12 23 24 35 36 47 48 59 60
290 614 5478 11995 16131 33425 10603 21407 18 11
1768 4749 121428 260035 90195 188872 23162 45587 18 11
122597 621634 9435782971428 70872460384366 257767506314216417 535747476757266662 655578982345844 944260636738932 81 13
11 12 23 24 35 36 48
28 67 231 427 71 111 1
81 200 481 974 87 144 2
2296 6588 5760081 9236332 231317 369789 5681
3 4 5 6 7 8 9 10 11 12 13 14 15 16 17 18 19 20 21 22 23 24 25 26 27 28 29 30 31 32 33 34 35 36 37 38 39 40 41 42 43 44 45 46 47 48 49 50 51 52 53 54 55 56 57 58 59 60 61 62 63 64 65 66 67 68 69 70 71 72 73 74 75 76 77 78 79 80 81 82 83 84 85 86 87 88 89 90 91 92 93 94 95 96 97 98 99 100 101 102 103 104 105 106 107 108 109 110 111 112 113 114 115 116 117 118 119 120 121 122 123 124 125 126 127 128 129 130 131 132 133 134 135 136 137 138 139 140 141 142 143 144 145 146 147 148 149 150 151 152 153 154 155 156 157 158 159 160 161 162 163 164 165 166 167 168 169 170 171 172 173 174 175 176 177 178 179 180 181 182 183 184 185 186 187 188 189 190 191 192 193 194 195 196 197 198 199 200 201 202 203 204 205 206 207 208 209 210 211 212 213 214 215 216 217 218 219 220 221 222 223 224 225 226 227 228 229 230 231 232 233 234 235 236 237 238 239 240 241 242 243 244 245 246 247 248 249 250 251 252 253 254 255 256 257 258 259 260 261 262 263 264 265 266 267 268 269 270 271 272 273 274 275 276 277 278 279 280 281 282 283 284 285 286 287 288 289 290 291 293 294 295 296 297 298 300 301 302 303 305 306 307 308 309 311 312 314 315 316 317 318 321 322 323
352 1431 3362 6210 9710 13636 16928 19288 20242 20303 20570 19769 19303 18620 17931 16670 16517 15589 14980 14992 14296 13327 13282 12421 12080 11699 11588 11277 10720 10123 10171 9455 9454 9170 8835 8591 8376 7956 7918 7243 7430 6853 7021 6819 6737 6219 6118 5891 5647 5405 5396 5308 5028 4786 4877 4677 4523 4304 4218 4094 4001 3792 3962 3601 3561 3470 3211 3252 3134 2952 2884 2814 2739 2471 2542 2615 2515 2302 2337 2226 2093 2114 2061 1991 1974 1842 1755 1686 1631 1580 1623 1621 1495 1357 1360 1333 1315 1222 1220 1268 1137 1059 1064 1037 1030 1092 991 967 924 856 912 818 801 757 774 710 665 691 656 705 642 559 563 572 547 515 571 503 478 460 446 431 442 411 414 399 361 317 351 378 345 296 260 261 252 252 268 271 276 219 218 216 223 204 244 217 208 184 162 200 187 189 179 156 137 123 138 141 139 146 119 111 114 103 107 105 111 98 89 86 87 108 84 91 72 66 76 61 91 78 69 56 53 59 53 61 61 50 48 57 48 52 51 55 46 31 39 31 32 43 45 39 19 32 29 31 25 38 18 29 24 25 28 30 26 19 15 13 13 14 21 23 9 11 13 12 14 9 13 10 6 10 15 17 15 17 8 9 5 13 14 17 14 8 4 9 7 6 9 11 7 3 11 9 4 7 4 3 3 4 3 4 7 6 1 3 2 2 1 4 1 1 1 2 2 1 1 1 1 1 2 3 2 1 1 2 2 2 3 1 1 1 1 1 1 2 2 2 1 1 1 1 2 1
352 1572 5030 12679 28751 59044 109383 190179 302867 458038 696938 1000175 1417711 1964846 2643314 3392005 4629494 5856287 7507235 9925814 12552531 15080690 19556664 23288847 29251919 35763648 44855392 53575689 65870462 76593762 96055929 111524279 137864435 161759592 191343507 223494377 264095822 311179202 375265417 403993357 523273509 563079988 681443778 785586662 949742376 1032446638 1209796744 1373014207 1589497473 1770491524 2066557029 2358359148 2709402231 2986210834 3627367127 3983208026 4557124607 4932112149 5665228484 6254674960 7297965391 8221173444 9889373852 10126990575 12183933334 13331675665 14154604816 16381976115 18748230881 19803759296 22289563037 24265717752 27939865550 28681726558 34073695971 39478586945 44377961279 44564363614 51581129544 55710547841 61417686517 67966118509 78204023880 82191006337 93934148023 101583363187 108904331019 115616838816 134403017815 145302146795 166550484259 182932307618 193764162209 196478348350 221514323440 236063021346 275834063536 279496821602 317364648625 367533799469 381248074392 393028258309 455953195124 466725364530 533328694463 635656442377 635834679548 702491357768 759488018571 782380091845 965282239755 903010165962 1027244046803 1112696351946 1269850417901 1209020378393 1363866464614 1548096875704 1622232366392 1968261263242 2014769804715 1962452930591 2019783258947 2354362808953 2533009043820 2555475038349 3177753571582 2957224358469 3406533844262 3556053353581 3567452225074 3878783348985 4634550407717 4544369558075 5156089236483 5674605041415 5840919994447 5372940186954 6287779396576 7555886519533 7885575110809 7325341065800 7285125121414 7960452617449 8078709912851 8722176571977 11245383376472 11734573432636 14155981099130 12010116861418 13011402572123 13595084140567 15743716972620 15753456693761 20067414586070 21125208486198 23054815395701 21073283761229 20857874682832 27662246445354 27725024359826 31646470894106 33733695576810 32181633187179 29288088898117 28541328310450 36161156717065 38244417798340 42700356942974 49125871161867 43215062888193 45937309849185 50233723842484 49434497838493 57544390843420 63881582708546 68718579143081 72060277044025 69582577551570 72450070069710 73654358027165 101782314169271 88397250051334 106918625373793 90398419907596 99153431106002 115315567071637 97348474875160 152814183633788 155804035764444 159272171335064 143144011522983 137702289121820 165262092733980 163984507936593 186357094073642 209514015823616 170422693233067 215853479139329 244253539016429 242740518802799 268178879176877 271457890762113 317775632966969 327797091809733 215366142577831 284136050822096 260665258257670 293773352569099 398149867803264 544356587262888 486218340247414 241781042020636 454083680067941 405636036981375 492436414134085 471750947679332 781115176021013 369520203325944 659164461752862 630441193801423 622893391611429 974878232626707 904520783742678 879490496489268 682316258602321 672103573851027 579441081256041 642890814872187 800822019522749 1376876816523171 1334408520989863 689860701646283 839153692972558 988789446138230 1015036787277345 1450007013144797 844683624491337 1564242227464461 1336475746095239 1115539671149256 1297202198974868 2321616049409087 2500175267310662 2414007518859768 3292705629211727 1942961192443397 1892614854028630 930697535462950 3409081993005283 4280215784843118 5317640586206417 4551399931126548 2943171470273862 1210908675172574 3529495962750822 2687804870727512 2954970644750831 3583722497652212 5510727206138269 3541915339432124 1949548498566805 6999222397632068 5902220974159021 2490795631026568 4801464646761241 2947333490633283 2337151888686501 2523422468245341 4598800686888784 3974700599764992 4281830973731957 9311315569226029 7497601001009762 1412749565173450 4562941478553525 3274587938674342 3524556866114538 1896564103591584 7874779912333318 2195786311682516 4391572623365032 2540952590045698 5273825773593233 5671802977477090 2938929793929555 3397584011986773 6795168023973546 7304861672142106 4219388528587095 9068506253801772 15340780195979428 11245985383901210 6039763882095515 12079527764191030 13931700288391662 14959130157021168 24680993045351105 35747158424377254 9930972392403501 11435542077822104 12269218019229465 13162217895057704 14118662665280005 15142952738857194 32479573071659326 57360403361777673 61492949562506781 21458096037352891 23000006655487337 26415807633566326 30326181989842964 67289248220907484 37274405776748077
3 4 5 6 7 8 9 10 11 12 13 14 15 16 17 18 19 20 21 22 23 24 25 26 27 28 29 30 31 32 33 34 35 36 37 38 39 40 41 42 43 44 45 46 47 48 50 51 52 53 54 55 56 57 59 62 64
4 27 37 103 71 145 114 145 137 137 94 126 82 90 58 63 50 55 33 48 19 26 34 29 26 17 13 16 17 18 14 9 11 12 3 9 9 7 9 4 3 4 6 5 4 2 5 2 2 2 2 3 2 1 2 2 1
4 37 59 267 228 803 874 2005 2296 4231 3239 8636 6673 11616 9211 13918 14600 25867 15125 37849 13334 34355 45286 65126 54608 50052 35779 81079 92803 127654 101796 87892 137451 243938 36752 255991 195532 211200 336751 187090 125322 317973 456896 349255 250184 138436 962866 316674 633348 716778 694100 1037091 2113694 239943 1232483 2044594 1430440
