27 39 51 63 75
10428 32003 33999 19997 3569
1664374 585345 200089 54287 4007
771833346180988478 12721867399168480001 3170938070943348153 84586380209546640 8255360634
27 39 51
1171 468 53
7814 1017 67
268638139 12001617 36402
3 4 5 6 7 8 9 10 11 12 13 14 15 16 17 18 19 20 21 22 23 24 25 26 27 28 29 30 31 32 33 34 35 36 37 38 39 40 41 42 43 44 45 46 47 48 49 50 51 52 53 54 55 56 57 58 59 60 61 62 63 64 65 66 67 68 69 70 71 72 73 74 75 76 77 78 79 80 81 82 83 84 85 86 87 88 89 90 91 92 93 94 95 96 97 98 99 100 101 102 103 104 105 106 107 108 109 110 111 112 113 114 115 116 117 118 119 120 121 122 123 124 125 126 127 128 129 130 131 132 133 134 135 136 137 138 139 140 141 142 143 144 145 146 147 148 149 150 151 152 153 154 155 156 157 158 159 160 161 162 163 164 165 166 167 168 169 170 171 172 173 174 175 176 177 178 179 180 181 182 183 184 185 186 187 188 189 190 191 192 193 194 195 196 197 198 199 200 201 202 203 204 205 206 207 208 209 210 211 212 213 214 215 216 217 218 219 220 221 222 223 224 225 226 227 228 229 230 231 232 233 234 235 236 237 238 239 240 241 242 243 244 245 246 247 248 249 250 251 252 253 254 255 256 257 258 259 260 261 262 263 264 265 266 267 268 269 270 271 272 273 274 275 276 277 278 279 280 281 282 283 284 285 286 287 288 289 290 291 292 293 294 295 296 297 298 299 300 301 302 303 304 305 306 307 308 309 310 311 312 313 314 315 316 317 319 320 321 322 323 324 325 326 327 328 329 330 332 335 336 337 338 341 344 347 348 349 350 352 353 355 356 357 359 362 363 365 366 369 383
316 2052 4879 10962 22091 33182 49357 54706 66474 63721 68820 63350 65103 59856 61338 54667 57322 51720 52480 48202 49748 44542 46859 42393 42765 39246 41022 36449 38061 34807 35931 32356 34344 30233 31206 28829 29582 26903 28579 25353 26291 24200 24435 22493 23524 21143 22205 20297 20766 18766 19758 17437 18176 16857 17552 15475 16623 14886 15236 14048 14346 13200 14176 12681 12940 12046 12323 11149 11776 10549 10990 10317 10513 9456 9844 8839 9043 8383 8846 7982 8319 7525 7592 7222 7297 6709 7300 6419 6608 6084 6179 5846 6075 5401 5555 5391 5452 4903 5091 4520 4695 4378 4580 4092 4343 3845 3938 3764 3675 3625 3765 3419 3518 3268 3256 3111 3127 2938 3019 2867 2770 2601 2795 2400 2395 2381 2390 2196 2254 2012 1998 1937 1755 1843 1825 1709 1760 1582 1549 1575 1466 1422 1318 1381 1264 1218 1302 1157 1122 1137 1029 993 1031 908 919 900 855 858 804 807 824 752 758 722 720 703 674 667 637 588 620 543 535 567 506 428 521 438 450 423 430 429 436 366 437 337 336 352 360 285 344 304 292 250 290 245 290 256 250 242 244 203 240 219 197 205 189 179 224 185 166 192 186 139 159 169 155 154 191 143 137 130 111 136 112 89 110 115 109 99 107 90 101 89 62 86 79 68 79 100 77 86 73 58 67 61 53 57 54 41 56 54 47 49 52 43 47 47 35 39 39 47 36 37 24 39 64 19 24 28 19 29 24 22 19 19 24 18 9 23 12 19 15 14 12 11 12 16 9 14 13 8 9 9 4 10 9 7 9 5 6 5 6 9 5 5 5 6 4 9 7 8 1 4 8 5 3 4 6 2 7 3 1 5 2 4 2 5 2 1 3 1 2 1 4 1 1 1 1 2 1 1 1 1 1 1 2 2 1 1
316 2268 6957 20446 54899 116648 250975 423048 774356 1149502 1878501 2551193 3900877 5235116 7505721 9444385 13832368 16655461 23238769 28431021 38537862 45077577 63046704 71445137 93713433 111590716 146119754 162211937 218870912 243558036 316455743 358930290 459965156 498191405 654222002 700180588 906110287 998968583 1269449553 1356205014 1766296558 1858020473 2359720555 2547195442 3167816892 3368140283 4317131931 4465306501 5583158814 6059610032 7469939305 7645263910 9620438540 10114307608 12725343982 13090878107 16251102005 17001137668 20870724464 21229738026 26434021866 27758576700 33986069346 35227540857 42503727884 44725076801 55122498325 55917651855 68461903725 70061235546 85271730196 87882785539 106295673184 109425315357 129376715353 132030193581 158705512149 162498954473 202434441655 202756813439 237019691761 246353470681 296044317945 290420712803 359223853689 359864536382 448680497821 434238046607 539155787009 535555277608 661794442685 667593949690 793692972833 794387633495 951603808516 964616881028 1149948417682 1174137605545 1404055279086 1336584300917 1631930790204 1644796504659 2023579440339 1998820446435 2331568053805 2326749012510 2851555019124 2781378839603 3167114180325 3409037576721 3969452370539 3962949721942 4819337805091 4876101482681 5730603250905 5770166756064 6586203232698 6732941714331 8176637535223 8091153347475 8954477153547 9411928121854 11342384032969 10583094556886 12198608034297 12943899520626 14904803509060 15102834342199 16550475305277 17077897310719 19131358662562 19840963766157 20068444234313 23672669474118 24881329311419 25888576361447 30381363475018 30097607478267 33319304706258 36696260703283 35820558824974 41404926016982 41216671926272 47853015127069 47433446470087 51173021925763 58017016741864 59801455605635 59646502067237 68146903178166 68203134141573 74203616925843 77951094644570 83671264675589 85711937248366 95541893621081 97286482289667 106601242239288 109269504476094 123347143064887 128390111295279 140133480652769 154775272100094 156790673574607 167393758007437 185078709608679 183619596371007 208842976107415 211115212304263 208954444552092 249815345724826 243015523329397 241491972285159 302549516849500 301198854227894 253935860411747 351705021231847 333287774613928 368980774850340 359288356584350 424844839196136 438709302917948 512421700700106 476359205230570 567851229650581 495876340352195 574611760445867 635024444336282 695268595195919 621048203025136 796082804233175 741869689697705 781534991142372 741294811638380 928436525387346 869551086573423 1027725053661169 1060546737980296 1177195658463658 1157522353437981 1221580721149245 1196164234979033 1512490616634757 1507856957909222 1380954265800302 1632644905610849 1603199937052546 1720699254141649 2349865404132112 2095255991186901 2052638822159265 2545096992845636 2525158547522321 2215099825090956 2591681346039892 3154144842036206 2989229136562302 3186223355018032 4689806800073569 3396058150051763 3525145288409282 3812373304972464 3691206113128855 4586359788552489 4204497806840504 3584375307342136 4741234242281139 5410424355053974 5080182121653680 5554699186317586 6346908937455404 5313576198096022 7513511768571332 6648381388024134 5033136671725528 7645168655055675 6871538603843691 7029501427019243 9838682927952788 11574429482230105 9301743085956814 11876960793462453 10979091940164678 9653036866062703 11726585760660890 11527900146152151 11278250053977362 13675373285864042 14161788526403292 10199174671838155 15539252791222913 16381627052532627 14200199308360098 19306342735356455 21772421736857986 17102103368911157 22484737420732661 20314350920551422 16763678197597991 19939007402381232 22700608710808399 27087506519671792 24660771097473256 23940225158399674 19426106926037519 31072077727766510 51258300774892862 18658011133351621 24380851120651899 27578026470296547 23206957527219113 39198504865544276 36080213921308080 29260609211462457 29108657026983318 34353979601514680 39934845987629893 39803664106206598 17784973621549656 52381276945739048 27326935799261080 49185352523482343 43271780228069122 39649653598700166 39304643638455773 38663654930360521 45461637007511506 67102564468591487 34512825477149691 60963072033704345 76936383771941319 37310300135178089 51256711657691956 63978317703634863 23742284338237150 68225043682984957 59817595195062021 63720081166391985 70620185545189992 42512233486803140 62873820573289483 57552165987381309 61764910874857020 99028824474032611 60512414154739964 87670525886262733 66767534245510821 87784846212411597 76811597491258439 165921046150249526 125671185431390272 153409721785732655 21458096037352891 107290480186764455 195550749711300767 141525101704980015 88957384320681931 129953173405866616 206493067698670804 74548811553496154 274146639188496109 128244234107864088 45772358543578028 245028218176189375 150473331499304391 224626408451497156 116261951952540833 403990293002524500 168601631272450238 84300815636225119 289350330576608280 103151466321735325 252217035667592710 154043597379576030 752034588209171920 200882556287683159 214618299743286299 229272286871217150 261578907351144125 558726656967404304 318555973788329084 340122810048577428 363117512048110005 413766180933342362 502957566506000020 536679070310691121 1221796807503768202 1303377759994413918 790738119649411319 1930656072350465812
3 4 5 6 7 8 9 10 11 12 13 14 15 16 17 18 19 20 21 22 23 24 25 26 27 28 29 30 31 32 33 34 35 36 37 38 39 40 41 42 43 44 45 46 47 48 49 50 51 52 53 54 55 56 57 58 59 60 61 62 64 65 66 67 68 69 70 72 73 74 75 76 77 78
9 62 91 298 224 562 354 618 385 644 393 594 318 483 292 353 243 317 181 265 147 232 125 187 105 147 109 141 85 92 51 77 42 72 55 62 30 61 34 30 20 33 30 22 11 26 15 14 8 21 9 19 2 12 8 7 6 6 8 4 9 1 5 1 4 9 3 6 1 1 1 2 3 1
9 77 135 719 715 2981 2454 7561 5964 18288 14340 35757 24189 60543 46824 83878 69011 141798 90421 192674 131590 264266 190141 375395 226973 456739 351032 620238 461601 652618 459127 803841 481961 1132756 1029025 1395613 704641 2335145 1332718 1587733 1081663 2054961 1966962 2980650 1175276 4209125 2766055 2361626 1462313 5724281 2268039 8473668 641596 4170034 4285569 7417998 3463917 3897399 8393319 4968172 13842854 1932934 10786175 3010998 10811934 27208162 10453820 39417088 7108690 3554345 4087968 10785566 33942510 14179000
