28 40 52 64 76
10814 37788 30111 19249 2034
961853 685835 170156 48081 2146
5118293100846641488 5684756632586172699 4898658675592231761 40772202204110068 367718423
28 40 52
834 401 32
4057 757 35
154754261 9814614 15284
3 4 5 6 7 8 9 10 11 12 13 14 15 16 17 18 19 20 21 22 23 24 25 26 27 28 29 30 31 32 33 34 35 36 37 38 39 40 41 42 43 44 45 46 47 48 49 50 51 52 53 54 55 56 57 58 59 60 61 62 63 64 65 66 67 68 69 70 71 72 73 74 75 76 77 78 79 80 81 82 83 84 85 86 87 88 89 90 91 92 93 94 95 96 97 98 99 100 101 102 103 104 105 106 107 108 109 110 111 112 113 114 115 116 117 118 119 120 121 122 123 124 125 126 127 128 129 130 131 132 133 134 135 136 137 138 139 140 141 142 143 144 145 146 147 148 149 150 151 152 153 154 155 156 157 158 159 160 161 162 163 164 165 166 167 168 169 170 171 172 173 174 175 176 177 178 179 180 181 182 183 184 185 186 187 188 189 190 191 192 193 194 195 196 197 198 199 200 201 202 203 204 205 206 207 208 209 210 211 212 213 214 215 216 217 218 219 220 221 222 223 224 225 226 227 228 229 230 231 232 233 234 235 236 237 238 239 240 241 242 243 244 245 246 247 248 249 250 251 252 253 254 255 256 257 258 259 260 261 262 263 264 265 266 267 268 269 270 271 272 273 274 275 276 277 278 279 280 281 282 283 284 285 286 287 288 289 290 291 292 293 294 295 296 297 298 299 300 301 302 303 304 305 306 307 308 309 310 311 312 313 314 315 316 317 318 319 320 321 322 323 324 325 326 327 328 329 332 333 334 335 336 338 341 342 343 344 347 350 353 356 359 360 361 362 365
305 1480 3912 9402 17518 25208 34729 40795 46569 48017 49849 46276 47129 44849 43764 41537 41478 39047 38197 35952 35895 33483 33870 30948 31036 29898 29308 27504 28184 25756 25508 24624 24258 23129 23402 21335 21853 20777 20164 18930 19161 18355 18320 17033 17365 16416 16288 14993 15148 14647 14586 13350 13778 12624 12760 12154 12102 11418 11482 10566 10873 10130 10015 9582 9856 9239 9160 8344 8710 7995 8015 7504 7776 7306 7258 6501 6893 6331 6491 5981 6136 5682 5972 5221 5616 5030 5178 4671 4978 4443 4723 4410 4367 4018 4147 3722 3915 3651 3690 3226 3586 3137 3283 3025 3270 2710 3114 2666 2844 2579 2671 2423 2666 2382 2569 2221 2369 2094 2258 1909 2095 1938 1996 1694 1960 1746 1788 1586 1807 1364 1587 1468 1495 1452 1492 1291 1432 1226 1305 1213 1282 1115 1196 1051 1170 1054 1129 1038 1076 1018 976 878 1077 845 927 865 876 804 836 694 754 715 764 655 744 561 674 563 624 535 643 464 567 509 529 489 558 390 503 450 473 447 459 374 416 387 370 341 443 318 346 317 344 310 358 276 335 289 333 263 282 237 238 227 231 241 266 198 221 233 191 182 189 179 173 147 167 145 154 130 124 139 119 123 119 123 104 103 114 117 135 97 85 99 84 86 90 92 85 78 62 76 84 59 74 77 63 41 55 56 52 64 50 46 58 43 46 56 52 34 43 54 33 23 36 30 49 27 27 46 30 13 21 23 17 28 22 23 20 18 19 29 22 13 17 20 12 14 5 16 22 5 6 14 10 6 11 15 5 10 10 11 14 8 4 20 8 7 7 11 5 9 4 2 14 4 3 14 2 2 6 3 3 7 4 2 6 6 2 4 4 2 4 6 2 1 3 2 1 1 2 2 2 1 1 1
305 1597 5472 17338 43723 93081 185465 336838 571002 900538 1415198 1995536 2930634 4129909 5678474 7584989 10346340 13470307 17394882 22397166 29219981 35280492 46987149 55634846 70187364 87179230 107790744 127951036 165898536 187614476 232254956 282319848 333302323 397935507 491172011 552255718 676780112 793676181 928959379 1065128529 1296305906 1477650217 1751147077 1994491913 2414506662 2691496594 3247183550 3589729373 4077650658 4885827392 5555508720 6103718284 7427485564 8008039560 9402240141 10648853530 11876180914 13629804535 15826313466 17014478263 20093802652 22027366479 24828314979 27999149736 32576452649 36206044733 40192382808 43926835096 50567868328 54268888623 62617908835 68141767213 77921357881 88866173001 97491874128 100214019056 121493629581 128661357620 148481335807 159972172583 176933114001 192750874429 226258108664 230922751913 276207959614 287571351621 324757203142 340575899258 391499636745 406704796666 480125439004 515823669947 566922326055 601922999198 698624862940 712142240315 790611616944 881135404460 957063047322 966273630490 1194777807363 1190468147173 1360644938857 1449734429950 1641997130315 1624761057689 2047171096324 1957707258699 2279597197650 2445175270734 2703667874417 2888210868976 3276883380541 3502108755570 4117258078940 4049281597240 4583600987290 4572282546191 5675610452039 5444904224651 6317110636724 6643438456769 7289006777284 7221647589453 8903933907833 8910850435902 9979978081069 10298527172669 11790850679547 10973384633341 13708000141871 14265396654076 15027581741947 16732036407450 18646549541043 18553364411326 22212155095579 20902041351687 23366108747531 25675713322800 29393735887286 29543284838873 33811683700672 33422213104756 38950756299923 40185780339960 46193878943956 48792576008997 52341142910902 58296389575974 58828374725344 60120031441924 78439624167971 68019398135591 82543980868589 87759041497006 91423881350363 94110855666268 107412032774222 99616579887060 114625640864970 123916603621967 141297862311577 132860888423328 166080624011070 134901422301325 179078296949657 170015983041939 195973636971260 188701626915893 248006852869602 195805184523800 246355625108402 256412081666912 298146349266468 291029748365616 353867016376682 270629025556360 392633769525375 409414615276115 465220911312278 476058445182735 523909867045654 424584439752320 553587840671040 562894463178973 573490638277923 598540514912315 862045190367135 661373986273368 812754934603053 824057547134447 894494247904611 904798539930418 1127928632456448 949289173722676 1248840585400133 1150024088567080 1495893615396731 1352474261040318 1482265626830428 1348123043294328 1489630023247560 1519006032802121 1710581910001010 1934177862719540 2306871298362198 1838386840304543 2163375462650575 2652442981815814 2263302381822370 2361733922823980 2771559173257356 2584160891799786 2979183590816605 2743590872704802 3148799173814645 3097568539296269 3213124242224217 3315081141785928 3180271580152342 4200597776857172 3575921616779521 4139790179916267 4516189878051471 5005818577040056 4486761157650756 5286312141159167 5421662456893524 6513019377325653 7767020690579409 6510298475752769 5598343067012308 6918265449905882 6677093511952347 6829770595743361 8976950835124060 9298466609135176 8990917022060355 9807656711476108 8446058308085688 10298010824895179 12490362595743663 9573112302674016 12127337792987097 14772453151136035 12820999042145983 9069526022149407 13794488607544852 13867462727824047 12688730106443056 20328309694029108 17140487582808251 14447331589650879 20501010900750111 16804187452789197 19581438368289849 25676657723797393 24448627068304834 18573025333770230 27354843491544848 31504656916700459 22056188587553349 15193391292019484 26061301660160016 23644835543474438 41470255206737500 27361504534943308 29003768351510052 52294306909410200 35690736985047351 16837227203023854 30417926569716812 32078609320104806 31048937218271162 62828413624511290 47970337119151422 42763995564359360 43612830212436635 43815116523835803 47601631286152289 79759928053382372 64519451925055729 43632783812955940 60208026139326868 74212626382084311 45256667005910398 69005868894565588 18809136831192003 71880414458558896 115519211494636638 27205518761405316 35191265435149352 79681430912895879 57897011680085690 43619077909619324 85764291703378373 112481032175762802 44877390471063504 90103475905939395 88102722738425981 112392774152043022 141939048854230366 108907944861308185 46575844252695777 279745795057158859 109123522241350836 114997881469394418 109291170562917765 201923800013861748 93357441498001820 193444575310886545 122985899125013562 46000013310974674 377900703459856310 103897529051529468 83025848315558332 465007295349017814 64976586702933308 69601909738881660 288301442584755628 111823217330244231 162506774616954669 439577902390040288 189556004357631806 104924088457657282 322161381141063142 390461758991646600 275339543784295400 310057053769850184 326204141877783468 168601631272450238 592103373412281690 959913984944276542 269638361246603040 144117936527873832 442279470435323694 376017294104585960 229272286871217150 279363328483702152 680245620097154856 827532361866684724 883245963858716874 471314064268398780 502957566506000020 610898403751884101
4 5 6 7 8 9 10 11 12 13 14 15 16 17 18 19 20 21 22 23 24 25 26 27 28 29 30 31 32 33 34 35 36 37 38 39 40 41 42 43 44 45 46 47 48 49 50 51 52 53 54 55 56 57 58 59 60 61 62 63 64 66 67 68 69 73 76 79 82 84
42 56 163 106 353 196 427 227 370 233 325 173 282 155 205 95 150 85 151 66 115 48 84 37 79 35 64 30 52 19 65 26 36 24 34 9 32 15 16 6 13 6 20 10 13 6 9 7 4 3 10 1 8 4 7 2 11 2 7 3 5 2 2 2 1 1 1 1 1 1
48 93 401 320 2011 1264 5577 3514 11268 8685 22375 13963 40690 23372 57083 29493 70733 39470 120164 57131 148542 68413 186976 71229 277466 114408 362363 162168 431882 122303 838444 324933 804153 355380 953910 249232 1417547 513775 1120884 344312 1124166 505381 3074336 933321 1647698 617404 1730590 1327607 1327998 815446 3924569 694100 7098410 1882902 3829441 1102241 9389918 1504922 13789668 2648154 10051601 3543166 5200624 12142878 4025116 6175470 10785566 14179000 12132164 18004327
