29 41 53 65 77
8095 39832 30976 19676 1417
872334 648956 173540 46806 1453
4171763993236655528 24045412618084873175 4515191967318459978 24741246459091844 49213562
29 41 53
555 431 36
2525 909 46
59850130 6760994 10293
3 4 5 6 7 8 9 10 11 12 13 14 15 16 17 18 19 20 21 22 23 24 25 26 27 28 29 30 31 32 33 34 35 36 37 38 39 40 41 42 43 44 45 46 47 48 49 50 51 52 53 54 55 56 57 58 59 60 61 62 63 64 65 66 67 68 69 70 71 72 73 74 75 76 77 78 79 80 81 82 83 84 85 86 87 88 89 90 91 92 93 94 95 96 97 98 99 100 101 102 103 104 105 106 107 108 109 110 111 112 113 114 115 116 117 118 119 120 121 122 123 124 125 126 127 128 129 130 131 132 133 134 135 136 137 138 139 140 141 142 143 144 145 146 147 148 149 150 151 152 153 154 155 156 157 158 159 160 161 162 163 164 165 166 167 168 169 170 171 172 173 174 175 176 177 178 179 180 181 182 183 184 185 186 187 188 189 190 191 192 193 194 195 196 197 198 199 200 201 202 203 204 205 206 207 208 209 210 211 212 213 214 215 216 217 218 219 220 221 222 223 224 225 226 227 228 229 230 231 232 233 234 235 236 237 238 239 240 241 242 243 244 245 246 247 248 249 250 251 252 253 254 255 256 257 258 259 260 261 262 263 264 265 266 267 268 269 270 271 272 273 274 275 276 277 278 279 280 281 282 283 284 285 286 287 288 289 290 291 292 293 294 295 296 297 298 299 300 301 302 303 304 305 306 307 308 309 310 311 312 313 314 315 316 317 318 319 320 321 322 323 324 325 326 327 328 329 330 331 333 334 335 336 337 338 339 340 342 343 345 346 347 348 349 350 351 352 353 355 356 358 359 360 366 367 369 370 372 378 379 390
296 1420 3848 7921 15387 22573 31422 38045 41568 40984 42856 41074 40941 37485 38391 36663 36422 33105 33744 32127 31590 29501 29617 28760 28332 26001 26591 25116 25131 23035 23645 23070 22635 20476 21091 19844 20216 18309 18832 18552 17924 16741 17092 16392 16327 15294 15728 14970 14910 13739 13664 13511 13269 12181 12577 12054 11866 10931 11130 10845 10620 9818 10053 10074 9753 8855 9206 9004 8735 8059 8285 8082 8032 7181 7456 7201 7369 6516 6689 6738 6441 5970 6056 5793 5770 5333 5426 5209 5450 4761 4922 4937 4648 4299 4535 4446 4422 3953 3933 3958 3924 3534 3619 3748 3356 3056 3215 3124 3121 2759 2742 2876 2958 2428 2575 2582 2457 2248 2373 2240 2260 2077 1916 2037 1927 1813 1831 1888 1732 1608 1686 1669 1599 1567 1367 1492 1507 1239 1305 1419 1224 1133 1230 1288 1248 1160 1057 1124 1102 897 916 990 884 887 813 822 775 715 684 719 774 682 658 722 599 582 608 593 607 547 485 590 538 446 450 524 475 432 404 430 406 382 291 363 401 334 319 361 315 326 323 299 301 304 233 280 244 237 230 271 220 253 181 227 188 207 138 183 241 201 160 177 142 162 122 127 171 166 85 137 129 102 115 122 72 128 94 83 90 107 81 105 99 75 95 82 74 91 70 58 113 81 51 70 68 55 47 57 42 57 42 48 35 42 43 31 45 41 40 32 29 43 34 36 28 39 15 28 31 17 23 19 14 32 14 17 23 21 14 14 19 16 19 16 12 15 12 14 7 27 8 21 14 16 13 7 9 42 10 6 5 9 5 10 17 8 4 8 8 3 9 5 8 8 3 7 4 4 4 2 2 4 3 2 5 4 1 1 5 1 5 1 4 1 1 1 7 1 1 2 1 3 1 2 1 3 2 1 27 1 2 1 2 1 1 1 1 1 1 1 1
296 1550 5371 15019 39370 84150 166721 302116 508946 767014 1204067 1723619 2520814 3379520 4866898 6291997 8778235 11116357 14846198 18533616 24712972 29535644 38955387 48299954 60646479 71950934 95074863 107777251 139687983 162068017 199005404 238471343 301606734 326392974 423076087 472921924 582187233 658052569 831558530 938412124 1140504470 1307599519 1544837111 1737810163 2202573164 2325155092 2903529690 3250565993 3824712579 4260133382 5067704220 5538708792 6750068173 7406648402 8759844207 9354522013 11590229339 12234029403 14680253377 16253227124 18512446343 20316945655 24676876262 26498661796 31117411406 33174823497 39097291641 42753496553 51060949162 52665034841 62008837178 69360910592 78623928572 83006768198 101672084298 102281639056 126410133425 131937444987 150494300924 163313465870 189804446257 198446289767 232249098436 246447216821 282270498949 291984720536 351426428936 359967593540 436474099992 460681261997 504395347766 548643772140 635629242734 645738279280 768719705808 836098730397 926986744472 957741190242 1107552000024 1181741969241 1354315178867 1418323465964 1556247422532 1770513378067 1901385998322 1876918982005 2262885732326 2339166832799 2710332389575 2743142340210 3030979763077 3351446714372 4052924191454 3799784897340 4401329595084 4574898346496 5200617211447 5224895575119 6111458207528 6360044581177 6947304681892 7327088149898 7738166116532 8255050016508 9289909219142 9642414246815 10791304229807 11766145041983 12139642773152 12595457827299 14809729463897 15702444599046 16157432008915 18582534328944 18398257469730 20790469524921 23557218357841 22616724052466 25168435844326 29042995086740 29109763900627 29878048616501 34768580163834 38501688558785 44783235593023 44146115734933 45261283286065 50011025392048 55982739892861 51997765083670 59125364754680 64385764374315 66260462526669 72117302321905 73422728498741 78089563337539 82031872235496 85810860409641 91996970379888 104250400064125 121737006443671 120709343203157 126409371421218 141889448643757 138364113891897 150805967438427 170728720960085 176047732366548 203543490235174 196019751951580 202392327172463 254199558608108 246682396649490 243381827894025 270401577487291 316579199751755 312952190534070 314584643555228 326439139491085 407900067714580 381240314050741 396459474493387 337855572265870 446862186087140 545834160815955 490812480916439 496447216425142 598629308749785 589761311364800 687984225316227 758446788226515 728613574533152 808632696475954 838402864035536 744794497352215 982053619837759 887543087569162 999992242666576 1061967318506888 1301685101219992 1169845453026803 1417738743219874 1153040341241266 1461490458846673 1425851634951995 1600146628614614 1222632960507607 1690976998174352 2341051152204777 2407005125580617 1946011107798674 2226410421901817 1857322276384012 2525214313610365 2210634371534878 2301705189090064 3554872524447624 3512618049396716 1780131725386729 3502276916819527 3297723842723764 3163437360720954 3593168235879438 3969728229984792 2859186799527496 5409986997756229 3937878548006225 4010480139885628 4233504716142964 5835036401623414 4978856942272838 6734560713409725 6664038873161890 5557116575066227 8145625642581563 7091206137810015 6770387993741780 9433747499600012 8013663754516913 7056209440982299 16848507958017379 10155499115329432 6808794283750735 11156148296651160 11125111378655388 8885100705576808 9496065015671626 11080098559812451 8696685675042510 12988922506276499 11406908587519306 13443140880656584 10272378824320095 12114166385236191 15568845251549557 10082086671615529 17543769005324344 15630564025283911 19339309621961006 15552089842969970 15077759930570718 24207559700682974 21839227517608436 25747744148270520 21176931811207990 30675787827202776 13969547359329027 25249511349743987 32132801827801863 19360185350142323 30046664691906169 23080082704687055 17491392634513452 46873373210048256 23933066334534281 33034394637377975 41439661382864526 43345562946789340 31033018726248093 36323241466207078 40645915418339667 40356317778561263 61466900222991654 51805029066010845 37175804269174115 44999082127495937 42269022997125841 48840410288236222 26660981154170847 123270794050056967 38625624185127555 106990101355289962 74167569886926024 100618915191910567 79555440067598290 42725257419652178 59817595195062021 302613845806309251 77549067317268120 49952233981224195 45000241361100856 86667193708911913 51107579642308181 109686155706581450 215010192756278843 100832743781320437 54561761120675418 133213704428983179 126627790895719897 67307933337953916 165528778363497138 97395256886931563 171664768298823128 180916232007629804 73950318452491470 183144951952228446 111330868656554335 145567425002673937 155955132672462200 69601909738881660 74548811553496154 151742782857244222 125415721598909383 131268514615487420 238561647992869681 206391776321723798 56156602112874289 56156602112874289 321626873045572750 68834885946073850 394006276513333075 84300815636225119 354827120577873988 96450110192202760 103151466321735325 110307860425292772 810363178581155404 134819180623301520 144117936527873832 329274958331522088 175943559810422753 564025941156878940 200882556287683159 429236599486572598 229272286871217150 734713612366147218 523157814702288250 279363328483702152 8601011292284885268 340122810048577428 775265065838058446 413766180933342362 883245963858716874 651688879997206959 695143713458946040 790738119649411319 843250788562528427 958728697912338045 1406207446561484054 1498478743590581081 2998964447736452194
3 4 5 6 7 8 9 10 11 12 13 14 15 16 17 18 19 20 21 22 23 24 25 26 27 28 29 30 31 32 33 34 35 36 37 38 39 40 41 42 43 44 45 46 47 48 49 50 52 54 55 57 58 59 61 64 65 66 67 69 71 72 74 81
1 31 56 140 111 229 180 298 184 256 167 227 126 200 104 140 81 118 49 106 53 80 41 60 34 45 28 43 24 26 25 19 20 23 14 13 12 13 8 10 8 12 11 7 6 6 6 2 2 3 2 4 2 1 1 1 1 2 2 2 1 1 1 1
1 42 83 350 382 1269 1207 3988 2869 7695 6224 14754 9854 26613 15981 39201 25410 49863 21875 83326 45036 111164 49389 135203 81036 152903 92352 218398 125903 180654 165900 192441 231019 327062 198576 314347 247074 319467 186979 398345 434060 782625 812392 541959 479032 738921 779218 361466 374262 959728 852621 1814579 1223586 386155 1053646 966467 1121505 2600312 4341942 4336078 4647040 6175470 8175936 18578182
