23 24 35 36 47 48 59 60
4656 4779 25451 18310 21019 14996 6300 4483
255141 327059 272187 191965 73508 53429 9303 6513
27957894742736 35687774379486 11667602239052462381 11837175642892901750 739208212988945807 428296818090189349 13406522859732 7760024707755
23 24 35 36
308 277 98 50
1137 1114 143 78
106586811 14006168 596343 93345
3 4 5 6 7 8 9 10 11 12 13 14 15 16 17 18 19 20 21 22 23 24 25 26 27 28 29 30 31 32 33 34 35 36 37 38 39 40 41 42 43 44 45 46 47 48 49 50 51 52 53 54 55 56 57 58 59 60 61 62 63 64 65 66 67 68 69 70 71 72 73 74 75 76 77 78 79 80 81 82 83 84 85 86 87 88 89 90 91 92 93 94 95 96 97 98 99 100 101 102 103 104 105 106 107 108 109 110 111 112 113 114 115 116 117 118 119 120 121 122 123 124 125 126 127 128 129 130 131 132 133 134 135 136 137 138 139 140 141 142 143 144 145 146 147 148 149 150 151 152 153 154 155 156 157 158 159 160 161 162 163 164 165 166 167 168 169 170 171 172 173 174 175 176 177 178 179 180 181 182 183 184 185 186 187 188 189 190 191 192 193 194 195 196 197 198 199 200 201 202 203 204 205 206 207 208 209 210 211 212 213 214 215 216 217 218 219 220 221 222 223 224 225 226 227 228 229 230 231 232 233 234 235 236 237 238 239 240 241 242 243 244 245 246 247 248 249 250 251 252 253 254 255 256 257 258 259 260 261 262 263 264 265 266 267 268 269 270 271 272 273 274 275 276 277 278 279 280 281 282 283 284 285 286 287 288 289 290 291 292 293 294 295 296 297 298 299 300 301 302 303 304 305 306 307 308 309 310 311 312 313 314 315 316 317 318 319 320 321 322 323 324 325 326 327 328 329 330 331 332 333 334 335 337 338 341 343 344 345 346 349 352 353 357 361 362 363 365 368 369 370 373 377 379 381 386
392 1688 4113 8621 14354 19808 25760 30090 32598 32444 34275 31779 31268 30081 29818 27462 27304 25903 25452 24220 23698 22048 22602 20731 20052 19596 19201 17743 17848 16766 16565 15919 15478 14661 14810 13653 13415 12830 12892 12111 12044 11257 11277 10609 10224 9688 10015 9223 8984 8840 8758 7967 8265 7504 7517 7403 7078 6689 6816 6092 6126 5929 5830 5639 5606 5102 5286 5033 4800 4566 4678 4270 4163 4189 4130 3816 3938 3685 3632 3509 3342 3221 3319 2973 3037 2905 2850 2734 2825 2489 2505 2439 2342 2275 2377 2165 2071 2093 2025 1955 1899 1797 1763 1782 1676 1665 1717 1519 1501 1473 1489 1348 1411 1238 1319 1264 1231 1163 1194 1131 994 1097 1019 1047 986 942 910 907 824 855 858 765 710 707 710 652 706 615 616 605 551 535 591 512 492 512 443 492 501 460 453 405 389 404 420 409 411 368 337 326 332 282 302 317 283 285 286 247 254 250 258 293 251 240 227 258 183 196 243 173 186 170 180 196 159 180 179 158 163 198 139 131 132 144 118 134 137 118 93 102 107 95 92 94 91 100 90 93 91 86 88 61 83 65 70 78 69 77 81 66 61 49 50 57 57 48 44 44 37 49 56 41 47 51 38 40 41 23 32 44 33 31 31 28 27 18 20 28 26 20 50 18 17 26 27 27 24 21 21 18 21 24 10 17 14 21 21 16 16 14 7 15 13 11 9 8 11 8 9 4 14 12 6 9 1 4 9 6 8 6 7 6 5 4 4 6 9 2 6 4 2 5 4 3 5 3 7 5 2 2 4 6 4 5 5 3 6 4 2 5 4 1 4 6 2 3 3 3 2 1 4 1 2 2 1 2 2 2 1 1 1 2 1 2 1 1 2 1 1 1 1 1 1 2 1 2
392 1819 5796 16300 38461 78079 143829 262020 431384 646137 1023086 1431321 2026829 2828856 3967324 5003133 6958567 9053939 11672978 14951576 19621393 23154583 31050984 37105585 45357964 57173919 70589126 81076971 104488546 121955460 146908533 177479802 217340377 246308011 304808046 347932483 407377509 472454361 580095612 650406891 799290108 897980505 1033673454 1190818612 1398684744 1506002844 1900013082 2085836619 2409164847 2777049426 3244834455 3348800488 4266245966 4440356477 5208770156 6069833764 6983424482 7366462199 8828282272 9059510482 10693617803 11979997385 13855817225 15168782290 17913608717 18522330048 21330702998 24260963959 26312808536 28272718986 34054001186 34857376333 39912483693 45886234909 51002672003 52827670037 65543657833 68196774161 76798720303 84952894005 93827991310 97273374330 116616669184 116555581095 137099832680 151810003630 164334857426 176275663888 212237967665 219541004395 228976291960 263086083474 284648853621 307833246901 369137445780 363984141482 408157768778 460766018766 485765612429 525915494951 582764842396 633673829459 671082487349 791394980944 825311197541 900073177147 1031202286564 1020769013930 1159460394730 1207792781942 1373487364567 1389777893948 1690072454599 1641283049349 1814994945874 2064275538554 2266080088365 2324931212046 2668693137746 2737807048452 2738532961705 3516419048018 3480905123814 3976513535247 4184701078157 4554860575481 4622592214312 5076410992138 5399234550953 6127571709833 6782918511909 6792195577750 6658807956175 7689675961372 8000619193232 8289608828592 10159745760064 9924844998461 10778439645175 11524591153490 11981189668085 12727082501121 14813519223742 14583722301047 15006842914794 17249719075593 16129320685963 20912855845621 22592648870591 22821270133666 24583094286145 24208650887227 26642435377729 29649045378850 33156307885266 37699619901635 38535733780169 39932279274273 38654453058668 41675537244570 45229863261216 41825576934283 46855883933153 59220045502700 56287629788389 64227459263321 66223646988444 67823564806698 71688837683173 76158916022068 87002529407398 108571233753849 99461640199946 103394842160030 108800846217566 130885116922063 109318801882393 128329631931750 168458775567940 135040853518290 155438333193789 172356118932372 177400305490100 216199266459135 186940041158338 236319737199416 257982421272334 264081692557783 299012596717204 378408204410668 287391346292153 297412383381781 332773381578423 383096348737732 340858920069002 417908635405293 472892790187649 411574028501047 369805433177004 481271552749630 522529666809762 513742895181811 512581712024945 598247164023504 632802644409314 705694054221957 689942051706978 807614260503960 817461123875449 876357131688497 941730870305105 718886612999644 1168265062970428 905162061234199 1023001613815904 1220972147872123 1230945499610254 1441608059369879 1581250992228662 1369619263465311 1465121812659154 1267344831052856 1471880259293914 1661143212954534 1800324847443333 1640489580510416 1720055210535988 2090606898275149 1698849189721406 2481099198148912 3098480548797765 2316376650994295 2834446107793651 3497547559315304 2998202494783429 2904944884878385 3513528524216797 2191234382740252 3297345927668395 4739024338419420 4216411215035475 3860168669659169 4496123425025664 4287289324960657 4181501841066066 3428406462316503 3728227689736736 5543586196488568 5401211322923674 5167219823664188 12501078628429869 5281986054858483 4417425920621683 8612588262373151 9004407652552099 9045787444212618 8663489783931888 9238976729773167 9277077499444325 8400049114702275 10760867254971788 14473900971209204 6428518690466492 11056731695692750 9143220190089605 14707164551825994 17935946421818252 13377797178964689 14473431827229375 14971607448138334 7200656189544835 18032473038906958 17155038914687020 14057860005090837 13624006829948325 12830510177559265 20254165410625801 16997862011972200 16416250993281115 7874779912333318 34047857773168169 32238903866451979 14888248650858214 26177208274464328 2938929793929555 14931008505704639 29865917673367629 24802475380244531 31407377291915376 24435932070229551 35329431220265715 28556658479690108 25809522335486772 26949098593162226 29365277030187755 38026224272507382 61734299263528993 21411265366902246 47080123696793328 33301489320816130 18506165873447204 48299083050657707 41176607249904680 33528415388193047 60512414154739964 39486653685173112 96917749116515433 87784846212411597 32479573071659326 34828360266294590 74685953198401456 136084171949108872 84391714874635618 113458122659302239 121600431258809297 77481721417963142 190578291557253313 147588586651520898 64976586702933308 171692112829229974 149097623106992308 39919565526999991 168163799634864079 271609870753844836 98011287270475750 153929732092895157 168469806338622867 180316049518999632 128650749218229100 68834885946073850 294613151447401356 78801255302666615 168601631272450238 192900220384405520 103151466321735325 252217035667592710 288235873055747664 308087194759152060 164637479165761044 175943559810422753 214618299743286299 523157814702288250 279363328483702152 726235024096220010 471314064268398780 502957566506000020 1073358140621382242 610898403751884101 741433159884081684 790738119649411319 843250788562528427 1022141228367345362 1319510599727473500 2996957487181162162 1701169427975813525 4665642397087784672
3 4 5 6 7 8 9 10 11 12 13 14 15 16 17 18 19 20 21 22 23 24 25 26 27 28 29 30 31 32 33 34 35 36 37 38 39 40 41 42 43 44 45 46 47 48 50 51 52 53 54 57 58 60 62 63 65 66 68 73 97
4 42 28 119 89 182 126 210 108 183 96 170 78 120 50 112 52 68 40 69 26 60 23 49 20 48 18 36 18 33 18 25 14 23 6 12 5 5 5 13 6 7 9 7 2 6 4 4 4 1 4 1 3 2 1 2 1 2 1 1 1
4 46 45 318 286 1024 909 2744 1701 5600 3347 11020 5830 15380 7898 26024 14164 27244 17753 51019 22033 60383 27724 103630 34753 149367 59633 175825 79187 244249 127536 232905 137652 344452 117342 391544 102549 133913 136142 600398 338973 337202 625282 530865 159522 768267 497714 656012 652935 147273 1620003 563178 1713761 1299133 715220 2396907 1300156 4987373 1741630 4087968 92669720
