13 25 37 49
178 1151 860 90
2524 3480 1145 91
55262 1031899 161750 2469
13 25 37 49
178 1151 860 90
2524 3480 1145 91
55262 1031899 161750 2469
3 4 5 6 7 8 9 10 11 12 13 14 15 16 17 18 19 20 21 22 23 24 25 26 27 28 29 30 31 32 33 34 35 36 38 39 40 43 44 47 51
31 146 341 535 788 819 814 933 634 467 363 368 185 129 115 104 77 61 61 38 54 43 29 11 22 12 3 10 15 5 2 5 7 2 2 2 1 3 1 1 1
31 164 512 1129 2421 4009 5651 10119 11069 13510 13210 21449 14882 15100 17123 22271 19512 21458 23921 22008 41244 41934 37298 11227 38918 23600 7832 34292 73936 26912 24002 39427 113204 27368 44906 35954 17977 112014 37338 75175 147273
3 4 5 6 7 8 9 10 11 12 13 14 15 16 17 18 19 20 21 22 23 24 25 26 27 28 29 30 31 32 33 34 35 36 38 39 40 43 44 47 51
31 146 341 535 788 819 814 933 634 467 363 368 185 129 115 104 77 61 61 38 54 43 29 11 22 12 3 10 15 5 2 5 7 2 2 2 1 3 1 1 1
31 164 512 1129 2421 4009 5651 10119 11069 13510 13210 21449 14882 15100 17123 22271 19512 21458 23921 22008 41244 41934 37298 11227 38918 23600 7832 34292 73936 26912 24002 39427 113204 27368 44906 35954 17977 112014 37338 75175 147273
