15 27 39 51 63 75
6932 11063 28737 31244 18374 3642
589436 2546574 566163 183851 51320 4176
288889603 1204462279918608682 12644033932292903874 6293024818975587488 78829600227681653 17550001426
15 27 39 51
1286 1496 459 62
86702 10835 987 79
52591710 353477639 19808639 70950
3 4 5 6 7 8 9 10 11 12 13 14 15 16 17 18 19 20 21 22 23 24 25 26 27 28 29 30 31 32 33 34 35 36 37 38 39 40 41 42 43 44 45 46 47 48 49 50 51 52 53 54 55 56 57 58 59 60 61 62 63 64 65 66 67 68 69 70 71 72 73 74 75 76 77 78 79 80 81 82 83 84 85 86 87 88 89 90 91 92 93 94 95 96 97 98 99 100 101 102 103 104 105 106 107 108 109 110 111 112 113 114 115 116 117 118 119 120 121 122 123 124 125 126 127 128 129 130 131 132 133 134 135 136 137 138 139 140 141 142 143 144 145 146 147 148 149 150 151 152 153 154 155 156 157 158 159 160 161 162 163 164 165 166 167 168 169 170 171 172 173 174 175 176 177 178 179 180 181 182 183 184 185 186 187 188 189 190 191 192 193 194 195 196 197 198 199 200 201 202 203 204 205 206 207 208 209 210 211 212 213 214 215 216 217 218 219 220 221 222 223 224 225 226 227 228 229 230 231 232 233 234 235 236 237 238 239 240 241 242 243 244 245 246 247 248 249 250 251 252 253 254 255 256 257 258 259 260 261 262 263 264 265 266 267 268 269 270 271 272 273 274 275 276 277 278 279 280 281 282 283 284 285 286 287 288 289 290 291 292 293 294 295 296 297 298 299 300 301 303 304 305 306 307 308 309 310 311 312 313 314 315 316 317 319 320 321 322 323 324 325 326 327 328 331 332 333 335 338 340 341 343 344 347 353 356 358 359 362 364 365 367 368 383 392
290 2203 5261 16473 31583 56112 81437 114299 133228 144814 148495 143701 138415 131533 123113 109907 104748 92581 87882 79434 75918 70176 69968 63335 62707 58397 57892 52209 53433 49167 48923 46015 46757 41982 43517 39207 38782 37596 38382 34031 36362 32767 32514 31006 30508 28268 29731 27008 27812 25694 25860 23300 24076 22481 22344 21202 21874 19071 20467 18220 17781 17643 17737 16334 17353 15372 15370 14672 14659 13274 14252 12910 13481 12440 12230 11419 11565 10849 10853 10643 10839 9556 9968 8897 8620 8596 8695 7936 8931 7462 7505 7330 7104 6608 7059 6513 6635 6182 6228 5525 5862 5367 5494 5324 5435 4725 4954 4343 4351 4476 4496 4005 4489 3900 3824 3722 3617 3279 3772 3286 3498 3215 3141 2943 2985 2770 2816 2661 2969 2511 2707 2345 2248 2361 2334 2041 2538 2066 2046 1838 1918 1776 1947 1753 1856 1743 1654 1504 1590 1419 1521 1412 1576 1355 1380 1200 1181 1189 1288 1022 1352 1083 1045 1054 1029 951 1133 919 1048 915 926 837 908 798 852 768 859 765 754 679 680 639 690 591 746 567 597 530 545 474 598 466 527 465 445 402 462 405 441 353 422 382 341 322 324 286 348 274 320 253 266 243 227 231 248 186 206 205 169 165 175 155 177 132 112 139 125 104 108 81 110 104 122 96 58 74 64 89 102 63 80 65 47 71 73 52 79 64 53 43 48 50 43 37 48 42 59 43 41 38 41 41 49 38 48 34 32 38 40 22 31 35 26 19 20 19 24 21 21 15 24 11 13 16 12 18 26 22 16 8 10 13 17 12 9 13 3 5 6 4 5 5 10 4 4 3 5 4 8 5 6 9 5 4 2 7 4 2 2 1 2 1 1 2 1 3 1 3 2 1 1 1 1 1 2 1 1 2 2 1 1 2 4 1 1
290 2492 7265 30498 74661 190080 390235 844782 1410326 2500087 3723452 5814679 8125253 11765410 15289571 20598477 26471130 32359696 40827549 50438513 61570011 75723247 93490612 111046938 139346061 163803550 200618414 237576572 300311423 339842190 422840249 497523654 622266212 693149919 868703908 976665170 1195611706 1365353975 1666740487 1829619770 2338785312 2505012779 3034762433 3486663867 4128162544 4529084247 5569829534 6046168587 7541584943 8093403660 9493787873 10355650711 12739290861 13498298685 16043010823 17616221141 21412704102 21668671113 26942687478 28145046635 33018352431 36597625688 41791771832 45978206646 55846015874 56673100274 67521362339 74310653082 86022192812 87495054661 107935814666 112216015591 137031322034 139322822147 158097026832 173617018172 202321434447 207892988485 244644073516 269104863790 311315790605 313711095051 374759857026 375807212334 431307049247 456404885122 530858639366 554635499940 702374735953 643136908397 787000585768 851607775659 944803007159 953873662321 1152997972832 1184285831912 1420661621078 1432135649199 1677554065734 1683004145522 2059631411299 1974009339226 2363155281378 2496507972104 2843349954967 2752835499033 3372938088384 3175263500593 3831749286411 4051515342397 4623488733901 4601759319083 5722807521705 5267087439832 6495098328647 6643788822778 7538629691179 7016375581624 9323460682039 8355573048426 10767911392267 10108113219847 11817624001445 12006545011925 14532943205077 13369844220924 16566274398938 15699898252097 20673288204326 18872696552964 24519273413282 21112364076283 25335485200610 26096953119841 29746583110294 28842953938330 39863560324653 33168457582828 42383003287738 37090073188405 47712615910439 44366880815354 56240086869298 51890089213195 66270012946795 61248487672670 72077777442953 67783213292036 84216081266822 73685780956146 96108626910521 89168070200494 117640985763305 101629364791659 124647283303615 106026017716122 130838848978518 128701743842955 163861756758755 140097184650386 210041011264837 166070082700115 209966345290006 203019395654893 244917774407525 219253203368598 311434324259176 257004036639077 354827702594224 298061158102230 379063796891460 350728966926727 459885310130705 386655499419886 503585947027406 436980778125824 600106200440721 510145447928060 641181989958610 589088353903990 714462250098657 625521938739108 812340108811392 711508819225870 1073745772083001 763095606283773 1075088305307776 911808652579419 1179562184402977 977674154888750 1510972032670006 1073827129191299 1580023890183164 1279279364262067 1638131284802723 1391029930367293 2031802512995334 1654409422140791 2258181874949751 1739299003261503 2536405208614531 2079570201205545 2603857218027235 2175982717596963 2688978792000754 2337406228141972 3404475123551009 2642407105857133 3606272962384961 2692953384739259 3707224360379149 3075348376908412 3861524111714057 3586463556599513 4814335336080789 3251726222978292 4656305399092503 4576549099231839 4394156204646007 4381624384304975 5114679088139036 4213500520691120 6118474923165872 4298682677361733 4563628919670594 5427745624361362 5518452234766820 4704213462874454 5374816502508163 4630241609714996 6633462854370007 6639545600414312 7905078992790660 7520165618868369 4894878194194776 5647481438995001 5883224770586895 8906087538045440 11138366846635756 6903468730530741 10034836741902582 8979977097982708 7300638944622166 10646301244745193 14429021796471383 10016814432286081 17384926867501699 12892203798201064 13131847760822302 10759498323094510 13321778373185317 13863027523879520 12952298699237161 13326756982015967 19304745400321760 15143611676596238 25545521993245109 20161440110951088 22762777114422802 17658740349443520 25384793343865724 26402452831843315 32667603826051522 23736003780461676 39793650424509890 25860519287714288 28644283306732784 35251313924732753 38234910108400107 26670875062681622 40591755795040067 40006371017594152 38744560307056497 27064115741456662 39303545627651200 26764143463899785 51518787504564067 46236760818368411 57436379863173620 29693549461692121 71204337549462644 32052921418784110 44598500538317287 47973380916627688 40871857244112103 67037821280583393 118461717010471356 83395546773258528 83061099938633455 38792139130774698 51033119866223403 68105478228542918 129978843295442228 88312219377079938 78417724768955468 91997467076060770 20897550432587493 42822530733804492 47080123696793328 43102481377325125 56196387076021511 52560297322598857 131000818171679128 47409520194103138 51755871704402577 39486653685173112 73666183547131592 76811597491258439 164746652552931894 88328208832189544 117412683649508508 185919517962296289 151748582879604683 98600424603321960 56610040681992006 212283273928900748 123466839320995546 67289248220907484 74548811553496154 39919565526999991 85496156071909392 45772358543578028 49005643635237875 104924088457657282 64325374609114550 206504657838221550 73653287861850339 252902446908675357 206302932643470650 117949491546113972 126108517833796355 144117936527873832 154043597379576030 188008647052292980 558726656967404304 340122810048577428 387632532919029223 827532361866684724 1005915133012000040 572612058898037559 610898403751884101 1390287426917892080 2965732639536326736 1930656072350465812 3398704041358160275
3 4 5 6 7 8 9 10 11 12 13 14 15 16 17 18 19 20 21 22 23 24 25 26 27 28 29 30 31 32 33 34 35 36 37 38 39 40 41 42 43 44 45 46 47 48 49 50 51 52 53 54 55 56 57 58 59 60 61 62 63 64 65 66 67 68 69 70 72 73 74 75 76 78 79 82 84
20 246 261 1406 1310 4108 2951 8959 5451 12340 6194 11268 5148 8383 3638 6156 2493 4043 1459 2964 1051 2031 639 1304 496 911 284 732 254 472 153 294 122 190 68 150 71 84 37 53 33 46 21 35 21 27 18 27 11 23 15 14 12 5 9 6 11 10 5 8 5 5 2 6 1 8 2 6 2 3 2 2 2 1 1 2 2
20 298 418 3120 3380 18546 16376 87387 59438 268101 165743 568344 322892 1036342 515445 1543639 726010 2058802 824952 2609629 1037694 3505149 1105045 3537101 1230839 4157120 1045749 5012629 1396494 6038110 1286652 5058466 1540756 4504601 1371740 6167823 1912266 4856462 1509115 3509341 1991248 2873004 1413426 3337328 2425295 3259639 2606332 6072413 2385218 6827023 3794411 4641237 5052126 2809664 5111876 4071039 8851262 9761422 6203903 15979352 5550696 6765269 3865868 14104170 1741630 37311582 6966520 17113418 12350940 11263671 11196658 17570346 13568719 7089500 9289091 48528656 31592952
