2 12 13 14 24 25 26 36 37 38 48
12 245 345 79 600 791 332 186 177 70 1
970 1117 1711 424 1017 1279 518 204 196 75 1
15191 9577 17959 4633 245398 618010 154952 81962 57847 30923 1
2 12 13 14 24 25 26 36 37 38 48
12 245 345 79 600 791 332 186 177 70 1
970 1117 1711 424 1017 1279 518 204 196 75 1
15191 9577 17959 4633 245398 618010 154952 81962 57847 30923 1
3 4 5 6 7 8 9 10 11 12 13 14 15 16 17 18 19 20 21 22 23 24 25 26 27 28 29 30 31 32 33 34 35 36 37 38 40 43 48 51 52
53 190 381 865 879 1246 863 848 555 533 237 196 108 78 61 74 58 44 36 41 27 25 17 19 4 16 9 6 6 9 4 5 1 5 1 4 3 2 1 1 1
53 223 589 1805 2873 5974 6759 9664 10384 14494 10011 10566 8087 7980 9084 14070 14028 14399 15653 20360 17124 22725 21183 27237 5769 32750 23303 18774 27090 44425 28429 32972 6842 50715 12310 59532 93545 124740 89134 147273 173525
3 4 5 6 7 8 9 10 11 12 13 14 15 16 17 18 19 20 21 22 23 24 25 26 27 28 29 30 31 32 33 34 35 36 37 38 40 43 48 51 52
53 190 381 865 879 1246 863 848 555 533 237 196 108 78 61 74 58 44 36 41 27 25 17 19 4 16 9 6 6 9 4 5 1 5 1 4 3 2 1 1 1
53 223 589 1805 2873 5974 6759 9664 10384 14494 10011 10566 8087 7980 9084 14070 14028 14399 15653 20360 17124 22725 21183 27237 5769 32750 23303 18774 27090 44425 28429 32972 6842 50715 12310 59532 93545 124740 89134 147273 173525
