1 2 3 4 5 6 7 8 9 10 11 12 13 14 15 16 17 18 19 20 21 22 23 24 25 26 27 28 29 30 31 32 33 34 35 36 37 38 39 40 41 42 43 44 45 46 47 48 49 50 51
3 19 28 23 38 51 69 75 85 84 111 107 161 341 372 501 435 208 237 326 476 756 1038 1480 3652 13037 12097 12163 7799 3097 3158 3061 2998 2750 2555 2457 3154 6974 5025 4257 2238 458 383 334 277 222 127 105 132 335 127
20 62 90 54 102 121 151 189 220 233 284 213 285 572 683 985 861 428 506 815 1292 2317 3877 6367 15498 50245 41723 37828 23173 9367 8983 8138 7479 6464 5498 4739 6123 15327 11279 9691 5022 932 759 642 464 317 172 114 155 449 127
54 401 1318 338 1403 1492 1626 2377 2846 2089 2889 2072 3542 12792 32631 75263 142733 231847 1765279 3203426 18243367 558142948 35725788916 2121234550948 399999757620642 30726676625527503 53739418606423377 18759800759337703 32881776189958389 43168535283652871 19393447901557704 5910052304914013 1505403795431790 332288765491263 394025949280449 1198692533821816 2823830362547151 16395357188692003 10314470950479141 6186253911717566 3304127415597354 716075521553035 345201599167946 81659752563841 19457174901548 2377275637515 203722627857 6181324060 222209949 50804634 68561
3 4 5 7 9 13 14 15 16 17 18 19 21 25 26 27 28 37 38 39 41
1 1 1 1 1 2 5 8 6 9 3 1 1 4 6 3 5 2 2 1 1
1 1 1 1 1 2 6 11 9 14 4 1 1 5 9 3 5 3 2 1 1
3 1 2 1 2 5 89 341 223 22691 36 2 2 170 63423 16 211 49 11 2 135
3 4 5 6 7 8 9 10 11 12 13 14 15 16 17 18 19 20 21 22 23 24 25 26 27 28 29 30 31 32 33 34 35 36 37 38 39 40 41 42 43 44 45 46 47 48 49 50 51 52 53 54 55 56 57 58 59 60 61 62 63 64 65 66 67 68 69 70 71 72 73 74 75 76 77 78 79 80 81 82 83 84 85 86 87 88 89 90 91 92 93 94 95 96 97 98 99 100 101 102 103 104 105 106 107 108 109 110 111 112 113 114 115 116 117 118 119 120 121 122 123 124 125 126 127 128 129 130 131 132 133 134 135 136 137 138 139 140 141 142 143 144 145 146 147 148 149 150 151 152 153 154 155 156 157 158 159 160 161 162 163 164 165 166 167 168 169 170 171 172 173 174 175 176 177 178 179 180 181 182 183 184 185 186 187 188 189 190 191 192 193 194 195 196 197 198 199 200 201 202 203 204 205 206 207 208 209 210 211 212 213 214 215 216 217 218 219 220 221 222 223 224 225 226 227 228 229 230 231 232 233 234 235 236 237 238 239 240 241 242 243 244 245 246 247 248 249 250 251 252 253 254 255 256 257 258 259 260 261 262 263 264 265 266 267 268 269 270 271 272 273 274 275 276 277 278 279 280 281 282 284 285 286 287 288 289 290 291 293 296 299 306 309 311 315
430 1557 3171 4353 6835 6429 8052 7290 7692 6520 7440 5793 6484 5481 5958 5085 5911 4630 5262 4613 5000 4152 5049 3816 4523 4006 4247 3562 4300 3362 3899 3374 3643 3114 3709 2903 3276 2827 3093 2614 3192 2372 2741 2361 2605 2141 2684 2030 2394 2122 2349 1902 2264 1750 2117 1816 2030 1640 2069 1518 1821 1547 1660 1421 1696 1313 1522 1272 1468 1183 1497 1041 1265 1111 1235 984 1234 959 1176 1003 1020 854 1068 787 1028 852 883 749 916 659 825 702 767 609 790 569 727 645 651 577 675 483 631 527 596 469 582 409 494 429 459 365 497 346 446 381 374 327 411 349 393 316 317 264 366 252 355 278 300 256 313 215 257 252 268 198 223 190 236 207 227 174 216 147 193 168 190 150 199 142 161 150 161 139 168 120 137 112 130 107 117 101 121 93 110 89 99 80 92 90 76 81 99 72 90 79 77 65 69 60 63 57 73 48 52 50 62 59 66 53 59 55 52 44 50 43 46 34 40 42 36 39 29 37 36 33 33 23 24 25 25 18 27 18 24 20 19 14 16 17 14 19 16 18 30 19 15 14 21 17 11 15 11 12 20 10 15 15 17 19 10 7 17 11 13 7 8 4 14 7 4 7 11 6 2 5 3 7 10 6 3 6 5 5 6 3 5 2 4 4 3 5 5 4 2 2 4 1 2 3 1 1 1 1 2 2 1 1 1 2 1 1 1 1 1
430 1655 4562 8930 21070 30119 56305 79781 126546 158843 263096 298372 451282 545581 797936 921723 1440236 1524149 2181659 2554084 3564535 3839185 5878029 5836126 8398410 9513681 12644085 13388534 19926273 19536551 27060756 29967487 39474844 40564879 59311749 58915097 76864196 80919697 105871359 107125318 158261695 147076589 188879470 198187591 261110410 256793453 378646955 349111119 469839777 504738503 660426936 623629840 844163610 787696796 1091902532 1114360849 1465942381 1371508001 1957582986 1760515374 2369144863 2367767176 2915341223 2902579487 3977533963 3670890781 4592227120 4542080895 6038485241 5730037070 8308945064 6742261728 8976041145 9110370151 11813492317 10863459274 15148028551 13769224931 18298145024 18687007960 21453153733 20161308531 28846069577 25075457107 35872970843 34363035805 40311024681 37563782438 52095818724 44422590950 60028977218 58793459644 72980199068 65087127155 91508639875 78682120055 111364444613 111625870175 128630251697 128431052643 160756635019 130216454524 189871145678 184861646932 234489007017 205468352561 287015498862 221679405392 290390001416 289340489121 359188002455 312686263027 468781453493 379951065727 517483337251 493433386423 538467597847 562532244277 719612626375 737734031372 920519870987 776267068618 886262811503 816234112356 1243759383784 968409357782 1518737427523 1341178786566 1586925451237 1518052484043 2016482738828 1610992877340 2036182485892 2325313851018 2719817347007 2125742966210 2538381449732 2520910788723 3401043960981 3416131611339 4054130533269 3498444631229 4595429090819 3431849169195 5174096002995 4923113423506 6264268615055 5492661692314 7764707186325 6173574131155 7318535524344 7716998005334 9479301153135 8780700411655 12183792556116 9698941104172 11437512554530 10184008150860 12832253630265 11935829551725 14326142261261 14078636003347 17685991382883 14150440608222 19811708999021 18012806867312 20372611708883 18794947222841 23267106529608 25337984332744 22415542837088 27350238056970 35054639537582 28451759416219 38582697354978 38591579041377 37827823620830 35841323696915 42781255277930 42155703711045 48131805000026 45996286761693 64796857390187 45641913726661 52808290685078 57578850896325 74952166729453 79893164633343 95052133763013 91802791211432 106049978450681 102180363507097 104398563003639 104333794736776 125247515768018 116736363276557 134054725125253 109292885471726 135737527365259 164188806977051 140342706300081 176674094535355 140948210834028 202341933932202 202658399889085 192813808089356 214469473404775 164298631278350 191864546527466 238713422721891 233374972649529 198890412671947 275344770928665 226972269064859 338834148063869 301474660867086 302863248755993 229480951347693 306071825535561 314326560241494 295539763672893 476530099028484 427048107068634 513439218774486 932566073386081 631384152025329 487490962193396 534458202771729 892318442802238 828020757574812 551755047781050 873154258936063 639113009393484 706333691423038 1383144034430752 740725244306957 1182108918278855 1286055972715064 1628915389049225 1875571639689252 1002687276093294 775810278380351 2127168831624231 1547200214532882 1941032229737774 1049326007569618 1316338849541608 718218391953632 2679655472577532 1415906423049610 906017582914668 1708044364572157 2841912213274249 1701373234169606 604618949222777 1644346775359370 1070353397990244 2676143407233774 4165702620831563 2555598506456136 1414833435658196 3169317249303891 2757490538620163 3018857599423181 3876856618709355 2115970030440914 3838963471939040 1618662359928981 3553892055315894 3829263218150235 3075229349806859 5575151505685541 5917600057410211 5060852301321096 2724801365989665 3041960985702350 6549175877348684 1762278433057269 3793128207183168 6122477557725225 2362219145337711 2540952590045698 2732873183547535 2938929793929555 6320275734297994 6795168023973546 3652430836071053 3925922161489422 4534253126900886 11245985383901210 6965850144195831 11435542077822104 14118662665280005 16239786535829663 21458096037352891
3 4 5 6 7 8 9 10 11 12 13 14 17 19 21 27 28 38 40 46
1 1 6 8 16 9 8 2 7 2 7 1 3 4 2 1 1 1 1 1
1 1 11 14 41 45 60 28 119 52 210 60 320 626 945 1584 2004 10143 17977 53174
