0 1 2 3 4 5 6 7 8 9 10 11 12 13 14 15 16 17 18 19 20 21 22 23 24 25 26 27 28 29 30 31
2 1 8 9 2 11 2 15 8 9 13 5 10 4 16 7 8 9 8 12 12 8 6 9 5 5 7 6 3 3 3 2
7 1 11 22 2 22 3 22 14 11 22 5 13 4 25 7 18 12 8 16 12 8 6 9 5 5 7 6 3 3 3 2
777 1 67 180 4 229 4 72 111 22 147 20 65 7 130 32 536 207 253 2528 274 1607 240 1964 38 174 720 280 99 32 9 2
0 1 2 3 4 5 6 7 8 9 10 11 12 13 14 15 16 17 18 19 20 21 22 23 24 25 26 27 28 29 30 31
2 1 8 9 2 11 2 15 8 9 13 5 10 4 16 7 8 9 8 12 12 8 6 9 5 5 7 6 3 3 3 2
7 1 11 22 2 22 3 22 14 11 22 5 13 4 25 7 18 12 8 16 12 8 6 9 5 5 7 6 3 3 3 2
777 1 67 180 4 229 4 72 111 22 147 20 65 7 130 32 536 207 253 2528 274 1607 240 1964 38 174 720 280 99 32 9 2
2 3 4 5 6 7 8 9 10 11 12 13 14 15 16 17 18 22 23 26 27
13 12 51 38 57 26 37 10 27 5 10 2 9 2 4 1 5 1 1 2 1
13 12 79 76 175 116 274 113 524 136 342 72 658 154 928 135 1045 627 627 3150 1575
2 3 4 5 6 7 8 9 10 11 12 13 14 15 16 17 18 22 23 26 27
13 12 51 38 57 26 37 10 27 5 10 2 9 2 4 1 5 1 1 2 1
13 12 79 76 175 116 274 113 524 136 342 72 658 154 928 135 1045 627 627 3150 1575
