18 30 42 54 66 78
4513 14563 37590 26135 16486 704
1031856 1297907 560531 145132 36695 704
6603110822 3070062876862300152 11409726425765363820 3180988019624695249 11542487096879238 2430650
18 30 42 54
1090 1078 319 34
56959 4723 559 37
583255502 125445340 5882020 3202
3 4 5 6 7 8 9 10 11 12 13 14 15 16 17 18 19 20 21 22 23 24 25 26 27 28 29 30 31 32 33 34 35 36 37 38 39 40 41 42 43 44 45 46 47 48 49 50 51 52 53 54 55 56 57 58 59 60 61 62 63 64 65 66 67 68 69 70 71 72 73 74 75 76 77 78 79 80 81 82 83 84 85 86 87 88 89 90 91 92 93 94 95 96 97 98 99 100 101 102 103 104 105 106 107 108 109 110 111 112 113 114 115 116 117 118 119 120 121 122 123 124 125 126 127 128 129 130 131 132 133 134 135 136 137 138 139 140 141 142 143 144 145 146 147 148 149 150 151 152 153 154 155 156 157 158 159 160 161 162 163 164 165 166 167 168 169 170 171 172 173 174 175 176 177 178 179 180 181 182 183 184 185 186 187 188 189 190 191 192 193 194 195 196 197 198 199 200 201 202 203 204 205 206 207 208 209 210 211 212 213 214 215 216 217 218 219 220 221 222 223 224 225 226 227 228 229 230 231 232 233 234 235 236 237 238 239 240 241 242 243 244 245 246 247 248 249 250 251 252 253 254 255 256 257 258 259 260 261 262 263 264 265 266 267 268 269 270 271 272 273 274 275 276 277 278 279 280 281 282 283 284 285 286 287 288 289 290 291 292 293 294 295 296 297 298 299 300 301 302 303 304 305 306 307 308 309 310 311 312 313 314 315 316 317 318 319 320 321 322 323 324 325 326 327 328 329 330 331 332 334 335 336 337 338 339 340 341 342 344 346 347 349 351 355 356
426 1904 6043 13012 25403 40409 57903 74648 86649 105484 109822 116337 134817 128683 119378 110681 102321 92660 86553 78877 72755 67719 62568 57314 54064 50085 46749 43545 41154 37543 36149 34186 32260 30030 29278 26705 26775 25018 24087 22261 22591 20478 20824 19351 19222 17725 17933 16790 16785 15718 15839 14629 15397 13707 14065 13557 13516 12411 12829 11625 11839 11452 11203 10544 10929 9703 10119 9535 9598 8907 9189 8530 8703 7962 7738 7389 7702 7045 7109 6984 6679 6330 6498 5953 6100 5799 5871 5426 5730 4891 5235 5101 4930 4550 4638 4386 4716 4215 4120 3828 4050 3636 3706 3571 3594 3233 3461 3184 3287 3040 2940 3003 3106 2751 2749 2663 2700 2460 2560 2341 2539 2221 2232 2054 2276 1943 1982 2009 1950 1754 1785 1821 1789 1684 1542 1520 1682 1368 1486 1446 1527 1319 1305 1206 1356 1174 1163 1108 1168 1031 1056 994 1025 910 917 884 943 822 828 779 895 741 747 683 787 713 892 669 740 594 571 559 637 518 545 508 599 462 461 433 505 498 482 420 449 363 397 365 385 317 336 329 330 289 271 289 301 260 232 217 237 234 222 172 182 209 180 198 207 169 180 178 150 175 156 158 165 141 121 139 127 140 136 128 133 117 107 97 111 181 89 97 123 75 93 88 87 94 81 74 80 72 57 69 62 63 63 60 59 53 61 45 46 46 43 39 44 29 37 33 37 47 33 37 43 34 24 25 23 22 32 36 32 31 19 18 21 28 26 30 20 14 23 27 16 20 14 12 54 17 7 16 11 9 7 11 9 13 8 12 7 13 9 12 12 11 5 8 8 10 3 10 11 5 5 4 5 3 2 9 5 5 1 4 4 3 1 6 2 4 3 1 4 1 2 5 2 3 2 3 1 31 1 1 1 2
426 2103 8686 24642 67394 151116 312675 601538 1037861 1850654 2850962 4677857 7788136 10813586 15346636 20939499 27778306 35920869 46750207 58496791 73308519 90466950 110824456 134185952 162451521 190845642 229826050 268662504 317555094 364216667 431632925 497796692 575044225 649189199 763411543 854313763 1012580514 1128557879 1333948334 1433747634 1729213942 1841490697 2237960769 2385377590 2891666483 3017572361 3677114476 3979144700 4685805166 5047397601 6162456016 6474626308 8327608521 8457777609 10486969713 11325614465 13601197424 14179331978 17670933704 18318608154 22104362115 24006162938 28557469857 30302429364 36301793026 37308050561 45518259375 47576671908 56629379648 58753341258 72247480765 75097945035 89360069528 91435374250 107843149885 110728908416 134603942470 139959307645 165111776916 177473812331 199680773263 206447161197 250245630131 257506661534 303176865297 312051377498 380363216679 383628188344 454955099224 455090960205 547718869827 585572121542 651193422074 671193309412 781808184489 815083534985 977013736117 989556786629 1111139571901 1133050636702 1364883168651 1363449109128 1595501529534 1659048023192 1957812708489 1908819704389 2325044533240 2426318147548 2776772877689 2801483086776 3084162676578 3459313231437 4028522655825 4029217981399 4576022376712 4775806426883 5474680884919 5398963453063 6296584904524 6534795424581 7808389714297 7419862841053 8839761970814 8822848919278 10762786816799 10358364655098 11818258488730 12796876881951 14237173462042 13587997911643 15233715889275 17467844284506 19649792098546 18974468377236 20212494955139 21617859718558 26481532657890 25118537891060 28770599767525 31098914755999 36676062331915 34012050327557 37228127315776 39939039580007 47244063710183 43675079021773 50088592563847 52053483390619 59482586345677 60062089019808 66856053779380 68624188721685 78373814756643 78104977881138 85119040497131 94109847899595 104937820621600 97274693892944 114280126212308 114753805118925 142731710649507 134245196822423 142702734479337 145607360129569 190188138099248 177791860874006 266599587179755 212629115773478 241836611481349 219643558698492 238618553663515 252780599097531 316188719945798 277740258942490 323828339787059 311159477002004 403167312491822 340919323223818 390134522548045 403262888092775 486615576172566 526732979949435 541739307565368 540987206045351 603124966281199 540217913891768 648184800415176 657090546747917 732562299534513 606534549938530 767992464731454 810196525004727 888481598088414 852235242002721 854220001232781 1024108160142584 1172803474652151 1128753108801292 952761854146896 1037465482714268 1232023385834751 1266658292824628 1362975157826913 1267763424505440 1236096319450544 1618751145623575 1540694532212687 1825558355254771 1993514245596854 1946527002710000 2089951363575833 2307044712835607 2014050156368764 2665384406637751 2532628025826589 2988902483006203 2828532638559970 3030490885239408 2681257652229673 3252283511440390 3460238004564625 4329185480928917 4187265664154571 4423061918217603 4571016024602414 4667773700182801 4950176321023846 4646657092053448 5380036503995287 10855059502198795 5302371532210305 6244917894134403 8169672487594844 5780372056355583 7139871223223536 7215117308417471 8473462680224758 9142512790100646 8440440047690199 8886713991982356 9764010757204494 9407030499149633 8342320474834236 10541670032494444 10666818148086437 11695936951187592 13124082595115182 11742680692084088 12337336210353168 11572862596861150 17271428968626006 12426135916918648 13537597672473101 14817604241304329 15050203328980912 14258937171267310 18597434177077547 12365193401552647 17813892538969880 17054146184371480 22091781759083476 27443914475122318 24412009909132698 25000881472438207 30744100626616882 27622615699364550 25276135310465562 25236697074945431 24012897238679118 24598226749870564 34527751698143697 46184427483171629 43633583062396545 41906198359699042 34790717405390690 32523372652271310 38064925065320730 59110922296028764 55348565811517999 65512963921896645 55022228531287234 33126172257988443 64020153424090144 82130913850645084 52158919131545551 61984188134252363 51069574307296172 41043255647172060 205393889798902253 79712283739858436 30795178093364829 74236974678270166 56128749714164040 69212688773388535 41028033604233875 74711717810064045 61734299263528993 99576761756000646 60937887240949584 100494715852970375 63506407234548060 148727216443257531 93010545732358199 153871902327323336 143895912465124136 177127051524181944 68680423785955423 132189414355405990 129918292286637304 168269833344884790 56014464898801092 194790513773863126 248853136799579016 150206672261470237 119950331763466144 102131827568793632 133968250875261307 88957384320681931 62814475341309618 331820918068589068 186372028883740385 226291594410740376 42748078035954696 177040873159065448 189556004357631806 248484618769780141 56156602112874289 352734603584414754 128650749218229100 270830032447336100 299761118888217632 84300815636225119 343077881889224980 96450110192202760 199601576513938085 551539302126463860 330923581275878316 378325553501389065 260927698457097875 462130792138728090 175943559810422753 5828268058621082380 214618299743286299 244904537455382406 318555973788329084 680245620097154856
3 4 5 6 7 8 9 10 11 12 13 14 15 16 17 18 19 20 21 22 23 24 25 26 27 28 29 30 31 32 33 34 35 36 37 38 39 40 41 42 43 44 45 46 47 48 49 50 51 52 53 54 55 56 57 58 59 60 61 62 63 64 65 66 67 68 69 70 71 72 74 76 80 83
22 137 281 769 854 2874 2969 5431 2941 5661 3783 5269 2274 4005 2444 3527 1341 2556 1557 2159 683 1631 970 1293 442 950 580 793 222 578 355 499 132 465 192 260 74 209 94 152 64 175 38 52 26 108 13 36 7 85 6 21 6 42 5 24 4 36 3 12 1 11 2 13 4 16 1 10 1 8 10 8 1 1
22 163 432 1915 2599 13233 15115 52319 38123 134476 97952 278616 154852 480169 303280 849042 378555 1195720 681403 1805369 616690 2348781 1237733 3079673 1138117 3453439 1770468 4912777 1245586 5219530 2857118 6954763 1676466 9204558 3535361 9040954 2079523 9929826 4439368 10560965 3975970 15836887 3685540 6954236 3291103 18773595 1818970 7500030 1095158 28405508 1607882 6580546 1915397 30401159 2351712 15696527 1825956 41222632 2721446 16858336 831820 10090122 3596574 25128142 7615763 55583360 2012558 50507270 2323520 36329353 82281576 108896798 9289091 15796476
