8 20 32 44 56
199 5293 40993 44372 9127
3614 134079 381088 140581 11495
254297 4798873899 7112429813655695431 1237590106150985508 2411769316380
8 20 32 44
35 526 266 6
160 2033 398 7
5362 47084505 12095872 18401
3 4 5 6 7 8 9 10 11 12 13 14 15 16 17 18 19 20 21 22 23 24 25 26 27 28 29 30 31 32 33 34 35 36 37 38 39 40 41 42 43 44 45 46 47 48 49 50 51 52 53 54 55 56 57 58 59 60 61 62 63 64 65 66 67 68 69 70 71 72 73 74 75 76 77 78 79 80 81 82 83 84 85 86 87 88 89 90 91 92 93 94 95 96 97 98 99 100 101 102 103 104 105 106 107 108 109 110 111 112 113 114 115 116 117 118 119 120 121 122 123 124 125 126 127 128 129 130 131 132 133 134 135 136 137 138 139 140 141 142 143 144 145 146 147 148 149 150 151 152 153 154 155 156 157 158 159 160 161 162 163 164 165 166 167 168 169 170 171 172 173 174 175 176 177 178 179 180 181 182 183 184 185 186 187 188 189 190 191 192 193 194 195 196 197 198 199 200 201 202 203 204 205 206 207 208 209 210 211 212 213 214 215 216 217 218 219 220 221 222 223 224 225 226 227 228 229 230 231 232 233 234 235 236 237 238 239 240 241 242 243 244 245 246 247 248 249 250 251 252 253 254 255 256 257 258 259 260 261 262 263 264 265 266 267 268 269 270 271 272 273 274 275 276 277 278 279 280 281 282 283 284 285 286 287 288 289 290 291 292 293 294 295 296 297 298 299 300 301 302 303 304 305 306 307 308 309 310 311 312 313 314 315 316 317 318 319 320 321 322 323 324 325 326 327 329 332 334 335 336 337 338 340 342 343 345 348 356 357 361 363 366 369
383 1648 3897 6879 10541 13168 16404 18088 19624 19506 20196 19247 19049 17642 17113 16015 15440 14437 14154 13105 13014 12140 11752 11122 10930 10200 9820 9221 9143 8610 8472 8051 7816 7359 7254 6905 6807 6423 6363 5826 5888 5520 5501 5268 5158 4835 4708 4700 4444 4235 4155 4021 3967 3739 3746 3659 3483 3429 3359 3265 3282 3070 3106 2862 2821 2795 2798 2559 2631 2525 2465 2400 2375 2235 2042 2089 2081 2027 1901 1908 1948 1862 1847 1803 1751 1713 1667 1651 1538 1507 1566 1434 1423 1381 1357 1318 1271 1239 1165 1176 1178 1072 1054 1081 1092 1010 1002 1050 953 913 937 883 912 842 860 783 831 748 740 751 722 703 697 627 677 637 608 640 652 548 608 549 596 518 510 522 482 517 474 459 512 404 475 399 392 403 402 403 405 393 350 374 357 331 359 300 329 288 294 297 306 270 248 265 274 232 247 231 203 220 203 207 221 176 203 191 217 208 182 183 177 175 161 185 194 172 156 141 158 136 153 144 147 134 155 131 137 96 112 129 112 97 108 84 87 84 97 99 111 107 103 96 101 77 73 69 85 71 77 64 69 66 77 64 65 58 62 63 51 47 55 43 44 40 47 54 51 38 42 39 43 40 40 30 42 29 26 24 27 29 30 35 33 19 21 15 33 12 25 31 17 23 21 16 25 18 21 10 23 13 24 13 7 15 12 14 9 14 11 4 15 14 8 7 8 6 9 6 6 11 6 6 9 9 5 7 5 8 4 6 4 4 6 6 5 3 3 7 5 3 2 5 2 4 1 2 4 2 3 2 2 3 4 2 3 3 2 3 2 1 2 1 1 1 1 2 1 1 1 1 1 1 1
383 1793 5632 13663 30202 57227 105509 177122 288769 432608 665755 941696 1359449 1807785 2499765 3199457 4291080 5435429 7090034 8694644 11309812 13644444 17233758 20762781 26284781 30750553 38311517 44616822 54911924 64048470 78774815 92488743 109123942 124849821 151435122 171694441 204777945 235432123 277544865 307421447 370320867 420418563 487233668 554375426 648878358 722796285 844102080 964456571 1115270342 1238173213 1432145648 1561685099 1879100997 2031433332 2438374177 2699457071 3058751700 3435948964 4067643167 4465320084 5101926740 5606998232 6632803898 6909143638 7993257430 9135166774 10572141137 10916949989 12926144416 14568963046 16087367519 18378514627 20136415060 21775052098 23186107796 26735852587 30537136464 32922563308 35810817347 41590974451 47843426612 52699967752 59037962099 63937578820 72268209870 79574596248 89789528610 98919844185 102639204639 118715757366 135304738533 139180799469 157674583765 171809687360 191710185208 207380674654 230312425530 251420837993 262187070661 302248194351 340164591218 340277635150 378172311344 447348803067 484419095055 517765050013 552195794583 665259678412 676297501358 711666741900 838138115828 884747559199 994540823003 1046062537190 1215408574390 1155829448118 1433888565928 1365695380300 1534147974689 1829889727160 1933675480406 1998997154304 2230854369225 2178594513081 2759723759453 2926828556162 3037435416323 3533094577087 3902120978760 3845670935034 4618285488691 4630769635866 5636857710767 5097275465475 5877716144186 6531761782096 6583955707965 7786507357546 7850313680163 8401604007961 10284972794174 9011039252922 11369732403829 10877254893799 11923061404801 12825617363085 14406751945956 16129690211542 17849580407929 19867227090001 19848538178445 21790158751225 23343563717799 24029357236100 28232055643186 25682577907924 32175388647152 29969748922068 33676972211434 35315844758414 41175417773993 40953698432924 43372558803416 49018304125035 56997935825483 50515772754318 58314839380498 61549183272484 59489324313034 70279025840318 67201025987495 74890696092459 88629478697241 78961908705115 105177301062646 105420475484304 130928968591114 135884028932755 126638905596115 140480904329790 148469551431890 163471032364856 152295629335724 200614983868891 223809059392194 212853878608214 220421698046753 216565557456984 284870251408476 266269222794495 312658537251625 315941291327812 362837502723244 342969890054252 452927065838940 395490542176798 467498290887494 342945440626691 445686382540912 567174440318271 498212945293238 491640028261620 595896407346735 515943980736580 608714862318696 610251710382146 722465682100887 784995496951927 974418393369826 1167329020583455 1141375932521773 1011430286162991 1211676015940181 1102127859780270 1061041485038553 1039733113380198 1521437191083117 1343473968142318 1468838421365335 1536557297312855 1622266981834928 1622810807695491 2144176893575216 1893083732362296 2170880772876541 2087453023108470 2453387933409696 2625097854570346 2355752462138044 2432719604067549 2908915019350489 2422856100736340 2673100373227392 2665681710658036 3416185319797255 4074524141280810 4346458178418100 3354968680733305 4205829746250606 4146120158611733 4728012856862871 4779067557826926 5359109810637463 4294410110254654 6482452990859612 4934114413678570 4814661037065071 4955559471970045 5977487327410696 6211389585449211 7061910146142934 9473556095297476 9414801770233999 5664079361677509 8019743165305038 5441404662635751 13338361753627624 4535944158534732 11219486474967111 14334306146964580 8808928663694871 13095263719863179 12072357087713291 10077631053000426 18147736316820485 13115810524793585 17860823661898269 8759783077463482 22369441121713128 13227235609455160 24677197918441364 15189010943080572 9236369387116778 18744002502524405 16449505960295225 20536110406172375 15691223932072276 24421929135361570 23474665932324408 7874779912333318 32007031920593094 34601123011789690 21808473253216152 18746271097829071 25007971872691855 18518411056455098 29186055382090969 21659738192342038 23555532968936532 51917387200655505 26575789564777734 28556658479690108 46384673601219872 49441069360964646 28948505840042845 44959808644570043 40357572813824757 59322805693769919 31570310233339704 64832234970066305 36379745085635831 38368110658254206 73148600947551197 67835041621659359 58011386330517881 38593653809344873 41399543225617714 117046461616548796 81198932679148315 52242540399441885 37342976599200728 97395256886931563 42916192074705782 88916205385680456 23000006655487337 49300212301660980 109441655949124658 60652363979685928 97464880054399962 69601909738881660 74548811553496154 119758696580999973 208083365161864070 91544717087156056 143783645814053778 217237292683405860 137669771892147700 220959863585551017 168601631272450238 90175434980549623 192900220384405520 96450110192202760 117949491546113972 126108517833796355 144117936527873832 329274958331522088 200882556287683159 340122810048577428 363117512048110005 471314064268398780 536679070310691121 651688879997206959 790738119649411319
3 4 5 6 7 8 9 10 11 12 13 14 15 16 17 18 19 20 21 22 23 24 25 26 27 28 29 30 31 32 33 34 35 36 37 38 39 40 41 42 43 44 45 46 47 48 49 50 51 52 54 55 56 59 60 61 62 64 65 67 68 71 72 73 74 77
7 37 42 119 85 208 135 209 130 213 136 176 84 116 69 80 60 92 42 50 28 41 39 49 26 37 33 26 11 22 13 22 9 21 19 11 8 7 6 11 7 2 4 3 3 3 7 5 2 4 3 1 3 4 2 1 1 1 3 2 2 2 1 1 1 1
7 50 72 316 269 1227 948 2766 2220 6682 4724 11717 6534 16200 10635 19930 17729 47272 17770 41642 22490 49634 44943 117774 63077 113379 102728 117942 59394 197256 103821 250783 113286 388107 342143 257466 177578 218843 142674 567660 410319 63353 294280 208425 365040 288786 1009578 690084 252831 615344 1382410 204226 1019972 2002979 3616063 526823 1053646 966467 5760281 3247129 4341942 6175470 3087735 3087735 4087968 10785566
