8 20 32 44 56 68
378 4485 33943 42648 16779 1757
38842 324877 554091 193229 37158 1971
7614140 23530583847 30606426026738205757 6781457017123775072 77500182974253224 107559458
8 20 32 44
120 744 535 30
4647 5119 1133 41
494234 220448082 61221588 13185
3 4 5 6 7 8 9 10 11 12 13 14 15 16 17 18 19 20 21 22 23 24 25 26 27 28 29 30 31 32 33 34 35 36 37 38 39 40 41 42 43 44 45 46 47 48 49 50 51 52 53 54 55 56 57 58 59 60 61 62 63 64 65 66 67 68 69 70 71 72 73 74 75 76 77 78 79 80 81 82 83 84 85 86 87 88 89 90 91 92 93 94 95 96 97 98 99 100 101 102 103 104 105 106 107 108 109 110 111 112 113 114 115 116 117 118 119 120 121 122 123 124 125 126 127 128 129 130 131 132 133 134 135 136 137 138 139 140 141 142 143 144 145 146 147 148 149 150 151 152 153 154 155 156 157 158 159 160 161 162 163 164 165 166 167 168 169 170 171 172 173 174 175 176 177 178 179 180 181 182 183 184 185 186 187 188 189 190 191 192 193 194 195 196 197 198 199 200 201 202 203 204 205 206 207 208 209 210 211 212 213 214 215 216 217 218 219 220 221 222 223 224 225 226 227 228 229 230 231 232 233 234 235 236 237 238 239 240 241 242 243 244 245 246 247 248 249 250 251 252 253 254 255 256 257 258 259 260 261 262 263 264 265 266 267 268 269 270 271 272 273 274 275 276 277 278 279 280 281 282 283 284 285 286 287 288 289 290 291 292 293 294 295 297 298 299 300 301 302 303 304 305 306 309 310 311 312 313 314 315 316 317 318 319 320 321 322 323 325 326 327 328 329 330 332 333 334 335 336 337 341 343 344 345 346 349 352 353 355 356 357 359 360 361 362 363 364 365 369 374 375 376 377 381 383 384 392
244 1180 3742 7260 13983 18866 28458 29786 40768 37743 44707 37887 42248 34035 38156 29969 33221 25666 28377 22138 25332 19368 22596 17437 20227 15913 18516 14458 16586 13063 15732 12268 14524 11261 13295 10422 12416 9566 11317 8821 10734 8243 9859 7673 8992 7048 8516 6508 7890 6089 7579 5752 6953 5279 6475 5090 6179 4739 5771 4505 5376 4256 5108 3929 4876 3608 4492 3555 4305 3290 4141 3051 3853 2807 3652 2830 3544 2607 3214 2565 3226 2415 3017 2280 2792 2194 2774 2084 2587 1906 2534 1898 2337 1787 2223 1742 2126 1594 2021 1509 1971 1456 1855 1466 1673 1312 1712 1285 1534 1194 1436 1223 1479 1084 1385 1124 1269 1090 1206 970 1177 865 1112 909 1040 823 916 822 887 726 924 660 849 718 742 664 774 582 718 580 675 572 663 554 606 511 616 509 535 414 530 440 547 379 508 394 490 409 447 350 438 333 431 321 371 358 400 286 363 253 311 265 297 238 310 258 277 222 281 191 231 212 232 186 230 173 225 174 192 189 178 134 182 151 164 141 168 139 169 120 160 135 143 109 112 97 110 103 94 80 106 93 102 103 100 76 88 60 91 58 84 81 69 58 84 50 70 54 62 51 71 45 67 42 72 43 59 44 57 30 44 37 33 34 48 33 40 25 30 25 35 26 30 27 29 27 27 24 36 34 31 29 27 14 27 12 26 17 18 13 28 10 14 15 17 17 16 16 14 11 6 10 13 8 9 6 4 4 8 4 4 8 5 2 5 3 3 4 4 8 5 2 4 3 2 4 3 5 4 7 3 4 1 2 1 8 2 2 3 1 7 1 2 2 2 3 2 2 2 1 1 1 1 1 2 2 1 2 1 3 1 3 2 1 2 2 2 1 5 1 1 2 1 2 1 2 1
244 1293 5186 13263 36340 72625 159041 249903 512238 710109 1293387 1649069 2749290 3237515 5325297 5790731 9109798 9457037 14367610 14325808 22412477 21184918 33498717 31823371 48630155 47127561 72701043 67488458 102290339 97403769 147973549 138623339 211199826 191391990 290049809 267312948 400814115 366709655 548532402 481777155 742397022 661966714 993617450 873752001 1291733961 1133208969 1678303955 1471883006 2188673827 1962340153 2980716761 2489660391 3718851744 3171085716 4642145590 4118942035 6151408717 5085017609 7756333138 6550537435 9454623902 8471492432 12135466315 10236608173 15468548693 12903556878 18642363416 16299399823 23975079703 20076772463 30032645535 24198628569 35500235560 29593680094 43961145792 37404585696 55466132649 46275108922 67037969558 58772941373 85786992263 72560368402 103686289822 87175130246 127691913819 111257987644 162154161194 133830019021 191043021874 158314324546 237981471714 192881828182 283774629987 236757398438 336600509932 298281038800 409808939875 340861033915 510731691342 404732022334 616635000150 484501206771 734695504711 626619625074 818659247274 708908753561 1045154830508 853506851853 1167084740181 995888072559 1387364933176 1277370070621 1723141197647 1410167652502 2051931312709 1760783722770 2357272025104 2170444315619 2765516502825 2408483241900 3332847728308 2688672563591 3993585091965 3351079334023 4371468095045 3815240946443 4920165911694 4677996673166 6002354588349 5162464735492 7364545095288 5660788146088 8462022222708 7852241098954 8773961489485 8830939284439 10827801260478 9218157950566 13087404359555 10735535419836 14647978640115 13039733270665 17543021061581 16867366613907 19273954392007 17285847630243 24202753741043 20199803514151 24530139600855 20594218700477 30040913224515 27863589804719 38861278970062 27056650309974 41584854589381 36159813330993 51866312480577 44588857597855 54900694233546 45805643817164 64109632906383 53364692908584 75570655895292 58588345560290 79891865497817 79999280796306 102159986919838 79359868062722 112799891403599 81901991392471 117892667882162 100274686178810 126646289638780 113058397782301 160985289707179 143614749600440 174597312994195 146693774790355 212066195670570 143729498145660 213672057923970 193923090516496 249529924987055 218167250785330 289967429787920 219815655715803 329516707734585 282928799795210 345688169045061 360316869064009 379117816549482 302324856346191 450262863886582 379706776380049 485589999319331 446845523287591 564852248700135 529853350595809 761543951399669 476964202730587 822947985061692 709285872315904 770631183279013 597647951373130 769898547399538 715634259976456 909343710678568 919163021535819 870287626495902 837862806660794 1183935410097008 1174863416090732 1418698514930362 1471945933413196 1557732288378264 1435131385737362 1536615694447683 1100425863980256 1863335908373103 1248190873694080 2085969819539003 2211804773004835 2047258215395045 2013667583503251 2979366163446699 1832122290294698 2781522170490759 2343550870687328 2948407618855478 2730823116076367 4181784690515136 2735516301821963 4414394669771765 3134784542288135 5178792205849417 3465090488006425 5220935582150946 4527338012455430 5629852224109064 3534956235447533 5283972281352684 4675623917933546 5414192137238089 5476753750202834 8421038014273249 7079164040975046 8195476024273524 5021503268021764 7702696413342780 5059320330625438 8512700360269377 7613494276081480 9472056160000361 9040476368401618 10152504334461094 10039516964306589 11705307143152441 10372994944303652 17869868090088033 17861401063004243 16514503885648302 16621291098532711 15864493149864231 10186355736475669 21096940223047420 9300158681980211 22171863327941673 15372939587487568 19161497436037074 13791476176987633 31619115163384503 10750775835354634 19267623558345730 21795716235783470 25165481311149320 25214815975724115 28107859925470210 31643207221223049 29898857345952994 24983761158454278 12864796951880214 28114757798193647 31984584224451736 21287223687874769 26038254924601955 17869938299634194 13590336047947092 14354876520199932 32927811028641744 16877554114348380 17822147909289753 40539254206308997 25447189322205184 11662756574046120 31539550145428294 20897550432587493 20897550432587493 31019626926907248 33891737211338115 73392076832530239 48976972506337606 21314662465097678 44963957466015151 41399543225617714 43380278069417204 62765478549373714 51068146802124253 90842825165095682 94703379960978401 148766002986694291 65916198730193119 98600424603321960 26415807633566326 56610040681992006 30326181989842964 257744235450109542 69601909738881660 74548811553496154 128244234107864088 45772358543578028 343039505446665125 52462044228828641 112313204225748578 120210699679333088 137669771892147700 220959863585551017 157602510605333230 168601631272450238 180350869961099246 96450110192202760 126108517833796355 144117936527873832 154043597379576030 164637479165761044 351887119620845506 429236599486572598 261578907351144125 558726656967404304 318555973788329084 1020368430145732284 363117512048110005 1241298542800027086 883245963858716874 471314064268398780 1005915133012000040 1073358140621382242 1145224117796075118 610898403751884101 3953690598247056595 1089657644424399782 1161537834849962850 2476115588238250170 1319510599727473500 3402338855951627050 1930656072350465812 4113026950673267610 3398704041358160275
3 4 5 6 7 8 9 10 11 12 13 14 15 16 17 18 19 20 21 22 23 24 25 26 27 28 29 30 31 32 33 34 35 36 37 38 39 40 41 42 43 44 45 46 47 48 49 50 51 52 53 54 55 56 57 58 59 61 62 63 64 65 66 68 69 70 71 74 77 81 82 86 89
3 71 90 292 243 825 499 1010 623 1207 766 1029 526 802 397 523 218 313 148 186 90 101 64 104 55 76 49 83 42 45 31 59 26 32 18 41 14 33 10 14 7 9 9 21 9 8 9 11 5 7 4 9 7 9 6 8 3 4 5 2 5 2 1 1 3 4 2 3 1 1 3 3 1
3 85 135 677 704 4050 3150 12721 8152 32004 24307 71477 35402 114836 63458 164596 62777 178297 89238 144470 75228 146069 86769 205871 109529 193963 183153 411369 205364 379437 264455 812091 316240 634170 280104 1114726 245918 1074399 353518 599266 305008 729588 769410 1800324 854485 830616 949197 1307458 777298 1709316 680479 3767064 1542662 3209871 3075652 6871165 1364254 2307473 5104466 1547040 8045359 2600312 1932934 1741630 5570649 13937080 5003209 17570346 7089500 12132164 36396492 87689448 34262962
