34 46 58 70
19541 45782 23837 10839
892882 393032 95194 16665
4866057839530450694 8851548980422393132 937281626679081550 65824342675099
34 46
688 198
2051 291
65833734 300206
3 4 5 6 7 8 9 10 11 12 13 14 15 16 17 18 19 20 21 22 23 24 25 26 27 28 29 30 31 32 33 34 35 36 37 38 39 40 41 42 43 44 45 46 47 48 49 50 51 52 53 54 55 56 57 58 59 60 61 62 63 64 65 66 67 68 69 70 71 72 73 74 75 76 77 78 79 80 81 82 83 84 85 86 87 88 89 90 91 92 93 94 95 96 97 98 99 100 101 102 103 104 105 106 107 108 109 110 111 112 113 114 115 116 117 118 119 120 121 122 123 124 125 126 127 128 129 130 131 132 133 134 135 136 137 138 139 140 141 142 143 144 145 146 147 148 149 150 151 152 153 154 155 156 157 158 159 160 161 162 163 164 165 166 167 168 169 170 171 172 173 174 175 176 177 178 179 180 181 182 183 184 185 186 187 188 189 190 191 192 193 194 195 196 197 198 199 200 201 202 203 204 205 206 207 208 209 210 211 212 213 214 215 216 217 218 219 220 221 222 223 224 225 226 227 228 229 230 231 232 233 234 235 236 237 238 239 240 241 242 243 244 245 246 247 248 249 250 251 252 253 254 255 256 257 258 259 260 261 262 263 264 265 266 267 268 269 270 271 272 273 274 275 276 277 278 279 280 281 282 283 284 285 286 287 288 289 290 291 292 293 294 295 296 297 298 299 300 301 302 303 304 305 306 307 308 309 310 311 312 313 314 315 316 317 318 319 320 321 322 323 324 325 326 327 329 330 331 332 333 334 335 336 337 338 339 340 341 342 348 349 354 355 357 360 366 367 372 378
241 1328 3904 7893 14146 19870 25372 29715 32175 32576 32987 31568 31453 29952 29262 28338 28353 26696 26878 24952 24836 23497 23484 23033 22641 21366 21021 19989 20066 18949 18765 18052 17876 16883 16763 16037 16128 15254 15135 14639 14728 13597 13914 13207 12905 12582 12438 11578 11829 11069 10998 10533 10758 9836 9881 9329 9325 8918 8976 8540 8639 8047 7885 7710 7785 7289 7508 6789 6890 6483 6506 6236 6389 6076 6058 5591 5805 5494 5335 5083 5030 4865 4927 4515 4581 4328 4357 4218 4163 3889 4110 3797 3743 3588 3675 3294 3473 3191 3248 2983 3187 2918 2834 2688 2684 2621 2583 2417 2527 2380 2245 2130 2278 2075 2174 2030 2022 1963 1917 1817 1793 1804 1729 1664 1763 1567 1542 1433 1597 1436 1401 1322 1355 1324 1217 1186 1312 1200 1187 1103 1117 1042 1080 1030 1129 954 984 881 924 831 777 682 738 738 789 664 689 621 647 558 623 593 586 569 592 534 560 451 553 542 507 445 528 486 448 397 405 433 450 401 389 400 373 335 376 339 329 340 322 322 288 266 314 312 249 255 280 262 234 218 221 308 236 192 217 200 185 156 205 177 164 167 160 165 146 124 145 162 125 163 138 104 117 102 96 113 105 86 131 88 82 89 96 89 86 74 80 85 102 55 73 65 74 66 84 56 50 40 44 58 45 48 56 48 43 32 49 43 39 31 32 37 39 27 31 36 35 37 99 22 28 21 21 26 23 30 24 15 18 17 13 17 26 13 8 16 13 9 15 12 13 11 11 8 5 5 7 5 4 8 7 5 6 4 6 5 5 4 6 9 2 2 6 2 4 3 6 3 4 5 5 7 2 5 5 3 4 5 1 4 1 3 1 1 1 2 2 2 1 1 1 1 3 3 1 1 1 1 1
241 1454 5484 14803 36557 76065 141341 253580 418089 642270 985296 1399354 2036262 2773220 3880157 5106728 7059878 9057996 12242483 15013046 19885566 24231397 31549544 40069103 50352322 59898572 76378022 89709304 113971558 134603102 166773637 196311692 244909507 277135904 340795056 395212543 488969877 555195993 677909262 778311588 957736892 1056867505 1311480415 1460178016 1769943344 2002926915 2360591111 2600603347 3188123125 3410469412 4212540514 4622592403 5512456696 5975706833 7045395109 7596658353 9120328658 9905400971 11748248293 13099726850 15427672183 16458370063 19334710113 21414079441 24922716207 27054294613 32314297781 33466355163 40356000581 42356478178 48211287324 54209113224 63525242511 66066464834 79726388310 82543616449 98857608967 108652052034 118035097847 125290680558 145641976699 156357779460 182790951182 188072069714 219971008330 233981596290 273369655387 289112683706 326390651832 347051566029 421658451585 419083162210 493288563192 521202796773 611617212633 619934560360 727802450252 718785591100 901799920075 876807737398 1073428543972 1114516836763 1217873594851 1252477262799 1442713216207 1492764143639 1728398932016 1781668353252 2091422972868 2153648164049 2342539201248 2455361990957 2956230282379 2912418024331 3557727851065 3510574953390 4144557313350 4207741463335 4711318759368 5103068743942 5384557762778 5752451123674 6793848238038 6744182689152 8119482113348 7963973535376 9016730078279 9067533207538 10899646625223 10431120011635 12346937451249 12197502237655 14159220202202 14713917593609 16479420682130 16691271927071 20656778363659 20236972515782 23035640955943 22770880354373 26890437827324 26007503384833 31120178067367 31572311937489 37648887298976 33531747894569 40030642768530 39708082806259 45674631362333 47076055375190 47763182751573 45235876209628 54519858514154 54986476293514 73834808710534 63238160778901 70480770263664 70017828735692 86680980716485 76556431996462 99478897041900 94772681583652 115052412524967 112323397065728 136283993232365 124586032708072 151759421988506 121601126981068 172338329060217 180251646477262 203336884694972 179854844520378 251053634186526 232769927646417 240775441191849 228915122653748 272574343803811 301131566126011 362421574722200 363369983207475 354665121189903 392545759235325 424624400403989 405062755710189 486651695401689 464857477441929 524966454319279 589538529138443 588783474734917 634765384857437 655595624222617 639042157263623 824955961646301 854257965284181 785782088905813 888744053416124 1055796332903744 1034581050684900 965943484392879 1073426810508684 1098406733615053 1552871144215385 1403329124742822 1251495856517027 1579653547109249 1542286390660912 1606929096959909 1422735281321176 1969907652025146 1847020449175338 1877215271518092 2135607020046244 2159074026463461 2501198181735098 2434595763503781 2295279074471221 2808960359893060 3189429135305811 2796847971517666 3874693667208028 3671353456058370 3113067066253605 3831048342882693 3269822867564001 3507737932613089 4431194485859850 4669369626121655 3934456409423998 6565635804049137 4706392537374690 5324079406377359 5504620765624348 6192446680032989 6347172520094137 7571470210348477 6874512913320696 8514526121139252 8550514518196330 11758997134827374 6538706666545076 9360125681275296 8709136755045537 11206040972191222 10170908874814546 15889689563611401 10520612107110826 10869592191197289 7605838501144432 9813300292704718 12987722779873478 11074181331860002 14063922212787780 17933421308274597 15143583208500849 16787713994558274 12309684602358585 21530314889583190 17165542337957172 18130635078149208 16677230033038172 19589793492331335 24291457933014274 27091554191457335 17863759477038641 23101628788568438 30065056782932102 31201565911505095 32541953412385206 95565126099223416 26515948888388935 30805987418607772 25076725094457812 29211741883668955 38136245551159851 37428861633793826 50400694504380965 48609305092964255 31600086596351664 40222559016856412 37548377217127087 36334176229772727 43074347340304872 67097306348259803 40324148848902894 27769117089999756 55694215325629213 51814388885046168 31360197259380301 59607436684146680 58675266221960873 56741238461514981 50260409987995758 64521686108823416 43040833424620175 34154727341848540 37132403782540236 53330921067982933 41385002682454263 31570310233339704 74633227026575300 62873820573289483 48976972506337606 62491269715002358 44963957466015151 94819040388206276 75401307867033268 80886196910790826 71617603399977214 95245051621033040 201923800013861748 52242540399441885 57360403361777673 125867237674565454 46000013310974674 96950325107978807 75716019935227306 169830122045976018 86936222671834970 127791062044242926 169379451311255798 181425127069125891 340759971491236521 82667643562954687 222813231702643476 287567291628107556 168469806338622867 236472651631873921 321626873045572750 128650749218229100 289794749531624867 73653287861850339 241903326241558349 90175434980549623 96450110192202760 103151466321735325 316610793068763422 235898983092227944 244058009379910327 134819180623301520 200882556287683159 214618299743286299 298330063062758076 955667921364987252 1089352536144330015 441622981929358437 651688879997206959 695143713458946040 958728697912338045 1406207446561484054
3 4 5 6 7 8 9 10 11 12 13 14 15 16 17 18 19 20 21 22 23 24 25 26 27 28 29 30 31 32 33 34 35 36 37 38 39 40 41 42 43 44 45 46 47 48 49 50 51 52 53 54 55 56 57 58 59 60 61 62 64 65 66 67 70 71 72 76
4 27 32 92 95 157 100 207 98 160 90 137 71 98 54 88 67 70 36 70 41 34 42 34 29 41 30 41 16 26 12 27 12 16 8 19 5 34 19 10 6 6 7 10 3 3 6 4 4 3 5 2 1 2 6 4 3 2 1 3 2 2 1 1 1 1 1 3
4 33 46 237 214 886 726 2742 1649 4841 3186 8908 5330 11136 7637 21098 19292 27313 13860 47633 32192 37554 49456 45242 54223 116821 91447 189347 68746 143179 95474 251153 133634 211158 130867 347543 84778 866485 621462 408883 284153 317966 437934 888552 313194 403394 741881 567652 527790 882856 1256940 1178184 408452 1915397 2534301 2703085 2204482 1140977 902552 3537732 2243010 3865868 1505499 2600312 2323520 4647040 3087735 18557067
