8 20 32 44 56
739 4241 32017 47006 15993
28928 169337 546392 215100 34332
2378223 2372566208 11936079925711126020 4101185777315279006 4213948243943293
8 20 32 44
159 551 298 11
2101 3005 594 13
93793 9855952 1039984 1661
3 4 5 6 7 8 9 10 11 12 13 14 15 16 17 18 19 20 21 22 23 24 25 26 27 28 29 30 31 32 33 34 35 36 37 38 39 40 41 42 43 44 45 46 47 48 49 50 51 52 53 54 55 56 57 58 59 60 61 62 63 64 65 66 67 68 69 70 71 72 73 74 75 76 77 78 79 80 81 82 83 84 85 86 87 88 89 90 91 92 93 94 95 96 97 98 99 100 101 102 103 104 105 106 107 108 109 110 111 112 113 114 115 116 117 118 119 120 121 122 123 124 125 126 127 128 129 130 131 132 133 134 135 136 137 138 139 140 141 142 143 144 145 146 147 148 149 150 151 152 153 154 155 156 157 158 159 160 161 162 163 164 165 166 167 168 169 170 171 172 173 174 175 176 177 178 179 180 181 182 183 184 185 186 187 188 189 190 191 192 193 194 195 196 197 198 199 200 201 202 203 204 205 206 207 208 209 210 211 212 213 214 215 216 217 218 219 220 221 222 223 224 225 226 227 228 229 230 231 232 233 234 235 236 237 238 239 240 241 242 243 244 245 246 247 248 249 250 251 252 253 254 255 256 257 258 259 260 261 262 263 264 265 266 267 268 269 270 271 272 273 274 275 276 277 278 279 280 281 282 283 284 285 286 287 288 289 290 291 292 293 294 295 296 297 298 299 300 301 302 303 304 305 306 307 308 309 310 311 312 313 314 315 316 317 318 319 320 321 322 323 324 325 326 327 328 329 330 331 332 333 334 335 336 337 338 339 340 342 344 347 348 349 350 353 354 356 358 359 364 366 374 382
364 1879 4570 8867 14401 19547 24230 28122 30304 31384 32593 30528 29163 27125 25155 23295 22896 20779 20046 19208 18226 17232 16937 15893 15268 15102 14194 13477 13174 12266 12079 11888 11064 10565 10812 9749 9657 9566 9080 8670 8791 7914 7969 7747 7507 7218 7220 6630 6568 6539 6136 6099 6178 5734 5541 5609 5181 5119 5336 4833 4687 4788 4464 4400 4571 4095 4056 4108 3814 3753 3852 3600 3497 3615 3402 3278 3342 3053 2971 3085 2955 2900 2925 2683 2586 2727 2494 2545 2527 2286 2322 2317 2167 2152 2205 1953 1974 1988 1887 1841 1917 1756 1675 1737 1607 1662 1650 1429 1446 1410 1360 1347 1424 1246 1273 1238 1185 1183 1198 1100 1056 1107 1025 948 1072 976 888 981 886 905 940 765 802 813 743 787 778 639 694 645 663 642 637 568 564 627 577 521 565 480 448 495 439 442 490 379 433 431 405 396 446 406 365 349 371 384 346 322 308 331 323 300 318 267 257 310 232 232 294 220 222 226 199 203 207 203 187 226 168 149 163 162 121 157 152 151 142 119 113 145 140 109 121 107 122 119 110 89 79 94 91 105 80 94 92 88 81 95 89 67 101 80 70 100 85 61 88 49 61 65 51 54 54 60 64 52 57 39 39 51 47 50 42 25 33 24 42 40 24 17 43 31 35 41 24 29 36 21 32 18 24 17 16 20 28 20 27 27 19 10 27 22 18 29 35 12 16 11 10 9 15 12 13 9 15 8 8 11 14 10 21 12 8 10 9 12 7 12 6 10 6 4 10 10 12 9 4 4 1 7 5 2 4 2 8 4 5 5 4 3 4 4 1 4 2 1 2 3 3 3 1 10 1 1 2 4 3 1 3 2 2 1 4 1 3 1 1 1 1 1 1 1 1
364 2076 6399 17028 39558 80865 143913 260021 421397 654588 1016937 1446884 2011061 2698564 3600002 4582395 6286118 7719090 9769461 12503393 15696326 18920831 24197448 29803606 35598039 44845654 53525184 63189118 78355327 90980740 107654841 132805435 151632460 173756010 219118953 244666683 286115128 341550025 396225865 445287178 548439705 614336578 700856362 839665664 966834329 1067625997 1290944137 1438997967 1615495645 1917958251 2132140142 2435866705 2928951338 3271059203 3509925580 4188524375 4501790951 5178775191 6401316211 7001469789 7415433553 8955726005 9728819775 10662956729 12778233641 13702804877 15367416383 18090665399 19361724502 21476774080 25862250973 27923128649 29695074494 36327135423 39248797909 42393742193 49743565843 54426545854 55974863601 69259899200 77075377670 81422014763 95693846121 103897355202 105053363890 130909156299 137197576277 152645999416 177327615727 183416844786 202039823492 233869671950 245835468979 265614571230 323096246092 326687876743 349101806477 410835280310 447776970505 455360099498 554498422360 576093402827 602469062162 726959505450 765135124671 826631127721 955901917860 929811790349 1013066182746 1137988864754 1242371037516 1343902069510 1640703420201 1558924311508 1718451421147 1993498468012 2120996770380 2229021652493 2583429479600 2698787956334 2737205379394 3210788616712 3426574481841 3454687289475 4291633260779 4349138491540 4273136504534 5352165348410 5573865685686 5956780320934 7145849150317 6727311200171 7162081858872 8491532269158 8806584318224 9677422902566 10552666798103 10093493060224 11359487140859 11933330247878 14049126894061 14112652905413 17112268236548 16191999259087 16940527958539 21221615700053 22361297671884 21245523489914 25157414498968 23804672031878 24628808686478 30361743613507 29344156303928 31451811574654 38946996048637 33248596234081 40931739205582 45694075892362 49008357750294 48853809862932 61820394915606 60706155247901 59535033289128 64385853382311 77034263958035 82081099249528 86219732676008 87337233027284 89102417151559 106377203786759 116818567814532 104723411407581 132088918488066 118490771390499 128033654508073 165045198054555 142552142708169 155406792204410 211625847419750 178829421529160 177154523255728 213258325943755 205234153707688 218098047146358 250675087273472 278103219117881 261249629260202 372388013679962 302600647754104 273558191088926 327606249224362 383356973333238 282846424389427 407357518580574 456544127388587 459607616026626 498813993253814 469017872741323 460409202198748 644656739818033 666735785447136 552368058207397 707473358674393 681356652662991 755764460816101 847102084341374 848896139572146 762859444408710 684838517773104 989234660351235 912418066505413 1207685347914909 1082899374219172 1372962398288675 1371971981351255 1534470839781926 1334789157433192 1711800570425313 1856069982524628 1531642359692003 2262854482025338 2139041075108778 2051574956511058 2977922603163870 2862978955658468 2314124092600090 3421357545746269 2103508645314562 2863297284234232 3243624297307508 2871009074498628 3152876294918480 3400529697257910 4226970886758656 4586426223933282 4065012062540191 5251500842412165 3680679353243271 3901826873538519 5935783936488451 5076593271831460 6748514396571155 6363775923595781 3492025069672142 5730301289366804 4231554817499459 7890130867130700 7812313831061460 5346502653073786 4128540478216355 9629291878205743 9156689099945536 9833619672235037 12595235639965074 9278652683985738 10645601392342344 15096088828515663 8873227162902385 15539178702299735 9452172738796390 14126968709388761 9895304173918301 11124034872200684 15190184162495596 18477673367710046 15067437815184599 25437050647597761 21761100207834273 19001819645956074 11641436419571026 28528019238502963 30813958628158331 22283849019883295 41430702012563610 55651786336379323 20644341333850100 28199925755531393 23547037889320884 18025641342175635 21170680794372758 32007031920593094 27181599908466167 33607268368851915 26177208274464328 47545671239738927 24396270644314208 29391025383692077 39412198724528743 53067115484257414 41020019817480258 92070669681780696 61647570086281102 40063303491621436 59909811500471990 52274018988135085 87238155819238648 48281774992254074 87186206270553243 53458322162439000 83253723302040325 54253324297824458 56874276531701410 102215159284616362 113577209932947775 165099644737953622 126264179695607606 54561761120675418 59547520881851587 16239786535829663 133441473078590200 90842825165095682 38688915062177309 82951045599859672 44458102692840228 187300252234585002 103897529051529468 190578291557253313 149609748300367859 127791062044242926 132265834923840792 146624172199685061 159678262107999964 39919565526999991 177040873159065448 98011287270475750 52462044228828641 108618646341702930 180316049518999632 244641424128114182 206504657838221550 68834885946073850 788012553026666150 84300815636225119 90175434980549623 192900220384405520 405904509157408735 330923581275878316 117949491546113972 404457541869904560 308087194759152060 376017294104585960 200882556287683159 858473198973145196 229272286871217150 838089985451106456 298330063062758076 340122810048577428 387632532919029223 413766180933342362 572612058898037559 651688879997206959 1089657644424399782 1812356499739472950
3 4 5 6 7 8 9 10 11 12 13 14 15 16 17 18 19 20 21 22 23 24 25 26 27 28 29 30 31 32 33 34 35 36 37 38 39 40 41 42 43 44 45 46 47 48 49 50 51 52 54 56 57
3 53 104 217 210 461 426 666 368 524 338 495 243 302 135 187 98 128 93 91 50 54 40 72 43 48 25 44 13 22 14 22 10 11 15 20 6 11 3 8 6 9 2 5 3 1 1 5 2 2 2 1 1
3 70 175 505 652 2444 2946 7945 5665 14518 12360 31483 20009 39939 22492 47476 26626 61818 45908 69290 39410 57122 49897 143878 85682 154154 92557 188288 56737 164873 128037 237405 121260 162311 201309 532770 103825 361483 134686 407426 247816 869989 170232 433764 485394 159522 212696 1914278 994624 396781 377751 563178 329931
