19 31 43 55 67 79
2289 14077 42521 25512 15403 190
1141001 959702 568099 129678 31420 190
30609435945 10864473953055971198 18385368070247320053 3382724260728806509 3968452369076954 9285
19 31 43 55
763 920 291 22
28648 3886 563 26
395912612 124570976 2146443 1027
3 4 5 6 7 8 9 10 11 12 13 14 15 16 17 18 19 20 21 22 23 24 25 26 27 28 29 30 31 32 33 34 35 36 37 38 39 40 41 42 43 44 45 46 47 48 49 50 51 52 53 54 55 56 57 58 59 60 61 62 63 64 65 66 67 68 69 70 71 72 73 74 75 76 77 78 79 80 81 82 83 84 85 86 87 88 89 90 91 92 93 94 95 96 97 98 99 100 101 102 103 104 105 106 107 108 109 110 111 112 113 114 115 116 117 118 119 120 121 122 123 124 125 126 127 128 129 130 131 132 133 134 135 136 137 138 139 140 141 142 143 144 145 146 147 148 149 150 151 152 153 154 155 156 157 158 159 160 161 162 163 164 165 166 167 168 169 170 171 172 173 174 175 176 177 178 179 180 181 182 183 184 185 186 187 188 189 190 191 192 193 194 195 196 197 198 199 200 201 202 203 204 205 206 207 208 209 210 211 212 213 214 215 216 217 218 219 220 221 222 223 224 225 226 227 228 229 230 231 232 233 234 235 236 237 238 239 240 241 242 243 244 245 246 247 248 249 250 251 252 253 254 255 256 257 258 259 260 261 262 263 264 265 266 267 268 269 270 271 272 273 274 275 276 277 278 279 280 281 282 283 284 285 286 287 288 289 290 291 292 293 294 295 296 297 298 299 300 301 302 303 304 305 306 307 308 309 310 311 312 313 314 315 316 317 318 319 320 321 322 323 324 325 326 327 328 329 330 331 332 333 334 335 336 337 338 339 340 342 343 344 345 346 347 348 349 350 351 354 357 359 361 368 369 371 377 378 387
292 1615 4283 10498 19909 31691 41998 56684 74683 81225 91296 120622 118215 112038 105978 98611 93497 86546 81993 76246 71166 66926 63088 58503 55599 52120 48859 45782 43246 40620 38673 35926 34033 31612 30666 28309 27005 25407 24414 22904 22155 20560 20021 18887 18062 16842 16608 15513 15299 14537 14020 13163 12881 12109 12130 11525 11261 10490 10551 10127 9899 9669 9475 8950 9213 8463 8585 8108 7907 7642 7635 7249 7292 7006 6828 6545 6502 6334 6005 5929 5889 5478 5538 5204 5377 4889 4989 4711 4779 4547 4540 4207 4252 4009 4019 3826 4011 3737 3627 3445 3467 3288 3219 3175 3216 2856 2959 2780 2828 2717 2737 2545 2684 2443 2485 2283 2372 2200 2222 2189 2116 2021 2030 1907 1992 1760 1796 1740 1707 1656 1627 1506 1511 1425 1501 1399 1521 1333 1344 1255 1211 1146 1182 1129 1173 1123 1148 1046 1079 968 889 951 915 845 852 778 823 786 772 753 780 714 735 644 702 640 643 605 635 568 586 525 589 510 536 477 468 476 465 413 420 405 405 377 399 317 374 317 361 307 333 293 334 313 300 240 321 265 255 217 227 239 233 191 189 202 194 189 197 182 173 158 203 166 178 177 180 222 146 114 133 126 128 130 126 144 107 105 131 92 93 90 120 80 105 89 82 77 91 84 106 90 75 67 76 64 64 59 58 70 47 44 62 49 43 39 70 53 47 32 46 30 38 29 36 54 49 39 38 29 49 39 35 91 33 26 32 25 24 23 22 17 24 16 11 20 20 24 27 27 16 19 29 17 12 23 13 21 6 13 12 16 8 9 15 7 8 10 5 9 9 6 11 17 3 8 12 4 6 8 2 11 9 8 12 4 3 6 7 5 6 38 1 6 4 2 8 8 3 3 1 4 1 4 5 2 1 6 2 1 1 2 1 2 1 1 1 1
292 1784 6028 19773 50456 115586 219389 450155 814976 1343322 2291644 4313650 6016090 8839592 12427931 17319780 23293970 30704991 40341295 51469175 64841051 81944917 101888093 125470592 156006061 187090043 226227806 269707689 321693525 377634046 453980598 527437030 622258800 712879270 846237485 960472201 1095778333 1248123805 1454064142 1664032296 1935409374 2148706511 2487806404 2786725715 3094121629 3419920400 3958579138 4343043724 5030471199 5544081331 6193312167 6917814123 7791507799 8383095121 9780571428 10781716615 11915592551 13043125624 15019578497 16320655710 18397722059 20605635606 23233463682 25118810092 29587785546 31515829061 37790588326 40828203277 44418571955 50571366620 58254988664 61575886387 72246294073 79501222769 88478079921 98754736101 112564567546 122572933240 131782264706 147864614400 169715421656 180212862647 206040220277 220142071894 259189025369 266336207569 308323392983 333030466634 373454181498 408585577987 466806745397 482025947791 553647684394 586199434845 655383198899 710689853127 840992331678 864321662143 938394631508 1032881120374 1151805942847 1236671704471 1340094213885 1479172306680 1691575729699 1701238075675 1926540561454 2079579107814 2314396371067 2499588533247 2775572632589 2908717850665 3349058319650 3507102476987 3907236053155 4109060542118 4757813869515 4972250080749 5313674070284 6035948297546 6410424462029 6760956622104 7684324496482 8007355171676 8914503086595 8942686677897 10170166827059 10968733876673 11624381575311 12828748129368 14379432463491 14737251620919 16161595095253 16454195218479 18920390615442 20004256357505 24564277466838 24068548512639 25656780922735 26535992468377 28527043883993 29961101081174 33342051839878 35549916794628 41105669644865 42184918010195 51396089248680 49658725102357 54190847566271 54308499190777 55552812789935 65585729500636 70128445630409 69928401473549 77406305754604 80519516354301 91975877778061 94093270448586 104067003461431 111339520691060 123130019001674 126876408138706 142896708328672 133921079951912 162478876317221 156388389300617 182004970141213 181587429738941 204430009498905 201299172300676 234291895006045 221441073679227 283635762843926 253669248201579 302718235635725 293065406788638 323352904498742 332542857940321 364412413028785 369270861211990 401261224650456 416913061349320 488333702295702 462222473416467 548664850587158 468683639824112 626230308549876 557094203390628 736923910685189 636634636851320 781763881381442 707897204936048 839945723557295 894630174580328 936247400694504 822448784325098 1114737539909273 1081283550302146 1144854032067357 1042329656597721 1110530112806541 1227690494209888 1426705570889564 1254564370310113 1353044547378141 1603825166787190 1576110066969648 1754941992627198 1936218631887678 1922412305673348 1843597422731905 1957323537396571 2882081524878648 2476479950597754 2786368563256126 2809647856278438 3237541383673394 4051104642417068 3309771590307612 2562447561327635 3381691720697254 3387537422975981 3835960415752467 4111298922703290 4252864349694484 5424545458029812 4385973340431332 4700986137984271 6184994549267439 5212338836225764 5350522090832845 5091965854728656 7951679324430809 5577409945832970 7750406491130380 7591137723508839 7703832599721940 7272730997940757 9462411215737536 9264374421499569 12306202739637858 11296203202245318 11282855229804955 9812088770006622 14013147217627084 11641304775441759 11778554722819484 11111355289511498 12833416943045416 16054737999161732 13273017633976892 12634112201702479 18190147207299891 15429273167042387 15081092889912594 13606190915711965 30428943786635524 22366202357498098 22468124925419287 16833277071808167 26309749382319161 17136368510409881 26790677897435304 20038163081663860 26644866265083400 41754339114258322 46897032415414064 36762130340628255 37893549015905166 32135028788457014 55079925445325541 49335019952964980 46441726980465226 113722773969807427 51781794618571015 42744845554839125 56340938625959643 48024817901828861 53811547419619955 47752506480002462 51848942160533830 49894715706815858 63496253701018975 49455997069466984 37741006856680711 64938269391019340 70316561869882932 92331465368043951 100548716353181103 110572678380937074 76370849268962091 95963646517833223 158103763970506606 105543530466213341 69559768254131810 149900484919950326 87234085526861772 154858925809648561 54559688775303912 114273350228947573 107874061934390339 199059967860954935 82353214499809360 110464366551854715 179036214639997809 88563525762090972 108167077471128535 147332367094263184 107097502968972827 149681259614419863 161756853864137931 137430110412085453 224513702212674233 435329563219595604 70650119461805164 200732252172115592 413240028870361983 117262404661677934 188443426023928854 269156992883629936 69601909738881660 420599102545236503 402024167778954615 399854104861708924 552501587614596183 206391776321723798 168469806338622867 340888360404037989 441837572724905838 321626873045572750 417827717592219589 2989299734060515094 84300815636225119 529303371194648730 366976415133851629 199601576513938085 860993701091669835 897746145643984576 387036216290894230 413756297774476872 154043597379576030 637362153090674148 175943559810422753 752034588209171920 952917144496855079 429236599486572598 229272286871217150 1469427224732294436 596660126125516152 363117512048110005 413766180933342362 942628128536797560 741433159884081684 1581476239298822638 899175348396088349 1319510599727473500 1406207446561484054 2484305294265418180
3 4 5 6 7 8 9 10 11 12 13 14 15 16 17 18 19 20 21 22 23 24 25 26 27 28 29 30 31 32 33 34 35 36 37 38 39 40 41 42 43 44 45 46 47 48 49 50 51 52 53 54 55 56 57 58 59 60 61 62 63 64 65 66 67 68 69 70 72 73 74 78 81
15 93 123 472 433 1795 952 2738 1254 3090 1240 2709 1070 2483 849 1868 684 1444 613 1188 471 1077 343 881 331 719 260 570 196 489 170 333 132 301 124 227 99 204 60 157 55 118 70 84 51 112 33 42 23 45 18 29 9 37 10 14 10 15 4 9 5 27 4 12 1 7 2 4 11 1 2 1 1
15 124 202 1121 1173 8296 5015 28959 14892 77275 35337 163054 64630 296248 110513 476142 166966 680928 284608 1024736 365362 1493751 430512 2258471 628092 2675282 876665 3685334 926705 4394523 1171993 4336960 1544206 6306331 2084974 8968080 2411408 8493511 2166012 10680289 2645932 13802293 5431577 12061934 5608757 17060750 4314536 12038448 4901653 13194680 4430608 14850997 3399652 18610477 5085289 9663920 6939051 16921850 3009844 9870506 5519628 36345390 5499713 41704278 1505499 25555124 4065150 19699786 82717001 6175470 14351406 14179000 12132164
