26 38 50 62 74
9156 28790 36954 19703 5388
1391757 786180 226738 59544 6527
15491495163791078162 18076162985688265080 5138096003547928047 199385651647680319 168810876169
26 38 50
1147 558 92
8800 1243 115
340122948 18144256 137688
3 4 5 6 7 8 9 10 11 12 13 14 15 16 17 18 19 20 21 22 23 24 25 26 27 28 29 30 31 32 33 34 35 36 37 38 39 40 41 42 43 44 45 46 47 48 49 50 51 52 53 54 55 56 57 58 59 60 61 62 63 64 65 66 67 68 69 70 71 72 73 74 75 76 77 78 79 80 81 82 83 84 85 86 87 88 89 90 91 92 93 94 95 96 97 98 99 100 101 102 103 104 105 106 107 108 109 110 111 112 113 114 115 116 117 118 119 120 121 122 123 124 125 126 127 128 129 130 131 132 133 134 135 136 137 138 139 140 141 142 143 144 145 146 147 148 149 150 151 152 153 154 155 156 157 158 159 160 161 162 163 164 165 166 167 168 169 170 171 172 173 174 175 176 177 178 179 180 181 182 183 184 185 186 187 188 189 190 191 192 193 194 195 196 197 198 199 200 201 202 203 204 205 206 207 208 209 210 211 212 213 214 215 216 217 218 219 220 221 222 223 224 225 226 227 228 229 230 231 232 233 234 235 236 237 238 239 240 241 242 243 244 245 246 247 248 249 250 251 252 253 254 255 256 257 258 259 260 261 262 263 264 265 266 267 268 269 270 271 272 273 274 275 276 277 278 279 280 281 282 283 284 285 286 287 288 289 290 291 292 293 294 295 296 297 298 299 300 301 302 303 304 305 306 307 308 309 310 311 312 313 314 315 316 317 318 319 320 321 322 323 324 325 326 327 328 329 330 331 332 333 334 335 336 337 338 339 340 341 342 343 344 345 346 347 348 349 350 352 353 354 355 358 361 363 364 367 369 370 371 372 373 379
302 1593 4994 11171 20082 33270 45470 57398 66598 71243 72170 72364 70921 67955 65163 62712 60017 57549 55156 52465 50271 49107 46650 45162 43196 41297 39837 38727 37195 36280 34314 33284 32084 30684 29185 28536 27408 27037 25761 25112 23895 23176 22222 21566 20896 20338 19618 19109 18574 17589 16977 16517 15963 15825 14569 14400 13910 13464 13002 12589 12356 12014 11709 11428 10706 10584 10153 9864 9574 9375 9008 9011 8501 8309 8020 7933 7599 7656 7174 7236 6751 6687 6325 6181 5932 5962 5828 5767 5502 5289 4853 5094 4897 4970 4545 4699 4262 4336 4022 3981 3799 3954 3538 3710 3419 3427 3092 3227 3128 3193 2917 3168 2749 2883 2448 2611 2468 2630 2493 2513 2204 2244 2060 2219 2006 2133 1853 2113 1834 1882 1676 1710 1620 1799 1589 1717 1521 1699 1536 1458 1310 1453 1372 1517 1222 1248 1126 1217 1132 1221 1015 1132 968 989 874 923 884 942 891 944 757 824 677 810 697 771 713 766 720 628 546 671 625 650 607 596 530 548 554 503 511 528 473 579 443 454 399 435 426 450 376 444 396 340 293 345 275 367 311 365 284 275 267 251 243 236 261 310 237 209 179 235 175 245 199 229 201 181 165 200 157 193 160 199 125 146 147 157 157 146 120 158 124 136 110 140 131 118 110 115 89 89 71 106 83 82 76 93 86 66 55 76 71 67 70 67 55 51 46 42 45 61 61 62 45 43 50 52 54 40 57 54 33 32 32 33 42 36 46 32 27 33 25 44 22 20 26 32 21 13 22 22 7 24 13 17 18 13 48 28 13 16 16 14 6 6 13 23 11 5 13 19 9 9 10 12 10 11 12 13 7 2 12 29 4 8 13 9 5 3 4 12 6 7 7 10 1 3 7 7 2 3 7 4 3 1 5 7 4 3 1 3 1 1 1 1 2 1 3 1 1 1 1
302 1743 6855 20223 50431 118469 229313 446768 766616 1258481 1942484 2933118 4254773 6045921 8316747 11186648 15175271 19859881 25781981 33150221 42046149 53443165 66952878 82906512 102363559 125928404 152795819 187315906 225452012 276783704 323186531 392682454 468959581 553249354 647981096 773238058 898764277 1085896488 1239731738 1453523630 1694364492 1960233104 2265359861 2645915108 3011027144 3495142170 4005447686 4544260348 5295962327 5986193384 6817843593 7716304734 8773151970 9927138984 10965095222 12410869736 14231299869 15852498221 18329749774 20111538839 23243375804 25805379867 29382775182 32327231493 36541465886 39759037282 46437936435 50413022133 56554925178 61866581799 69476227380 76287197051 87798482500 95639961209 108737370392 120636304944 134512636401 144814059196 164268184543 184020771202 201883944485 220316983902 250214104593 263268672345 298488888374 320880578104 366188869908 399425530296 446571763566 475688186865 525168408013 582227053005 662999783300 713384304740 772597691906 865513141047 916547993206 1034963774255 1098040300590 1186407689668 1274209698513 1433712835552 1463552516957 1692557211457 1788488485290 2028985901708 2059230727195 2419463367630 2598129906880 2858074398181 3016813997311 3514625115959 3586631243599 4058838457651 3950469106195 4693240956631 4972672468512 5667056428997 6072371246134 6744685740879 6740166217606 7467907313437 7840371889806 9362872326252 9345514293526 10517456212429 10481641447719 13226183393806 12888558166985 15023760378270 14496416636930 16852825481819 17201191068062 20704710241240 20348522446599 23686960139216 23819195351742 29028477053149 28672929072973 31024471488952 30798674501363 36663774536472 39963662193656 47149808286312 44123761761201 49372534795148 47855383871865 58432261821011 60225377136332 66645496824114 62576852215360 76075081174318 74124999364079 81540362964952 79951078065350 92400282710156 96378563387385 118094577275982 117205100155583 138709000035170 124704414617968 144147052885617 135602411173450 175728809152879 163190680795868 189058311467328 195323930798191 229287600617269 237969330429693 223666007769883 216571843261843 287627706242238 302403842388974 319283093724784 335860474875819 363664538158598 371807184767185 405778049965624 446496929410585 454023638821180 483140806198518 538007914879701 544636554660804 722928418925216 607984727454376 643824206427320 643939547362261 768615782267074 805640667129242 899261030581223 829574212518593 1017150003907776 1103002418564617 1053040094745350 948612739300339 1221121651287389 989481386329555 1491142119521610 1378162514525289 1788551050476149 1502618925414287 1533107108130947 1690676284915498 1696519565499297 1793487792158325 1846584723920978 2304544811362673 2886083658768068 2457876051590625 2416142346019941 2109917159586229 3316463699835941 2443824797997411 3723885025978641 3456107995922735 4140165837532692 3897519786464377 3996981868623855 3656531112882192 5132034293016007 4072064029219622 5114281950877396 5205254676075634 7077935377167585 4574254142648891 6183149314026853 5942143042557165 7382145611104919 7677331148266438 8084524605297175 7293740232411785 10413103168446941 9393933735371274 9501451096784457 8025081286095952 12512677193955558 10425531951260677 11313056245671588 14937971977451412 12947101012620577 11336044925606270 13211128664369109 10293952456580016 17627636241566981 13975129444067832 14699636681527552 16641534612056951 20493235641847462 19168910666639986 16820248381683059 14179710926307942 20708147910251005 23535610006349576 22700270410977522 27406730223027933 26879781888085057 26687876771842216 23343526195137245 21083548290631105 24467477592417226 24945942668092108 36985786681607980 44285600191092782 43316952764246269 38244396421834579 34526246483839458 41657957318401073 52333676116451373 53241491758219716 44014963885812783 78667043464313679 60516054636295804 44974134756700188 49382647052674494 45984995849035702 48358177998930475 75778574657738226 66957122700490733 87785474295774241 74579563909015266 60989745629905018 78706226828190713 63662686534674170 134200222682267283 65439443862279552 67907502110623739 82687191050404476 113649353340069189 87260513425541246 71586948091461223 97675665354130767 107946242244452112 44935341548093520 132413763232629532 73571975321398729 111397211347620708 125163512482969644 120988027122902892 385772604572154576 252479187276366150 129940030793233952 152794553177336925 158895558278456016 162194601024052380 71947956232562068 74508307991205029 175891056486861657 328826401595748871 183909100460231266 81198932679148315 230156266230274042 357450154618360078 184478848687520343 220748602846066694 230000066554873370 322217081443532206 294352309384088940 339660244091952036 363914183878115568 466399414510404036 248553585900700304 77193971303748068 496005861377728122 1242718543550309516 232095077809549987 398957950269084532 685701132858817981 517255662196245366 308966798737228732 266320521110376800 280157945700071889 909579291546285448 472807531815999690 607729567486549345 637502720075500498 971202458051560165 110307860425292772 353848474638341916 833805467110480187 891470287626079650 278937117151175352 432353809583621496 1088899063443217224 669855997307705885 527830679431268259 200882556287683159 1031884268349622075 1516982085330934944 1029641259508814781 784736722053432375 298330063062758076 955667921364987252 387632532919029223 471314064268398780 536679070310691121 572612058898037559 1390287426917892080 790738119649411319 2529752365687585281 899175348396088349 958728697912338045 1022141228367345362 1498478743590581081
3 4 5 6 7 8 9 10 11 12 13 14 15 16 17 18 19 20 21 22 23 24 25 26 27 28 29 30 31 32 33 34 35 36 37 38 39 40 41 42 43 44 45 46 47 48 49 50 51 52 53 54 55 56 57 58 59 60 61 62 63 64 65 66 67 68 69 71 74 75 76 80 82 83 84 87 88
11 76 110 300 227 632 403 795 512 890 483 674 354 596 273 458 270 347 230 330 157 234 110 179 85 167 65 141 57 110 49 96 39 93 39 65 36 55 24 42 22 32 16 36 17 20 10 17 11 18 13 17 8 16 5 12 3 9 4 10 7 5 5 5 2 11 3 1 1 1 1 1 1 1 1 1 1
11 92 162 749 671 3608 2727 10074 7969 28280 16543 47732 26276 83118 42383 127058 79396 169778 116828 271016 150978 348700 166542 410331 195442 651970 246273 704139 289471 864863 351160 1112514 497694 1557629 666350 1483650 837342 1801122 668499 2214582 1206789 2338171 885158 3338751 1873075 3118925 1502505 3501492 1978298 5308865 3611545 7089916 2075139 11626439 1846185 7893067 2071443 7334454 3500818 12383861 7714251 15522114 7139740 8220463 4752628 35277392 6494258 3087735 24701880 8175936 5392783 18578182 12132164 15796476 31592952 26543660 26543660
