6 7 18 19 20 30 31 32 42 43 44
123 71 436 626 328 277 482 162 33 55 15
1280 1314 1134 1759 809 338 578 186 33 56 15
11790 10967 65273 435410 93265 156696 446916 60456 1416 2122 450
6 7 18 19 20 30 31 32 42 43 44
123 71 436 626 328 277 482 162 33 55 15
1280 1314 1134 1759 809 338 578 186 33 56 15
11790 10967 65273 435410 93265 156696 446916 60456 1416 2122 450
3 4 5 6 7 8 9 10 11 12 13 14 15 16 17 18 19 20 21 22 23 24 25 26 27 28 29 30 31 32 33 34 35 36 37 38 39 40 41 43 45 46 48
34 189 410 839 928 1214 975 846 515 352 202 201 91 128 79 102 56 67 38 56 23 30 16 23 12 6 17 4 5 6 8 2 8 2 3 4 1 1 2 2 1 2 2
34 224 583 1778 2879 5402 7128 9365 9736 9373 7941 10521 6327 13108 10938 18326 13578 21522 14138 30128 14857 27044 16724 37381 17789 12498 48198 10318 21778 37464 63910 22416 69927 20286 60858 54386 17977 21637 47652 74676 89166 126522 178268
3 4 5 6 7 8 9 10 11 12 13 14 15 16 17 18 19 20 21 22 23 24 25 26 27 28 29 30 31 32 33 34 35 36 37 38 39 40 41 43 45 46 48
34 189 410 839 928 1214 975 846 515 352 202 201 91 128 79 102 56 67 38 56 23 30 16 23 12 6 17 4 5 6 8 2 8 2 3 4 1 1 2 2 1 2 2
34 224 583 1778 2879 5402 7128 9365 9736 9373 7941 10521 6327 13108 10938 18326 13578 21522 14138 30128 14857 27044 16724 37381 17789 12498 48198 10318 21778 37464 63910 22416 69927 20286 60858 54386 17977 21637 47652 74676 89166 126522 178268
