20 32 44 56 68
4499 32551 43147 17442 2356
269499 577780 203038 40718 2633
7203251268 9477068879386711634 7276197526839650390 111798418005885452 584629306
20 32 44
799 647 54
6357 1322 75
123039169 17123108 33832
3 4 5 6 7 8 9 10 11 12 13 14 15 16 17 18 19 20 21 22 23 24 25 26 27 28 29 30 31 32 33 34 35 36 37 38 39 40 41 42 43 44 45 46 47 48 49 50 51 52 53 54 55 56 57 58 59 60 61 62 63 64 65 66 67 68 69 70 71 72 73 74 75 76 77 78 79 80 81 82 83 84 85 86 87 88 89 90 91 92 93 94 95 96 97 98 99 100 101 102 103 104 105 106 107 108 109 110 111 112 113 114 115 116 117 118 119 120 121 122 123 124 125 126 127 128 129 130 131 132 133 134 135 136 137 138 139 140 141 142 143 144 145 146 147 148 149 150 151 152 153 154 155 156 157 158 159 160 161 162 163 164 165 166 167 168 169 170 171 172 173 174 175 176 177 178 179 180 181 182 183 184 185 186 187 188 189 190 191 192 193 194 195 196 197 198 199 200 201 202 203 204 205 206 207 208 209 210 211 212 213 214 215 216 217 218 219 220 221 222 223 224 225 226 227 228 229 230 231 232 233 234 235 236 237 238 239 240 241 242 243 244 245 246 247 248 249 250 251 252 253 254 255 256 257 258 259 260 261 262 263 264 265 266 267 268 269 270 271 272 273 274 275 276 277 278 279 280 281 282 283 284 285 286 287 288 289 290 291 292 293 294 295 296 297 298 299 300 301 302 305 306 307 308 309 310 311 313 314 315 316 317 318 319 321 322 323 324 325 326 327 329 330 331 333 338 339 340 341 342 343 345 347 348 349 355 357 358 359 360 363 365 366 367 369 373 379
199 1154 3591 7229 13827 17928 27317 28574 37323 33647 40748 33267 38628 30629 34526 26786 31216 23536 27416 21048 24407 19011 22418 16834 20126 15388 18075 14154 16754 12533 14921 11755 13741 10730 12770 9535 11648 9150 10573 8513 10186 7823 9243 7387 8810 6635 8292 6293 7686 6064 7256 5633 6765 5287 6499 4975 5965 4807 5723 4376 5397 4237 5080 3933 4917 3577 4556 3534 4255 3415 4132 3228 3862 3056 3683 2987 3634 2658 3337 2588 3087 2381 2985 2319 2836 2144 2758 2160 2613 1914 2497 1933 2362 1770 2295 1691 2136 1615 1936 1571 1900 1390 1791 1436 1702 1287 1650 1256 1544 1164 1460 1171 1408 1057 1330 1004 1257 987 1231 910 1120 915 1113 855 1071 843 984 782 884 745 817 662 783 636 724 625 725 588 700 595 674 522 595 460 603 445 570 456 583 392 518 427 476 376 497 324 408 372 405 335 396 299 380 318 368 265 387 246 335 264 321 240 291 216 285 208 241 236 233 196 235 173 211 156 215 172 177 149 168 156 178 120 158 132 158 129 160 120 119 113 120 98 125 104 122 107 118 89 96 77 96 69 62 78 93 70 73 72 79 51 83 60 65 52 73 61 69 36 56 51 57 39 38 36 41 36 45 30 52 29 41 29 37 21 42 26 29 29 23 25 24 15 21 17 20 16 25 14 25 17 16 14 26 13 16 22 24 16 12 7 17 14 11 9 19 9 11 6 11 7 12 10 15 12 8 9 6 2 4 7 4 5 7 5 4 3 1 3 3 2 4 2 3 1 3 4 3 5 2 3 1 2 1 1 2 2 5 2 2 1 5 5 1 4 2 1 1 3 1 1 2 1 1 1 2 1 2 1 1 2 2 2 3 2 1 1 1
199 1266 4932 13359 35594 68851 152394 239678 476201 648032 1202179 1445257 2516407 2874117 4781510 5028951 8377872 8429773 13724874 13424993 21621481 21107332 33614010 31296121 49978783 46525910 73022825 66876220 104920396 93838338 146382635 134377766 205428143 183330983 284675552 244756381 383562460 343803891 499127598 456310195 693060281 611394740 892070770 801491528 1227022106 1023842734 1616188693 1382955222 2056504230 1826575024 2732587007 2344424315 3489869122 3094866351 4627236205 3969386415 5780265866 5115308440 7459634879 6458511198 9467653168 8210844764 12207831755 10092992732 15417470279 12430959122 18849362958 15786387710 23673287898 20709180618 30250362698 26356034819 36867682397 32122776500 45997328073 40214869154 59942330266 49044977899 71043733581 60266763326 84363896628 72040141404 106442745237 89482529816 128979727502 110069598928 166243627833 137749772111 195536751226 161538067729 239505171024 202282345735 296805986421 236721527348 361143499509 285610550098 416283673561 347143106666 481690625841 419270591742 595522661733 468734869801 723082759291 613492866414 859268879268 678087996560 1039414224831 851837413069 1197406795971 991052155854 1390467314081 1209730958463 1647368295915 1386483925338 1965165127192 1644942102078 2290671813059 1983980767460 2839546559216 2339151393108 3206069108259 2781501423125 3940587102094 3180112616191 4711582836217 4046598269877 5299983320458 4540337000652 5982463697874 5302798524865 6830490275265 5564231418880 7616728240691 6514799155298 9252039837373 8653333168995 10838231933466 9707724534218 12824315442608 11472456195591 15150510968139 11777064856516 15479291458497 13640802366339 20198288214908 15581318769795 22118762965108 19296703270574 26357741051371 19790374596833 29990358928428 25589946236886 33498205081779 26627776952431 41372792179029 29426430493879 40769693350121 41577303055768 51593488652536 43039232816505 57508940816700 45243288811488 67089691379281 59657550082188 79506434525099 57867089900534 95882240724101 70930789235795 104384905290207 84127976090895 119209422777871 92913323173394 128880348022022 98219090201380 150305892238690 110927435068012 152094839268012 152395447828573 163641661334500 151197485375170 191802253345080 160413997151748 213644584774678 157216179217167 263903822262939 219684638507497 259936873564566 222429363752905 300774730494045 297823091842635 358805602792024 252084185890228 364188362189177 313020665462637 461544807925464 376822967296954 526645611603069 456559830285648 473029453927940 445308944862531 570027818908618 495156081213166 722753728136204 644983196509878 777451628869152 758255703574897 989520840231018 720321093018101 910693590765393 744097153667106 1076984927084309 721876818157124 801827826280670 1071582269205006 1368190207177701 1267333336635635 1311619882894746 1321226954979944 1671262435021159 1176187067018904 2020178193221994 1733738567394316 1851226959924098 1492910693959914 2471655881487788 2065094084490336 2756831212052185 1610618993138237 2464258786157931 2482982081295474 3396780683162238 2180251256991346 2395259749854588 2517210806664418 3019372379665901 2757912813309857 4401303215777781 3078954719524293 5232562850608084 3201732868705223 5013710927032152 3832627309586278 5414043349589812 2891421380366451 6378413719788130 4410549957224859 5603318638697443 5910500503735008 4752247643663596 6106963421344382 6008960240762380 4232299352559236 6745461387389806 4853953655443987 7241893201845934 6044226372307066 10659102509862336 5862387105744877 11801644463846952 8102341636919044 8996989567556142 8742373904134373 16948845695135429 7551530904447295 9966628489094380 15397610992390884 19105047937241391 15000730963826522 10340521553344851 7112709994310507 18693734702353767 14725476435119626 14736574710693068 13776827652175191 30434749454570239 14049397377338735 18741267466582897 10448686134623516 19940807859395653 13708733972091561 28924277694761732 23300798160614474 39428708549880843 34197094380398946 23511438351436440 30274130232173318 20148057927082862 9972706570369047 15703688645957688 28108337947979908 18137012507603544 27926929283062526 40474732672323804 26975387202077571 23742284338237150 19013112136253691 6965850144195831 21924980301216999 24090745154829120 16060496769886080 41902966090050018 31971993697646517 35973978116281034 13162217895057704 41399543225617714 59547520881851587 48719359607488989 92100133331548751 40034853525153890 62933618837282727 21458096037352891 49300212301660980 24650106150830490 28305020340996003 64976586702933308 69601909738881660 186372028883740385 79839131053999982 85496156071909392 45772358543578028 245028218176189375 280783010564371445 60105349839666544 257301498436458200 147306575723700678 103151466321735325 110307860425292772 353848474638341916 126108517833796355 134819180623301520 288235873055747664 164637479165761044 188008647052292980 200882556287683159 429236599486572598 318555973788329084 726235024096220010 387632532919029223 413766180933342362 883245963858716874 1073358140621382242 1221796807503768202 1955066639991620877 1390287426917892080 790738119649411319 1022141228367345362 1498478743590581081
3 4 5 6 7 8 9 10 11 12 13 14 15 16 17 18 19 20 21 22 23 24 25 26 27 28 29 30 31 32 33 34 35 36 37 38 39 40 41 42 43 44 45 46 47 48 49 50 51 52 53 54 55 56 57 58 59 60 61 62 64 66 68 69 71 78
5 79 65 309 204 509 382 694 382 678 384 520 241 407 253 373 154 223 140 198 135 179 99 141 64 89 58 99 41 66 42 58 34 43 34 43 18 28 18 40 19 27 10 19 16 17 6 13 9 10 4 6 5 6 4 10 5 8 5 8 3 9 2 1 1 2
5 95 101 759 591 2615 2503 8396 5754 19228 13593 32895 17451 50664 39885 87934 42490 93221 71313 149209 106962 210725 128618 292496 133499 251934 184654 471929 215587 534194 375719 711363 351911 867202 697519 998578 453194 1284285 705008 2270457 726715 1928344 818587 1863971 1548433 3086553 1092630 3483978 1545082 3011028 883657 3174988 1434598 4047424 2388196 5632907 2407318 10132380 3820522 14800310 4293747 18395834 4025116 2323520 3087735 28358000
