30 42 54 66 78
16411 41477 26058 15766 280
1297676 534009 132816 32481 280
28873905652787947685 11144129018888365918 2322554699653628974 4725205391344437 30659
30 42 54
927 301 21
3487 528 22
114019817 3607052 1237
3 4 5 6 7 8 9 10 11 12 13 14 15 16 17 18 19 20 21 22 23 24 25 26 27 28 29 30 31 32 33 34 35 36 37 38 39 40 41 42 43 44 45 46 47 48 49 50 51 52 53 54 55 56 57 58 59 60 61 62 63 64 65 66 67 68 69 70 71 72 73 74 75 76 77 78 79 80 81 82 83 84 85 86 87 88 89 90 91 92 93 94 95 96 97 98 99 100 101 102 103 104 105 106 107 108 109 110 111 112 113 114 115 116 117 118 119 120 121 122 123 124 125 126 127 128 129 130 131 132 133 134 135 136 137 138 139 140 141 142 143 144 145 146 147 148 149 150 151 152 153 154 155 156 157 158 159 160 161 162 163 164 165 166 167 168 169 170 171 172 173 174 175 176 177 178 179 180 181 182 183 184 185 186 187 188 189 190 191 192 193 194 195 196 197 198 199 200 201 202 203 204 205 206 207 208 209 210 211 212 213 214 215 216 217 218 219 220 221 222 223 224 225 226 227 228 229 230 231 232 233 234 235 236 237 238 239 240 241 242 243 244 245 246 247 248 249 250 251 252 253 254 255 256 257 258 259 260 261 262 263 264 265 266 267 268 269 270 271 272 273 274 275 276 277 278 279 280 281 282 283 284 285 286 287 288 289 290 291 292 293 294 295 296 297 298 299 300 301 302 303 304 305 306 307 308 309 310 311 312 313 314 315 316 317 318 319 320 321 322 323 324 325 326 327 328 329 330 331 332 333 334 335 336 337 339 340 341 342 343 344 345 347 348 349 350 351 352 353 354 361 362 363 367 368 369 372 377 378 383 387 393 399
254 1402 4064 9181 17386 26582 37413 45071 48878 50846 52176 50861 49893 47319 46428 45078 43950 41661 41174 39350 38189 36572 36589 34837 33691 32316 31756 30457 29977 28697 28605 27493 26634 25115 24974 23643 23418 22179 22034 20994 20763 19764 20035 18846 18320 17757 17800 16884 16317 15681 15696 14698 14676 13672 13835 13036 12906 12214 12488 11526 11249 11046 11021 10185 10255 9779 9842 9422 9031 8510 8605 8146 8022 7706 7741 7265 7267 6802 6997 6405 6290 6020 6215 5677 5366 5329 5333 4899 4929 4648 4670 4601 4488 4049 4259 3975 3783 3826 3781 3497 3554 3247 3264 3172 2946 2936 3022 2840 2663 2664 2597 2483 2536 2384 2366 2391 2263 2118 2219 2072 1979 2054 1956 1799 1975 1769 1737 1693 1617 1592 1633 1597 1392 1454 1445 1333 1362 1294 1236 1325 1198 1135 1232 1090 1053 1064 1076 1001 974 919 1009 902 855 790 853 844 767 772 750 706 709 738 723 762 647 639 683 605 630 619 606 618 583 520 548 543 499 434 494 445 410 444 411 342 391 373 370 394 326 323 329 295 333 306 297 304 294 231 268 286 260 233 242 222 222 206 229 214 196 177 200 203 148 170 175 216 173 165 163 167 192 133 131 128 121 123 113 132 113 97 113 86 77 89 103 90 92 81 85 69 93 68 91 69 84 69 60 57 63 41 62 54 56 43 47 34 40 53 58 39 36 36 44 31 37 31 37 33 43 27 46 34 37 31 32 28 69 23 37 13 12 16 15 17 25 14 15 8 13 19 18 10 12 15 9 10 14 13 17 10 10 6 4 10 6 12 7 7 10 5 9 4 2 7 7 4 8 4 5 7 5 6 4 4 2 2 4 3 4 2 2 1 3 2 1 2 1 1 2 1 1 2 1 1 1 2 3 3 2 1 1 1 2 1 1 3 1 2 1 2 1 2 1
254 1555 5733 17073 43689 96145 196444 361913 595095 940823 1479326 2152168 3083600 4304173 5951998 8058065 10991541 14185596 18759319 24204994 31040220 38841238 50752884 62405942 76816138 96536646 118498181 142583306 177983148 211671617 263162135 320337144 378587760 442618268 541844373 619097759 746282062 870451688 1028894250 1201077723 1423900628 1635041946 1955885295 2270527978 2586846226 2985651463 3588574688 4059418144 4556738714 5300719522 6208427509 6870104897 8146667200 8846250817 10379049219 11847925329 13251393672 15085653263 17790191407 18867563229 21450369763 25013604361 27983136838 30260521610 35448822349 39094359331 45291624914 50679232238 55371976804 59749802952 69347801469 75876464389 83850316163 95221013922 107264468858 115395059446 133612860902 141175860571 163288707886 175827673614 193893922287 213459834918 248020258472 248699398743 265728184152 308638570205 343563255717 367843239904 410227793937 432405897966 483736495839 537008941883 611878457779 613345268393 726848498216 751833401651 807816444475 951392785894 1010984293314 1051495841436 1175089199228 1238574361179 1373255647746 1553280786486 1540573909542 1767761728640 1916103111229 2086869690432 2120908980505 2430122685944 2630227312955 2882761647300 3177779798866 3355970810326 3508202165935 4174737661018 4422987903909 4522359811842 5409458579778 5550449740020 5719175853626 6915654372068 7091104480085 7456796848654 8690079845081 8964197136321 9412615690686 10869049984215 11014280034027 12354581263909 13318808399379 15119022330441 13870310031572 16803650253766 18031488038929 19329242949941 21018182047093 22491907411392 23298372072982 28017599443275 27277030990899 29711434264650 36017669225723 35389494223883 34262498304413 39181433238280 45017157778279 44214602144133 47359580865328 51933526842796 61093116641311 61152974396972 65659009645930 66443906744884 70835649276458 83065934250060 80321912377694 90200364750961 95394458000327 98773422588132 107577144903765 130706215462725 131299695478644 152308531392039 148428200041200 154212859681564 184485370783576 188819064212373 198461536333680 211987101213583 239813797969384 263029595271162 267336480053686 276188172560782 286235217980973 320584031398706 344251847141701 300897022233767 388670230310120 381820846941495 374230057141190 465465945230587 477029335426567 412361068478141 511153142102243 567450982259281 595803833872225 667450512570003 657705796101280 638229239934086 727180502109869 800670151510632 854860135406294 890439858085364 964046128525295 1013794884422718 1072185301613996 1004063988434448 1093893844233405 1361667810648007 1398133372025865 1339575959417388 1495458933360914 1572402806769895 1480096021263891 1681343363377241 1895903553850913 1971148032751723 2059274704796714 1855457709822589 2224179831066840 2704064939519495 2083128528727212 2590140478488981 2741778656453563 4051157945046275 3083461024255336 3371302689501378 3542996630473382 4072144351235812 4630115606173134 4054857220217368 3628892184010242 4270792262648895 4109040130203710 4508600104758928 4775849692291437 6351762179450183 5033467097966450 5188415407069570 6263044195558126 5265943513093081 5075357502003614 7028297497145026 8003073752196101 7437434805762009 8098032485743710 7966265117787507 9159348681152932 7733273524580804 10996977132514520 9102046450223068 13625194829010267 10505005454024654 14208622374569595 11863304710873523 10741128128071372 12259758770350692 14572716364407932 8817281923888513 17665852472197784 14616947811543689 16685738380607685 14946760559033362 16052617004131222 12231203304429616 16583743355744471 22545244279563150 28291143885567224 20910157985948373 21381446236722456 21074438635691254 31820074533557698 20438231496678107 26922746644434298 24423611451874659 33377802463059397 34909766427346390 46173131395108911 27372729569090471 50700645850865640 44827099619273547 51263130032490414 40352363836364111 57585613701491681 44358990648727045 111653556104607110 45896257064845400 76283142908021899 26601777842528056 31985398446903495 42087222712921456 40194627303899463 48906609586549173 77621412275641995 47716803848206050 53549849883168509 31377597938626805 55389378695904800 76393269354243664 93584666212840380 46378806388979861 68982294984593132 81288494619514301 52330318124031039 72984354939807079 106790905224498546 106611689734592497 131007389479707120 91874219577505350 91898242705977443 76058331860828513 70243165586969845 112020788242401245 71114280291154707 165750833380780718 94048414805848530 103952089024845980 172056649112291479 85896507068418843 161756853864137931 80069707050307780 41475522799929836 173206678916957574 234950365040902829 126781933719624122 222661737313108670 119283566310524895 160279355395709580 269156992883629936 216226081938566721 236872233411748032 165335287125909374 183089434174312112 98011287270475750 104924088457657282 224626408451497156 172418554065415122 253081473667010194 137669771892147700 137669771892147700 78801255302666615 252902446908675357 180350869961099246 96450110192202760 220615720850585544 117949491546113972 126108517833796355 269638361246603040 144117936527873832 154043597379576030 329274958331522088 188008647052292980 200882556287683159 214618299743286299 458544573742434300 734713612366147218 784736722053432375 558726656967404304 298330063062758076 471314064268398780 502957566506000020 1073358140621382242 695143713458946040 741433159884081684 2372214358948233957 958728697912338045 2639021199454947000 1406207446561484054 3861312144700931624 2484305294265418180 7235425527735208846 5253665124416975163
3 4 5 6 7 8 9 10 11 12 13 14 15 16 17 18 19 20 21 22 23 24 25 26 27 28 29 30 31 32 33 34 35 36 37 38 39 40 41 42 43 44 45 46 47 48 49 50 51 52 53 54 55 56 57 58 59 60 61 64 65 66 67 68 69 70 71 73 74 76 77 79
5 35 43 151 130 281 171 312 220 293 191 266 163 207 94 142 99 136 82 102 83 90 55 62 51 51 48 47 59 29 24 24 27 31 25 16 12 17 16 12 8 12 8 8 3 11 7 9 7 4 3 12 4 5 1 2 2 2 4 3 3 3 2 1 1 2 1 1 1 2 2 1
5 45 73 393 392 1608 1189 4182 3437 8263 6683 16599 12316 25468 15739 32603 27312 57497 39017 74889 61947 110732 70989 101811 112223 139526 183129 225343 311422 224767 174195 235401 268202 501655 415238 424712 306095 486188 583332 454465 291425 719696 478315 789255 256698 1316657 754648 1880040 1170005 838209 589092 3398985 1056847 1943260 563178 1898666 772310 1299133 3775092 2899401 3865868 5405967 5200624 3483260 3483260 9294080 3087735 6175470 8175936 10785566 16971255 9289091
