26 38 50 62 74
8220 30417 36478 20093 4784
1756565 680537 215542 58237 5641
667867101209727296 26534589025423828745 2624919380587443261 152197999378266009 55607983285
26 38 50
919 547 82
6730 1278 106
262841386 14694331 112890
3 4 5 6 7 8 9 10 11 12 13 14 15 16 17 18 19 20 21 22 23 24 25 26 27 28 29 30 31 32 33 34 35 36 37 38 39 40 41 42 43 44 45 46 47 48 49 50 51 52 53 54 55 56 57 58 59 60 61 62 63 64 65 66 67 68 69 70 71 72 73 74 75 76 77 78 79 80 81 82 83 84 85 86 87 88 89 90 91 92 93 94 95 96 97 98 99 100 101 102 103 104 105 106 107 108 109 110 111 112 113 114 115 116 117 118 119 120 121 122 123 124 125 126 127 128 129 130 131 132 133 134 135 136 137 138 139 140 141 142 143 144 145 146 147 148 149 150 151 152 153 154 155 156 157 158 159 160 161 162 163 164 165 166 167 168 169 170 171 172 173 174 175 176 177 178 179 180 181 182 183 184 185 186 187 188 189 190 191 192 193 194 195 196 197 198 199 200 201 202 203 204 205 206 207 208 209 210 211 212 213 214 215 216 217 218 219 220 221 222 223 224 225 226 227 228 229 230 231 232 233 234 235 236 237 238 239 240 241 242 243 244 245 246 247 248 249 250 251 252 253 254 255 256 257 258 259 260 261 262 263 264 265 266 267 268 269 270 271 272 273 274 275 276 277 278 279 280 281 282 283 284 285 286 287 288 289 290 291 292 293 294 295 296 297 298 299 300 301 302 303 304 305 306 307 308 309 310 311 312 313 314 315 316 317 318 319 320 321 322 324 325 326 327 330 331 333 334 337 338 339 341 342 344 352 356 357 358 359 362 363 366 369 370 372 374 379 384 387
285 1595 4034 10241 19259 33895 46890 60785 67177 76103 73325 74506 70082 71950 67695 66716 60902 62206 57145 55985 52557 53878 50180 49787 46120 46871 42585 42624 39597 41157 38643 37859 34717 35707 32268 32821 30232 31396 29928 29820 27144 27802 25058 25792 23596 24952 23184 23095 21355 21690 19745 20229 18047 19531 18137 18577 16474 17007 15298 15903 14654 15119 14177 14663 13133 13651 11904 12533 11207 12154 11278 11399 10352 10771 9348 10035 8780 9504 8946 9280 8217 8338 7157 7962 7052 7647 6933 7334 6613 6761 5790 6411 5589 6079 5587 5778 5062 5146 4465 5007 4326 4749 4198 4618 3946 4159 3484 3900 3459 3974 3552 3569 3134 3247 2706 3052 2685 2881 2687 2821 2472 2578 2062 2368 2090 2316 2126 2291 1942 1932 1662 1848 1637 1797 1654 1715 1437 1561 1374 1484 1341 1366 1304 1309 1207 1233 1025 1118 1006 1049 945 1040 924 910 856 879 771 804 738 823 767 679 615 724 614 591 546 536 572 500 490 523 449 458 464 405 424 359 364 392 375 354 327 300 328 304 298 318 293 280 256 236 240 226 230 240 237 192 208 210 213 203 167 185 176 163 157 159 142 156 150 172 133 133 121 140 125 112 127 139 98 113 100 104 114 130 79 81 89 95 71 80 71 70 68 84 77 60 51 56 48 76 57 67 31 51 41 52 38 44 38 47 42 30 30 38 30 42 32 35 33 33 36 32 42 36 29 30 22 15 18 29 22 17 21 19 10 12 18 18 9 17 10 11 13 15 9 8 10 10 11 13 12 9 2 10 10 10 8 7 4 7 5 6 13 6 5 8 3 5 5 9 7 6 3 4 2 4 3 6 3 2 2 7 3 2 1 2 1 2 4 3 4 1 3 1 2 2 1 1 2 1 1 1 3 1 2 2 2
285 1732 5701 18943 47092 118476 225307 455990 741449 1277133 1887706 2940677 4025553 6067778 8119380 11434413 14388345 20316670 25347312 33453807 41226408 54678474 65964131 86012199 101279390 132182453 155239524 194116773 223617227 292456392 337885414 414018503 472416622 598673423 672789973 828569275 922112599 1160081243 1327384726 1618726470 1763330801 2211775451 2423446914 2957445530 3205445569 4068280978 4376076801 5263819073 5808580285 6999708607 7619805246 9259094163 9495696836 12156573789 12949354526 15704592531 16211609653 19922792499 21173017999 25372567394 26785223145 32031231198 33739687055 41444455135 42905715909 53170898852 54404789869 65071858002 66326897225 83278636286 85278963890 101141134389 105179123000 129174409637 128057755030 161197273631 155211136767 196623902463 202685712241 244476125787 245171891731 289544594412 282414827347 368449641189 358002356151 434662174624 429699107593 540911773816 540306300325 651616351000 626357713805 787597751655 740437070725 947018354595 925024011043 1124485946519 1091768511068 1250424743125 1249407037667 1632669995754 1505728648398 1847184221325 1741265672335 2288604617307 2114165831196 2623092578611 2406183237315 3151220102962 2989775147852 3857504475857 3618778197134 4296608409977 4157722022493 4983311456248 4775471454728 6079286473764 5538929820577 6691981328316 6663642330655 8172135206884 7864484849712 9275391831632 8226839605501 10945491113680 10002821278236 12898814685728 12212741817125 14655242419401 14224614733545 16028980544383 15559328267850 19144857926072 17687334337247 22158284802491 21286300676468 25575092226067 22720887700453 29653207362505 28656097455433 33588591684456 33861541523169 38705633387866 36562830514239 43815319053862 43783889226592 49532107941841 45743505964123 57213856488577 54045437095093 64641446270669 58833581393442 74258090340870 71081048787966 81268920407398 83260474464969 95841950914560 89095408177577 105593496575357 99185862766601 130215967746242 126501274130452 131718522765161 131127377283724 158729931356240 147496254534611 161188554147888 151373757705192 178493293710507 195054388567996 189018703496446 209792590442186 235818254982015 224539292150401 254679044291634 271383956236840 255374007348805 309973529211729 259680491232568 298392794784960 346033396190150 346035668541384 372537419429098 366964165782338 370522660813200 417437249104303 442947445224678 487423727947465 600371179108757 552071117367834 600505841262368 603613556470888 630947402245397 654643363130007 639658680458188 781804476317048 813134668310792 898866594003381 835927051754428 929159099661949 996885075917026 1143586885522296 1105853046551295 1058072020476298 1298205090881622 1289165206429922 1332045286341981 1418664515808082 1474284842457106 1477006687657302 1748007922145283 1766801538595473 2187551940287354 1933198452066230 1970585600943628 2024354875748435 2445015668244396 2442882468244045 2472527494738850 2863828547259673 3377093790007561 2598423216454973 3769146713340327 3046973236732254 3451073631292035 4440946869270714 4498872623033723 3165417568757875 3644771231684548 4625895825083836 4953039555323127 4430971329316437 4834115187355941 4626910381215422 5488974300336432 5146754491297284 6894572407986117 7558991802332822 5907352387562070 5266455560791523 6619986669681189 6097846705593745 10513361113008646 8933582249442434 11635432099264187 5369137573616583 10327529066698157 7552465012179699 11652077343374618 8824950895046648 10600293902957482 12879164652393835 14140596324522936 12873977052181223 10354522407394038 10647981223639186 15167029635635675 12455155952553883 22066716238846358 16224083972019759 18452994219324874 21938548966005853 20358742651221790 21745154799888404 23060227810610929 31685406128651415 31923164784301653 29607059202716931 32009717779941939 22151990475531549 14836384808560523 21806388729146671 33146120862001038 30214708211250013 24474247657990852 31625042550873160 31435315870131035 17320435352601176 24826720441965965 35167090231496367 38393995554129681 24799831149115782 44460914232806921 25509713319854820 33991986638103259 39332915672216139 49456165508286742 29865917673367629 38392811428191623 55097242869152342 40433087083284912 55524576530692053 66880313403581791 66959824866952972 50218312605358512 11662756574046120 62632190045873015 80715145627649514 105001467097252218 63140620466679408 57982482366167235 35114571763118677 68161027835464709 50381220802162843 67056830776386094 165933320679360983 99939743905492198 67723979015733122 145283786947108806 46525692013544051 81198932679148315 90842825165095682 174773087011286181 165902091199719344 174748589535092020 69000019966462011 103897529051529468 54720827974562329 147588586651520898 95302768692776272 206493067698670804 119758696580999973 85496156071909392 91544717087156056 343039505446665125 180316049518999632 128650749218229100 73653287861850339 157602510605333230 96450110192202760 206302932643470650 441231441701171088 378325553501389065 539276722493206080 154043597379576030 784736722053432375 340122810048577428 726235024096220010 775265065838058446 413766180933342362 502957566506000020 1073358140621382242 651688879997206959 790738119649411319 843250788562528427 2876186093737014135 1089657644424399782 2996957487181162162 4113026950673267610 4968610588530836360
3 4 5 6 7 8 9 10 11 12 13 14 15 16 17 18 19 20 21 22 23 24 25 26 27 28 29 30 31 32 33 34 35 36 37 38 39 40 41 42 43 44 45 46 47 48 49 50 51 52 53 54 55 56 57 58 60 61 62 63 64 65 66 67 68 70 71 72 76 79 82 84 87 91
6 46 61 255 201 534 314 756 418 609 376 555 319 485 251 390 186 281 148 257 109 168 98 168 87 99 49 120 43 99 35 93 20 62 24 52 21 28 25 30 15 22 9 14 7 18 16 18 11 19 3 10 7 3 7 11 13 3 4 4 1 2 3 2 2 2 1 1 1 2 1 1 2 1
6 61 96 674 641 3068 2173 9678 6159 19306 12786 37987 24273 66371 40581 103178 52900 139259 77887 203394 87654 226571 133650 358324 181104 289327 157370 618275 194916 797751 250571 975139 250374 1045026 397076 1027889 537288 1255913 870368 1294068 724001 1834181 717940 1333257 647144 3504732 2490162 3443842 1999637 4949908 544054 3852684 2565501 1788534 3159213 6293315 8669436 2484086 7023361 2977480 966467 4175944 5371367 4105811 10401248 6966520 2323520 6175470 5392783 15207764 24264328 31592952 43844724 44108109
