22 34 46 58 70
3764 21439 42686 22119 9989
2751423 787478 334786 87243 15013
101570910884947 13959289653853217323 9797412075602421122 726964015108401145 33713183775482
22 34 46
774 719 170
11721 2062 244
454106699 28913582 848808
3 4 5 6 7 8 9 10 11 12 13 14 15 16 17 18 19 20 21 22 23 24 25 26 27 28 29 30 31 32 33 34 35 36 37 38 39 40 41 42 43 44 45 46 47 48 49 50 51 52 53 54 55 56 57 58 59 60 61 62 63 64 65 66 67 68 69 70 71 72 73 74 75 76 77 78 79 80 81 82 83 84 85 86 87 88 89 90 91 92 93 94 95 96 97 98 99 100 101 102 103 104 105 106 107 108 109 110 111 112 113 114 115 116 117 118 119 120 121 122 123 124 125 126 127 128 129 130 131 132 133 134 135 136 137 138 139 140 141 142 143 144 145 146 147 148 149 150 151 152 153 154 155 156 157 158 159 160 161 162 163 164 165 166 167 168 169 170 171 172 173 174 175 176 177 178 179 180 181 182 183 184 185 186 187 188 189 190 191 192 193 194 195 196 197 198 199 200 201 202 203 204 205 206 207 208 209 210 211 212 213 214 215 216 217 218 219 220 221 222 223 224 225 226 227 228 229 230 231 232 233 234 235 236 237 238 239 240 241 242 243 244 245 246 247 248 249 250 251 252 253 254 255 256 257 258 259 260 261 262 263 264 265 266 267 268 269 270 271 272 273 274 275 276 277 278 279 280 281 282 283 284 285 286 287 288 289 290 291 292 293 294 295 296 297 298 299 300 302 303 304 305 306 307 308 309 310 311 312 313 314 315 316 317 318 319 320 321 322 323 324 325 326 327 328 329 330 331 332 333 334 335 339 341 344 345 347 351 352 353 354 355 356 357 359 363 364 374 375 377 378 379 387 389
253 1409 3834 10417 17863 29529 67669 87686 113647 118352 134665 124176 128182 118250 122900 106560 110482 100162 100846 91013 93140 82747 87689 78128 76853 72216 73433 65003 66970 61610 61451 56262 56074 51790 53266 47648 47558 45254 45458 40877 40533 38385 38034 35114 34506 32413 33688 30567 29215 28870 28694 25776 26029 24723 24614 23066 21978 21455 21546 19909 19219 18837 18717 17197 16666 16013 15683 14900 14380 13937 14169 13234 12177 12170 12013 10928 10805 10631 10465 9908 9003 9045 9194 8580 7904 8068 8112 7321 6850 6684 6534 6302 5827 5781 6060 5574 4969 5092 4920 4555 4419 4435 4329 4113 3625 3617 3676 3579 3073 3323 3223 2968 2814 2763 2688 2504 2334 2398 2409 2293 1943 1961 1913 1807 1675 1645 1634 1583 1469 1417 1527 1352 1273 1248 1200 1151 1052 990 938 956 957 866 865 836 810 758 754 666 739 699 648 676 657 559 639 626 596 517 547 585 577 497 509 462 475 476 486 445 423 415 395 370 389 344 359 378 395 334 307 312 362 309 316 309 309 289 234 281 347 207 231 246 231 232 194 199 225 204 177 207 181 172 142 167 165 132 125 153 127 111 111 140 177 114 131 125 102 118 107 93 92 91 111 102 113 78 93 82 84 78 73 83 88 73 68 62 73 55 80 67 63 48 58 46 63 54 61 64 51 42 37 34 33 46 44 39 105 109 33 24 29 29 37 43 28 23 26 31 30 28 21 32 19 18 18 16 19 15 24 24 9 21 7 19 11 13 9 15 17 9 8 9 9 12 12 9 8 7 13 13 5 9 6 5 3 10 8 5 7 2 8 6 3 2 8 4 3 5 1 3 3 3 5 9 5 5 2 1 4 2 3 1 4 1 1 1 1 2 2 1 3 1 1 1 1 1 1 1 1 1 1 1 1 1
253 1561 5424 18346 44275 104447 297678 534589 1022503 1616842 2895040 4007663 6311881 8485021 13252873 16044484 23868700 29096000 41024717 49345557 69039782 77987734 113457145 127139492 165986911 194211555 261483717 284688410 383923810 425437768 552851767 610030680 781149479 842507790 1113458759 1188663786 1490416397 1669440678 2109609138 2219971870 2761850847 2996819988 3703181307 4012830458 4793988264 5175612820 6681155508 6909391704 8098449324 9168155594 10969597115 11591394570 14045493480 14871496637 18444182100 19771370549 22274451786 25047388333 29512616668 31559377378 36046048067 40433714859 47511974381 51105585771 57172539360 62165528300 71168799827 77811145903 86064427442 95875919300 114152470562 120167654640 130032241075 147086988933 164159481689 174808750668 194176665969 218228630702 254325522010 276486370575 285215501082 322601428910 364418997873 386208250093 412764291701 475575640397 558983970841 577489688748 611022326997 658104785446 725230165641 803633754639 832363694352 950436049420 1118902584682 1159725535485 1189133825259 1363567300188 1415787321594 1565861455762 1643395209064 1835538875509 2088081197311 2244110910427 2201822781542 2460053730874 2678523207850 2971080034694 2837153153763 3588693354452 3811422274448 4061711364182 4188384367979 4644725146469 4885094919031 5257418003893 5312028957989 5984291018840 7037601501920 7371597827838 7077962353415 7891054269392 8187503876631 8891397134430 8889326396076 9795279469465 10757363105666 11867350685835 11738153249004 12796077526814 14187823000060 14458556651014 14259579425053 16118121011911 17409896973695 18161017039666 17991553259618 18254554926450 17902738191749 20054637322578 23000149418074 22686905960749 24649362803828 26473557064568 27731638175091 30089934030638 32300887318996 31758383292349 37108400195766 39519751948115 41136931691850 49140951144255 49782527832645 45602937768867 58392216690097 63044650750425 64233973091259 63028447791917 74806990352262 84285628892385 89517777574938 84980039087133 98198657546599 91218870134271 108357879856384 114037368419843 129552908121606 137438306058078 134058976628999 157516606826105 150259418791169 160194312937032 174837182210683 173479415124297 193180593550584 228983547732044 250975095979039 225920423660113 250535772587935 270177726039095 324436431565386 319917334915079 346448347586571 390622211823109 454939140816421 399553468770854 356970087677348 517873782812806 580869533462992 404020624998151 493739871944005 554372554706324 569760061163865 673059656058023 555709983812569 698650282948395 822426390314266 846281212115406 769866094470811 1073605535561000 970492521312372 998505551820200 897058195598352 1143791339955372 1115094524501437 1053816334361032 1044110379450735 1468636803971455 1204064481203497 1185742907197620 1159924579636896 1881156496359444 2280929773237635 1664475832250534 2167689827827461 2135256921974994 1893245605042599 2567028386598242 2447395106345470 2229829057300888 2398720508668953 2318029379178598 3495626649181415 3653368536857418 4019458533133131 2754928147018801 4134548408760024 3780863277138195 3790828061998952 3933919399603485 4194649859513734 5441980574822685 6156511870298359 5152714160036325 5406938433517621 5886802926158119 6955816105525223 5276966415042267 8872702790314478 7732044698801565 7513163282022039 6357322977954756 7918289928337581 7194598705210389 10772610322826500 8760948836513945 12216868159637247 14859445327749565 12482581577681610 10199185819364682 9402807540045092 9623641257714186 9568717030822884 15622634945100524 16021333627400583 15045646869659282 40023596518895006 44364706513258666 16672285272305418 12696380600445283 15118452578910453 16682575691814685 27701231026770674 28842142630909070 21329891987152595 18165518525493733 20714410884836150 27911125036085443 34755340985323557 31631010715195368 23971569112278943 44363565111312601 24332149652393385 27961640620778552 30861582316327398 26678512026183530 33742693088547468 33836289922587019 56610906389694876 56822493907908261 18100306595456593 59986378873691974 19446254107878441 59619807429649776 31091888070932985 44335457907837611 32362431320858300 58048576386352429 70856865019112297 43245068901421554 38919090552225228 46401726720237268 58826789690946596 73722393816579031 74822288891833459 55281834483665444 59338419177945278 64747511035021491 132025461502220550 117759731532372518 48299083050657707 103667876964907038 76157740318388403 60512414154739964 37700653933516634 138317292342133147 133213704428983179 106000669172000358 135790260273225464 53499848565894954 174773087011286181 124426568399789508 87374294767546010 47650112806317827 202497953654851428 111330868656554335 113220081363984012 190605537385552544 32488293351466654 104402864608322490 154387942607496136 125415721598909383 305285107266929536 437817507625481028 258853820550552439 329550496909154438 116261951952540833 64325374609114550 390461758991646600 137669771892147700 231255798467183569 84300815636225119 434075047597613641 126108517833796355 154043597379576030 164637479165761044 188008647052292980 489809074910764812 523157814702288250 279363328483702152 894990189188274228 318555973788329084 340122810048577428 363117512048110005 413766180933342362 536679070310691121 572612058898037559 1089657644424399782 1161537834849962850 1319510599727473500 1406207446561484054 1498478743590581081 2484305294265418180 2816759503217942792
3 4 5 6 7 8 9 10 11 12 13 14 15 16 17 18 19 20 21 22 23 24 25 26 27 28 29 30 31 32 33 34 35 36 37 38 39 40 41 42 43 44 45 46 47 48 49 50 51 52 53 54 55 56 57 58 59 60 61 62 63 64 65 66 67 68 70 72 73 74 76 80 88
7 54 66 266 216 727 484 1080 671 1165 598 985 587 782 442 712 369 558 275 463 224 404 185 374 201 278 129 244 110 165 93 159 77 119 78 87 48 52 38 76 27 43 19 32 17 19 18 31 8 21 10 14 6 16 6 11 8 9 6 9 3 10 2 5 1 8 3 8 1 5 1 1 1
7 67 103 638 633 3653 2852 12948 8602 30560 18465 63141 40998 100963 60454 183170 96231 262922 136870 399073 192827 578899 257877 936700 465837 1050756 464137 1690948 614915 1635733 751812 2279637 991804 3150259 1100613 3619869 1349654 2991020 1531272 6492200 1974898 4958633 1057354 4224772 1863758 5062041 1992537 7636275 1118319 9702666 1927512 14695659 1831946 11679224 1692977 13061213 4385636 18355921 3688552 12341564 4089188 18771315 1663640 14807081 2600312 43757308 13004194 48732170 4087968 104982990 8175936 9289091 53087320
