15 27 28 39 40 51 52 63 64
929 13978 6691 32607 14599 16485 7409 5145 2154
57919 511817 256414 246017 109763 52128 23024 6986 2888
40449485 39111727746101699820 53981115425205345 8412276939131814926 5673902576168576540 781540545947066814 460851204172995943 7067920231990 2141035614948
15 27 28 39 40
241 655 263 122 46
4851 2097 716 175 65
4863276 194054509 22533532 509438 99964
3 4 5 6 7 8 9 10 11 12 13 14 15 16 17 18 19 20 21 22 23 24 25 26 27 28 29 30 31 32 33 34 35 36 37 38 39 40 41 42 43 44 45 46 47 48 49 50 51 52 53 54 55 56 57 58 59 60 61 62 63 64 65 66 67 68 69 70 71 72 73 74 75 76 77 78 79 80 81 82 83 84 85 86 87 88 89 90 91 92 93 94 95 96 97 98 99 100 101 102 103 104 105 106 107 108 109 110 111 112 113 114 115 116 117 118 119 120 121 122 123 124 125 126 127 128 129 130 131 132 133 134 135 136 137 138 139 140 141 142 143 144 145 146 147 148 149 150 151 152 153 154 155 156 157 158 159 160 161 162 163 164 165 166 167 168 169 170 171 172 173 174 175 176 177 178 179 180 181 182 183 184 185 186 187 188 189 190 191 192 193 194 195 196 197 198 199 200 201 202 203 204 205 206 207 208 209 210 211 212 213 214 215 216 217 218 219 220 221 222 223 224 225 226 227 228 229 230 231 232 233 234 235 236 237 238 239 240 241 242 243 244 245 246 247 248 249 250 251 252 253 254 255 256 257 258 259 260 261 262 263 264 265 266 267 268 269 270 271 272 273 274 275 276 277 278 279 280 281 282 283 284 285 286 287 288 289 290 291 292 293 294 295 296 297 298 299 300 301 302 303 304 305 306 307 308 309 310 311 312 313 314 315 316 317 318 319 320 321 322 323 324 325 326 327 329 330 332 333 335 337 338 339 340 343 345 348 349 351 353 354 355 357 361 362 363 369 370 372 373 375 378 379 381 388 393 396
240 1073 3784 7588 14900 19112 29740 30635 38196 33682 39455 32713 36915 30016 33520 27167 30652 23672 27747 22013 25583 20183 23950 18423 22131 17254 20369 16375 19134 14612 18147 14227 16784 13309 15829 12382 15164 11643 13993 11100 13450 9977 12759 9708 12029 9354 11556 8610 10681 8158 10132 7899 9646 7303 9046 7129 8545 6651 8153 6087 7637 5937 7371 5582 7037 5151 6634 5001 6141 4846 6121 4380 5550 4260 5286 4224 4965 3850 4745 3718 4490 3436 4364 3283 4006 3162 3710 2976 3582 2763 3477 2630 3201 2504 3131 2339 2859 2215 2704 2125 2540 2033 2441 1897 2246 1847 2211 1629 2045 1605 1941 1564 1928 1394 1784 1345 1678 1415 1714 1289 1484 1144 1411 1079 1306 1031 1263 990 1138 975 1143 861 1019 877 984 750 968 739 853 680 875 666 808 649 765 657 738 571 631 555 639 551 630 497 615 466 533 450 516 436 488 385 499 341 434 357 428 333 385 301 384 289 363 263 329 288 315 239 369 252 274 218 331 206 266 210 293 199 231 170 210 198 196 172 197 151 170 144 180 147 149 131 151 100 125 89 137 89 130 103 110 91 116 88 100 82 80 70 95 77 90 68 73 82 87 69 76 50 60 58 72 44 67 51 60 55 57 28 42 36 46 36 53 35 35 36 36 25 36 29 34 24 26 19 26 19 32 20 18 16 19 10 30 11 17 20 19 11 22 16 13 18 12 16 8 6 16 9 13 6 13 10 11 4 4 6 11 5 9 2 3 9 9 3 7 7 9 12 7 8 11 4 5 4 7 4 9 4 3 6 9 2 6 6 7 6 5 4 7 2 2 9 6 3 2 2 3 2 4 2 4 1 1 2 2 3 5 2 2 1 2 3 3 2 1 2 1 2 3 1 3 2 2 2 2 2 2
240 1174 5212 13685 38235 72709 163457 254847 485031 653808 1165865 1452996 2394126 2820587 4512658 5012997 7866320 8185531 12837759 13315638 20534879 20528483 32368793 31293315 48525884 47481673 72898710 70446396 107970034 99783304 158862070 147496629 222757745 207596497 314872462 295868970 448874728 404324580 612961821 558762886 857448572 750192123 1166769791 1028518328 1577089131 1398392400 2170919657 1840403777 2770221121 2442696280 3744518584 3223039726 4864760808 4271387180 6231928160 5654869555 8182067791 7049317657 10767300273 9037402865 13592196134 11754920782 17673820967 14559140062 22133019413 18141305502 28288737753 24012825201 34751463496 29517067242 45675486568 36963878336 54840642984 46997752236 68178507928 59213697780 85492658447 74114013613 103646566657 90846335779 128292533340 105834943201 162211547167 132451093606 185842804422 165915158753 230528159173 197093515446 283904941132 240335089671 344184510413 292875295076 410082581720 346755670131 511116913041 423030102798 593839262505 517244050062 711802897186 592044101856 857640287585 761555712957 1012679959074 887854651575 1182237765267 1061321326538 1444970243155 1182586645972 1658032385906 1441580342204 1971148554739 1717360766477 2518568098740 1961196568552 2791490290262 2324533579878 3315684334996 2923914534689 4238062798816 3390090707737 4332523502386 3834550303345 5140225854343 4087776241457 6069591315198 5267689513192 6958149672089 5887629005012 7931111301419 7227467749021 9630538707364 7825093349215 10126614002116 9502644140004 12228229313700 9915822244437 14688413722731 12009829194375 15297898852118 12962934607620 19337607344107 16259192186893 21908897813823 19016935906437 25264896245245 23172563376843 30331322691740 24072747053427 31419680567087 29715472245451 37671305494169 33978310071492 45920001338180 37729695744320 53676808929925 44017908598901 55126349068766 50037455246085 65807724234322 56464370936198 74872571645847 66263607153921 90419703444573 65908151144831 91002812217456 82380880788393 116366044949128 91732312067973 120176356637291 102671559171817 143555867130045 112841690512911 161350499145724 125865514322104 168886296467471 166539599426953 196014049094245 162932666877642 274429583042695 199889127280860 241152120848293 209617355019178 323133886439936 230735070737454 334569881401517 287638520546463 414823514757376 316563074920544 401349137241220 331262479729882 458161131609097 449678694550873 494831848803737 495597396670324 589332681763847 492615334699573 627952755080856 552162061805271 768167808041634 667935258307936 765206555050693 719770399480724 884954905655552 622532160910803 832489958174351 680036353200915 1103013879628899 802807561461913 1307803975075112 1126908136195923 1325744738681128 1142961475066896 1591961740539744 1256567620501808 1697562718634486 1278934849662698 1375208762218934 1298605281370899 2069654105454041 1806392173556147 2207901225099987 1807484723058672 2064750104933063 2474631885505935 2977440842310635 2400562159619073 2927055976451279 2018106565536881 2677936929597018 2909202152148482 4223833444988345 2336894783449262 4054447595551493 3358187875047931 4573932118689392 4281993695049672 5128145514118245 2301920898350075 4340844165610941 4206676156744853 5476244453640347 4465424871070056 7501214807883821 4695746039578072 5765253721192219 6636148796983494 6920585078071158 5103907001032276 8737431388899186 5955810337768262 8346794649865611 6584797933396317 6933327061988870 6785355501381373 8604538634591302 6408042909497761 12241113053015278 8815278943333235 7662502789130050 8826966916436440 10837756087623694 5422518985728319 18831771748677189 7506366162884848 11394408253351506 17106184750029123 17160872637497678 11036373865345336 20882932888995753 17904682916157281 13049662409212585 20289272152763173 14892561906809808 22131176409274068 11829527147501994 9587153663142445 28091694827853668 16398952655074016 25496214499636090 11822145946949153 27305538379013180 22302201158683304 26878077822254756 10163810360182792 11343605954954180 23511438351436440 35948747262827847 17497613708102425 33965842826312953 8145310690076517 12973030184075076 41821632930821568 44573008534811932 15703113209261016 41861575984523695 50105752036698412 60296771212178764 87186206270553243 55661055388168824 82073227520996355 99253565658925314 37690221202574307 50381220802162843 44963957466015151 83383498310384172 50862871828574338 126111519217297744 58523230808274398 46525692013544051 134615866675907832 166786086529950207 38688915062177309 125867237674565454 134916218696655130 169250544065127124 202497953654851428 137746676290120661 119283566310524895 225255942098642888 69601909738881660 74548811553496154 356630929992748005 256488468215728176 137317075630734084 98011287270475750 108618646341702930 180316049518999632 133160260555188400 294613151447401356 168601631272450238 385800440768811040 103151466321735325 110307860425292772 235898983092227944 288235873055747664 493912437497283132 1004412781438415795 429236599486572598 489809074910764812 279363328483702152 596660126125516152 955667921364987252 1089352536144330015 942628128536797560 502957566506000020 1073358140621382242 790738119649411319 1686501577125056854 2876186093737014135 1022141228367345362 3484613504549888550 2812414893122968108 2996957487181162162 3402338855951627050 5290836681377527402 7235425527735208846 8722212341524568228
3 4 5 6 7 8 9 10 11 12 13 14 15 16 17 18 19 20 21 22 23 24 25 26 27 28 29 30 31 32 33 34 35 36 37 38 39 40 41 42 43 44 45 46 47 48 49 50 51 52 53 54 55 56 57 58 59 60 61 62 64 65 66 69 70 71 74 81 101
1 37 45 253 167 556 313 788 402 728 366 648 311 415 217 384 158 279 144 219 120 170 66 169 77 140 57 108 39 90 39 80 25 37 16 39 18 24 20 21 13 10 9 4 9 11 6 8 3 7 2 5 2 5 1 3 3 3 1 1 1 2 2 1 1 1 2 1 1
1 53 63 615 483 2627 2047 9269 5446 19876 11851 40101 21735 53177 33059 93375 40496 117608 75386 162855 95732 201001 88537 345555 152376 425390 216416 527076 234299 658069 349106 798202 299035 646549 248277 825922 507491 936027 1042036 1040334 793731 801999 674672 425309 584917 1369286 931849 1784956 674962 1627469 703242 2824123 1021130 2431976 959772 1995896 1995896 2281954 715220 715220 1121505 2243010 2600312 2012558 2679689 4647040 8785173 12132164 150198136
