0 12 24 36 48 60 72
1 5418 5104 22376 39631 19795 7669
353080 479406 2116072 717509 274816 68494 10537
97946003 102784586 233916292999491 86095606934011217114 11830421758928621986 624414056077044433 5491516154504
0 12 24 36 48
1 989 957 521 127
47537 60690 9457 1439 171
13582998 14015210 239043160 31262610 178964
3 4 5 6 7 8 9 10 11 12 13 14 15 16 17 18 19 20 21 22 23 24 25 26 27 28 29 30 31 32 33 34 35 36 37 38 39 40 41 42 43 44 45 46 47 48 49 50 51 52 53 54 55 56 57 58 59 60 61 62 63 64 65 66 67 68 69 70 71 72 73 74 75 76 77 78 79 80 81 82 83 84 85 86 87 88 89 90 91 92 93 94 95 96 97 98 99 100 101 102 103 104 105 106 107 108 109 110 111 112 113 114 115 116 117 118 119 120 121 122 123 124 125 126 127 128 129 130 131 132 133 134 135 136 137 138 139 140 141 142 143 144 145 146 147 148 149 150 151 152 153 154 155 156 157 158 159 160 161 162 163 164 165 166 167 168 169 170 171 172 173 174 175 176 177 178 179 180 181 182 183 184 185 186 187 188 189 190 191 192 193 194 195 196 197 198 199 200 201 202 203 204 205 206 207 208 209 210 211 212 213 214 215 216 217 218 219 220 221 222 223 224 225 226 227 228 229 230 231 232 233 234 235 236 237 238 239 240 241 242 243 244 245 246 247 248 249 250 251 252 253 254 255 256 257 258 259 260 261 262 263 264 265 266 267 268 269 270 271 272 273 274 275 276 277 278 279 280 281 282 283 284 285 286 287 288 289 290 291 292 293 294 295 296 297 298 299 300 301 302 303 304 305 306 307 308 309 310 311 312 313 314 315 316 317 318 319 320 321 322 323 324 325 326 327 328 329 330 331 332 333 335 337 338 339 340 341 342 343 344 345 346 347 348 349 350 351 352 353 354 356 358 359 362 363 365 366 368 369 370 371 372 373 374 375 376 377 378 380 383 384 385 386 388 390 393
342 2087 5600 15081 26355 50960 83745 123454 142300 164906 172308 182377 173870 170216 153487 141281 123881 110475 93513 85998 76376 71513 64435 63857 59521 56856 53961 52680 49935 49286 46001 45832 44217 42031 40252 39667 37828 36839 35373 34654 33406 32091 30701 30015 29450 27999 27335 26520 25604 24309 23924 22780 22221 21707 20524 19829 19858 17962 18002 17435 16937 16133 15950 14946 15229 14081 13941 13300 13247 12657 12215 11864 11519 10811 10651 10140 9941 9728 9435 9032 9005 8257 8110 7734 7534 7522 7164 6852 6742 6590 6144 5895 5693 5614 5326 5274 5040 4766 4669 4410 4335 4244 3916 3826 3582 3459 3348 3264 3116 3040 2967 2725 2813 2569 2466 2425 2356 2306 2136 2024 2074 1942 1856 1856 1692 1671 1623 1548 1541 1404 1404 1312 1304 1268 1242 1128 1178 1075 1049 1030 1007 981 1006 944 940 836 854 802 900 765 781 774 739 642 621 669 613 594 593 560 603 533 542 476 481 486 474 424 420 375 399 384 354 381 348 340 313 314 313 316 256 274 278 253 265 268 221 245 201 240 220 211 250 194 180 181 190 194 162 155 182 155 145 163 141 162 146 145 118 128 125 116 111 125 125 131 124 89 115 99 93 190 181 113 99 105 94 77 83 88 78 79 71 86 66 60 64 73 69 70 68 47 50 47 53 39 49 69 37 34 47 23 39 30 25 35 33 34 28 32 26 28 32 26 24 27 32 33 18 23 17 21 23 24 15 13 15 17 27 17 18 15 8 15 17 14 12 16 9 10 12 13 12 9 15 13 8 6 15 8 10 7 8 8 10 6 7 14 7 9 10 8 8 7 5 16 7 6 4 9 8 6 6 3 8 2 2 10 6 2 1 19 1 6 2 1 3 2 1 2 3 2 1 2 1 2 4 2 3 2 2 5 1 4 2 1 2 1 4 1 4 1 1 1 1 2 3 4 1 2 1 2 9 1 2 2
342 2320 7782 27940 65364 179341 386106 856288 1420822 2647034 4139674 6914636 9582783 14880286 19677092 27099202 33796594 43720455 49056444 61399937 69068225 81048332 90638127 113063542 128455603 160301025 188396977 230646272 270588136 338929092 386302005 489814469 573419233 691138747 801074842 984725052 1099581437 1349143693 1528709385 1867043516 2101906319 2544778864 2793589411 3402185485 3893012087 4482560830 5140090705 6020149169 6771272064 7812478672 9054920433 10228648177 11632388633 13461518660 14654980719 16989249421 19568617538 20876688184 24185860422 27466500338 30372428894 33969877487 39215159030 41840428103 50885951574 54005112027 61367944617 68501635704 79966134945 85465621427 96846126631 108668148001 119200534414 131763012917 148088721221 159000272033 180532454927 199175552704 221798971599 243501777928 283259501721 293211671114 333843667986 363374929392 391593332508 443706134139 489586329584 525723974827 587155962453 655884411297 672321216306 753050710707 824663486150 903233638507 979244591898 1097920205127 1146649234105 1261150368686 1412870978981 1490800452391 1616421620944 1844764129801 1842908769227 2080841213297 2166787201071 2347084207205 2500071433508 2765155841363 2810411712688 3239347315342 3520740322341 3538078694950 4075634643622 4229672010511 4474876250688 5046209456333 5412424137500 5711141791828 6035337037324 6415748100524 6840874161283 7501767012041 7737777643929 8294736237634 8877310581401 9591485154134 10330841913322 10938360432215 11672852194698 11804899791764 13232651256463 13615267434914 14519429980374 16089802367703 17647762212671 17492027729657 19601338009480 20095792594943 20413625876041 22677250589494 24846168578831 26549385023505 31601454563882 31683421820024 33504557696466 34108583286301 35827817270771 37981288397024 44836579594491 45250787907489 50308892841402 54109025754506 56248394284267 53920633646143 58385508695940 68466806237116 66641631203621 72856447523825 79517449759402 82784348938550 96485052186143 92417456311370 100010647748563 98365729485240 106400888468961 118825967035166 127287453508980 133815237673932 131020026865270 141196540039230 152150273643603 168432436535014 162431225912516 190231828342956 208011252910164 203973458609305 189580962548749 220643001264860 237508044403850 282515800013945 230932432255014 280235118476985 303049879092687 309445728479499 334678892975840 376020079025097 331619140246898 426317066765524 343922716533597 473831971419274 478571232677265 507740322820958 568965070976395 530070506281914 563903350389118 640427676991749 697864125105387 783822560717939 679735197824314 732650604260062 892449147751453 887972896031985 842328158800786 1118497981150900 954202308732509 1302899716939213 1259897274877442 1352594849418020 1134406822104311 1354117569639542 1420705366054843 1459391464621015 1439012120130930 1763616806788085 1999013594599606 2319733996402359 2243049241685129 2183455539503167 2634474413932584 2369197174025911 2244657026814096 4934042371398855 5088100319348868 3879607280454900 3338531675803674 4071494115344050 4052354937263632 3434453037751016 4010355782569501 4511438147327622 4209961904020520 4925572237058136 4493537115188953 6406530800815702 4769657595288123 5074184669364914 6005734103417538 6865510439666607 7641002734032591 8162540892516498 7469057082634403 5736697262380786 7175697786450702 7718195153092088 8445733243254947 7170462600595190 8904204714605815 14466997975928339 7739709264019790 8604802780379195 11558150126189222 6472759558580206 11563048640171356 10559162685356647 8825770492335755 12766161273111492 12765181884500374 16878399871790223 16070272231219188 18113479583321555 14836633659231641 16376145510121470 18897780069409531 18750171083875162 17303521157486743 26222002374454714 27051441582593890 31001399835769539 18754987965592587 25773432137342546 20869492802202493 31464628942073000 27615877483546369 34066595580132527 22044909201116068 20118253022102455 27642606019526226 31625865246754845 55732820409492510 37477335458075006 41479153728427064 42098695087469210 19446254107878441 39470920153992179 48753738868270681 53564360510390316 38871438985139068 56654965608546888 34239334151731322 44945941978969680 52521849932927886 69702721551369280 70382530870298704 54286818808521385 87679059900418355 121689098131877446 55247625136449905 50815810746629829 121325091175466712 89513228015417410 99886152320183891 85989304253232014 83079573339954698 100585246164579141 143062236523716775 100832743781320437 123242184906630841 222022840714971965 139577076040632153 182160832686079189 201614446796244797 158793475637638979 170224099024047182 176290500153226466 144600437914296634 434943117908740854 196245929679542344 173872445343669940 127791062044242926 336446241104537420 293248344399370122 306130725464740358 256488468215728176 177040873159065448 382345293806923459 150473331499304391 108618646341702930 589207255216288675 373292173346343282 137669771892147700 73653287861850339 1601715497088277261 90175434980549623 618908797930411950 220615720850585544 117949491546113972 378325553501389065 269638361246603040 144117936527873832 308087194759152060 493912437497283132 351887119620845506 188008647052292980 401765112575366318 214618299743286299 458544573742434300 979618149821529624 523157814702288250 838089985451106456 596660126125516152 680245620097154856 1938162664595146115 413766180933342362 2011830266024000080 1073358140621382242 610898403751884101 1303377759994413918 741433159884081684 3162952478597645276 843250788562528427 3596701393584353396 958728697912338045 1022141228367345362 1089657644424399782 1161537834849962850 2476115588238250170 3958531799182420500 5624829786245936216 1596675274490756791 3861312144700931624 2056513475336633805 4380802664847530262 20995390786895031024 2645418340688763701 5997928895472904388 7235425527735208846
3 4 5 6 7 8 9 10 11 12 13 14 15 16 17 18 19 20 21 22 23 24 25 26 27 28 29 30 31 32 33 34 35 36 37 38 39 40 41 42 43 44 45 46 47 48 49 50 51 52 53 54 55 56 57 58 59 60 61 62 64 65 66 67 68 71 72 73 74 75 77 84 96
14 332 322 1334 1073 4552 3003 8541 4596 13429 7385 16504 7477 15297 6017 10213 3870 5994 2022 2587 915 1125 395 456 177 294 128 150 95 135 63 84 52 66 59 34 38 50 36 46 27 38 23 27 23 26 17 23 13 15 14 8 12 4 7 13 2 9 7 4 5 2 1 1 2 1 3 1 1 1 1 2 1
14 380 481 3029 2941 21074 14617 81646 49090 287390 161190 841254 381642 1931402 701283 3181668 1062599 4751250 1304038 4838342 1320187 3711338 1032509 2289079 636239 1777643 582608 963926 521008 1161151 544979 952226 619685 1020181 1045561 766436 960299 1726650 1530341 2286927 1321065 2551925 1905538 2049793 2028225 4382434 2345676 3815640 3452253 5165398 4380294 3411948 4135688 1253219 3430493 9897480 1512511 5922711 5643959 4252952 9626149 4641120 1300156 1741630 3247129 4647040 16997980 6175470 7108690 8175936 12371378 31592952 72533807
