13 25 37 38 49 50 61 62
1255 15308 44128 2342 26915 1895 7678 471
48202 741058 362553 19943 85582 6264 9802 592
13371024 128971879984250886 15783331312728637075 104446525697896587 520963570028078743 22411775639113285 592549473186 35278746219
13 25 37 38
267 584 81 7
2817 1744 123 9
432438 40388803 73763 2056
3 4 5 6 7 8 9 10 11 12 13 14 15 16 17 18 19 20 21 22 23 24 25 26 27 28 29 30 31 32 33 34 35 36 37 38 39 40 41 42 43 44 45 46 47 48 49 50 51 52 53 54 55 56 57 58 59 60 61 62 63 64 65 66 67 68 69 70 71 72 73 74 75 76 77 78 79 80 81 82 83 84 85 86 87 88 89 90 91 92 93 94 95 96 97 98 99 100 101 102 103 104 105 106 107 108 109 110 111 112 113 114 115 116 117 118 119 120 121 122 123 124 125 126 127 128 129 130 131 132 133 134 135 136 137 138 139 140 141 142 143 144 145 146 147 148 149 150 151 152 153 154 155 156 157 158 159 160 161 162 163 164 165 166 167 168 169 170 171 172 173 174 175 176 177 178 179 180 181 182 183 184 185 186 187 188 189 190 191 192 193 194 195 196 197 198 199 200 201 202 203 204 205 206 207 208 209 210 211 212 213 214 215 216 217 218 219 220 221 222 223 224 225 226 227 228 229 230 231 232 233 234 235 236 237 238 239 240 241 242 243 244 245 246 247 248 249 250 251 252 253 254 255 256 257 258 259 260 261 262 263 264 265 266 267 268 269 270 271 272 273 274 275 276 277 278 279 280 281 282 283 284 285 286 287 288 289 290 291 292 293 294 295 296 297 298 299 300 301 302 303 304 305 306 307 308 309 310 311 312 313 314 315 316 317 319 320 321 322 323 324 325 327 329 331 332 333 334 335 336 337 338 339 341 343 344 346 347 348 349 351 357 359 363 364 365 367 372 373 374 380 381
413 1893 4493 9355 16696 21304 28273 32456 34202 35413 36224 33567 33458 31866 30320 28412 28274 25290 25269 24187 23105 21712 22252 19942 19902 19016 18496 18034 18448 16391 16877 16178 15506 14810 15253 13615 14205 13104 13161 12400 12797 11396 11820 11263 11188 10365 10928 9603 9643 9368 9171 8797 9169 8093 8343 7785 7886 7479 7834 7022 7193 6689 6809 6230 6671 6065 5941 5832 5770 5289 5723 4876 5043 4877 4863 4653 4843 4231 4440 4157 4140 3894 4175 3592 3723 3452 3517 3193 3444 3045 3204 3014 3034 2808 3141 2594 2633 2529 2469 2358 2456 2165 2392 2111 2075 2046 2170 1803 1922 1824 1860 1702 1839 1545 1668 1613 1519 1481 1585 1331 1412 1269 1317 1248 1323 1096 1208 1165 1104 998 1141 936 1048 959 975 913 1017 838 850 810 780 768 819 702 721 642 632 631 628 562 624 564 526 548 572 494 528 486 540 468 455 368 472 393 393 412 404 314 350 339 337 361 374 292 311 289 276 262 333 257 268 240 232 271 239 239 241 205 204 167 208 171 173 141 164 152 156 132 159 134 124 125 125 122 136 99 123 116 107 116 107 101 91 75 92 88 88 79 83 88 67 65 80 68 67 70 65 59 53 55 64 55 55 44 56 59 43 35 40 30 37 39 42 31 24 19 24 34 32 23 29 28 17 20 26 23 16 14 28 21 15 12 22 12 14 17 14 16 14 10 15 15 13 12 15 9 11 11 6 8 10 8 15 12 10 4 4 9 5 6 9 2 5 11 2 5 3 7 7 6 2 4 3 4 9 7 4 2 5 3 3 6 3 3 4 7 1 1 2 1 2 2 1 2 1 2 3 1 2 1 2 1 1 1 3 1 1 2 1 1 3 1 1 1 1 2 1 1 1 1 1 1
413 2068 6418 17488 44184 84181 160180 284182 462321 713708 1112225 1560398 2213233 3123652 4197295 5298694 7359908 9005360 11586709 15022350 18861614 22509935 29958401 34689808 42696089 53579278 66223866 78105681 100910256 116375709 141422032 173222793 206906317 232468446 300247988 329022800 401626072 475536361 572056485 633130346 792765368 872463183 1035147683 1219133078 1464364927 1559408400 1968715789 2098786427 2396208401 2851733428 3338071990 3592583158 4440639570 4808380921 5445662678 6173627678 7464906859 7920640408 9721767738 10330331100 11848259229 13413503385 15962131499 16035933409 20169044479 22072671878 23916590510 27453784775 32297079062 32404938858 40530362539 40376226424 46346291111 52975464009 62665235826 64399283141 76534892825 79746053398 91767247030 97273858587 117051829942 117467320527 147582315020 144840270331 164163114091 180239707677 218154892983 199977529687 255835633311 258598947614 296140833082 320529862675 393857985513 365921512402 485611011762 453048932105 496506723938 558125547270 658022717747 631117947180 765269776524 776999582517 901815779235 929526945082 1081794416285 1082778525676 1312652389685 1252511087303 1417055108100 1562111404768 1868153476965 1772836959826 2230915472664 2147536148653 2392248173811 2688893177971 3015035520989 2903969794515 3550475211249 3402803178485 3813942216046 4003338966348 4846484134781 4632668751840 5767075458511 5242905450872 6199517232356 6865170571916 7715861164899 7065542618812 9107765805634 8412378042620 9712932282163 10400291557043 12048222315964 11343344263480 15048558116167 13813655627335 14331776311000 16622816595188 18423083296628 18404686240121 22281609213965 20805578944623 22876049998308 23628473543966 27726674487020 27589819622017 30317460479861 29681441924648 35269951261121 37051352547943 39390779099056 41868261835080 49735943816243 45189444914671 53804503508050 55807537842711 70229111474218 61915055264844 70339428358517 59582481186747 82698326745840 77930320536079 88651381413204 98612897711378 103723461015380 89389702293424 101553004198007 118905285171499 128356167883778 143922283101102 165788768438491 148081546522793 152925700062070 169344589299977 188611056340335 182963380949680 257923243565890 205557805115855 241051578304075 259630133329144 244776756786550 310265896876312 307569267417736 313589151031502 358034907498211 351598698135059 375219599109465 332825133157026 452592515667390 410749406297131 436600562640718 418786088337204 505470267019122 548752985550252 600499798405914 494539559585429 635464574054386 579436510633485 675876887274176 667372131559459 799335578997518 815307216948354 950851590555172 813387217773663 1029055779270267 991549532837895 1037819871667157 1248882938037264 1228771519485811 1290698496418188 1185560285809962 1101642742239961 1344674052501989 1504821050351690 1654318439721728 1692294722588902 1847677251921229 1966530289908215 1674239457903644 1890998224129767 2340984582107252 2097212757792174 2373392537904562 2859913427439631 2858486126315828 2675107977350990 2708222313571201 2860226618807226 3640595966816565 3241794157689208 3974961867193866 2935315551413208 4267289658827108 5083908111312298 4288871802742551 3732590737998676 4780170960818029 3227872181242076 4585544917377553 5804948031598853 6965763098116032 5166898485865679 4056014164220951 3861286966045950 4501424212009179 6402748118309946 6403521073794506 4843214371816460 8676113607862937 7659889398941339 5382084664565882 7619206881541182 8760010761417093 8489461681691651 6241585388307098 6228136672615659 13108417826859595 10563327202788374 8780483034201256 6530922239693300 16936907759572245 8791998607942637 10015239195644935 15042527550218411 12367086960057677 13546666206580074 13319982667237014 12556048295244824 17578751809152612 16482331475034156 17497487466411690 15282775960001325 22534357396131537 13364131652627400 19182273726102068 24844062416434169 12738806043003828 16944767340239117 21647942198610278 18232021828080908 37578088516561509 37300621602156305 28771128108149490 12419343395376546 13115443758271540 35250074240289130 19356119482028741 24729398437327224 39548819748852810 9744076112944168 25447189322205184 65921425814619528 11662756574046120 31539550145428294 26425872525433095 49788380878000323 62589937160246952 51132729762268165 18506165873447204 46943304139297909 31245634857501179 44963957466015151 110422962173065185 89456525637919211 55518205890897719 29261615404137199 95245051621033040 52242540399441885 53499848565894954 118758622112485089 64374288112058673 67458109348327565 96950325107978807 194356716972112667 30326181989842964 32488293351466654 67289248220907484 37274405776748077 77193971303748068 85496156071909392 49005643635237875 112313204225748578 64325374609114550 133160260555188400 220959863585551017 78801255302666615 168601631272450238 90175434980549623 192900220384405520 103151466321735325 110307860425292772 126108517833796355 432353809583621496 154043597379576030 175943559810422753 376017294104585960 200882556287683159 214618299743286299 734713612366147218 363117512048110005 413766180933342362 536679070310691121 572612058898037559 1221796807503768202 695143713458946040 958728697912338045 1022141228367345362 1089657644424399782 1596675274490756791 1701169427975813525
3 4 5 6 7 8 9 10 11 12 13 14 15 16 17 18 19 20 21 22 23 24 25 26 27 28 29 30 31 32 33 34 35 36 37 38 39 40 41 42 43 44 45 46 47 48 50 51 52 55 59 67 74 87
3 33 59 184 143 297 220 410 328 532 315 418 245 287 146 199 144 149 72 80 72 68 27 24 28 23 18 18 8 18 14 13 18 7 7 12 9 5 4 4 4 5 2 5 3 1 1 2 1 3 1 2 1 1
3 44 87 476 443 1718 1526 5541 4731 15298 10979 27575 17414 39484 24126 61129 41462 77879 34911 80248 64930 90671 39808 51681 59991 54893 53967 78619 30567 113110 87317 157284 178117 64065 121516 212887 223020 138604 175534 272637 219190 234642 119259 511400 308045 212696 211116 447973 294546 736703 772310 3483260 4087968 26543660
