9 21 33 45 57
176 6230 42910 43374 7302
3336 169959 361366 126935 8748
211188 17709383409 15322554082059897775 843021778000061688 489676612378
9 21 33 45
34 563 262 3
145 1832 395 3
6425 25812322 7045868 385
3 4 5 6 7 8 9 10 11 12 13 14 15 16 17 18 19 20 21 22 23 24 25 26 27 28 29 30 31 32 33 34 35 36 37 38 39 40 41 42 43 44 45 46 47 48 49 50 51 52 53 54 55 56 57 58 59 60 61 62 63 64 65 66 67 68 69 70 71 72 73 74 75 76 77 78 79 80 81 82 83 84 85 86 87 88 89 90 91 92 93 94 95 96 97 98 99 100 101 102 103 104 105 106 107 108 109 110 111 112 113 114 115 116 117 118 119 120 121 122 123 124 125 126 127 128 129 130 131 132 133 134 135 136 137 138 139 140 141 142 143 144 145 146 147 148 149 150 151 152 153 154 155 156 157 158 159 160 161 162 163 164 165 166 167 168 169 170 171 172 173 174 175 176 177 178 179 180 181 182 183 184 185 186 187 188 189 190 191 192 193 194 195 196 197 198 199 200 201 202 203 204 205 206 207 208 209 210 211 212 213 214 215 216 217 218 219 220 221 222 223 224 225 226 227 228 229 230 231 232 233 234 235 236 237 238 239 240 241 242 243 244 245 246 247 248 249 250 251 252 253 254 255 256 257 258 259 260 261 262 263 264 265 266 267 268 269 270 271 272 273 274 275 276 277 278 279 280 281 282 283 284 285 286 287 288 289 290 291 292 293 294 295 296 297 298 299 300 301 302 303 304 305 306 307 308 309 310 311 312 313 314 315 316 317 318 319 320 321 322 323 324 325 326 327 329 330 331 332 333 334 335 337 340 341 343 347 349 350 355 359 361 362 364 374 377 385 389
381 1660 3896 6843 10322 13451 16349 18377 19923 20063 20589 19354 18943 17593 17400 16160 15464 14431 14374 13529 13002 12349 12062 11326 11007 10596 10149 9810 9461 8927 8684 8300 8169 7593 7511 7003 7006 6709 6442 6103 6006 5531 5540 5227 5133 4933 4868 4682 4491 4327 4014 4024 3852 3737 3657 3629 3586 3438 3277 3057 3189 3018 2958 2838 2682 2616 2602 2518 2373 2364 2301 2099 2250 2174 2066 1944 1941 1875 1814 1797 1755 1725 1700 1614 1614 1603 1449 1469 1384 1371 1369 1343 1324 1266 1233 1172 1218 1172 1045 1118 1100 1032 1045 1024 1041 1010 912 875 936 873 845 797 808 805 776 764 738 748 717 683 699 663 648 621 620 600 618 594 553 559 522 504 566 501 515 480 484 445 430 441 429 396 396 401 404 399 328 337 339 327 309 328 331 326 317 320 292 294 261 269 284 263 261 248 264 214 225 247 221 233 202 222 229 216 199 197 190 185 205 167 175 167 158 179 196 167 146 155 146 115 145 137 126 147 110 146 118 121 116 96 115 113 102 95 99 112 92 100 109 78 82 86 80 71 78 70 84 59 55 63 59 66 62 56 64 56 59 55 54 45 53 36 35 36 45 49 42 29 43 40 43 36 31 32 31 22 34 24 28 33 29 25 25 24 33 26 27 26 28 15 23 13 24 21 21 26 16 13 13 13 21 15 11 17 11 7 14 19 14 11 11 15 12 17 9 6 6 10 13 7 5 6 7 11 7 7 12 9 5 7 4 3 3 5 5 1 7 6 1 4 4 4 2 7 5 2 3 5 5 2 1 2 1 5 2 4 2 3 1 2 1 1 2 3 1 1 2 1 1 1 2 1 1 1 1 1 1 1
381 1803 5552 13456 29532 57777 104437 179546 293791 444913 674802 956532 1352267 1810939 2529532 3249667 4279930 5400746 7190118 8991298 11406606 14173376 17462514 21548018 26339128 32356500 38898437 46886912 57156024 66352963 80493545 95363110 114366988 128541707 156108055 176370250 214935103 251882092 293051113 327356693 387615660 438125401 517228324 581353548 681091320 760229468 897802308 1010908912 1146006633 1295257619 1422052696 1620951994 1852412318 2080604160 2400229205 2763075805 3221055379 3574037250 3888148363 4337379462 5204296225 5632552951 6281387047 7039889528 7667438261 8616760415 10073874824 11021285478 12094203957 13843371405 14890681081 16332604353 19268878498 21453776706 23099743839 25488241528 28644467550 31782918534 33847005966 38443232300 43393996388 48245895312 54269154697 57777776195 66469926791 75427315276 78369759639 87584963222 92329513695 106833566217 115488923387 129427342960 142488774799 155462236444 173452568168 191452662613 223766606040 234897073086 227725996402 287456568047 302327153011 322451713338 375780423567 415713672193 459758916387 510337615982 516226911288 547329087739 666705569299 706997130938 745369395693 763125829451 896144994567 983850659822 1064591890639 1178808536618 1268241839913 1379170984551 1465186154541 1732027453918 1776590753650 1990013110754 2060988007578 2210051798955 2431978001053 2540299646658 3016071281232 3218686784770 3211190011830 3842168699207 3761554820399 4079127274567 5201834326572 5070114925078 5502433201681 5790181017724 6365076730383 6778993577511 6863768137040 8234255590658 8602963606923 8721581155165 9760559285125 10989956652651 12312871329110 13331589510454 12194599131352 13385223979661 15339302102501 16374272036221 16699149704675 18726495694774 22275878715140 24065649404137 25336229984840 27692286832060 29057064911738 32154738320752 29600818535928 34166901364033 40112338862563 40553771966374 41231795511609 43740687683623 49498450531095 46882764743317 54232247561626 65405508872076 63550869824444 73118410565549 71091439872143 85108665117301 93921656840824 93509788445638 101115068506449 104828304266503 105615567774446 125174446344280 146381271155205 130622853733635 148195425523529 160007331852526 156953573819186 191077076562203 239615746277756 209413290004713 200223203984052 238336543133029 242768600596944 208916604471162 292890899249760 305383767618519 291785583747132 367315110030011 320531267927036 449590360715081 391768429979149 457913529181884 444211148865335 432492090445047 522434921271732 559163663145020 537609244136754 538675227452030 658248564181800 743868461829645 628683486434987 832602955497550 1011794331793383 789567719652949 885660128961237 1000901008781769 992583837256071 985781391982148 1216728905785716 1069147290356645 1530441214578210 1110738174531459 1066115021823563 1402302558464122 1460028437918424 1771791617853517 1735039460925025 1647216353356512 2054634902982042 1865954823400875 2254029172097578 2249146534356470 2483335426574958 2233853790697329 2618522217225405 2051501609947536 2085411798408229 2386862724441399 3263966017478496 3781629706985296 3570917674597287 2457671793419994 4295474329259224 4460718582236318 4773798719732797 4242609238791709 4071855921558057 4429130627342950 4953502714564651 3471902524926715 6275867579103124 4344831972285218 5272946102919536 7738822316837231 8709180645545946 6241105071932120 7149952779390099 7856948875969909 10342611090978851 8658805873631370 12474319136455637 10003607587624252 11491429952875406 6492237522543617 12279122207020793 7669967790299268 15079812856644538 15451551223298614 15660386650782025 18793272493056157 13411678588012447 11330636519502867 12024332291223378 11972104192997475 24994919641940469 16482331475034156 14979697752715535 23643666322166357 16053735216251638 10322170666925050 24933420365665322 39713363591422908 26014754768144916 21583513884424879 25264712526438105 36641948864364765 29443631634406038 51639482770096708 25626141703837915 20808868093563749 19910611782245086 38902505076360183 49159837824102081 32581242760306068 25946060368150152 33090911606590994 41150302531466200 65532804192422595 47067797486329390 44512898399586470 81194321644766257 72740791047846828 45428073777495960 58572730256689220 36379745085635831 29115027721530604 31245634857501179 56399499543837255 60512414154739964 13162217895057704 95961304346293132 102927798951268791 16239786535829663 66133539740636284 72171336865495318 97395256886931563 41475522799929836 180916232007629804 121600431258809297 52831615267132652 109441655949124658 177914768641363862 160279355395709580 69601909738881660 37274405776748077 79839131053999982 39919565526999991 222813231702643476 140550360722393931 217237292683405860 120210699679333088 192976123827343650 64325374609114550 142488173807924189 78801255302666615 84300815636225119 186625545172752383 353848474638341916 126108517833796355 144117936527873832 376017294104585960 214618299743286299 229272286871217150 318555973788329084 827532361866684724 471314064268398780 502957566506000020 572612058898037559 1089657644424399782 1319510599727473500 2190401332423765131 2816759503217942792
3 4 5 6 7 8 9 10 11 12 13 14 15 16 17 18 19 20 21 22 23 24 25 26 27 28 29 30 31 32 33 34 35 36 37 38 39 40 41 42 43 44 45 46 47 48 49 50 51 52 53 54 56 58 61 62 66 67 69 70
4 31 48 107 85 198 110 224 122 190 98 156 85 116 80 104 56 54 39 47 27 38 31 33 11 22 17 25 13 29 18 18 8 13 8 12 7 6 4 7 3 7 5 10 5 2 5 7 2 6 4 4 1 3 1 3 2 1 1 2
4 40 79 269 287 1201 798 3131 2078 5460 3250 9636 7071 16512 11183 25179 17392 24838 19465 30872 21470 52574 36347 65599 28177 72555 61057 126320 69172 178604 113434 227831 83470 150536 173566 261143 222011 152966 133804 288506 196648 575705 338226 711234 600921 286044 698492 1609738 396781 1478613 1087864 1083415 563178 1512511 526823 2721446 6108878 3010998 2012558 4647040
