5 6 8 15 16 17 18 19 20 21 22 23 24 25 26 27 28 29 30 31 32 33 34 35 36 37 38 39 40 41 42 43 44 45 46 47 48 49 50 51
2 2 1 1 6 29 39 35 47 214 688 1385 2593 4187 5402 5134 4452 3744 3320 3228 3107 2889 2481 2000 2157 2631 3367 3996 4608 4865 5027 5225 5588 5560 4983 3476 2176 894 435 26
2 2 1 1 6 33 43 39 51 261 927 1988 3839 6032 7400 6786 5870 5039 4497 4332 4097 3707 3112 2507 2661 3237 4092 4728 5627 5991 5931 5962 6439 6178 5351 3603 2199 894 435 26
2 2 1 3 30 3760 9349 16102 10044 51318 4073116 207042933 15304994329 175358844206 392971882884 544480357665 777145605724 983270376486 869895510885 623587010396 328306675632 84063441855 33461786469 96477592834 319885228995 69340108939 36779399175 60955964389 185564142378 1338457004623 887503857478 284257177927 419506311902 1983746842993 810654354876 68789339461 4689381163 157299715 1625005 198




3 4 5 6 7 8 9 10 11 12 13 14 15 16 17 18 19 20 21 22 23 24 25 26 27 28 29 30 31 32 33 34 35 36 37 38 39 40 41 42 43 44 45 46 47 48 49 50 51 52 53 54 55 56 57 58 59 60 61 62 63 64 65 66 67 68 69 70 71 72 73 74 75 76 77 78 79 80 81 82 83 84 85 86 87 88 89 90 91 92 93 94 95 96 97 98 99 100 101 102 103 104 105 106 107 108 109 110 111 112 113 114 115 116 117 118 119 120 121 122 123 124 125 126 127 128 129 130 131 132 133 134 135 136 137 138 139 140 141 142 143 144 145 146 147 148 149 150 151 152 153 154 155 156 157 158 159 160 162 164 167 169
592 1732 2846 3442 3653 3475 3411 3262 3206 3095 3044 2832 2860 2696 2685 2550 2556 2431 2348 2309 2210 2152 2142 1997 1973 1860 1818 1819 1698 1648 1652 1656 1624 1480 1474 1423 1349 1319 1285 1272 1255 1196 1157 1129 1038 1024 1002 995 959 897 851 862 871 773 737 755 720 697 688 659 649 597 597 570 591 536 503 516 495 436 488 428 427 433 382 367 361 368 321 333 350 313 315 275 273 276 254 249 252 244 199 230 217 179 166 187 168 159 143 159 142 129 118 111 135 104 111 99 102 103 82 89 82 80 78 81 64 74 65 54 51 57 47 45 44 38 48 34 46 36 37 31 28 29 29 26 22 19 20 25 15 18 11 15 11 11 8 9 7 8 6 8 6 5 4 3 6 1 4 2 4 2
592 1740 3917 6832 11407 16837 25521 36241 52396 71687 100442 127836 177912 225994 301063 378055 501258 619432 778250 992864 1214524 1499412 1900504 2227566 2773831 3259525 4013565 4943093 5698480 6811394 8412405 10270559 12396559 13798085 16909426 19456562 22310517 26248807 30628695 36632809 43205001 48932337 56107504 66081637 72168102 84869877 96473230 115413792 129736387 144603627 160292099 189970924 226599527 235707758 260917649 315511238 347906636 394674472 449837230 508534058 577863618 621236178 716932868 787687035 950364593 995080102 1073771952 1278523257 1412201923 1439024660 1854848315 1867911246 2146208833 2485823869 2498522445 2762465882 3115507584 3653167096 3640150234 4296379581 5193493900 5296502228 6096638445 6016234873 6813718395 7907084581 8265112941 9149512298 10500423470 11521906860 10727364955 14129608440 14948220007 14025952153 14658324596 18886858510 19169880244 20382536692 20697841972 26070153609 26313959869 26783327396 27665787132 29359044175 40074506995 34963959888 41605907621 41980693716 48479634808 54768481592 49135252112 60002208868 61428989356 67567883408 73756581685 85523137815 75715836481 97278932828 95717363027 88954918866 93871146665 116353244943 107456910003 113811151529 125045382000 120198839376 168210498536 133071386030 200149615600 174069787320 198738669800 183714276416 185383264892 213052255848 236322180155 234931737976 220342796960 210855255304 245846836620 340273747375 225988172025 300072405744 202843226520 305864741355 247947198895 273997438099 220136420792 273498047802 234845936479 296218841600 245119411878 360484996656 298117730526 273851681620 241426693120 199479546291 439393462554 80630964769 390650914220 236318136854 627677901180 378669645158



