16 28 40 52
2299 30658 48804 18230
31156 477420 211684 30380
22238546 6793278856628848600 5931701365575118347 994798415410316
16 28 40
354 461 25
2170 941 29
1293169 48026977 32539
3 4 5 6 7 8 9 10 11 12 13 14 15 16 17 18 19 20 21 22 23 24 25 26 27 28 29 30 31 32 33 34 35 36 37 38 39 40 41 42 43 44 45 46 47 48 49 50 51 52 53 54 55 56 57 58 59 60 61 62 63 64 65 66 67 68 69 70 71 72 73 74 75 76 77 78 79 80 81 82 83 84 85 86 87 88 89 90 91 92 93 94 95 96 97 98 99 100 101 102 103 104 105 106 107 108 109 110 111 112 113 114 115 116 117 118 119 120 121 122 123 124 125 126 127 128 129 130 131 132 133 134 135 136 137 138 139 140 141 142 143 144 145 146 147 148 149 150 151 152 153 154 155 156 157 158 159 160 161 162 163 164 165 166 167 168 169 170 171 172 173 174 175 176 177 178 179 180 181 182 183 184 185 186 187 188 189 190 191 192 193 194 195 196 197 198 199 200 201 202 203 204 205 206 207 208 209 210 211 212 213 214 215 216 217 218 219 220 221 222 223 224 225 226 227 228 229 230 231 232 233 234 235 236 237 238 239 240 241 242 243 244 245 246 247 248 249 250 251 252 253 254 255 256 257 258 259 260 261 262 263 264 265 266 267 268 269 270 271 272 273 274 275 276 277 278 279 280 281 282 283 284 285 286 287 288 289 290 291 292 293 294 295 296 297 298 299 300 301 302 303 304 305 306 307 308 309 310 311 312 313 314 315 316 317 318 319 320 321 322 323 324 325 326 329 330 331 332 333 334 335 336 337 338 340 341 342 345 347 349 352 355 356 357 359 361 363 365 371
349 1664 3999 7449 10987 14671 17153 18781 19328 19888 19507 19036 18672 17531 16767 16005 15305 14889 14154 13676 12957 12566 12278 11774 11356 11098 10571 10488 9919 9751 9298 9059 8860 8634 8316 8163 7931 7796 7330 7291 7056 6860 6773 6514 6288 6089 6011 5819 5628 5684 5381 5248 5043 5025 4738 4704 4536 4571 4371 4299 4206 4160 4019 3903 3710 3600 3439 3391 3210 3158 3069 3067 3021 2981 2760 2727 2730 2706 2535 2573 2434 2331 2365 2278 2224 2178 2129 2122 2107 1999 1895 1935 1720 1765 1682 1592 1570 1641 1531 1491 1441 1465 1408 1343 1311 1302 1293 1304 1258 1216 1149 1103 1085 1117 1029 1014 951 982 912 838 871 864 857 828 831 732 771 718 715 742 705 684 674 702 648 600 627 628 611 602 540 562 535 508 530 589 444 471 483 488 457 419 416 404 434 385 379 358 338 314 360 328 321 306 340 313 302 252 257 293 247 206 245 247 241 222 215 226 214 207 222 200 189 204 230 199 173 203 180 159 181 146 176 165 147 137 142 149 127 135 112 116 147 135 125 102 114 118 123 126 115 108 118 109 98 89 95 88 77 81 76 74 72 78 61 68 66 73 72 63 56 73 64 57 61 64 50 53 47 36 52 55 47 46 37 45 38 39 37 37 44 32 29 33 27 44 36 41 20 33 32 24 22 19 31 30 22 29 26 19 14 24 20 20 19 12 17 12 16 17 15 16 10 11 11 14 14 5 12 12 4 3 8 10 10 9 6 12 6 8 10 5 6 8 3 4 4 3 5 6 9 3 5 4 3 5 2 4 3 3 2 3 4 1 5 4 2 1 2 5 2 5 2 2 1 2 3 2 1 1 1 2 2 2 1 1 1 1 1
349 1802 5669 14697 31172 63021 109596 184854 289551 450551 655915 946207 1327928 1797743 2407454 3164517 4114748 5377176 6800332 8685856 10728544 13546442 16847493 20750021 25002636 30624700 37088366 45586349 54577759 66572423 77972739 95064557 112956355 134422037 159906147 190512136 225548133 269643172 302890442 366472648 420637233 493849436 568831866 675011109 768005462 899525168 1033894211 1181783558 1344094402 1603613509 1830330113 2078562229 2361091813 2715406155 2992484134 3519922406 3915772305 4574036483 5112327117 5877369810 6646072850 7774919210 8683381250 9723064061 10650607173 11991603645 13273319612 14864798571 16320342020 18539374710 21032030502 23727260041 26941702152 29880963663 32416725257 36008505229 41681720055 46402624405 50251650022 58578797146 62990481466 67586178800 78559642705 85365203507 96659797613 109337682288 115965060563 129647765374 145370264649 156141522589 170256901117 197567836253 193138135313 224133891988 248437054212 264352542558 292680643203 336907160515 349975696905 391379169294 426751156696 483136832844 519302524594 561504853424 626298739386 689587020198 779212067225 855035112256 898929975151 1017523217902 1060772356226 1132712649726 1234897262341 1427917834870 1534827094207 1682835149582 1670834020436 1918924371930 1957543897443 2113517180683 2331831494382 2585355410893 2901764937200 3120883210491 3407685309230 3316615480716 3907891942607 4141761375814 4513562621976 5234343932308 5275205448967 5751608724731 6180350957681 7335090505264 7805544411210 7627656571284 8570341357562 9334778000900 9970470418769 11629595581115 11224979318651 12920881370466 13732297901055 14685785518953 16623012721141 20425775044575 16962620240014 20432883157555 21980091068237 25202134834986 25993359417411 24518337740649 27921249229535 29263259557112 36163561871758 34892132113415 37254058207644 39709938275023 39921757003992 42196132596948 51034071912919 50252113309982 55168511932267 58027414076610 71727489388562 70063215838039 75376295250249 72215286794504 76183989750770 98018425985084 87215754972551 82032557069839 106931882180574 112658163374649 122655545367055 121841995794800 137544078657360 148742399189929 151045672337925 169893074977715 185873574387922 175475983123907 194392301974937 218254901220825 274173762788035 257453784666844 253865112763738 333628595184911 297979060948769 279875796013267 363477272549738 326300957609468 424819637435905 411090335001971 435639205765289 427611998259040 447689584779434 546881881473212 487348532332106 586321095806886 543673081738378 585976708475570 817650029065701 843711992535847 798962407807831 731518788405898 927073883829548 1003827184425975 1131948306517878 1263202690065677 1201453217498948 1283144826276741 1556214953465848 1467051444804709 1421726665288809 1419657329128131 1679387892991950 1678447896325738 1597688454442744 1888051763925140 1885003695217571 1874360610118311 2113978617780304 2321089962260709 2179500863691179 2593030217976265 2514936177342374 3047158863621062 3281699036164837 3294619202051931 2969241124433045 4408376316624949 3891268653627461 3788020868406609 4533458219116156 5488695806432366 4535563743160989 4484017838165006 4693673690620915 3958194192762433 5949434774734860 7102774280819647 6451100818475506 6586568907770068 5983370290485383 6932054329821929 7770619794361471 7209682349248358 8400199192011992 9304641730205521 10284191099985086 7857710946477730 7991759970195308 9789225317803567 9156538225923850 15714369200399332 15347338574419565 18221863910326433 8871177332941848 17087758850410799 16747879602168823 13777739508038359 13265879607725916 11939936173005383 21010187775310953 23168830246616488 18249823405599464 27824636216716224 25979307000688770 19560556367669680 15009908865818289 29665686442156734 24627367041767996 31021423451939617 29174253224413788 19015129913321200 28308156683209118 21927085894451917 29405025963725139 33539945501908347 31408587504411230 36464043656161816 26520610932838782 33442599155185448 33618704644098500 46074819567918303 48859221019498279 24292781732075971 49669531472270641 48871864140459102 17192418712662171 18474797437174742 40787969518184612 55064062052915251 63103233181891385 61738369555905869 39878396796708014 87699921204867996 47630807003225784 67193226532154245 89367896060943135 47621193594977808 63217628555147696 90706125777303567 35140302174873673 49076872076917860 65811089475288520 44404568142994393 80102098882175846 116027292945442905 166786086529950207 58706341824754254 104409141637212563 90458116003814902 73950318452491470 128547635202359958 56610040681992006 121304727959371856 97464880054399962 102090203090348314 74548811553496154 119758696580999973 170992312143818784 45772358543578028 280783010564371445 240421399358666176 128650749218229100 68834885946073850 142488173807924189 394006276513333075 168601631272450238 450877174902748115 192900220384405520 206302932643470650 117949491546113972 252217035667592710 395746879080399395 329274958331522088 188008647052292980 214618299743286299 261578907351144125 637111947576658168 680245620097154856 726235024096220010 413766180933342362 471314064268398780 536679070310691121 610898403751884101 899175348396088349
3 4 5 6 7 8 9 10 11 12 13 14 15 16 17 18 19 20 21 22 23 24 25 26 27 28 29 30 31 32 33 34 35 36 37 38 39 40 41 42 43 44 46 47 49 51 52 54 56 58 60 63 65 66 67 73 81 86
6 32 41 122 100 278 184 279 172 241 145 206 109 192 83 169 71 91 53 66 44 83 37 51 39 23 16 25 14 26 10 25 13 15 10 10 6 14 6 3 3 4 1 3 2 2 3 1 2 1 1 1 1 1 1 1 1 1
6 38 59 295 315 1493 1330 3507 2683 7076 5032 12905 8287 24447 13816 41486 20713 42943 23682 47137 39736 99386 47868 98451 83629 66739 55528 101154 73585 162870 81733 306516 132113 204606 166395 225504 149865 527540 204036 165610 157674 201382 53174 275874 239484 567652 536657 408452 761475 386155 1053646 1430440 1300156 1505499 3010998 3087735 10619863 20506255
