23 35 47 59 71
3857 24161 41952 21321 8703
2884088 908154 324389 78664 12362
1102966546092453 16491320040670019083 6307494088611363159 577792960079256728 11773534262777
23 35 47
723 651 156
9988 1774 219
185287637 52551965 487301
3 4 5 6 7 8 9 10 11 12 13 14 15 16 17 18 19 20 21 22 23 24 25 26 27 28 29 30 31 32 33 34 35 36 37 38 39 40 41 42 43 44 45 46 47 48 49 50 51 52 53 54 55 56 57 58 59 60 61 62 63 64 65 66 67 68 69 70 71 72 73 74 75 76 77 78 79 80 81 82 83 84 85 86 87 88 89 90 91 92 93 94 95 96 97 98 99 100 101 102 103 104 105 106 107 108 109 110 111 112 113 114 115 116 117 118 119 120 121 122 123 124 125 126 127 128 129 130 131 132 133 134 135 136 137 138 139 140 141 142 143 144 145 146 147 148 149 150 151 152 153 154 155 156 157 158 159 160 161 162 163 164 165 166 167 168 169 170 171 172 173 174 175 176 177 178 179 180 181 182 183 184 185 186 187 188 189 190 191 192 193 194 195 196 197 198 199 200 201 202 203 204 205 206 207 208 209 210 211 212 213 214 215 216 217 218 219 220 221 222 223 224 225 226 227 228 229 230 231 232 233 234 235 236 237 238 239 240 241 242 243 244 245 246 247 248 249 250 251 252 253 254 255 256 257 258 259 260 261 262 263 264 265 266 267 268 269 270 271 272 273 274 275 276 277 278 279 280 281 282 283 284 285 286 287 288 289 290 291 292 293 294 295 296 297 298 299 300 301 302 303 304 305 306 307 308 309 310 311 312 313 314 315 316 317 318 319 320 321 322 323 324 325 326 327 328 329 330 331 332 333 334 336 337 338 339 340 344 345 347 351 355 359 360 364 366 370 372 375 378 384 387 396
275 1388 4253 10124 18355 40823 61113 91424 114011 138284 133883 137767 128466 126996 120273 123077 109632 111061 102686 100573 92900 93645 86243 88380 80631 79814 74590 74591 66574 67426 64421 64088 58750 59585 53551 53526 49669 48411 46496 47688 42090 42784 40101 38386 36041 35988 33524 34124 31788 30616 28726 28910 25614 25831 25394 24251 22773 22991 20637 20409 19264 18169 18262 18015 16619 16415 15648 14682 14274 14016 13191 13482 12641 12036 11671 11395 10353 10110 10436 9802 9510 9257 8627 8424 8106 7816 7946 7624 7140 7045 6778 6327 6152 5990 6080 5755 5809 5232 5177 5031 4702 4644 4735 4442 4384 4117 4039 3964 3663 3493 3683 3471 3290 3171 3157 3030 2880 2855 2783 2768 2686 2487 2398 2298 2252 2120 2196 2061 2023 1918 1820 1877 1737 1668 1671 1663 1536 1478 1388 1358 1360 1289 1267 1262 1219 1042 1058 983 984 916 920 918 975 817 774 762 830 669 704 650 681 618 590 560 669 583 489 484 504 418 433 360 396 389 354 349 350 327 307 323 315 292 306 299 241 253 220 229 257 246 224 194 245 192 205 196 173 195 195 179 231 161 143 141 151 120 147 175 134 145 114 119 126 125 101 116 105 80 115 88 85 112 99 81 103 67 72 76 89 66 100 81 75 72 73 60 151 56 54 59 51 43 72 42 37 46 42 28 48 37 27 25 34 23 39 25 27 40 31 22 40 28 21 38 26 20 28 23 24 19 23 16 18 23 16 15 14 22 16 20 7 17 15 5 5 6 4 17 11 5 11 10 6 14 4 8 5 7 3 4 9 4 4 10 5 6 5 1 4 4 5 8 3 4 5 4 4 5 6 4 3 6 2 2 5 5 2 4 5 2 1 2 2 1 1 1 1 1 1 1 2 2 1 1 1 1 1 1 1 1 1 1 1
275 1528 5935 18586 46261 136286 272837 598550 1058084 1958526 2835426 4652622 6386506 9524452 12852868 18844762 23319273 33384798 41228123 56406194 67889540 91880345 108372256 147248848 169555053 223170420 259107684 342020674 371523187 488111558 564992086 715881384 802896532 1033675762 1121839496 1439489228 1558483530 1945551486 2162248849 2772770108 2875446935 3660977323 3964377018 4882855770 5208209825 6483348938 6859939957 8555854756 9257026389 11070573940 11804132139 14729973492 14688412223 18202244293 19773799175 23363522694 24597458140 30235049683 30064496886 37125816931 38116754348 44630821139 48640543244 56669524783 60259969626 70822619240 73575678435 86459167372 91449929785 107280570191 108599332856 133955299408 140030874359 158679762669 167533028371 196767042853 194956312219 227424089532 253532437731 279681004186 310779065847 345028359282 354099080914 413392648062 437326629014 493425013637 535541097962 602489884535 645609663125 714994217594 759529194491 819221898406 891751963357 965909463940 1105685521669 1145888112929 1374310677987 1408302028100 1523399468768 1645056079113 1726582892987 1921124819117 2164929277712 2359120605329 2699029418897 2621603715690 2932815249619 3201441760920 3328151772878 3644378248441 4240754643910 4345077951558 5073726141380 5225216688402 5681540611897 6118800237966 6412604465327 7040208276231 7800552383102 8880984381489 9652182520502 10167894937254 10249419136257 10790659515636 11943017867393 12436587765552 14346211972819 15100950807512 17769652262946 17631182282227 18467369295140 20853094351566 21053736635967 23997924096475 25959941482910 27594227037912 30976171896644 31738297222786 32328855306383 34965023676457 36819947403135 38295685769142 44484760013320 48017316003452 53881378024109 51578696490584 54659758491647 54960153895491 60448921649057 63691741495332 69596711086226 79502269428943 92000292001153 83113933574586 86494773952069 90841888174121 106602716034837 97556572174593 107675325997104 110835037833322 138281747243345 126702130774118 129821964056703 137178507286297 157373254906986 147845109767268 159120811346343 163709180580963 190719852068018 153958527691703 170776599484667 146670668081636 183026932966991 186928438707654 197017713917740 205631474108155 222840525465812 240822467948455 234495634950525 276219188942235 299265903765627 292080356389641 338308966322767 367345064473687 323069759017936 364080402415904 350561184222979 397269053932786 480235443965917 493542086588849 480932147598668 472213039831560 652478458101162 578087515305982 620509844187246 715142442895784 649537783884950 751980386555043 879008331618920 856326996098499 1155965375899759 905540835755210 862637361793351 963051833426081 1122448994871687 989006570108579 1194865706920319 1742371227893270 1285680058750322 1596948296385095 1340764046779193 1466602217438491 1667490694783746 1916289723560833 1562987463541541 2098252456323413 2203998875471665 1641562260429380 2419216344330402 2233141893846300 2409249375830136 3027056450343159 3240385216404617 2818734708934299 3422959736037191 2775709361802193 3181894046258536 3540788075355512 4839613552401176 3394878218793747 5603977004249422 5716850085115650 4660944147678134 4946785191882549 5891260603583954 4729877437379154 12494031676239115 5532552638809893 5140284934362840 6601098812712177 7304279162113357 5703720369295096 9803496659539260 7005751022299536 6669245800597835 7511648439799741 8898681911590411 5402983394856502 10235315387378122 8573986264046857 7011010764499487 6562756579789390 11239924274824578 7741741088605586 13930284010643530 10005402613238022 11379003465523378 17719039198666340 14720935104904936 11550628753089171 30074035792662258 17412156395462109 12976941249267069 25985548797385328 19690203445435985 16727400866272283 22381114650462481 23509726788205712 23022782272521102 21553278651495035 26357549997012464 21032339268727325 24047890279919097 36764751817538374 23124503355504241 25250696134369100 25780767646025334 41574613526497969 33807668810042043 42455695102381479 14750662345347848 42741481672994482 38892508215756882 13472445324235838 14090615155381898 23747797887493304 13590336047947092 63230088166929162 42364669800128535 24142465703131878 51892120736300304 51227924114194538 30681560391958856 80847295779486678 22491970767802420 67778133438001384 34350074703862412 63206366232077232 24090745154829120 41331737705759170 80747399785478110 39046000113934105 41176607249904680 142436360249501232 60512414154739964 89456525637919211 95004859576070831 15142952738857194 62765478549373714 68482326935271548 109514313464696046 190752698384933383 61492949562506781 87374294767546010 121600431258809297 126781933719624122 113220081363984012 151630909949214820 190605537385552544 167066789793281622 106876315515629737 268856319687992281 85496156071909392 88520436579532724 287567291628107556 251941019363370907 112313204225748578 284731758291163700 317406848276124744 133160260555188400 73653287861850339 157602510605333230 180350869961099246 96450110192202760 103151466321735325 110307860425292772 117949491546113972 154043597379576030 164637479165761044 188008647052292980 489809074910764812 637111947576658168 413766180933342362 441622981929358437 572612058898037559 651688879997206959 843250788562528427 958728697912338045 1161537834849962850 1406207446561484054 2056513475336633805 2484305294265418180 4361106170762284114
3 4 5 6 7 8 9 10 11 12 13 14 15 16 17 18 19 20 21 22 23 24 25 26 27 28 29 30 31 32 33 34 35 36 37 38 39 40 41 42 43 44 45 46 47 48 49 50 51 52 53 54 55 56 57 58 59 60 61 62 63 64 65 66 68 69 73 76 77 78 79 80 91
5 53 81 318 268 668 466 964 589 988 558 969 462 682 376 562 264 481 241 350 180 264 157 258 128 219 94 166 80 150 55 120 52 91 36 85 42 46 28 40 25 27 35 50 12 16 13 37 19 14 7 16 7 6 7 11 8 3 6 5 1 2 2 2 3 4 1 1 1 1 1 1 1
5 61 134 831 803 3757 3076 12532 8812 29059 19455 64556 33700 93863 60521 157733 80113 258910 133236 303568 177043 367994 259744 605547 309758 858179 367143 950774 518380 1598515 552164 1703705 651973 1799885 665754 2574876 1130983 1696615 1180453 2543252 1225706 2468783 2815679 6150135 1239925 2125433 2113627 9629051 4571995 3641478 2367501 9312066 3012020 2500509 4973155 7901383 5280499 2879602 6908308 7225493 966467 2630107 3865868 2421661 6966520 11031670 4087968 10785566 10785566 7089500 14179000 9289091 44108109
