25 37 49 61 73
4654 29934 39105 20562 5738
696613 771905 245537 63114 7025
9642432237618760 48618141539048491999 6219996956186375196 251125250783029218 237828823797
25 37 49
433 551 84
3158 1149 106
118457097 16180853 109964
3 4 5 6 7 8 9 10 11 12 13 14 15 16 17 18 19 20 21 22 23 24 25 26 27 28 29 30 31 32 33 34 35 36 37 38 39 40 41 42 43 44 45 46 47 48 49 50 51 52 53 54 55 56 57 58 59 60 61 62 63 64 65 66 67 68 69 70 71 72 73 74 75 76 77 78 79 80 81 82 83 84 85 86 87 88 89 90 91 92 93 94 95 96 97 98 99 100 101 102 103 104 105 106 107 108 109 110 111 112 113 114 115 116 117 118 119 120 121 122 123 124 125 126 127 128 129 130 131 132 133 134 135 136 137 138 139 140 141 142 143 144 145 146 147 148 149 150 151 152 153 154 155 156 157 158 159 160 161 162 163 164 165 166 167 168 169 170 171 172 173 174 175 176 177 178 179 180 181 182 183 184 185 186 187 188 189 190 191 192 193 194 195 196 197 198 199 200 201 202 203 204 205 206 207 208 209 210 211 212 213 214 215 216 217 218 219 220 221 222 223 224 225 226 227 228 229 230 231 232 233 234 235 236 237 238 239 240 241 242 243 244 245 246 247 248 249 250 251 252 253 254 255 256 257 258 259 260 261 262 263 264 265 266 267 268 269 270 271 272 273 274 275 276 277 278 279 280 281 282 283 284 285 286 287 288 289 290 291 292 293 294 295 296 297 298 299 300 301 302 303 304 305 306 307 308 309 310 311 312 313 314 315 316 317 318 319 320 321 322 323 324 325 326 327 328 329 330 331 332 333 334 335 336 337 338 339 340 341 342 344 345 347 348 349 350 351 353 354 355 356 359 360 361 362 365 367 368 371 372 374 376 379 381 382 386 389 394
259 1459 4240 8797 15561 22543 32255 38354 44408 43983 47661 44904 43765 42275 43789 39208 39777 36958 36740 34748 34241 31052 33440 30304 30028 27931 29028 25838 26599 24736 25308 23556 23767 21031 22376 20425 19734 19103 20235 17805 18636 16896 17727 16369 16184 14536 16269 14471 14729 13575 14229 12669 12768 11952 12630 11463 11724 10250 11299 10306 9984 9813 10289 9171 9576 8451 8987 8350 8135 7261 8317 7274 7599 6807 7162 6519 6627 6057 6692 5990 6053 5506 5857 5552 5142 5060 5212 4689 4852 4533 4745 4573 4221 4003 4198 3840 3959 3715 3808 3647 3397 3183 3265 3228 3043 2902 3056 2831 2656 2647 2566 2523 2477 2340 2414 2308 2049 2062 2064 1978 2005 1939 1805 1853 1673 1686 1661 1681 1524 1562 1538 1519 1353 1410 1303 1303 1204 1217 1225 1243 1142 1094 1059 1011 1077 1098 1097 1099 975 811 884 836 843 808 747 763 651 704 667 695 671 653 674 597 543 533 547 489 547 517 503 458 433 468 379 416 400 423 381 380 389 376 364 342 340 337 329 313 331 323 285 286 270 267 279 246 232 254 228 195 208 210 226 194 180 182 192 161 184 153 148 151 129 135 149 142 134 143 141 108 106 120 103 108 124 102 97 100 95 88 110 80 97 91 74 73 69 80 77 49 99 72 56 60 41 67 40 44 42 59 45 43 25 47 38 43 29 45 36 30 40 29 28 33 32 37 35 39 29 30 33 22 25 43 24 22 22 19 19 27 19 21 27 13 16 18 9 13 16 20 14 15 21 7 14 16 9 18 13 7 15 9 32 5 9 10 9 1 8 12 10 4 15 11 6 7 6 3 8 5 7 11 8 9 19 2 1 4 6 4 5 4 4 3 3 3 2 5 4 5 1 2 5 1 1 3 1 1 3 1 2 1 1 1 2 3 1 3 1 4 3 1 1 2 1 2 2 1
259 1576 5990 16386 40106 85147 171724 309330 526748 801973 1300994 1843060 2629937 3691570 5371781 6866035 9482862 12287872 16371235 20741802 26948709 32288689 44627557 53114789 66287015 80424602 105428613 117925589 151778737 177982972 223602906 261520050 319561421 357208256 464426986 516658614 607054735 720606987 921466155 985750388 1226417209 1364013258 1727996227 1861553695 2200358700 2378493508 3171699775 3329847092 3947661896 4419130584 5493864878 5592542199 6830681008 7492583823 9314224427 9740539676 11510546658 11990344753 15673268250 15987528792 18216553608 20673187528 24896178707 25398002803 31415119537 32361739635 40133661130 41521262822 47923935782 48449686742 64245065593 63315264120 75645891443 79380530482 98082030072 94697959004 116440608810 120356226146 151994463812 151418895516 178183813198 183331297198 225467273692 235692992128 256204767061 280969409155 332408894299 327293811374 390967311215 422950970056 504302851263 513954644080 564066231771 591996780026 722519539917 731248343972 840670578365 910968622498 1063899428824 1093637455920 1180628341877 1261708983746 1451398754775 1516460969110 1650365190923 1743115686443 2127777389409 2181038413243 2312548127040 2528517837105 2773651841606 2821064299651 3211720931955 3523919826897 4041619398394 4109066015094 4274121282264 4665052156510 5214365559695 5372049746870 6144139721918 6501302748082 7212026751986 7407794569786 7660712247954 9210945814757 9927320224787 10463317771514 10477226110542 12036271351902 13259549880332 14375823568871 14656483899235 16661502635569 17507287905804 18570827811099 18815762043155 22556087359088 23221471442438 26434965061619 26835887971660 28606022775360 31055145666167 32630597111819 38050535502073 42645001005540 44286683109622 48866331355675 49984463204651 46778911739455 58579310965463 56242989161817 62381034244069 64918574847522 65511410744753 76640739220400 70141454555734 82155119038904 86441832741768 103246175558508 107635830305625 115803543982392 126247175486202 122781838000800 129351526820117 129831234181802 151639593789346 155554978927588 175679195948628 182160316851471 198905840649322 190126280696835 211605227540129 242914430076764 210575787206014 243254965119999 273038355342679 311040118148919 306728295286440 334806819712980 380479637035483 394597993354521 393223280125768 392291404759129 466334784047421 500379551825281 546759271497129 542553273442052 621721106519979 656719045113612 652267321204880 716910273996167 741730357060335 785609622156503 868288380083845 814976586923575 904307184757359 1105911744582113 1066566672339934 928599509987103 1098399875718082 1063494094076662 1477685445400796 1326018589101267 1296849020342931 1386499232671878 1716927966476618 1475687335424463 1920127506507185 1702644206304586 1840990513876273 1938164533100429 1841431065125291 2111879376368618 2572352556388584 2573530493996032 2572308884527333 2969061666024673 3127244374921146 2664933425897874 2737543223897402 3302844950154592 3168129095819146 3784690734260319 4779632691957384 3958834691473434 4136284163550706 4567031087246617 4704978026793254 5107135410359977 6345215234869281 4606584070288734 6048971073433032 6600981828237133 5936580497491298 5961431343939963 6518453246919652 7808738176634437 8687564118858659 5668979862422923 15015587114061888 8998917132248561 7877554282536635 9560760606283540 7083109348460351 11791341242910233 7832172250900976 9345172243677388 10024780578615172 14253829332115728 12763128793841950 12604118305391339 8376468785148874 16413497811933267 13774811883817739 17118079444095862 12170092293549407 19952904745487972 17916639819810063 17331242004866801 21882355208029006 17648971152366574 17970349241132496 24790245835452433 22764563681385937 30154873947873918 29119075627646195 36242409814016084 31136300552058117 29240080980695453 36191834533161660 27501284130350002 31339851883290381 56559398583161813 34256166465890943 38066139985287385 34043138225155830 32483414518327327 40847481335456902 61038431283592726 41933336395625437 60284827417359102 67750737071827791 43440863219454103 47901240392982235 68068104332493493 32329955177621632 49350103936404782 60098485830981151 81159640533667497 64865150920375380 74912544537412562 115317872418392224 38972327221457302 87262288710273445 105804357710508766 61255123246412250 136974587148553566 123527824401196536 59753226037733190 134368137422043991 105173359582359117 347333777633239659 74601318627841873 106254582466028380 128943179323092323 133535068491021642 14118662665280005 153623194982516878 198400619221908852 195327905963979452 78723768587331199 311786755636861743 286664801576259813 141300238923610328 177847847504020938 215104886483389962 88957384320681931 279421971993457746 167066789793281622 251027036808007551 460518668072236494 325013549233909338 408926946384578920 876141382511302226 104924088457657282 56156602112874289 228575156178289411 377512198115791288 266320521110376800 353811233561922228 304909086329033908 337203262544900476 264651685597324365 270526304941648869 309454398965205975 220615720850585544 566822564368106260 504434071335185420 674095903116507600 154043597379576030 308087194759152060 940043235261464900 200882556287683159 214618299743286299 687816860613651450 244904537455382406 279363328483702152 894990189188274228 318555973788329084 680245620097154856 413766180933342362 441622981929358437 471314064268398780 1005915133012000040 1832695211255652303 695143713458946040 2224299479652245052 899175348396088349 3834914791649352180 3268972933273199346 1238057794119125085 1498478743590581081 3402338855951627050 1812356499739472950 4665642397087784672 5633519006435885584 3850538434667429186
3 4 5 6 7 8 9 10 11 12 13 14 15 16 17 18 19 20 21 22 23 24 25 26 27 28 29 30 31 32 33 34 35 36 37 38 39 40 41 42 43 44 45 46 47 48 49 50 51 52 53 54 56 57 58 59 60 61 63 65 66 67 69 70 71 75 76 77 78 79
3 34 43 135 121 293 181 389 227 375 197 305 143 238 119 246 98 166 85 136 72 77 51 97 58 79 46 56 16 48 13 31 17 29 16 18 11 17 11 16 11 7 9 7 5 5 4 3 2 3 3 4 2 2 1 2 1 3 3 2 4 1 5 1 2 2 1 2 1 2
3 40 67 294 356 1538 1182 4636 3201 10658 6600 19532 10070 30152 17918 60115 26382 70960 38837 104630 52751 101795 71679 210691 117681 234220 151571 270251 76640 303322 89640 350969 204620 526962 266278 417258 211785 618293 422684 1047307 397761 940342 501230 519065 455653 575742 555789 450600 335870 463947 544054 1055064 521532 803121 772310 772310 1544620 2822512 2396907 2899401 9066492 1741630 9831896 2323520 9294080 8175936 10785566 21571132 8118264 28358000
