16 28 40 52 64 76
7299 9169 35161 28500 17935 1932
924198 1145535 610774 165398 44373 2038
1523058711 1561436526557404397 29517976347708192140 3681233013357866776 38496683006072220 385981247
16 28 40 52
1513 1210 407 41
106667 6915 783 53
234813944 193479520 7288284 47327
3 4 5 6 7 8 9 10 11 12 13 14 15 16 17 18 19 20 21 22 23 24 25 26 27 28 29 30 31 32 33 34 35 36 37 38 39 40 41 42 43 44 45 46 47 48 49 50 51 52 53 54 55 56 57 58 59 60 61 62 63 64 65 66 67 68 69 70 71 72 73 74 75 76 77 78 79 80 81 82 83 84 85 86 87 88 89 90 91 92 93 94 95 96 97 98 99 100 101 102 103 104 105 106 107 108 109 110 111 112 113 114 115 116 117 118 119 120 121 122 123 124 125 126 127 128 129 130 131 132 133 134 135 136 137 138 139 140 141 142 143 144 145 146 147 148 149 150 151 152 153 154 155 156 157 158 159 160 161 162 163 164 165 166 167 168 169 170 171 172 173 174 175 176 177 178 179 180 181 182 183 184 185 186 187 188 189 190 191 192 193 194 195 196 197 198 199 200 201 202 203 204 205 206 207 208 209 210 211 212 213 214 215 216 217 218 219 220 221 222 223 224 225 226 227 228 229 230 231 232 233 234 235 236 237 238 239 240 241 242 243 244 245 246 247 248 249 250 251 252 253 254 255 256 257 258 259 260 261 262 263 264 265 266 267 268 269 270 271 272 273 274 275 276 277 278 279 280 281 282 283 284 285 286 287 288 289 290 291 292 293 294 295 296 297 298 299 300 301 302 303 304 305 306 307 308 309 310 311 312 313 314 315 316 317 318 319 320 321 322 323 324 325 326 327 328 329 330 331 332 333 334 335 336 337 339 340 342 343 345 346 347 348 349 350 351 352 353 354 355 356 358 359 361 362 365 368 375 381
454 2512 6999 16272 29872 52845 73100 94389 109245 116618 127522 124942 120552 120045 110252 99413 89340 77267 71011 63743 58852 52414 50494 44733 44002 38441 37664 35355 34434 30568 30665 28439 28314 25503 26252 23818 24498 22579 22211 20879 21533 19097 19706 18688 18480 17519 17791 16179 16663 15102 15302 14373 14682 13386 13721 12776 12813 11999 12071 11160 11378 10666 10720 10005 10173 9480 9532 8936 8952 8648 8744 7992 8213 7459 7468 7242 7122 6697 6616 6274 6343 5860 6045 5500 5742 5309 5235 4999 4870 4675 4869 4459 4626 4332 4314 4018 4114 3725 3803 3669 3568 3295 3548 3149 3189 3049 2976 2711 2919 2679 2693 2468 2510 2248 2536 2157 2205 2179 2227 1911 2071 1826 1966 1764 1871 1618 1683 1538 1538 1549 1545 1201 1402 1299 1347 1267 1219 1169 1202 1099 1104 1074 1130 969 1002 998 922 869 879 911 838 822 787 760 809 732 737 715 673 603 686 565 566 542 527 513 536 475 475 492 472 420 432 391 392 419 375 368 398 323 342 325 323 302 295 287 304 263 260 289 268 263 219 230 233 220 229 229 192 201 207 196 192 157 176 191 166 167 138 159 150 133 120 141 122 160 137 102 127 118 114 107 98 107 114 97 107 107 100 96 80 90 132 101 79 93 72 64 93 76 69 76 84 56 64 65 61 58 108 59 60 61 53 52 59 62 45 37 45 54 51 34 42 50 28 39 30 34 36 42 39 21 36 15 37 42 13 34 21 23 21 24 19 33 19 14 22 19 18 25 9 9 18 14 13 19 19 13 9 12 6 17 13 12 41 6 3 13 7 4 10 10 15 8 4 8 8 8 14 11 6 3 4 7 5 5 6 4 7 1 1 7 3 1 6 1 4 2 1 2 4 1 1 1 1 2 1 5 1 2 1 4 1 23 1 1 1 1 1
454 2783 10018 31407 79256 198841 392083 768373 1317338 2193678 3511485 5241874 7610175 11404077 14855766 20100753 25414131 31598712 38990219 48105166 58760650 69045318 85287715 98756081 121692716 136636656 167190670 191320106 233067331 251883887 309411874 354810472 426698777 460009714 583773283 634272708 780351402 869215007 1033953278 1163720703 1471458569 1539205977 1930689924 2190122024 2579248265 2833106489 3552264128 3790833063 4657812648 4937012560 6094294282 6491993704 8107950040 8410839361 10247913919 11236208889 13252516841 13908231639 17312355808 18077648102 21394567816 23013923808 27122198443 28863875951 35506982333 36658748504 43739384998 47136503253 54295714663 57973166555 71190843337 73755705018 85429766366 88160582446 102582819736 111476517335 132882061155 134743242500 154373183744 166185971265 194479575493 195584914157 243953444746 245074424530 288259323043 300220993042 340275720716 357465516301 424878363632 431610729906 522843002620 543735400026 635704521089 622598060720 774399542920 769961035483 923707698918 924478089121 1050740705150 1113519978498 1284426298445 1263933897155 1556029257105 1558548770955 1774872845305 1802377909178 2099452960008 2085041784280 2541733989639 2597068925965 2975164765588 2899776793522 3571562203692 3279398464402 4375464410900 4008924275730 4750631275976 4913049357342 5967398643968 5544181922236 6977303427202 6534799233915 7652205773326 7349456010717 9748141284795 8676079214302 10456474501503 10119831708995 11254721978843 12336901307665 14428132942024 11692920173541 15437816051082 15445019990900 17850477471979 18515913927047 21255783172358 21193689329634 23698208895671 24418536327428 27969001127803 28433666331138 34284183346603 30910394205397 36571058393876 40426304637194 38696197958918 41050273326723 47896624657829 53029461750248 53365873087888 57673629659824 59448213703474 62548740701146 74160393357990 70622732631698 82019233017182 84840262780619 86972616660744 87880265495138 107569407807196 98143338358570 105776376094459 109648026757390 119212264841269 130407461257328 148997564528595 139401541801810 149989622048532 179023325265858 185239617552247 180661134145050 210074504467969 195004077967169 220936648306423 252020817869084 261653753484858 277312934134846 323984179029375 281596445247995 324427251442373 336323953562822 346433937896047 367581871475234 418063213855622 416880285442688 467461417087359 447530856616935 461836892554353 648354224128412 601656970513766 619031420508776 587669107957343 646383504792186 705326412504123 762957609610528 799482827569604 867827938221324 794050991356830 914044624220676 1025217852314556 1134432649196854 1132164216977551 1082644604094289 1178812435925991 1468321444769768 1323739033267543 1489858598085910 1465148529693243 1646897174738135 1788984751500878 1602923668295377 1488732907885964 2122213466335156 1971861864567984 2686769127063503 2372824822355520 2072798333136494 2654660097881631 2886588579857894 2928717288753672 3040937717164424 2935598114278447 3549992405081808 4396082610539725 3763257329933422 4842710786663711 4515111403571442 4526061440808832 5057128112170317 4410247103198902 5503382036567694 8551077830684679 7847524593799336 6820808050361802 7816156837701593 6141229189684004 6137485156701491 9850617878811549 8693748438424091 9358437326587839 10650275797621877 12675021313724177 8518513431592852 11022613982211242 11051129582292470 11565899176678191 12583462386772193 27875728580601846 13455863488009878 16062189383707326 15948607703572806 15093129552513523 17260859109260302 20216337693648108 21564162645000222 19261507030456164 15185687533192968 22454662785507268 24804989843815766 27024581368707745 20904661403922242 27169500447752861 37564167037891135 19665845564202505 28952405573245949 26198528911544286 28365713867992655 34679160681771699 47540580048228729 45196722080980988 26833580134372342 47741142344317048 23155654252108482 59300456559736836 70410716598805695 20362396338303526 67823342959297317 40856782542271119 47846887836740073 52415290446343844 73149624369239316 59462147967069917 101234651837890129 63353012543638443 47907708995750648 86575905423685135 86248635778583733 78615486835420696 99908852239821588 38353556049246000 45703236529837465 93293389099532772 90538794674600156 75599532136227325 125711290336729603 145102710881323651 112994747110077555 70069502238757536 98133724290882435 51722977652790150 177842244164788135 132008076461826865 140101727713681437 473859280839150430 74508307991205029 39486653685173112 219974260567817587 112581671953835172 82373326276465947 181685650330191364 249459040209687637 333244851674214634 179374321389495358 95300225612635654 198966550689379756 226440162727968024 315397547048649955 441863438750791016 368934534456004074 216226081938566721 114468377080496145 170992312143818784 317382229297422864 277867436353128015 251941019363370907 333245054793200086 280783010564371445 441837572724905838 128650749218229100 73653287861850339 541312852237033753 252902446908675357 90175434980549623 566151310729910286 110307860425292772 456514703942813488 252217035667592710 144117936527873832 329274958331522088 703774239241691012 188008647052292980 200882556287683159 214618299743286299 229272286871217150 489809074910764812 261578907351144125 1396816642418510760 298330063062758076 637111947576658168 340122810048577428 1550530131676116892 413766180933342362 10840223478173171940 502957566506000020 610898403751884101 741433159884081684 1161537834849962850 1701169427975813525
3 4 5 6 7 8 9 10 11 12 13 14 15 16 17 18 19 20 21 22 23 24 25 26 27 28 29 30 31 32 33 34 35 36 37 38 39 40 41 42 43 44 45 46 47 48 49 50 51 52 53 54 55 56 57 58 59 60 61 62 63 64 65 68 69 70 71 72 73 74 75 76 77 81
22 248 483 1507 2063 5212 5326 8987 8671 10788 7923 9770 7328 7453 4712 5605 3662 3707 2387 3030 1760 2109 1177 1587 934 1179 614 994 487 708 387 546 228 406 214 342 154 305 137 233 96 153 91 141 60 116 45 61 34 48 22 32 26 24 15 11 7 7 6 4 3 9 6 1 2 1 2 1 1 3 1 1 2 1
22 319 718 3573 5674 24275 28476 86678 100506 243742 210879 508934 466127 862614 637266 1350641 996234 1791023 1154803 2579041 1651532 3353233 1582339 4039251 2252085 4619753 1857775 6183901 2763588 6352622 2527994 7428657 2445011 6903809 2572895 9452053 3488090 12645677 3366677 15196582 4286749 11989773 4801054 16842940 5013753 21630905 5231977 20372756 6079516 15443810 4471782 18019193 6361371 20741985 6766768 13045353 5325177 4063490 4251887 5442892 3094080 9027529 9395376 1741630 6966520 13933040 5411255 2679689 6175470 14351406 5392783 10785566 16178349 18578182
