12 24 36 48 60 72
1052 4378 25923 40202 20994 7442
347092 1963620 891412 282883 71228 9896
183624720 360297818727152 7348146642669834178 6636200102954056922 420455868957318214 2567892236194
12 24 36 48
340 696 663 133
54425 5498 1763 188
26633053 245109629 24493277 429859
3 4 5 6 7 8 9 10 11 12 13 14 15 16 17 18 19 20 21 22 23 24 25 26 27 28 29 30 31 32 33 34 35 36 37 38 39 40 41 42 43 44 45 46 47 48 49 50 51 52 53 54 55 56 57 58 59 60 61 62 63 64 65 66 67 68 69 70 71 72 73 74 75 76 77 78 79 80 81 82 83 84 85 86 87 88 89 90 91 92 93 94 95 96 97 98 99 100 101 102 103 104 105 106 107 108 109 110 111 112 113 114 115 116 117 118 119 120 121 122 123 124 125 126 127 128 129 130 131 132 133 134 135 136 137 138 139 140 141 142 143 144 145 146 147 148 149 150 151 152 153 154 155 156 157 158 159 160 161 162 163 164 165 166 167 168 169 170 171 172 173 174 175 176 177 178 179 180 181 182 183 184 185 186 187 188 189 190 191 192 193 194 195 196 197 198 199 200 201 202 203 204 205 206 207 208 209 210 211 212 213 214 215 216 217 218 219 220 221 222 223 224 225 226 227 228 229 230 231 232 233 234 235 236 237 238 239 240 241 242 243 244 245 246 247 248 249 250 251 252 253 254 255 256 257 258 259 260 261 262 263 264 265 266 267 268 269 270 271 272 273 274 275 276 277 278 279 280 281 282 283 284 285 286 287 288 289 290 291 292 293 294 295 296 297 298 299 300 301 302 303 304 305 306 307 309 310 311 312 313 314 315 316 317 318 319 320 321 322 323 324 325 326 327 328 329 330 331 333 334 335 336 339 340 343 345 346 347 348 349 351 352 358 359 369 373 375
287 1507 4315 10857 19820 34747 59322 83671 107877 110061 120387 126529 125117 118738 113684 102397 101247 90684 88543 82254 79390 70565 71250 62303 62555 56731 57496 54732 54746 49297 50194 45392 45671 41871 43492 40999 41158 37751 38780 34308 35369 31663 33287 32109 31943 28935 29903 26504 27036 24590 25439 23987 24618 22012 22981 20587 20556 18643 19506 18350 18363 16924 17195 15354 15712 14063 14286 13701 13955 12698 13296 11368 11859 10639 10936 10063 10427 9381 9810 8658 8602 7568 8012 7380 7633 6841 7090 6356 6383 5519 5729 5413 5518 5008 5295 4538 4722 4231 4252 3881 4200 3589 3957 3494 3583 3208 3296 3058 3124 2840 2940 2658 2729 2380 2449 2316 2347 2107 2380 2040 2130 1884 1943 1836 1854 1642 1769 1725 1781 1556 1590 1446 1436 1318 1368 1309 1398 1076 1154 1084 1144 1040 1155 969 971 893 941 913 867 741 841 725 760 699 749 646 707 620 621 625 610 526 556 599 501 486 495 481 508 455 438 498 430 388 361 411 370 331 337 331 336 351 386 313 324 264 316 277 286 282 311 262 228 243 228 228 251 231 240 227 221 187 198 210 299 271 162 184 213 132 170 162 167 144 159 121 161 132 137 125 144 89 123 110 116 98 140 114 96 74 86 101 106 74 80 80 76 55 73 48 83 50 56 66 60 54 57 55 47 30 46 43 44 48 30 55 49 37 39 37 31 38 41 29 34 30 26 41 31 27 16 27 20 17 14 24 22 20 16 35 25 16 21 17 13 14 10 14 18 8 12 10 12 14 4 12 10 10 9 4 5 8 10 7 9 9 8 4 8 8 6 12 7 6 5 5 11 5 2 2 3 6 7 6 6 2 1 4 1 1 2 2 1 2 2 1 1 1 1 1 1 1 1 1 1 2 1
287 1646 6015 19871 48568 120254 269382 551180 1018547 1643506 2716129 4487776 6387862 9480709 12826001 17570490 24105597 30649020 39438536 49306661 62224704 73427356 93204230 108176649 133361546 153597071 194249842 225300323 282133566 318647627 402983988 462874828 573316808 640556243 817348317 927462679 1146984269 1286461513 1613713224 1749055410 2198812989 2366692409 2973655289 3352280555 4026669208 4379688648 5449782883 5807475303 7045395775 7585698757 9348801843 10099052721 12320115815 13075746932 16277284953 17366355749 20513325530 21669863960 26539373632 28127143078 33216760668 35729362131 42548809439 44600641343 53252643609 55081307115 64784815740 69740124380 83189323823 87036730985 106453502361 105931617017 130359989330 131336439512 158413541995 158843462194 192349433009 196038484768 238404417261 237908729349 277777769097 276641562133 330896557535 335004397527 403241788907 400891064700 493998054155 485492467842 580158351716 547734111629 668940592620 660144768785 783965524121 775413498627 961560382564 885825488594 1104578788351 1056206392999 1229094198268 1185515227673 1489362932726 1377449390477 1808341990948 1701598979046 2120200136640 1965873119710 2419333919303 2289296675396 2753123002241 2602889619607 3164177524916 3102534429607 3821054215458 3487277713122 4072615008652 4022482023887 4770198957725 4500389945953 6019357715785 5424587082733 6977088420151 6424945092508 8008565047378 7442737705880 9042859977396 8078891225139 10437825445658 10483437340793 12835112298391 11439523852726 14293645436867 13431190384009 15663414269882 14795772167421 18261509028767 18251490793291 23181813596591 18808784368850 23946118794451 22430138071023 28883165686835 26503032459857 34859041323976 29685857523586 35764825276716 33345128066861 41194683596742 42112783663457 45119655391786 41488145002869 54958286753488 50210359960328 58729705787611 56347786063301 70527346329331 63310192879508 75528718363928 73005011675009 77973293798549 86401700824558 97122246670317 88187815279921 104409952446012 120451508574911 108465646792922 122059096260379 129800464889044 141589297971811 166902299496296 157610967749889 174594061047503 194807324946740 196358834089711 201815093570745 189719317908178 247624422329770 229255825396144 240555324287562 268120315572270 286099290942940 300311744723124 358522690917999 399922181315502 378933445777991 420562528596281 409000764123240 478100213975583 477572688259124 522609218215785 575232461756420 714518289755980 657187152613756 601300215305575 694062565024320 737597074022491 756922171988994 963902153702940 936401586762411 996233327066141 1095164622213096 1086699214918332 1037051116682934 1324562929388660 1443414795025389 2013685029930005 1905908897261091 1307127479122818 1701780109555288 2079768701960116 1488540614150983 1935848990439667 2089631874318878 2290309379245853 2275864295599617 2604730853085873 2142763999263587 2957697364679115 2885323754011305 3318618504845815 2902457691802445 3871904352864465 2529443084208156 4072901242926133 3705399864175704 4383046695824653 3471297555061790 6347483099834245 5032757210785993 4788503287667655 3899955004780469 5186232117098793 6331494504291553 7825295545380851 5398211646005261 6541869646534694 6802841268689269 6818513783505623 5350588943773737 8181111385015137 5273963064006364 10903834472403751 6951910355448313 7476567384003930 9531250017340375 10024208861670417 8716608233025329 12352667469465544 11384702005312352 9810150516375506 7159391103674293 11258159511659596 12122982305865256 13749893330033904 14948313565612875 11285564025826909 21817838077086222 20031875692515736 16859690607327966 16656460320818960 19157408715234901 17457544552011703 24976511620842751 28592673210790742 19497033759707475 24588357154340443 29379800163553344 22212245622847096 37878457042643933 28186162133476179 31640862482552806 19232256927454121 34313768931920383 26849939366089540 27687149872929061 21323003359672557 38491530532677795 41753936573644184 41199660135337675 37447908933062462 92252228631833836 57837856679399514 40201357319453822 53626624644012693 46147362105413938 36763691048410075 44762722591439073 35506331116388963 52492841124307275 66601518028202239 40433087083284912 52206985334614095 59328916241797530 65510492813826620 84138558738255685 29365277030187755 93308058756172826 78798441559182542 78679211323413153 70069502238757536 41331737705759170 45000241361100856 77414110772188311 121350745229278026 88371493241483772 131626694445894671 149566620696746249 145283786947108806 75714763694285970 183335226283396821 145599981897443705 116066745186531927 253175144623906854 173206678916957574 139650139428267175 151432039870454612 137746676290120661 396270284773944042 155955132672462200 129953173405866616 72075360646188907 154387942607496136 245174418179909356 387756982831215596 284334006536447709 402414350862675298 104924088457657282 56156602112874289 248861448897562188 73653287861850339 78801255302666615 241903326241558349 174476250616774742 110307860425292772 228257351971406744 288235873055747664 164637479165761044 175943559810422753 188008647052292980 200882556287683159 214618299743286299 244904537455382406 261578907351144125 387632532919029223 413766180933342362 790738119649411319 2044282456734690724 1161537834849962850
3 4 5 6 7 8 9 10 11 12 13 14 15 16 17 18 19 20 21 22 23 24 25 26 27 28 29 30 31 32 33 34 35 36 37 38 39 40 41 42 43 44 45 46 47 48 49 50 51 52 53 54 55 56 57 58 59 60 61 62 63 64 65 69 70 72 73 75 76 77 78 80 88 89
8 91 121 442 489 1469 806 2478 2478 5046 3719 8010 5295 6763 3921 4796 2792 3313 1836 2021 1277 1242 697 761 435 440 202 190 88 111 45 76 20 59 23 46 11 30 15 26 8 26 13 20 8 14 4 9 4 8 5 5 2 11 7 7 3 5 3 1 1 1 1 1 2 4 2 1 2 2 1 1 2 2
8 107 184 1124 1309 6843 4453 25565 22556 111545 88261 408706 249379 800217 476246 1380054 763803 2086824 1040686 2549068 1447362 2815471 1473691 3261965 1681497 3540516 1404391 2450921 1077455 1267319 487295 978879 262645 1225595 363755 1517164 255091 1420398 388931 1808940 366684 3093163 1078099 4363032 647345 3221495 523923 1517009 934662 1510340 1337372 2323001 690041 3231038 3038414 5253619 1439801 4027641 2484086 831820 966467 966467 2243010 3483260 5806780 18526410 8175936 5392783 10785566 14179000 14179000 9289091 53087320 68525924
