4 16 17 18 28 29 30 40 41 42
41 191 578 255 331 603 300 53 86 36
666 750 1951 743 444 758 370 56 91 37
6857 34716 112149 36036 164179 548559 140965 7209 8681 2953
4 16 17 18 28 29 30 40 41 42
41 191 578 255 331 603 300 53 86 36
666 750 1951 743 444 758 370 56 91 37
6857 34716 112149 36036 164179 548559 140965 7209 8681 2953
3 4 5 6 7 8 9 10 11 12 13 14 15 16 17 18 19 20 21 22 23 24 25 26 27 28 29 30 31 32 33 34 35 37 38 39 40 42 43 44 50
28 163 351 742 702 793 659 596 396 344 178 197 123 104 50 87 48 51 41 52 17 34 18 24 10 12 6 4 5 6 5 1 5 3 1 2 2 1 1 2 2
28 193 516 1571 2223 3748 4892 6966 7191 8952 6721 9945 9117 10197 5873 16825 11707 14927 17599 27028 12058 30818 20962 35779 16702 24573 14898 18620 21778 38913 22825 6842 45573 60858 14883 59532 43274 31185 37338 89166 249508
3 4 5 6 7 8 9 10 11 12 13 14 15 16 17 18 19 20 21 22 23 24 25 26 27 28 29 30 31 32 33 34 35 37 38 39 40 42 43 44 50
28 163 351 742 702 793 659 596 396 344 178 197 123 104 50 87 48 51 41 52 17 34 18 24 10 12 6 4 5 6 5 1 5 3 1 2 2 1 1 2 2
28 193 516 1571 2223 3748 4892 6966 7191 8952 6721 9945 9117 10197 5873 16825 11707 14927 17599 27028 12058 30818 20962 35779 16702 24573 14898 18620 21778 38913 22825 6842 45573 60858 14883 59532 43274 31185 37338 89166 249508
