0 1 2 3 4 5 6 7 8 9 10 11 12 13 14 15 16 17 18 19 20 21 22 23 24 25 26 27 28 29 30 31 32 33 34 35 36 37 38 39 40 41 42
3 14 25 31 18 51 37 61 67 85 110 72 123 84 130 139 136 125 112 130 119 109 85 101 89 81 84 66 68 53 43 27 18 18 19 14 16 9 12 14 12 11 8
96 54 111 249 27 304 71 332 184 364 349 147 380 157 302 279 335 202 161 167 136 119 95 108 92 82 84 66 68 53 43 27 18 18 19 14 16 9 12 14 12 11 8
11640 736 2214 12035 496 8925 1512 9136 6068 8169 8427 4307 14450 6429 13125 35008 96453 65664 450697 1258069 123072 395903 415390 330084 265851 124213 123230 151486 121060 4895 89447 74293 68520 87680 65209 44694 41655 22892 14894 7007 2296 470 45
0 1 2 3 4 5 6 7 8 9 10 11 12 13 14 15 16 17 18 19 20 21 22 23 24 25 26 27 28 29 30 31 32 33 34 35 36 37 38 39 40 41 42
3 14 25 31 18 51 37 61 67 85 110 72 123 84 130 139 136 125 112 130 119 109 85 101 89 81 84 66 68 53 43 27 18 18 19 14 16 9 12 14 12 11 8
96 54 111 249 27 304 71 332 184 364 349 147 380 157 302 279 335 202 161 167 136 119 95 108 92 82 84 66 68 53 43 27 18 18 19 14 16 9 12 14 12 11 8
11640 736 2214 12035 496 8925 1512 9136 6068 8169 8427 4307 14450 6429 13125 35008 96453 65664 450697 1258069 123072 395903 415390 330084 265851 124213 123230 151486 121060 4895 89447 74293 68520 87680 65209 44694 41655 22892 14894 7007 2296 470 45
2 3 4 5 6 7 8 9 10 11 12 13 14 15 16 17 18 19 20 21 22 23 24 25 26 27 28 29 30 31 32 33 34 35 36 37 38 39 40 41 42 43 44 45 46 47 48 49 50 51 52 54 58
19 33 118 160 386 366 642 551 692 450 544 314 268 126 127 60 74 45 59 36 35 21 38 16 27 20 17 13 16 9 17 7 13 9 7 6 8 4 6 4 7 7 1 2 3 1 2 2 3 1 1 1 1
19 37 180 337 1325 1831 4689 6375 12252 11759 22626 19096 24275 15171 22226 11732 20225 15100 25186 22059 26769 18612 48464 21360 46218 42597 44942 45353 63270 43390 107748 40622 111981 87977 87078 79669 133913 80603 169113 116941 257599 311430 44583 106348 201697 75175 178268 211116 419300 147273 173525 281589 526823
2 3 4 5 6 7 8 9 10 11 12 13 14 15 16 17 18 19 20 21 22 23 24 25 26 27 28 29 30 31 32 33 34 35 36 37 38 39 40 41 42 43 44 45 46 47 48 49 50 51 52 54 58
19 33 118 160 386 366 642 551 692 450 544 314 268 126 127 60 74 45 59 36 35 21 38 16 27 20 17 13 16 9 17 7 13 9 7 6 8 4 6 4 7 7 1 2 3 1 2 2 3 1 1 1 1
19 37 180 337 1325 1831 4689 6375 12252 11759 22626 19096 24275 15171 22226 11732 20225 15100 25186 22059 26769 18612 48464 21360 46218 42597 44942 45353 63270 43390 107748 40622 111981 87977 87078 79669 133913 80603 169113 116941 257599 311430 44583 106348 201697 75175 178268 211116 419300 147273 173525 281589 526823
