28 40 52 64 76
9535 36669 31906 19479 2410
1650862 673692 189785 49466 2560
2140407236616351231 14894371470322984526 4899345429054700100 45740392875396661 894795022
28 40 52
946 457 41
5100 886 45
232756706 15984276 19183
3 4 5 6 7 8 9 10 11 12 13 14 15 16 17 18 19 20 21 22 23 24 25 26 27 28 29 30 31 32 33 34 35 36 37 38 39 40 41 42 43 44 45 46 47 48 49 50 51 52 53 54 55 56 57 58 59 60 61 62 63 64 65 66 67 68 69 70 71 72 73 74 75 76 77 78 79 80 81 82 83 84 85 86 87 88 89 90 91 92 93 94 95 96 97 98 99 100 101 102 103 104 105 106 107 108 109 110 111 112 113 114 115 116 117 118 119 120 121 122 123 124 125 126 127 128 129 130 131 132 133 134 135 136 137 138 139 140 141 142 143 144 145 146 147 148 149 150 151 152 153 154 155 156 157 158 159 160 161 162 163 164 165 166 167 168 169 170 171 172 173 174 175 176 177 178 179 180 181 182 183 184 185 186 187 188 189 190 191 192 193 194 195 196 197 198 199 200 201 202 203 204 205 206 207 208 209 210 211 212 213 214 215 216 217 218 219 220 221 222 223 224 225 226 227 228 229 230 231 232 233 234 235 236 237 238 239 240 241 242 243 244 245 246 247 248 249 250 251 252 253 254 255 256 257 258 259 260 261 262 263 264 265 266 267 268 269 270 271 272 273 274 275 276 277 278 279 280 281 282 283 284 285 286 287 288 289 290 291 292 293 294 295 296 297 298 299 300 301 302 303 304 305 306 307 308 309 310 311 312 313 314 315 316 317 318 319 320 321 322 323 325 326 329 330 331 334 336 337 338 339 343 345 347 349 350 351 352 353 355 356 357 358 361 363 366 373 376 378 382 390
289 1506 4441 10565 18324 32806 47132 54084 63169 65140 64203 64061 63189 61159 59079 57150 54887 53533 53090 49003 48179 48111 44321 44027 43388 40223 40598 39103 37339 36827 36544 33186 33643 33066 31116 30360 30152 28707 28748 27123 25972 25543 25921 23799 23579 23486 22159 21275 21968 19755 20489 19727 18581 18677 18720 16297 17038 16248 15916 15435 15493 14398 14797 14163 13273 13093 13695 11820 12276 12089 11299 11034 11222 10186 10499 10010 9298 9447 9978 8349 8639 8478 7948 8006 7843 7022 7683 7402 6580 6655 6851 6124 6101 6333 5633 5665 5806 5005 5503 5227 4575 4872 5057 4260 4282 4353 3916 4017 4211 3458 3980 3818 3384 3480 3559 3070 3149 3175 2912 2910 2771 2481 2701 2764 2243 2459 2709 2139 2278 2108 1918 2018 1860 1759 1949 1839 1536 1587 1737 1480 1496 1551 1398 1417 1407 1169 1328 1377 1137 1156 1279 1080 1011 1047 932 1052 984 833 1126 926 840 796 901 764 734 686 764 664 698 539 657 684 597 588 658 519 577 479 507 476 515 429 545 449 435 369 444 415 421 359 420 348 370 293 336 387 335 284 351 264 311 252 255 267 319 214 291 255 262 195 239 219 201 185 235 188 173 143 195 177 164 156 193 147 167 124 108 136 131 84 165 112 126 79 127 99 118 90 129 87 110 70 101 93 81 73 107 61 86 48 74 92 71 40 102 60 81 43 63 40 58 46 57 40 58 27 49 42 40 35 66 21 39 32 32 25 33 15 40 26 40 19 22 18 29 23 26 24 23 8 17 16 13 14 10 4 6 8 8 9 11 13 13 10 10 9 3 9 6 7 5 3 6 4 2 6 3 4 3 5 3 2 3 1 2 1 2 2 2 2 1 1 1 1 1 1 1 1 1 1 1 1 3 1 3 1 1 1 1 1 1
289 1636 6179 19294 46027 112327 231301 409160 713193 1127920 1721463 2568305 3679006 5203956 7216685 9765847 12888129 17238660 22974884 28769361 36727437 47751736 57812179 75115934 91690200 111989510 142252311 171884145 206979106 255975101 309941515 359656796 440071209 540074491 631226707 758411565 882694654 1050061090 1255328557 1452855599 1654234973 1983899709 2367836098 2679996125 3151016109 3660933234 4201213413 4786508886 5644116024 6306296202 7710752380 8503133772 9483215877 11267646110 13018580119 13967121987 16546823250 18249162697 21529471039 23956703962 27317438492 29866826602 35370421188 39204095167 43292032222 49646819686 59067708560 60316367235 71635823612 78184351891 88828948134 97422502862 111748745320 120000325980 142668362127 148993352488 162993231805 184617946186 220580632084 219857744640 259554464971 276039433347 313395489623 348486867723 380785847527 393124943571 492729380007 517330335338 542255119326 624594104861 715712499407 722709436709 824683311119 910293477287 986627891813 1084415804594 1214985532262 1211471753104 1518495099271 1527710947804 1644797633968 1883632508811 2121422292510 2076893653072 2385132892331 2611392106695 2839129053372 3087023804947 3570532442215 3372248272771 4305099849214 4421725639022 4636940923880 5295838590912 6106700218898 5991150517044 6784984976632 7412400053530 7893982343705 8620119866162 8948597362288 9351103871346 11207919223062 12091425016559 11435555780403 13598714513040 16399976070777 14487697105954 17582682585959 17967230111886 18926032196687 20916978433527 20882965762715 22736040897496 27468864778223 28028197325658 26010473659148 31050052098703 34761416381376 34004171633632 37878767231713 42153221261488 43504427275586 47630333391195 49792163541962 50373352148230 60187384997127 66045336136119 62002465601235 70040887980219 79136464941310 80135395025551 81883894000391 90373385417649 84192457777885 112827844540069 107844881541599 104876179056790 147722838387697 132272765104476 134783823206664 148432967816670 169962411447084 164417171717337 183437958333972 174517848390086 215267052730912 206472252266217 225242483164433 197664890827006 266460603214762 297327348529083 296136481835634 319901876687393 363106072244682 320227673129240 411859852401715 355575849882370 425676843680175 435090125253850 510032633584757 483972335756511 647086954743839 564346205973155 585158848934241 574872335693441 714829391683053 735784486099214 837898035141916 764739878012084 982378122808828 857634750913898 974758131094719 895224237991921 1126954977019647 1384139321603339 1380444858206309 1171712860552498 1522748313861006 1283188142218382 1604071750218718 1482601965275930 1616660690846852 1844023745180236 2421962835837645 1783244419538428 2519811168523421 2403224232456206 2655598403655798 2217006552864955 2952780646000833 3049450318284664 2969684067006390 2776711469307537 3669176983689981 3364784678623169 3414100996532884 3085190586545050 4439907982228616 4513467157063437 4520894096325386 4506422256090831 5926772514723145 5197439981731686 6335903879542483 5157706861402041 5218373795869868 6508204085294231 6815232620168639 4720263043146886 9793668966609298 7228926421423313 8439286429002387 5511787885405852 10255194590598295 8929662888682115 12044227938810031 8479186362421812 13264118054454226 10418650864703780 14356948804524933 9834794068585779 16686344012016677 15997969129067716 13707187899453815 12997329533309908 21020790107615660 13622979732339386 20698980543903656 11141480772979362 20252144376950675 30563127560637185 22331865375218132 12322022329657197 38872483265376246 22578953188413969 37745256127338581 18605283092626816 32653214408192570 18544219184301551 37177166544180799 25213326377747216 32976404367342830 27515400150605701 48728748984361248 23297156349461259 56405099898915766 39752477249557518 41346525349503876 36683458748432409 78446756728726832 29827768470171712 68792323305289447 46463860400784241 66805077874131951 43452710769511930 70008927877113184 27278443058004233 93615841745406668 67261878835717560 105054440023027572 48054739811539240 70460938388594686 52215244550602219 122946445675700519 76724291492412404 96513245798792817 104972016836639939 119896188627430532 43478610143481315 115651469115072429 94051538596693070 84009838334711752 83492758538438544 61520597125155676 30645729655461148 52851745050866190 63720081166391985 76447700704403208 90103475905939395 105343715289356031 123679525455806321 132734435301972203 130222607326405863 140561208699494692 113994961676378141 40443098455395413 134237994502560368 94148217824060571 133441473078590200 90842825165095682 60052280287730835 127307906949341400 92000026621949348 49300212301660980 154963442835926284 84915061022988009 121304727959371856 97464880054399962 174004774347204150 111823217330244231 85496156071909392 137317075630734084 56156602112874289 172418554065415122 64325374609114550 157602510605333230 174476250616774742 192900220384405520 206302932643470650 110307860425292772 144117936527873832 164637479165761044 188008647052292980 214618299743286299 229272286871217150 244904537455382406 261578907351144125 279363328483702152 318555973788329084 340122810048577428 363117512048110005 1162897598757087669 471314064268398780 1610037210932073363 651688879997206959 1022141228367345362 1238057794119125085 1406207446561484054 1812356499739472950 2998964447736452194
3 4 5 6 7 8 9 10 11 12 13 14 15 16 17 18 19 20 21 22 23 24 25 26 27 28 29 30 31 32 33 34 35 36 37 38 39 40 41 42 43 44 45 46 47 48 49 50 51 52 53 54 55 56 57 58 59 60 61 62 63 64 65 66 67 68 69 70 72 73 74 75 76 77 78 79 92
3 41 61 214 177 408 297 499 306 461 300 377 248 331 207 228 159 188 144 137 105 129 90 78 65 81 49 64 48 60 35 29 24 40 27 34 16 19 14 25 15 15 15 25 7 19 9 5 10 8 9 3 3 9 5 3 5 2 7 7 1 3 3 1 4 1 1 2 4 2 1 1 3 2 1 1 1
3 52 100 568 557 2346 1928 6491 4876 12987 10859 25214 21217 44819 33025 60785 47574 89047 77647 98809 102142 157178 131731 152353 145258 252523 159727 302075 304675 508074 285900 337609 328486 636504 456508 937495 451748 552261 504266 1325073 913559 1237712 973560 2457908 975643 2702256 1185527 901200 1862882 1830337 2817568 1344594 850271 4086742 3516710 3797332 2595176 1580469 9177509 7907284 1663640 4329841 4987373 1300156 7800936 1741630 3483260 4647040 19269623 10663035 7108690 8175936 21571132 23156944 14179000 9289091 44108109
