2 9 10 11 12 13 14 21 22 23 24 25 26 33 34 35 36 37 38 45 46 47 48 49 50
5 41 324 387 528 522 292 632 4939 6475 8521 10631 5465 2216 13149 12401 11577 10565 4490 523 2685 1846 1137 507 140
48 96 808 945 1264 1224 668 2924 26243 39472 53663 63125 30653 7884 44774 40272 35580 31550 12743 1056 5118 3169 1693 729 154
442 1818 15425 19002 28463 44385 19619 129219662 13150312620 484393053286 18039940538393 479412288804913 2426874553236337 930164943829356 2854687474351196 5192435250008683 3644707954350715 2967146174865561 1311042340376795 236283383475 498853258386 53917547703 3126713498 63102955 174878
9 10 11 12 13 14 21 22 23 24 25 26 33 34 35 36 37
1 5 9 12 4 8 2 21 27 23 11 6 1 9 2 2 1
3 9 12 18 5 14 3 28 39 28 12 6 1 9 3 2 1
16 25 37 87 115 216 1777 4074 45915 18194 3699 50 2 5764 220 11 4
3 4 5 6 7 8 9 10 11 12 13 14 15 16 17 18 19 20 21 22 23 24 25 26 27 28 29 30 31 32 33 34 35 36 37 38 39 40 41 42 43 44 45 46 47 48 49 50 51 52 53 54 55 56 57 58 59 60 61 62 63 64 65 66 67 68 69 70 71 72 73 74 75 76 77 78 79 80 81 82 83 84 85 86 87 88 89 90 91 92 93 94 95 96 97 98 99 100 101 102 103 104 105 106 107 108 109 110 111 112 113 114 115 116 117 118 119 120 121 122 123 124 125 126 127 128 129 130 131 132 133 134 135 136 137 138 139 140 141 142 143 144 145 146 147 148 149 150 151 152 153 154 155 156 157 158 159 160 161 162 163 164 165 166 167 168 169 170 171 172 173 174 175 176 177 178 179 180 181 182 183 184 185 186 187 188 189 190 191 192 193 194 195 196 197 198 199 200 201 202 203 204 205 206 207 208 209 210 211 212 213 214 215 216 217 218 219 220 221 222 223 224 225 226 227 228 229 230 231 232 233 234 235 236 237 238 239 240 241 242 243 244 245 246 247 248 249 250 251 252 253 254 255 257 258 259 260 261 262 265
682 1848 3727 5918 8002 9719 10819 11122 11718 11423 10887 10568 9911 9396 9272 8918 8426 8404 7915 7620 7501 7158 6768 6707 6588 6140 6048 5927 5582 5501 5324 5039 5002 4840 4625 4625 4380 4220 4219 4117 3876 3780 3692 3484 3498 3415 3267 3135 3099 2934 2853 2800 2676 2615 2544 2454 2356 2299 2284 2103 2119 2016 2057 1932 1846 1862 1763 1706 1671 1653 1566 1524 1519 1443 1410 1387 1315 1273 1220 1150 1183 1200 1103 1081 1058 976 957 978 914 909 892 836 804 827 768 759 744 684 646 687 587 623 630 556 569 565 481 526 511 441 435 516 402 420 418 378 378 389 323 374 370 308 318 347 279 305 311 245 265 289 250 236 252 218 204 231 187 205 210 164 174 175 151 173 177 147 148 160 107 142 139 109 108 142 99 102 111 87 89 105 77 89 91 67 85 86 65 84 81 61 75 60 47 58 62 40 47 47 35 44 51 36 41 40 26 37 46 28 35 42 17 24 30 20 21 22 22 21 27 14 21 18 11 19 18 11 17 15 6 14 15 8 8 10 6 13 14 7 5 8 5 4 8 8 5 6 5 3 8 4 4 9 3 1 4 3 4 6 3 1 4 2 2 5 3 2 2 3 2 5 1 2 4 1 2 2 1 2 1 1
682 2007 5606 12782 25884 47001 79616 122970 196134 285055 401619 567781 761411 1012512 1393356 1815913 2325341 3111399 3863438 4841470 6279605 7727335 9290861 11947740 14878790 17450591 21900349 26756814 31211991 38546337 46049412 53259965 65455322 77109646 90528415 109968924 126522512 146601254 178443331 206805581 236644029 276594036 321591218 359826532 433814905 500596268 572989063 644011909 758590728 833180066 982675287 1116016698 1217472156 1409686939 1610403293 1822160244 2053839822 2329635608 2680669940 2876376902 3364053691 3629665905 4444815066 4698492195 5245403999 6203218194 6500726302 7442123521 8553226067 9706888328 10284504117 11414591794 13211909938 14077619810 16273404031 17855813176 19298274704 21129772408 22630853145 24619991692 28460240038 33632059867 35187446274 39084673752 43442892297 44515252794 51133806343 58589902702 61893814052 68134841802 74487012526 79696211535 86351785319 103743332038 107029387312 116929500302 131717151936 131673264492 142259559839 175829147569 163731885153 194191190766 222169937231 211467601537 258576666680 280730297838 267006049497 320553491462 346347138048 333010141787 375877979858 487095506137 421913404464 496863289698 539992514623 547811373849 594254125303 703956651861 648411119845 806475387342 978508732681 837523467641 965010642675 1203975232689 1059324150270 1276118645168 1469776402356 1285650466646 1474728101846 1852496313244 1727724821947 1860255107551 2143796393407 2134166715979 2099079913629 2686173786837 2552677725551 2831554995616 3426358177607 2978353386340 3272624064449 3992706201662 3546334988350 4327046283272 5420289058373 4744373064322 5051413890554 6346540663036 4239952916843 6475214309500 7180914765384 6206425149723 6243409987328 10132233210762 7129845922281 8042887897113 10204799016147 8486944483444 9148797187144 12586764294150 10145643124969 11982623461337 14509466269337 11929669933480 15547367873299 19310801134082 15096695251848 21275887117022 23340025120196 17788132707433 23131723775959 23787452463009 18969224961750 22962929726503 29181309101180 19275389593128 24092067021205 31342406874935 25033272106450 28910518496135 42510088648589 33002856376890 35675925645262 42551055113258 33414689544675 46597653147553 70448171799186 44113766995581 52954886379800 76275536973589 37582720575164 54871103464580 69689828070965 47854819111571 54738832007637 68376664753521 67502813105850 68415120956606 114635588169079 51223844902245 82907666731362 93395875375783 57519853039250 97329112058252 107263372358353 81801528919051 113964145177965 134604994741870 54877664480207 121211800443018 172455341374463 92194830592866 92660231629047 123608366773960 94621797834999 175073945676987 242193422641079 135340832758419 99829863746132 180758182109578 102892549350391 90433892530914 268125724529118 255161938249086 144970608692615 231411516978274 221747578734557 106847386227608 379723957009456 238510404098790 183918349260350 531284478222420 247443107654627 60806135438329 258360893349154 264220641906496 357399142782493 554048679396834 335265464664658 90436839668817 498520419505833 229081769106076 238429327630297 754904990217999 537512271147408 301486105024391 446353797520836 679184604763944 380700406535698 1036363792825219 230793554364681 480085005533240 1056989554926296 313891991306665 677708528497360 704603831119462 394723676655357 851866168818712 459545750448675 576672674947168
3 4 5 6 7 8 9 10 11 12 13 14 15 16 17 18 19 20 21 22 23 25 26 27 28 29 31 33 34 35 37 38
1 10 17 24 21 14 10 14 10 14 12 2 5 2 2 3 3 2 4 1 3 4 1 2 1 3 2 1 1 1 1 2
1 13 24 51 67 66 62 145 144 366 349 123 318 102 154 457 371 583 1541 770 1474 3637 1584 3259 2004 4405 4394 5604 5604 5604 12310 24620
