20 32 44 56
1433 1351 320 17
6605 2144 373 17
1432283 592723 39733 52
20 32 44 56
1433 1351 320 17
6605 2144 373 17
1432283 592723 39733 52
3 4 5 6 7 8 9 10 11 12 13 14 15 16 17 18 19 20 21 22 23 24 25 26 27 28 29 30 31 32 33 34 35 36 37 39 42 43 46
49 248 523 813 1005 1167 1005 853 653 475 409 301 247 223 192 145 152 113 84 70 56 47 49 31 45 41 21 20 20 18 11 17 15 6 4 5 3 2 1
49 279 794 1775 3218 5638 7508 10183 11814 12616 15955 17724 19283 23957 27520 29726 37706 38470 39438 38467 42418 41912 62967 47736 87884 109272 71234 74303 86709 117933 98242 172143 125967 60811 55049 146744 194733 63353 63261
3 4 5 6 7 8 9 10 11 12 13 14 15 16 17 18 19 20 21 22 23 24 25 26 27 28 29 30 31 32 33 34 35 36 37 39 42 43 46
49 248 523 813 1005 1167 1005 853 653 475 409 301 247 223 192 145 152 113 84 70 56 47 49 31 45 41 21 20 20 18 11 17 15 6 4 5 3 2 1
49 279 794 1775 3218 5638 7508 10183 11814 12616 15955 17724 19283 23957 27520 29726 37706 38470 39438 38467 42418 41912 62967 47736 87884 109272 71234 74303 86709 117933 98242 172143 125967 60811 55049 146744 194733 63353 63261
