2 3 4 5 14 15 16 17 26 27 28 29 38 39 40 41 50 51 52 53
19 84 31 41 616 1904 2331 1175 6824 16930 17902 9006 6267 13929 13082 6101 978 1769 858 146
187 1727 482 705 4447 13472 15634 8007 42905 101371 95860 46717 16116 34137 28753 12496 1087 1964 939 146
4679 70686 21839 31995 518056 2573081 6238341 6445181 15656516743407882 2302651664193206879 2015550073480507542 1360223166830256176 190409866423016162 353703111006622708 182054183770989398 53504889783602524 10123517020 4136722652 235794185 5591118
2 3 4 5 14 15 16 17 26 27 28 29 38 39 40 41
4 8 2 9 39 111 121 63 52 105 88 48 1 2 1 1
21 40 3 39 116 285 309 189 82 171 151 68 1 2 1 1
475 1311 8 406 4479 20636 30869 31768 1211833 637124 787908 153625 101 24 2 1
3 4 5 6 7 8 9 10 11 12 13 14 15 16 17 18 19 20 21 22 23 24 25 26 27 28 29 30 31 32 33 34 35 36 37 38 39 40 41 42 43 44 45 46 47 48 49 50 51 52 53 54 55 56 57 58 59 60 61 62 63 64 65 66 67 68 69 70 71 72 73 74 75 76 77 78 79 80 81 82 83 84 85 86 87 88 89 90 91 92 93 94 95 96 97 98 99 100 101 102 103 104 105 106 107 108 109 110 111 112 113 114 115 116 117 118 119 120 121 122 123 124 125 126 127 128 129 130 131 132 133 134 135 136 137 138 139 140 141 142 143 144 145 146 147 148 149 150 151 152 153 154 155 156 157 158 159 160 161 162 163 164 165 166 167 168 169 170 171 172 173 174 175 176 177 178 179 180 181 182 183 184 185 186 187 188 189 190 191 192 193 194 195 196 197 198 199 200 201 202 203 204 205 206 207 208 209 210 211 212 213 214 215 216 217 218 219 220 221 222 223 224 225 226 227 228 229 230 231 232 233 234 235 236 237 238 239 240 241 242 243 244 245 246 247 248 249 250 251 252 253 254 255 256 257 258 259 260 261 262 263 264 265 266 267 268 269 270 271 272 273 274 275 276 277 278 279 280 281 282 283 284 285 286 287 288 289 290 291 292 293 294 295 296 297 298 299 300 301 302 303 304 305 306 307 308 309 310 311 312 313 314 315 317 318 319 321 327 329 334 339 344 349 352 357 359 362 367 377
332 1447 4093 5852 9899 11076 14052 13265 14704 13195 13838 11602 12273 9866 10429 8558 9357 7552 8293 6841 7585 6263 7098 5634 6421 5347 6177 4955 5618 4751 5260 4305 5078 4012 4698 3884 4483 3617 4101 3381 3936 3265 3806 2987 3476 2918 3346 2714 3088 2546 2923 2432 2866 2300 2659 2145 2507 2070 2388 1940 2169 1882 2078 1621 1972 1661 1958 1603 1790 1479 1702 1421 1612 1303 1614 1244 1449 1193 1408 1078 1224 1113 1265 1009 1213 981 1172 878 1082 883 1015 831 998 732 930 726 883 685 905 657 760 628 823 561 660 584 723 521 694 514 600 448 577 466 553 457 500 410 524 393 395 418 491 369 429 361 439 324 385 345 396 281 376 309 310 257 302 286 332 250 278 233 295 239 253 217 261 214 246 202 209 171 236 188 203 193 195 181 206 167 170 138 202 160 128 147 192 141 157 128 151 125 155 144 125 111 131 130 144 102 123 110 129 103 92 98 119 100 116 74 106 87 108 94 76 77 97 83 82 65 68 71 72 71 71 70 87 62 71 44 60 56 52 50 52 49 56 47 53 38 43 46 41 29 39 38 35 30 31 35 26 27 30 27 33 20 31 28 34 20 21 22 22 15 22 17 30 20 20 16 19 11 20 16 19 10 17 11 20 10 10 11 11 14 11 8 13 5 13 10 2 7 8 7 8 1 7 8 9 9 2 10 10 8 7 2 10 8 7 8 3 8 3 6 7 5 6 5 7 4 1 6 7 5 2 1 8 5 4 2 1 5 3 3 1 3 1 1 2 1 1 1 1 1 1 2 1 1 1
332 1545 5658 11130 27530 47033 91666 130427 221997 298417 468919 567528 858995 978505 1434731 1590815 2332559 2525254 3630570 3911462 5564999 5994681 8669381 8744886 12622617 13212723 19382132 19363951 27179879 28705958 38618261 39913163 56487184 55848446 78621600 78467287 110922598 109975078 150998744 149211812 202853842 207307329 284940673 273202868 373736657 372114659 507545716 494652012 654281217 634601656 852878181 846085188 1145577553 1098931360 1459929173 1392988884 1916569895 1875679170 2491528461 2350243781 2907581441 3068550809 3917611131 3579273988 4837175687 4772980316 6514269609 6218310939 7946041550 7589106446 9828160031 9450239831 12329506005 11650760150 15911136707 14333382476 18629199619 18037675713 24284735751 20783763849 26525542874 28846765221 35846422068 33568998901 43700533155 40890540742 55414894767 46963955347 64560579933 61997874536 78907817914 73806520848 97959458678 83869003768 116500971158 104772663442 138746940570 130903977809 184279244550 155782654406 191666978639 183834962939 268084115817 210514458779 265043292217 264708390018 371186827443 309031341258 446233317759 393499772204 465330829655 412084468292 568955866469 540919453926 675439322538 656454668782 757218486399 739626649116 983790103844 828027212308 879976657591 1155649227257 1411773185464 1214941878825 1540836835923 1427813895701 1918517730072 1618852277751 2126917425666 2132664805038 2568760229189 2214079018874 3162534395871 2913416690090 3274762564587 2859502527948 3680257407044 4047850961864 5207709688523 4492337761273 4936460143645 4836217050282 6735673422539 6357916332227 6973551321201 6651529311749 8655192146747 8145389727844 9996275583401 9836239613771 10170488238342 10042851456108 14104703734434 12972763818066 14688243407237 15867397483103 16298548685030 17755374097084 21792667256765 20187525789367 21766677869891 20135832602555 30638079369863 27879806319507 24232725332467 31308280715611 39989160993528 35123041759064 42206466893612 39109186747844 46331313452416 43758362662810 56874041950637 60771948031671 58495032657027 56903381106796 71227834226389 80284289534270 93534714711580 78205201072240 91342238682758 98570472814479 111922595016241 109945995368247 100536402688305 116573091214954 150509230079783 150368173321673 186063887460004 131884302948665 194685571201213 179993604170733 236713758872910 235613848938514 199365040225998 227671234926779 299244072394406 304505262902971 301143125802824 275696887328182 296462200395050 343160967191970 361472760446764 390815097295928 451220928026722 475653051784873 610813258878289 478071615357745 644497363790185 391053086832389 604469543032645 620070325451517 601078418448239 631563510340114 722004215790839 748986312527349 909637490169487 789773250277432 1027899586218101 821145333343711 991415316084174 1076681808399207 1022419264469502 809153006282757 1309359026592794 1257622599115793 1207311550754842 1197435365698438 1432222048144924 1595543961874374 1331671132005170 1454569529385835 1822188057783282 1845325162069261 2119372965280902 1470806018579603 2506807491418146 2574002506790901 3373823604405350 2033568237057635 2255000008073115 2487596029456184 3010928118809063 2147348464159489 3263034041303180 2667954552859831 5107958088596384 4317960901129468 3892086864243354 3897835378945470 4460785666980734 2810542232763394 5397537181772183 4791023892032901 6158279289927538 3142514392169574 6006446275186652 4760980790807585 8846673819096121 4757295777152194 4992944959402491 6528145295857708 6217526588303171 9242798446774128 7183932492447758 5468210645741764 10464345097379164 4016375349420129 11963771190418731 11137418346309380 2100394979862234 8644702961471403 9485587261037483 10028027151670310 12311955029132110 1412749565173450 11344744308874201 14985614651474735 17775672414735439 19398426282866313 5988914518865684 24985813596783651 24694592121625032 20903382500871095 20572508557506885 5877859587859110 32788609395678850 31597643404218077 26934472479589216 32287776393208395 13287894782388867 37287379803920682 15703113209261016 32572091285112831 40611262414088965 31092639900444721 41315924848058243 35856680589608661 54559688775303912 33891737211338115 9253082936723602 58230055443061208 71695883267260521 56399499543837255 24538436038458930 12269218019229465 111036411781795438 74690473620708781 62765478549373714 33653966668976958 18671488299600364 97395256886931563 62933618837282727 73950318452491470 26415807633566326 81136635608128655 32488293351466654 49005643635237875 108618646341702930 78801255302666615 110307860425292772 154043597379576030 214618299743286299 261578907351144125 363117512048110005 827532361866684724 502957566506000020 695143713458946040 1319510599727473500
3 4 5 6 7 8 9 10 11 12 13 14 15 16 17 18 19 20 21 22 23 24 25 26 27 28 29 30 31 32 33 34 35 36 37 38 39 40 41 43 44 45 47 48 52 60
2 42 44 103 86 145 138 137 122 92 94 61 56 30 53 22 38 17 29 17 27 14 19 6 13 5 9 5 6 4 5 4 2 3 5 4 3 3 4 2 2 2 1 1 1 1
2 50 65 231 247 801 1006 1570 1901 2423 3519 3393 4009 3291 8590 4254 9331 6757 14153 9233 17290 13400 24910 9144 25403 14440 28396 21248 25348 30636 28196 31684 12446 50819 61194 90530 42076 121148 90926 62370 149352 177914 178332 150350 294546 1053646
