1 3 4 5 6 7 8 12 13 14 15 16 17 18 19 20 21 24 25 26 27 28 29 30 31 32 33 36 37 38 39 40 41 42 43 44 49
1 1 6 3 4 4 7 6 15 6 14 13 17 32 43 50 6 33 75 55 61 39 34 29 23 16 1 3 13 8 12 8 8 6 6 2 1
2 2 8 7 5 8 12 6 20 8 19 17 35 43 60 60 10 38 80 71 66 44 37 33 25 18 1 3 13 9 13 8 9 6 6 2 1
4 4 20 29 11 27 23 10 284 30 74 126 2476 1028 7152 17914 480 2204 5180 4848 23284 2049 95555 8325 9413 2392 1584 251 1735 3135 410 707 1478 75 542 18 3
1 3 4 5 6 7 8 12 13 14 15 16 17 18 19 20 21 24 25 26 27 28 29 30 31 32 33 36 37 38 39 40 41 42 43 44 49
1 1 6 3 4 4 7 6 15 6 14 13 17 32 43 50 6 33 75 55 61 39 34 29 23 16 1 3 13 8 12 8 8 6 6 2 1
2 2 8 7 5 8 12 6 20 8 19 17 35 43 60 60 10 38 80 71 66 44 37 33 25 18 1 3 13 9 13 8 9 6 6 2 1
4 4 20 29 11 27 23 10 284 30 74 126 2476 1028 7152 17914 480 2204 5180 4848 23284 2049 95555 8325 9413 2392 1584 251 1735 3135 410 707 1478 75 542 18 3
3 4 5 6 7 8 9 10 11 12 13 14 15 16 17 18 19 20 21 22 23 24 25 26 27 28 29 30 31 32 33 37 40 46
12 55 92 111 85 70 53 36 37 33 37 33 24 18 18 16 9 8 11 12 3 4 8 6 1 1 2 2 2 1 2 1 1 1
12 58 126 235 275 376 458 475 636 897 1407 1710 1566 1825 2502 2738 2097 2181 3982 6068 1607 2889 7548 7024 1255 1575 5874 6020 6020 4565 13695 20286 21637 63261
3 4 5 6 7 8 9 10 11 12 13 14 15 16 17 18 19 20 21 22 23 24 25 26 27 28 29 30 31 32 33 37 40 46
12 55 92 111 85 70 53 36 37 33 37 33 24 18 18 16 9 8 11 12 3 4 8 6 1 1 2 2 2 1 2 1 1 1
12 58 126 235 275 376 458 475 636 897 1407 1710 1566 1825 2502 2738 2097 2181 3982 6068 1607 2889 7548 7024 1255 1575 5874 6020 6020 4565 13695 20286 21637 63261
