4 16 28 40 52
129 2150 29095 49175 19435
6980 26142 475330 223384 33139
533751 14858672 10995570271396768120 7216192508030320465 1465221457285613
4 16 28 40
27 307 462 36
369 1678 988 42
11841 475211 23971793 34847
3 4 5 6 7 8 9 10 11 12 13 14 15 16 17 18 19 20 21 22 23 24 25 26 27 28 29 30 31 32 33 34 35 36 37 38 39 40 41 42 43 44 45 46 47 48 49 50 51 52 53 54 55 56 57 58 59 60 61 62 63 64 65 66 67 68 69 70 71 72 73 74 75 76 77 78 79 80 81 82 83 84 85 86 87 88 89 90 91 92 93 94 95 96 97 98 99 100 101 102 103 104 105 106 107 108 109 110 111 112 113 114 115 116 117 118 119 120 121 122 123 124 125 126 127 128 129 130 131 132 133 134 135 136 137 138 139 140 141 142 143 144 145 146 147 148 149 150 151 152 153 154 155 156 157 158 159 160 161 162 163 164 165 166 167 168 169 170 171 172 173 174 175 176 177 178 179 180 181 182 183 184 185 186 187 188 189 190 191 192 193 194 195 196 197 198 199 200 201 202 203 204 205 206 207 208 209 210 211 212 213 214 215 216 217 218 219 220 221 222 223 224 225 226 227 228 229 230 231 232 233 234 235 236 237 238 239 240 241 242 243 244 245 246 247 248 249 250 251 252 253 254 255 256 257 258 259 260 261 262 263 264 265 266 267 268 269 270 271 272 273 274 275 276 277 278 279 280 281 282 283 284 285 286 287 288 289 290 291 292 293 294 295 296 297 298 299 300 301 302 303 304 305 306 307 308 309 311 314 315 316 317 318 319 320 321 322 323 325 326 327 328 330 331 332 333 334 335 336 337 338 339 341 342 343 344 345 346 349 350 351 352 359 360 361 362 365 366 369 375 381
367 1616 4147 7555 11458 14834 17649 19441 20509 20502 20316 19815 19089 18213 17447 16288 15732 15033 14559 13593 13212 12438 12551 11702 11693 10887 11025 10569 10250 9889 9487 9139 9236 8695 8612 8155 8255 7777 7723 7190 7151 6960 6895 6576 6409 6064 6066 5783 5807 5451 5496 5212 5343 5001 4880 4723 4623 4611 4355 4265 4163 4027 4128 3821 3825 3647 3650 3575 3521 3292 3221 3057 3074 2897 2879 2680 2667 2691 2552 2521 2442 2385 2464 2317 2243 2117 2128 2088 2040 1976 1930 1919 1882 1806 1720 1617 1674 1578 1584 1488 1445 1432 1394 1371 1303 1290 1308 1286 1266 1219 1176 1140 1126 1152 1028 997 1023 977 943 866 894 856 830 797 832 793 777 796 740 704 680 715 668 678 679 633 626 622 604 571 557 552 511 559 502 500 482 466 483 506 452 432 421 443 433 411 379 393 419 357 347 326 301 293 341 309 315 295 281 277 293 224 253 244 248 220 229 240 223 192 233 202 218 182 199 197 173 177 188 184 188 177 173 172 173 156 148 140 137 135 144 120 129 124 127 118 113 107 99 109 102 96 107 98 110 94 91 92 101 86 72 65 74 66 79 61 81 53 83 48 57 57 52 70 62 57 50 52 39 48 49 43 50 34 45 43 36 37 44 31 44 31 34 29 26 21 31 36 30 17 27 32 28 17 25 17 33 16 18 16 21 21 24 18 22 20 21 10 19 14 16 18 16 3 11 2 12 11 11 8 12 10 8 10 7 6 10 4 9 9 5 5 5 2 7 9 5 9 3 4 3 3 6 4 4 4 3 3 2 4 3 2 4 2 2 3 3 5 2 3 1 6 1 3 1 2 1 1 1 3 3 1 2 4 1 1 1 1 1 1 1
367 1757 5872 14714 32591 63570 113327 191891 305386 465831 680806 988202 1355020 1882447 2521724 3235831 4282001 5418926 7048715 8602414 10789059 13296130 17169705 20437836 26221123 30531281 39177549 46522635 56185754 67368965 80411960 95095636 117122374 135718884 165360118 189402839 235488909 265962668 330841151 360986763 433418176 509549941 590701491 680285500 779439071 889118111 1058360582 1168232939 1417821386 1545147721 1859315359 2070697492 2500345306 2723349198 3158800496 3502579272 4023266194 4713918205 5139799781 5867296626 6692440443 7468725628 8991774548 9402155867 11141559999 12270414494 14361765841 15890445241 17890706853 19101775565 21877305009 23365603668 27592427207 29547161158 33395402755 36128345506 41450281931 47163458523 51304592729 55805221239 61529900219 69295069020 82359413424 88187648656 96157066281 106763782210 120411605461 131256160456 144418885685 159097512832 178937808793 196156167652 212018940145 231387454690 254112581878 267239452663 310144045249 335651117406 360589394075 400757650779 428695065297 476087837074 520427831735 567787945773 611796452845 684107205122 792112271370 849759285403 943752715452 1017311064745 1091950068073 1161134522181 1293866128773 1445234266755 1493568567159 1630159762039 1840323619568 1942333728287 2042126163446 2150756479528 2488900956605 2555561719919 2703707920202 3039108401019 3425193677619 3664161905396 3863956886051 4622986862435 4637091751155 4833797129167 5253050486564 6110245804786 6391635746332 7075415915191 8292588735618 8069714854789 8954000394721 10066107875495 10420776272292 11493520913797 10984870342841 12472185836649 12592805417969 15590099787779 15576995043056 17421553221214 18492581432438 19557432649555 22811849256821 26185023460318 25547555617425 27632817396067 28157819647009 31192989033214 34958649746521 37451421312774 37477415911256 42770586382525 49002018853904 49773678078565 50774854983344 51272131965569 51755992898507 56820382160429 70063931226431 67696395673616 78829421909869 81331123520313 85277388763828 91553231129851 106114598773310 91232240071588 104881925251552 119312440108183 127304080854698 125172824219228 147236333472096 154518893031180 170572644544970 160417055362235 214595610971841 197435021327999 218965243595347 207321957697452 259339791547615 250720342828241 244354864424951 282229294986583 323738335705136 352835744869813 410194286235579 379153690079677 427503564759865 461953427125061 521170726777708 507883774337220 555460954031469 537495207615150 534484487462821 609569684386514 679964443447803 640758968635634 787098259675825 747432738699494 853157815337864 886435007536763 833071996027906 917439704434435 921815640783768 1094791081044419 1165625700667224 1146628203466869 1359685026940927 1346753651095415 1769323381441744 1555316251329709 1577083306973836 1736185313818109 2086396738855574 2097597610573588 1709149692416942 1767419147287649 2078530549282704 2057245739135007 2645281450497332 2263650152477340 3309174003352443 2270818108283842 3870114906325930 2572397497672216 3184301993301340 3489652807528061 3366704824603864 4942390253899862 4645844811775718 4438198877368958 4333809791334865 5288310721735504 3867293443256456 5791331033787895 5502432376565697 5993278636232801 7017714925097862 4913995734673111 7388901280057532 8102606503831418 6416097322439034 7696211327091260 9800981770357710 7034116458453805 11502371006353024 8479072815142884 9967593682739902 9603542040729335 8464271473319921 7567356262059285 11983758204874780 15409165182819676 14542441984558148 10395263872591779 14297615557858208 19506489631277598 20790863616594205 12789956850058142 18870241111419318 12288423909842809 27339792510276274 14213137484398651 16348100421811641 16856127810078038 23034673185334765 25783382644441225 32234062177104758 25023229153689834 30989793847016178 30100664579353350 38838706656681347 20289791925114746 41203832312988762 27273206195199631 33438714646862355 47110109547264006 43616946506432304 8006698957140768 36145521217264015 6099067661078552 42743915286801393 42554935912431236 42638161125546904 36800631288893163 57370967658142563 55470232974039040 40425636504903024 64366939325831796 40611262414088965 38920044762474528 73270119466336940 28890830445412830 76447700704403208 81482979630474370 45000241361100856 49654861962017505 51833938482453519 22871084155644208 85050850193198894 114887961552206380 67723979015733122 141770743634577091 77377830124354618 85832384149411564 88916205385680456 73950318452491470 158494845801397956 113220081363984012 121304727959371856 129953173405866616 104402864608322490 109349766422936984 122587209089954678 177040873159065448 147016930905713625 104924088457657282 240421399358666176 128650749218229100 197485635164302950 220959863585551017 236403765907999845 410504957514008587 180350869961099246 289350330576608280 103151466321735325 661847162551756632 126108517833796355 404457541869904560 144117936527873832 308087194759152060 164637479165761044 175943559810422753 214618299743286299 687816860613651450 734713612366147218 261578907351144125 827532361866684724 1766491927717433748 471314064268398780 502957566506000020 610898403751884101 651688879997206959 790738119649411319 1161537834849962850 1701169427975813525
3 4 5 6 7 8 9 10 11 12 13 14 15 16 17 18 19 20 21 22 23 24 25 26 27 28 29 30 31 32 33 34 35 36 37 38 39 40 41 42 43 44 45 46 47 48 50 51 52 53 54 56 58 60 61 62 64 65 68
1 30 37 140 124 325 160 285 199 332 159 194 119 171 82 101 65 86 34 48 33 59 27 32 21 23 15 19 11 21 3 14 11 8 7 9 7 6 5 5 6 1 4 3 3 3 3 7 3 2 1 1 3 1 2 1 2 1 2
1 36 57 355 371 1724 1013 3517 3180 9507 5695 12133 10310 23959 11473 26505 19779 32009 16310 34217 26168 70242 36708 59304 46846 69158 50412 77468 63493 131079 23200 165648 152872 123440 137204 153590 175991 151480 164775 158861 249244 37338 259674 313194 254871 377005 453372 1025504 585378 505662 294546 408452 1705879 1053646 2107292 1430440 3094080 1121505 6966520
