13 24 25 36 37 48 49 60 61
485 2281 9845 12512 33137 8640 23494 2617 6984
17093 89716 549116 123093 300589 28512 78804 3651 9652
2910390 33780781347098 4112729222757409 6999805698828352455 13205722952349459925 205497713477689507 431495704755946990 1252350818906 2405692801060
13 24 25 36 37 49
112 98 431 26 82 1
1148 443 1382 41 126 1
101373 8388786 17713291 8655 345884 2
3 4 5 6 7 8 9 10 11 12 13 14 15 16 17 18 19 20 21 22 23 24 25 26 27 28 29 30 31 32 33 34 35 36 37 38 39 40 41 42 43 44 45 46 47 48 49 50 51 52 53 54 55 56 57 58 59 60 61 62 63 64 65 66 67 68 69 70 71 72 73 74 75 76 77 78 79 80 81 82 83 84 85 86 87 88 89 90 91 92 93 94 95 96 97 98 99 100 101 102 103 104 105 106 107 108 109 110 111 112 113 114 115 116 117 118 119 120 121 122 123 124 125 126 127 128 129 130 131 132 133 134 135 136 137 138 139 140 141 142 143 144 145 146 147 148 149 150 151 152 153 154 155 156 157 158 159 160 161 162 163 164 165 166 167 168 169 170 171 172 173 174 175 176 177 178 179 180 181 182 183 184 185 186 187 188 189 190 191 192 193 194 195 196 197 198 199 200 201 202 203 204 205 206 207 208 209 210 211 212 213 214 215 216 217 218 219 220 221 222 223 224 225 226 227 228 229 230 231 232 233 234 235 236 237 238 239 240 241 242 243 244 245 246 247 248 249 250 251 252 253 254 255 256 257 258 259 260 261 262 263 264 265 266 267 268 269 270 271 272 273 274 275 276 277 278 279 280 281 282 283 284 285 286 287 288 289 290 291 292 293 294 295 296 297 298 299 300 301 302 303 304 305 306 307 308 309 310 311 312 313 314 315 316 317 318 319 320 321 323 324 326 327 328 329 330 331 332 333 335 337 338 339 340 341 343 345 346 347 348 350 351 352 353 355 359 360 361 363 368 369 371 373 374 376 377 383
372 1822 4462 9048 15287 20900 26968 30572 31894 33510 33288 31059 31214 30092 27983 27388 26418 24491 24136 23144 22141 21425 21165 19426 19707 19097 17559 17620 17466 16076 16545 15634 14664 14692 14512 13410 13474 13007 12362 12059 11715 11115 11200 10693 10218 10077 10249 9129 9377 9136 8661 8455 8473 7710 7979 7574 7104 7179 7143 6626 6690 6367 6105 6027 5727 5542 5550 5498 5041 4979 5072 4624 4636 4638 4266 4283 4215 3810 4069 3804 3684 3578 3659 3402 3402 3285 3149 3042 3034 2752 2928 2751 2599 2482 2611 2422 2408 2385 2166 2265 2133 1943 2129 1962 1789 1880 1924 1785 1798 1678 1632 1542 1545 1390 1468 1445 1373 1322 1292 1223 1226 1239 1190 1166 1115 1031 1119 967 961 926 956 879 901 884 786 837 771 764 763 788 665 666 675 645 698 627 590 620 543 491 522 513 472 474 475 473 430 425 364 394 344 349 355 310 317 317 290 314 304 292 271 288 254 243 245 224 250 233 204 200 203 155 170 177 196 182 173 172 177 141 137 142 161 133 119 119 113 113 103 141 129 110 102 101 111 75 70 83 108 70 64 52 93 61 78 73 62 69 67 61 50 58 53 42 54 44 48 55 39 41 46 38 42 42 34 39 22 38 26 29 29 28 26 20 24 31 19 27 28 17 14 25 26 22 21 22 21 22 21 15 14 21 17 23 17 9 18 14 10 9 13 8 12 5 8 10 6 9 9 6 14 9 5 8 12 5 7 9 8 4 6 4 5 8 5 6 5 3 7 6 4 3 9 2 7 7 2 8 9 5 5 6 6 3 5 4 4 2 4 4 1 3 1 4 3 1 2 1 1 2 1 1 1 1 1 1 1 1 2 1 1 1 1 2 1 3 1 1 1 1 2 1 1 2 1 1 1
372 1987 6266 16974 40601 80984 152016 270760 423116 666088 1012751 1411164 2028987 2879943 3781552 5006879 6796735 8404808 10927831 14242417 17815122 21805837 28624685 33768753 42938546 54050878 63583031 77766319 98646231 113167227 141259798 171033275 199053804 233281221 289327094 326287572 393494444 472496150 538621486 616639925 759853082 833246042 989022145 1177846318 1317651542 1515083871 1892717254 1966657082 2359476966 2749188306 3115457479 3496912924 4215723487 4458539874 5303552267 6055944487 6690125827 7632562309 9058518780 9768959734 11110257959 12753536814 14009491333 15560423052 18011206156 19325980815 22328939464 26159749308 27462134328 30420275298 36146846573 38105656367 43290674913 49370689326 52885054108 59375908626 68449351464 69533859947 82005420763 89525708776 102441074821 107330790026 127483730274 132932994900 152856196250 170259363227 181641869503 192879127297 224685124608 224988607229 266441471100 284933546697 322865516590 329432250997 388500353944 408997329792 465687819719 512628160408 543024164057 592869253055 685842359590 700992219871 808454320265 846762469216 907879009865 986268849453 1181254365776 1217339783660 1390956091913 1450678408051 1610457097662 1593658443499 1898585712851 1864665957400 2123091370814 2343490950828 2681079982583 2715061558150 3024789726911 3131302403312 3461970443115 3956260796247 4390635063224 4432728977867 5038702226709 5003585671204 5843553025010 5631456835873 6544626826444 6640159973123 7861167602332 8093378256185 9273181908968 9880880642782 9358919565772 10381774684505 11357968290312 12848640783560 13410953350720 15163134158157 15467711442445 16447481791167 18794981534548 19336549112091 22904140977556 22785862937098 23385114962656 26924410637633 26421642722847 26658198418105 28641869187265 31021605913678 31536983437308 35518323112499 41965761454987 42586371285932 43206097254362 47260026227347 41948791315795 51257222393458 51551044697690 56887645534731 62737744746461 61040669724190 68207298681853 72829491068291 72522541839204 84757829291511 90438636341028 98850403379610 96808926479550 113804790766239 113404162883224 115021393501455 123033058602029 130496997240748 158391487798419 162957178962805 161344357056510 168435929246485 188580816393794 149162042337300 181871283239449 201870570638973 258872964776279 255057169584040 250192949169280 284283853432093 324525241230905 273765137736942 292298670728295 324953410408149 411053682424827 366397330958417 367520855378245 372987299564123 387176160082167 452057841732521 387291541201011 637089594949712 569666504267456 543962721569960 582009017738626 603560932821427 754086425082865 526858420176783 499938821024468 740826839095490 886224314883337 749983194116697 682679660867247 651491546552807 1280698703343908 790345762357606 1105185246749479 1148963038802159 1005610242034511 1431658466725498 1325807881796361 1252524442519199 1202452201833025 1580154240135473 1518274213290069 1314253567462680 1814132743051932 1582067346319501 1847673628781667 2420874124503901 1813087665624929 1930723674416179 2328788585951653 2226443595240780 2508526292460432 3209366994368199 2719613773940460 2928804270542300 1960544535624969 3434127382871515 2684915257215514 3155390424965457 3439154182488423 3688853269160938 3751414925174278 2969913137277259 4182301457949994 5380468211199406 3527240473789102 5739721659975396 6345379441865116 3659170824349042 3424421874155515 7273635139687311 7822233519362829 7592375194455869 7011030499538318 7669002593378807 8509850086919624 8844253053117810 9546963545083686 7806052700096324 6513783429724348 12602298728937925 10459258447315076 17061263094279238 10963567698056003 9202937268879101 15141574577833982 11997107797321444 8721859193415870 11137418346309380 14040363354231891 8725743975478892 18049249208501397 9585806317075520 12211257264774875 15872471163261615 9707450339537030 18760140445029469 16531934250186996 13852995721075052 34202818232275610 22147240699575863 12359596671865308 25601446493958817 37381860879556135 15358273189306101 23308195794231859 38902505076360183 34512825477149691 20216543541642456 30480313495051038 19150367296317138 25084856308923596 48275204494373847 29782048220332665 44065988154602897 34350074703862412 22438695235531752 55110372081736368 49952233981224195 36379745085635831 28437138265850705 102941518124761700 22871084155644208 96486392271020998 91242525389575689 28237325330560010 118070751690125985 143964411228522029 85896507068418843 92100133331548751 118758622112485089 127307906949341400 88916205385680456 119950331763466144 103897529051529468 111330868656554335 58631202330838967 129953173405866616 149097623106992308 39919565526999991 131268514615487420 49005643635237875 209848176915314564 168469806338622867 60105349839666544 128650749218229100 68834885946073850 73653287861850339 168601631272450238 96450110192202760 103151466321735325 110307860425292772 117949491546113972 126108517833796355 144117936527873832 164637479165761044 175943559810422753 376017294104585960 200882556287683159 229272286871217150 244904537455382406 261578907351144125 558726656967404304 318555973788329084 1241298542800027086 441622981929358437 471314064268398780 536679070310691121 741433159884081684 1581476239298822638 899175348396088349 1022141228367345362 2179315288848799564 1238057794119125085 1319510599727473500 1930656072350465812
3 4 5 6 7 8 9 10 11 12 13 14 15 16 17 18 19 20 21 22 23 24 25 26 27 28 29 30 31 32 33 34 35 36 37 38 39 40 41 42 43 44 46 47 48 49 50 52 53 56 57 58 59 61 62 63 65 70 78
5 36 33 179 106 244 171 324 170 325 186 231 135 179 76 115 65 62 49 54 28 51 31 41 20 33 11 31 7 22 10 13 6 6 4 11 8 6 5 6 3 6 6 2 1 1 8 1 2 3 1 2 1 1 3 1 2 1 1
5 44 55 439 324 1343 1124 4463 2538 9356 5969 13617 9782 23669 10766 30896 17476 23793 22179 45117 23915 58641 37330 70645 38497 92325 27045 112774 39676 205912 64183 98447 59974 99424 57761 199749 161642 124134 188410 183689 120553 330474 510054 181523 106348 150350 1148243 211116 716778 1043064 239943 949333 386155 526823 3113774 831820 2087972 4647040 7089500
