22 34 46 58 70
2774 23503 41798 22076 9843
1168203 864490 323220 86885 14846
32234045868238 46002478170314338038 7218322485224838424 512869822558816393 40798667506452
22 34 46
526 820 170
6680 2389 255
91091867 46067820 547520
3 4 5 6 7 8 9 10 11 12 13 14 15 16 17 18 19 20 21 22 23 24 25 26 27 28 29 30 31 32 33 34 35 36 37 38 39 40 41 42 43 44 45 46 47 48 49 50 51 52 53 54 55 56 57 58 59 60 61 62 63 64 65 66 67 68 69 70 71 72 73 74 75 76 77 78 79 80 81 82 83 84 85 86 87 88 89 90 91 92 93 94 95 96 97 98 99 100 101 102 103 104 105 106 107 108 109 110 111 112 113 114 115 116 117 118 119 120 121 122 123 124 125 126 127 128 129 130 131 132 133 134 135 136 137 138 139 140 141 142 143 144 145 146 147 148 149 150 151 152 153 154 155 156 157 158 159 160 161 162 163 164 165 166 167 168 169 170 171 172 173 174 175 176 177 178 179 180 181 182 183 184 185 186 187 188 189 190 191 192 193 194 195 196 197 198 199 200 201 202 203 204 205 206 207 208 209 210 211 212 213 214 215 216 217 218 219 220 221 222 223 224 225 226 227 228 229 230 231 232 233 234 235 236 237 238 239 240 241 242 243 244 245 246 247 248 249 250 251 252 253 254 255 256 257 258 259 260 261 262 263 264 265 266 267 268 269 270 271 272 273 274 275 276 277 278 279 280 281 282 283 284 285 286 287 288 289 290 291 292 293 294 295 296 297 298 299 300 301 302 303 304 305 306 307 308 309 310 311 312 313 314 315 316 317 318 319 320 321 323 324 325 326 327 328 329 330 331 332 333 334 335 336 337 338 339 340 341 344 347 349 350 353 355 356 357 358 359 360 362 364 365 366 370 371 374 377 380 381 386 387 392 395
230 1426 3857 9204 16905 25587 41443 51434 62755 70778 81490 75537 76389 72875 72061 64908 66446 60098 58517 55983 55258 49600 51807 46975 45550 43076 42518 37985 40458 36223 35814 34461 34003 29959 31040 28224 28188 26949 26458 24449 25421 22868 22286 21152 21398 19215 20379 18566 18197 17313 16599 15176 16083 14622 14344 14147 13988 12594 12781 11689 11879 11265 11191 10581 10809 9844 9355 9039 9246 8644 8496 8307 8244 7695 7364 7052 7278 6719 6539 6414 6499 5917 5696 5561 5604 5323 5120 5173 5001 4686 4540 4295 4355 4279 4102 4101 3976 3718 3468 3485 3473 3305 3154 3186 3024 2909 2715 2597 2814 2569 2506 2539 2501 2276 2187 2013 2048 2209 1976 2005 1933 1740 1644 1648 1625 1590 1571 1451 1442 1429 1382 1260 1353 1279 1229 1397 1171 1104 1101 944 1085 1075 1002 944 999 903 852 853 821 820 769 691 709 748 681 653 749 687 660 680 640 632 602 565 581 602 534 531 572 463 519 493 485 481 447 483 424 455 420 397 439 425 370 394 340 375 345 294 358 358 293 335 379 306 264 291 266 275 266 218 228 234 224 192 243 203 195 210 152 196 168 152 179 184 166 158 157 127 144 137 151 131 108 100 128 105 114 89 98 107 89 92 70 75 81 69 74 82 82 56 68 59 66 48 63 73 45 52 48 57 48 41 44 36 37 42 39 37 29 29 104 38 34 31 25 20 27 13 35 22 26 17 31 22 14 19 11 22 19 23 10 12 12 8 11 9 16 20 10 12 11 10 9 11 2 5 8 10 3 3 8 7 5 7 7 3 3 5 7 6 3 8 6 2 5 1 4 4 2 5 4 4 5 4 4 3 3 5 3 1 2 2 3 1 1 4 1 2 1 2 1 2 1 2 2 1 1 4 3 1 1 1 2 1 6 2 1 2 1 1 2 2 2
230 1558 5348 17231 42232 95356 213381 386281 696496 1146423 1962522 2674427 4150480 5795913 8399159 10608191 15855750 19072677 26015248 32777955 43177749 50410155 71830041 80225219 106331370 125680407 161351368 175547997 242560854 262960455 340796011 391175791 502800124 528085759 702334413 734669910 936347608 1052278621 1312560429 1405254140 1869525715 1924684489 2385259398 2594142153 3225569972 3293059240 4399383437 4469110046 5642428653 6089774305 7240496982 7326671820 9393978796 9566057108 11687606651 12798607941 15572451802 15894837792 19516695870 19681886826 23934441607 25507165574 30337268428 32165997436 40079426507 40456424716 46132635806 49329553285 57778245952 61716974903 71631276951 75954397809 89956575883 96865677663 106889621786 114055718898 130827597475 139284085827 157166776198 176960650326 210376564808 215764796802 237430171324 251280088987 292499926909 315214249162 353591641749 396036180929 441400997656 469436865394 529413080873 551177907868 616915965826 686169242394 760925995496 837382655570 951347328739 998793008047 1079358467919 1162794953439 1287013889178 1335643680837 1476993744028 1652853775624 1811730841158 1948062825411 2107379349755 2145663775374 2602629745190 2561779904341 2899126119548 3249057640938 3680241743725 3666792338670 4038905395084 4066175943751 4535008587593 5217260739204 5391365823859 5795040818090 6542187811776 6231883708748 7099041689687 7439468831216 7888668629163 8115943117387 9442307359326 9607840427141 10753656878048 11594697604153 12169193570190 12068657374043 14639710911148 14084140216805 14945039134464 18604783109644 18338941357022 18597120079653 20991903245738 19471531241805 26374206895994 25947762325433 27933795212476 28846955131509 35339191368197 33966371444483 36681813902962 38336868258057 41703750987139 44247330161271 48159740114381 44467579450189 52390784607394 59075965672909 61519923556589 63572091497888 83876419530580 72088037030282 85313470522104 94787754245155 99949464606929 102221713918950 118334027161877 111276650284944 137792520934103 140026951938338 142331273691981 151863683024574 187230272723285 154417334559869 212083059325552 218946372632040 222708681210509 226985461146913 259134923468329 292012638585996 281536122976934 330444038444505 339754780919730 341673813965600 415312703614482 425040965503741 418137004690940 493648760510337 460386829959538 556687698072272 606645461212148 532707143981117 704579390665560 772396201674822 689124300209274 775896903171943 941306984023560 836510669456495 843449595075897 1069917902660522 1021338643028815 1092517827744688 1232212160965580 1021080620796176 1229428559025378 1370462078260620 1380752970317772 1390100601142635 2049033613559241 1524998229147067 1751085661791679 2085995471884101 1462614239615419 2276301262921864 2240938598881522 2117367924569160 2686028662609904 3082033422929151 2601556551571800 2852721000583087 3278559438163576 2722719228830398 3552596480004907 3889424532068503 4133699281186273 3804249563534298 3371550775142824 3335677930842660 4777610204599023 4231562676544452 4835932026982430 4919920949793492 5656537563471878 5806496114645855 4871437436295323 6069360112623773 4665265134362261 5432136397358531 6894890999353574 6045503934871632 7160058000171421 8573180480086462 9965012133928849 6514737561126166 8890071648042050 8432347903501845 9496889273694693 8482308098122136 11388101552065112 12450444446332233 9890704200864514 10335595958299496 11360380476429102 13888679258369264 13046067961255181 11726948593940249 13983022558634277 12112881704993342 13330677391601813 16074197442688146 16475348637014187 15215181467493871 14259144151102243 13513649385899867 53682901973865632 21982422361246236 21262554842661268 21539997845962220 17088166415039151 16682492283801375 23838567093568004 13087805949740010 34946198842027296 22844003143829952 27612681413470149 21339469642694290 42607764900058380 29641860620416140 23759752059361223 33835424453087525 19572449649326367 40312272948321092 36213471975328236 49000981828608001 27038412301294098 35643351862433595 33095669256833538 25257166753336693 33632840660978683 30052922158953876 52699221177923936 80235408906109531 41836331650625886 48011440080845387 48617326002654582 51565709043765736 50169712617847192 80847295779486678 11245985383901210 31986460390411867 60775947229295507 85131346533294231 22989378541964208 32711241430294145 70861730187495931 66805248924104911 62491269715002358 99807035319305876 83383498310384172 61346090096147325 65811089475288520 74690473620708781 113678505750807641 131092685883954936 72171336865495318 174773087011286181 128748576224117346 46000013310974674 123250530754152450 26415807633566326 107552443241694981 117262404661677934 64976586702933308 178951676161818644 157033102357748050 165335287125909374 228861792717890140 192789289449291653 202935375728133032 217237292683405860 172418554065415122 321626873045572750 206504657838221550 73653287861850339 152454543164516954 168601631272450238 270526304941648869 96450110192202760 103151466321735325 441231441701171088 117949491546113972 252217035667592710 154043597379576030 376017294104585960 214618299743286299 458544573742434300 279363328483702152 637111947576658168 680245620097154856 363117512048110005 387632532919029223 1655064723733369448 1324868945788075311 502957566506000020 572612058898037559 610898403751884101 1303377759994413918 843250788562528427 5395052090376530094 2179315288848799564 1319510599727473500 3193350548981513582 1701169427975813525 2332821198543892336 4968610588530836360 6797408082716320550 8196069071253189582
3 4 5 6 7 8 9 10 11 12 13 14 15 16 17 18 19 20 21 22 23 24 25 26 27 28 29 30 31 32 33 34 35 36 37 38 39 40 41 42 43 44 45 46 47 48 49 50 51 52 53 54 55 56 57 58 59 60 61 62 63 64 65 66 67 68 69 71 75 79
6 53 59 256 216 610 326 839 368 862 352 757 329 672 230 543 222 419 134 282 118 228 101 185 81 126 57 124 63 87 48 74 38 50 22 51 30 33 15 29 17 37 24 15 9 5 12 18 16 11 2 6 5 4 6 6 1 3 4 1 5 3 3 2 3 2 1 5 1 2
6 65 95 653 621 3158 1926 10446 5166 22969 11220 46957 23304 88643 30970 138005 61246 201528 62449 230889 96755 318337 118719 441738 151208 453569 165625 698309 328623 874253 308835 781209 393921 775970 280633 1103152 551778 1174760 507985 1449242 921651 2996270 1429588 1521369 768930 667900 1491107 3004360 2920603 3051995 320798 2594212 1338436 1633808 2686023 4191838 772310 1880651 3623998 2107292 5954960 6457454 4832335 6108878 5726270 4752628 4025116 13450322 12263904 22297264
