26 38 50 62 74
10538 30068 34872 20065 4449
1860789 660785 201421 57784 5168
1997332895459395801 42581088508506353416 6387612723976030261 145444659025682780 39040552731
26 38 50
1371 449 59
10017 1002 76
313530367 26799755 51494
3 4 5 6 7 8 9 10 11 12 13 14 15 16 17 18 19 20 21 22 23 24 25 26 27 28 29 30 31 32 33 34 35 36 37 38 39 40 41 42 43 44 45 46 47 48 49 50 51 52 53 54 55 56 57 58 59 60 61 62 63 64 65 66 67 68 69 70 71 72 73 74 75 76 77 78 79 80 81 82 83 84 85 86 87 88 89 90 91 92 93 94 95 96 97 98 99 100 101 102 103 104 105 106 107 108 109 110 111 112 113 114 115 116 117 118 119 120 121 122 123 124 125 126 127 128 129 130 131 132 133 134 135 136 137 138 139 140 141 142 143 144 145 146 147 148 149 150 151 152 153 154 155 156 157 158 159 160 161 162 163 164 165 166 167 168 169 170 171 172 173 174 175 176 177 178 179 180 181 182 183 184 185 186 187 188 189 190 191 192 193 194 195 196 197 198 199 200 201 202 203 204 205 206 207 208 209 210 211 212 213 214 215 216 217 218 219 220 221 222 223 224 225 226 227 228 229 230 231 232 233 234 235 236 237 238 239 240 241 242 243 244 245 246 247 248 249 250 251 252 253 254 255 256 257 258 259 260 261 262 263 264 265 266 267 268 269 270 271 272 273 274 275 276 277 278 279 280 281 282 283 284 285 286 287 288 289 290 291 292 293 294 295 296 297 298 299 300 301 302 303 304 305 306 307 308 309 310 311 312 313 314 315 316 317 318 319 320 321 322 323 324 325 326 327 328 329 330 331 332 333 334 335 336 337 338 339 341 342 344 346 347 348 350 351 352 353 355 356 358 359 362 363 364 365 366 367 368 369 371 373 374 376 380
339 1674 4980 11076 21610 36654 51819 61080 76331 74503 79757 76141 76957 69656 72477 64329 66385 61711 60904 55598 58891 52186 53639 48981 50336 45436 47257 41842 43581 39780 40508 35921 38441 34461 35244 32348 33493 30195 31959 27569 29088 27115 27432 24380 26167 23147 24111 21404 22592 20297 21314 18717 19713 18300 18341 16129 17728 15981 16346 14805 15605 14113 14735 12673 13536 12945 12982 11413 12372 11361 11339 10285 10697 9712 10031 8884 9301 9054 8911 7576 8390 7696 7711 7378 7474 7003 7139 6294 6454 6259 6237 5616 5991 5686 5455 5061 5113 4756 5064 4469 4521 4718 4379 3682 4106 3829 3793 3703 3589 3450 3520 3094 3164 3265 3153 2833 3135 2832 2756 2685 2668 2413 2747 2270 2306 2427 2336 1999 2189 1941 2052 2004 1990 1756 1856 1641 1676 1662 1625 1455 1669 1390 1464 1339 1277 1141 1310 1145 1131 1191 1105 946 1061 921 940 987 941 872 979 760 742 831 772 672 842 729 730 731 648 592 751 621 616 623 595 514 599 525 552 578 551 455 493 479 416 457 424 364 460 360 422 366 400 298 349 309 326 281 306 232 298 233 255 240 265 233 256 206 216 218 207 172 246 189 198 155 189 161 177 157 176 174 173 119 161 135 126 115 129 107 116 103 109 100 110 89 99 109 98 60 90 76 82 68 75 70 79 63 59 40 56 33 56 40 58 49 52 37 49 35 52 53 43 50 49 26 50 39 51 34 45 27 30 24 27 27 27 23 34 30 19 18 21 12 40 22 24 17 13 10 19 20 13 18 14 12 11 11 7 9 9 8 8 11 8 10 8 10 9 10 6 19 8 4 7 10 8 8 8 7 3 4 4 9 5 3 5 6 4 3 1 2 1 3 2 4 5 1 3 3 1 1 1 5 1 1 1 1 1 2 3 1 1 4 1 3 2 2 3 2 1 16 1 1
339 1836 6957 20400 53226 124421 254769 454578 840492 1274301 2078351 3008656 4472258 5940078 8812654 11150503 15781926 19999706 26847929 33423512 45861772 54149004 72253905 86776832 113358375 130805726 171536033 196522249 254557335 289190977 371231463 411429955 538936159 591424034 752471514 839682365 1053054385 1165325515 1499589209 1566019757 1986892325 2172340149 2689711215 2885465334 3661965369 3789890024 4806044975 5023870638 6299426057 6590983418 8272590767 8600291428 10661623001 11312935996 13651764872 14006401552 18135580594 18352559934 22648156952 23288152754 29075722842 30042336478 37258209153 36656339128 46839391113 48367652022 58700446567 59294710070 73012485285 76553772835 90025990716 90740740351 111905844089 112257332824 136050191611 135152873817 169353227992 172643389682 209103186755 197394222746 253296240037 249383745755 303697114711 315160821626 373283925441 379816196251 454989465999 440472168705 558674302617 538364406273 657541940466 659959300415 786056832523 810919880494 940838440481 930447528456 1087385457889 1123432642429 1360859923523 1326212769929 1576785327810 1685180133484 1822651784249 1792747463260 2139402938769 2159095114674 2626770188409 2652450530381 2962002382665 3247678709406 3614085115513 3567695962098 4347900545856 4464860292329 5107935584175 5330658220150 6257927236640 6196536922167 7058459258848 7396604962138 8315399295229 8259367854014 10348413997113 9542832538606 11612283508369 12490801069083 13772153111173 13807361392096 15729832555297 15010148971815 19663085100782 19455902216782 21225239835112 21519789979972 24582696990820 24351715232255 30653052904249 28665614445534 32378966592990 33368388645963 40185132137752 36636108092814 44996812583130 43035326405210 46046427331261 45545652649689 57323281185334 54482425385525 62502682824611 67264974928957 71191106646172 67093197997025 79703148223071 74583737735277 87447588334753 98939029917121 98910815475562 104281211695603 127224935595455 108493685885537 129581241114485 142838286248903 147607620517585 152120380599239 191156047284866 182938304877035 205482780115633 221159670955071 207558984552751 219107307531542 308601494732032 274064669396610 315181386591740 320306021242778 331619535834965 334680022756039 410443266413377 384151817309378 464454724295605 529953355680555 529252138410120 474240081201809 587592476247128 581239809998819 557973950744774 709210467693756 676047307312926 639161880133355 909811948413289 762140657684982 997322189117307 931890952050559 1063819671859871 918867551832782 1237320649285649 1048455097148114 1241203347485657 1218972371725371 1357604391845234 1157151722727048 1575973817541270 1308518420784735 1643135427052857 1727992536883346 1982322327919398 1864972885707782 2182832791356785 2017290617383007 2150810198276626 2504076787039336 2670096048823311 2217705626757519 3517284081699515 2931321582045079 3064476997595146 2936090182612842 3416320594247435 3431545733150812 3977018589423092 3972573222553679 4611137867429391 4901535391575209 5342642395679645 4140958298663838 5768612950338353 4805999397790001 5556029314010372 5335907129584666 6387306077855730 6097097274080305 7078099553698022 6160539499803847 7772379356447910 7191042607124560 9421067443883942 8383721738989477 9368629840620123 10747311423829467 10573797058621410 6991664388593130 12654447739546048 11003364518466840 11905268134718926 11325997442332933 14134037961341313 13477051884721237 16828528672801772 13844894373761747 13153722373059666 10505876140923751 16050981808573532 10565788863110790 18288437182247456 13779002929882540 21287214747844315 20476268094986261 22886545454819786 15041336808786421 25376501706148578 17231822547709355 30525804059800134 30351527602734236 27788130734738588 34410662790573592 33544026448204044 23293454225381612 41047775716454291 34204091173387426 53016665590189170 33510605193456353 51083152977634783 35897186155777941 40698398614866469 37206972652133164 43166517032074155 48806168036282355 47206973120044322 50808138972856913 73455880317504327 63884971159373691 50774917656905693 47442975214574396 53880944286012936 39073891818194655 129217535638620407 76945499565631846 89088657142794140 66338023996338647 49159837824102081 45239408346067353 94801328143663308 103131418087531472 88881876391183836 123110885959712987 96869338901542992 91937188966383444 81194321644766257 79706641192042659 62039253853814496 76403970698141255 90000482722201712 85311414797552115 90831469211922185 121121697784403554 97320068212428359 151695615609894775 120372850595963938 159402449612388811 141770743634577091 244771191634762577 125671185431390272 418848373369067494 165902091199719344 88916205385680456 164300245579097665 274682570624607062 216994099190819639 238567132621049790 253420012726862162 303957947753070766 111823217330244231 157033102357748050 165335287125909374 405902665876955588 245028218176189375 245028218176189375 273393894796280149 461099060083371077 257301498436458200 206504657838221550 73653287861850339 157602510605333230 84300815636225119 258777066252999861 192900220384405520 412605865286941300 551539302126463860 126108517833796355 404457541869904560 462130792138728090 175943559810422753 188008647052292980 200882556287683159 1146361434356085750 244904537455382406 261578907351144125 279363328483702152 318555973788329084 340122810048577428 775265065838058446 1241298542800027086 502957566506000020 536679070310691121 2290448235592150236 610898403751884101 1955066639991620877 1390287426917892080 1482866319768163368 2372214358948233957 1798350696792176698 1022141228367345362 17434522310790396512 1238057794119125085 1596675274490756791
3 4 5 6 7 8 9 10 11 12 13 14 15 16 17 18 19 20 21 22 23 24 25 26 27 28 29 30 31 32 33 34 35 36 37 38 39 40 41 42 43 44 45 46 47 48 49 50 51 52 53 54 55 56 57 58 59 60 61 62 63 64 65 66 67 68 69 70 72 73 74 75 76 77 81 83
20 76 97 374 309 624 478 796 608 792 535 661 408 530 343 447 277 356 278 302 192 241 153 194 141 202 136 145 102 106 89 128 72 90 77 91 57 51 50 49 40 40 41 35 26 20 22 25 12 21 9 13 7 10 9 9 4 10 14 6 2 5 3 4 2 5 2 2 1 2 1 3 3 5 3 2
20 96 157 934 934 3518 3131 9762 9019 22600 18286 40709 29455 69292 52559 106544 75498 158904 129107 229905 156325 324922 220362 390099 288983 685156 481696 715242 493513 737898 699320 1494411 806049 1579204 1455112 2258502 1446027 2215048 1782212 2347132 2015980 2785105 2974000 3742482 2655605 2473227 4021154 5135817 2482525 8065839 2999271 5537163 2407730 5794533 4172652 6886929 2461844 7243274 12177800 5795053 1681687 5798802 3865868 9101092 5200624 11483017 3483260 5806780 4647040 9263205 4087968 12263904 20972882 50120859 30710346 48528656
