2 3 14 15 26 27 38 39 50 51
13 21 441 807 9523 20070 19200 37669 4825 7409
116 186 1427 2454 75442 150963 67596 128654 6014 8927
2859 4138 298511 992634 5878353183388447 20091031456692168 1857682460002538380 3617332993356844205 1617792031292 989494912041
2 3 14 15 26 27 38 39
2 1 15 37 112 253 9 13
10 12 21 64 183 418 10 14
92 92 340 8574 1057060 1911616 59855 204533
3 4 5 6 7 8 9 10 11 12 13 14 15 16 17 18 19 20 21 22 23 24 25 26 27 28 29 30 31 32 33 34 35 36 37 38 39 40 41 42 43 44 45 46 47 48 49 50 51 52 53 54 55 56 57 58 59 60 61 62 63 64 65 66 67 68 69 70 71 72 73 74 75 76 77 78 79 80 81 82 83 84 85 86 87 88 89 90 91 92 93 94 95 96 97 98 99 100 101 102 103 104 105 106 107 108 109 110 111 112 113 114 115 116 117 118 119 120 121 122 123 124 125 126 127 128 129 130 131 132 133 134 135 136 137 138 139 140 141 142 143 144 145 146 147 148 149 150 151 152 153 154 155 156 157 158 159 160 161 162 163 164 165 166 167 168 169 170 171 172 173 174 175 176 177 178 179 180 181 182 183 184 185 186 187 188 189 190 191 192 193 194 195 196 197 198 199 200 201 202 203 204 205 206 207 208 209 210 211 212 213 214 215 216 217 218 219 220 221 222 223 224 225 226 227 228 229 230 231 232 233 234 235 236 237 238 239 240 241 242 243 244 245 246 247 248 249 250 251 252 253 254 255 256 257 258 259 260 261 262 263 264 265 266 267 268 269 270 271 272 273 274 275 276 277 278 279 280 281 282 284 285 286 287 288 289 290 291 292 293 294 295 296 297 298 299 300 301 302 303 304 306 307 308 309 310 311 313 314 315 316 317 318 319 320 322 323 324 326 333 334 335 336 337 340 341 342 343 344 345 346 347 348 354 355 356 357 358 359
306 1213 2759 4628 6795 8292 9367 10163 10491 10255 10380 9878 9780 9394 9167 8458 8489 8011 7732 7614 7549 7217 7039 6822 6739 6668 6460 6077 6047 5746 5689 5490 5407 5220 5164 4977 4925 4736 4792 4479 4407 4211 4058 4007 3932 3793 3739 3629 3577 3487 3460 3217 3340 3113 2986 2880 2880 2767 2856 2685 2671 2571 2501 2375 2399 2419 2222 2218 2050 2118 2041 1988 1923 1949 1842 1754 1748 1746 1720 1541 1533 1496 1490 1497 1436 1447 1364 1291 1268 1238 1254 1199 1127 1140 1123 1050 1070 1054 972 927 907 934 915 849 855 812 774 745 763 779 712 680 689 660 682 650 627 606 581 511 549 573 512 510 507 535 511 493 466 444 437 402 373 409 397 365 380 356 388 370 318 329 300 326 282 305 263 267 264 256 273 244 263 231 226 217 224 211 187 174 177 187 174 179 173 184 171 169 168 161 148 135 126 111 130 114 118 111 125 121 106 103 108 101 88 84 80 99 93 95 90 109 79 68 81 84 75 69 69 65 56 56 60 59 69 55 44 38 50 43 43 47 41 44 37 35 36 39 31 32 30 26 33 30 30 26 34 24 22 28 26 22 17 25 23 24 22 20 21 18 19 16 20 23 15 12 15 20 14 16 16 15 19 12 9 13 10 6 10 9 12 8 9 11 12 8 3 5 4 4 4 5 5 6 5 6 6 6 5 3 6 6 4 6 5 6 3 6 5 7 4 5 3 6 4 5 4 3 3 2 1 1 1 1 1 1 2 2 2 3 2 1 1 1 1 1 1 1 1 1 1 1 1 1 1 1 1 1 2 2 1 1 1 1 1 1 1 1 1
306 1313 3910 9305 20001 37251 63556 105660 164734 241326 361297 502235 713243 965286 1306031 1668179 2244931 2846164 3634363 4709838 6051130 7536565 9344104 11657032 14586499 18409840 22573846 26757395 33437005 39109483 47736332 56522558 67610083 80040909 96947469 114598873 137912441 156378746 197157320 219798891 265710920 303271201 346082140 407544992 475431678 538861325 631581775 742081088 839668685 968615686 1138218435 1255150358 1522864890 1683872167 1889964043 2090418346 2423810480 2756772581 3252463043 3642263276 4209343026 4616889854 5195872437 5696559005 6759022486 7936114332 8223462692 9672227755 10133464421 11683767255 13028468057 15180525412 16362436261 18930663794 20574540665 22644763025 25542040323 28446084072 32556007451 33539075338 37902271898 42169936345 46132926788 55921014422 59217744176 67752318234 74096067458 76020288524 85945220284 92887733480 104822980434 118448247142 126259839926 139546859676 155119251557 169059030409 196453429436 211015270246 224017415429 233214761041 262470775066 291890100302 315121517577 329051449764 383435661930 383231782415 424786010005 456098908585 528372391384 622841579847 620686333567 670520503739 777289549414 800368879252 919297355515 954704088726 1077069476551 1139663151482 1192020168096 1231603603867 1481247621885 1685459887165 1675449605288 1843980351408 2076778563031 2390705894622 2464719943234 2657523734506 2756282284547 2972173926897 3164242531076 3097778851522 3321981913784 4093116071601 4242526251526 4244720788551 5009496904445 5193530947648 6289569036421 6495037453833 6045896442935 7131202367719 7392332618274 8543332271753 8378535648765 10288745605278 9592355004407 10476011765612 12271734592716 12877730242477 14955449887509 14933891566101 17077220886156 16225409440985 18074835822571 19120168264812 20343287994527 21495805465837 22565282038547 21586742066623 22987236916598 28410599437438 28041061510755 31630817558750 35383019648836 40257063946220 40407509081800 46837580039314 49590583068846 52083051851082 52363393107258 51592606392280 48920528136497 46843750972560 60635839690082 61300911780724 70896268322270 67741955825100 82646467490490 85195577299680 87214200299479 94055658472295 106235766751948 104371631620200 108696739897782 106760856653405 109896222574716 143257313750725 154421717376233 167400966954515 179852564506343 229535532199937 186956323950349 183045531771943 236109287491281 262138815505297 255185340566027 255723756813648 249592383837561 286358568519389 261344511743062 284339560787691 344900488862096 349112305369933 412406516823978 371932580291047 337496403954627 313943494523060 469865097985253 428631466844915 443563478012877 553471293334721 504282812114277 591943955102528 544526984846527 561634944621902 649743946565593 773680858720713 638032126826422 728933700270625 704658138601722 679940537246642 901067490419691 917437576826733 1006570794604696 889948077929218 1263319020140025 930856025990045 998076099877530 1377006902892740 1312277596733482 1293412023757729 1073867263938999 1738413741513151 1635449393416631 1989302821286424 1845199162318351 1861907659869243 2085215009287351 1770832970242721 2110207634223402 2016237961410026 2648610348101507 3350183767289849 2394627503208438 2333940234374341 2715081432093728 4032594004828190 3143287759269256 3806850578991241 4309544128310818 3981666639130855 5374709225127879 3772363830695132 2913952686069200 5004498546170473 4747825758841694 2901180039506627 5229506615720486 4757295777152194 6650817612154476 4160801118825583 4980266014331717 6614387873793530 7802323943969265 5625149137632370 2224572536942911 4137497551029423 3553892055315894 3759188956521970 3974700599764992 5332028463663074 5743328365598757 7591278451981644 6862352297152780 8692959246396150 9474823386565038 11836011176520491 10842241939412244 7586256414366336 15370504181777612 16535534017363977 12704762950228490 17015408932431270 15137065116086659 19673165637407310 10957292508213159 23282041643518163 21096942642935475 30795178093364829 18812582366745940 24722523295642008 16480356453654882 34571498531993450 24605965773365633 33391722669628926 29404545379727583 24090745154829120 25861488826395075 18506165873447204 9930972392403501 10657331232548839 11435542077822104 12269218019229465 13162217895057704 14118662665280005 31382739274686857 37342976599200728 40034853525153890 64374288112058673 46000013310974674 24650106150830490 26415807633566326 28305020340996003 30326181989842964 34800954869440830 37274405776748077 39919565526999991 45772358543578028 73653287861850339 78801255302666615 84300815636225119 90175434980549623 96450110192202760 117949491546113972 126108517833796355 134819180623301520 144117936527873832 308087194759152060 329274958331522088 175943559810422753 188008647052292980 200882556287683159 298330063062758076 318555973788329084 340122810048577428 363117512048110005 387632532919029223 413766180933342362
4 5 6 7 8 9 10 11 12 13 14 15 16 17 18 19 20 21 22 23 24 25 26 27 28 29 30 31 32 33 34 35 36 37 38 40 41 42 43 45 46 47 48 49 53 54 56
7 24 31 39 63 47 69 61 50 34 31 24 26 17 20 10 17 8 10 16 17 12 11 4 10 5 9 3 5 2 3 10 9 4 2 2 1 1 1 5 1 3 1 1 1 4 1
7 35 77 107 363 350 875 1072 1414 1286 1893 1983 2752 2353 3949 2578 6252 4252 6045 13148 20220 15854 22920 6898 29947 14483 30780 9785 30082 14309 37180 101264 130775 67366 50094 60574 29766 35954 52030 289928 53174 161018 63261 75175 204226 1021130 563178
