10 22 23 34 35 46 47 58 59
661 9210 3740 32314 12045 25647 9448 5104 1821
23791 256368 85662 253271 87060 74116 26359 6157 2135
2681194 1226727366287 168587650166 4233300440369647850 1728962554863749614 380719244735634892 99871414657342888 76271746010 14743812658
10 22 23 34 35
152 570 225 136 38
1134 1733 767 173 51
57775 15811262 5440046 1229584 347883
3 4 5 6 7 8 9 10 11 12 13 14 15 16 17 18 19 20 21 22 23 24 25 26 27 28 29 30 31 32 33 34 35 36 37 38 39 40 41 42 43 44 45 46 47 48 49 50 51 52 53 54 55 56 57 58 59 60 61 62 63 64 65 66 67 68 69 70 71 72 73 74 75 76 77 78 79 80 81 82 83 84 85 86 87 88 89 90 91 92 93 94 95 96 97 98 99 100 101 102 103 104 105 106 107 108 109 110 111 112 113 114 115 116 117 118 119 120 121 122 123 124 125 126 127 128 129 130 131 132 133 134 135 136 137 138 139 140 141 142 143 144 145 146 147 148 149 150 151 152 153 154 155 156 157 158 159 160 161 162 163 164 165 166 167 168 169 170 171 172 173 174 175 176 177 178 179 180 181 182 183 184 185 186 187 188 189 190 191 192 193 194 195 196 197 198 199 200 201 202 203 204 205 206 207 208 209 210 211 212 213 214 215 216 217 218 219 220 221 222 223 224 225 226 227 228 229 230 231 232 233 234 235 236 237 238 239 240 241 242 243 244 245 246 247 248 249 250 251 252 253 254 255 256 257 258 259 260 261 262 263 264 265 266 267 268 269 270 271 272 273 274 275 276 277 278 279 280 281 282 283 284 285 286 287 288 290 291 292 293 294 295 296 297 298 299 300 301 302 303 304 305 306 307 308 309 310 311 312 313 314 319 320 321 322 323 324 325 326 327 328 333 334 337 338 339 341 343 345 347 348 349 355 362 368 373
217 994 3591 6012 12260 14103 22466 21430 29836 23756 30334 22994 28667 20448 25143 18223 22543 15931 20110 14419 18736 13016 16942 11957 15822 10916 14435 10005 13614 9380 12171 8857 11824 8122 10489 7535 10037 6945 9061 6348 8697 5940 7815 5490 7459 5200 6759 4752 6419 4499 5967 4163 5762 3874 5145 3623 5078 3403 4627 3146 4543 2925 4158 2715 3961 2617 3638 2469 3663 2354 3222 2193 2949 2048 2743 1843 2635 1771 2430 1639 2328 1593 2150 1448 2134 1450 1943 1265 1811 1274 1701 1166 1598 1130 1504 998 1369 1041 1313 910 1272 941 1248 810 1117 749 1114 719 1019 700 930 635 864 661 879 593 828 568 760 496 669 476 691 460 690 474 608 433 619 396 602 374 569 374 535 325 508 330 480 277 481 296 400 259 406 275 389 216 397 254 342 233 373 231 336 249 315 206 291 158 291 156 256 175 258 148 216 123 231 136 228 118 200 108 185 102 162 88 167 90 183 89 147 78 134 85 129 80 134 71 112 65 112 81 122 61 99 63 88 53 102 51 71 46 74 48 68 52 78 61 77 54 78 38 65 50 57 30 60 23 63 28 50 36 51 15 23 23 57 18 42 14 42 16 34 13 38 12 24 17 25 2 30 11 24 11 18 12 24 10 20 7 25 5 16 6 21 7 11 11 20 7 15 14 9 9 11 12 8 5 9 6 13 5 4 5 7 3 7 2 9 4 6 6 10 1 2 8 3 5 6 8 2 3 5 11 1 2 2 4 4 10 6 6 5 4 2 3 1 3 2 4 1 1 1 4 1 1 1 2 2 2 1 1 1 1 1 2 1 2 1 1 1 1 1 1
217 1081 4802 10950 32115 54412 128789 184987 389163 471568 914774 1030330 1904138 1960233 3454509 3421904 5928661 5525800 9520669 8751397 15445002 13617286 23553709 20632450 36497998 31070791 53762547 44508957 79768867 65583366 110125595 95067434 163974145 132722393 219814983 181141248 308094572 248635403 413514335 333260744 577347685 447506246 732920795 596317418 1003803935 809395293 1301284604 1037403254 1706103092 1364157221 2214133555 1772767602 2928995074 2207090390 3695513335 2864643831 4868344408 3599990337 5921091872 4514741672 7895719015 5536564408 9865176359 6884583443 12482117037 8968110303 15018987968 11326718861 19900339729 14110188312 22937068271 17940214133 26866205906 21250153669 33024139794 25331226090 42304671021 30193539339 50384854086 37378264678 61244018892 46921451259 73564275995 56462914378 94821465637 68845449942 108566778858 81485741906 129626862413 100569295956 155348178762 123929473753 187868262088 141324659680 225562153354 162473658024 268551021923 215367825106 306403146494 239670522190 359250948956 294837717959 448139230681 317882976291 522907527430 361990788386 638393396716 464320707678 724226321030 523032650583 836563675221 632176239657 1008641649894 775409883613 1217997025431 894166812303 1416824097057 1035052078906 1682436387658 1152320811260 1781804007297 1287678972687 2229403880126 1598386614984 2800356222645 2019608259087 2890225445876 2228919502164 3832191630506 2474197142423 4338727057135 3114901637074 5154379307747 3718438267950 6005625973936 3754251919906 7011272590032 4912212018009 8012725153974 4808038144328 9834179755222 6546665680491 9828529960762 6493573390798 12346059871058 8775425529699 13655842664909 8084461746066 17906028986020 12463938094178 17473219833398 12013971474506 25045053894331 15934509984306 25992105415914 21082612801954 29592690647678 22803998245942 32148368294877 18278083728308 39507991855667 23441647583947 39853076029867 29880472875831 49254144517487 33007987161192 50533012508829 32864595533668 62931195244449 41151048284107 72618875563182 44581666692583 82961827626673 47894559376136 84058790132990 54169244243299 95944973893939 55655992299840 115753962309060 65793535327735 145000093203474 80871446212438 143763984375424 83044064725730 165868597769910 110630664383541 181538651742822 115248273885811 233106596091520 128425065392322 214311719107239 130669708924919 273787409752851 205212491578219 344779949797685 185379407767657 336575354665022 228240441126399 336299990311752 219958153319756 491954443033409 240946434931855 372197623963868 241392896522587 452362169795697 301415848241501 471206737556941 400107569156940 653604145775012 557481434674492 796014637088141 586380711141281 900642774812933 473423518333703 952642103543882 767284146494056 981413012050371 524712419844857 1175358581237685 427895901591633 1525516603571610 729816161775100 1317499304838621 1088761925485887 1668613583757945 541978119717258 809378570274783 1014436242102159 2663771785413089 890872009105353 2124771645296435 741682465246661 2457357699952498 1124464102555159 2407296793019492 1036989173518362 2761655523935708 1153940699259151 2343513373589472 1763789291492945 2954436786366207 220423131275771 4032360351939509 1498977906424961 3487432827386728 1629658064435342 3355309674691232 2359473518815876 4466211950000028 1947759913161428 4840328297205125 1671048570964401 6738085947951803 1535631207179394 5647597435195036 2372145730110002 7543211840057614 2533351665473372 5109139580643338 4754892518866874 9696991016825754 3896320053298018 9186009229086655 8166954061909134 5839590281339310 6243284430062338 8119239518209477 10144743884039579 6916926253928049 4593874803210065 10674259241195518 8262209467517946 14718290214998354 7236193463292581 5449602731979330 7388440608900425 10663028547574767 4920552895245615 12604520372469513 3803104285632344 19142234968712880 8794617621277818 14352048316734253 16205318507783373 28152958277003430 3160137867148997 7050014848057826 30860394641078638 12364699218663612 22041536437876848 29232228338832504 40425636504903024 11245985383901210 17702520456141635 31539550145428294 74707647517687169 7479565078510584 16060496769886080 17240992550930050 37012331746894408 39723889569614004 102941518124761700 67056830776386094 71947956232562068 64918089599460281 55518205890897719 30285905477714388 46525692013544051 17414180133147295 53499848565894954 37342976599200728 111330868656554335 28305020340996003 30326181989842964 34800954869440830 141677270385070567 39919565526999991 42748078035954696 42748078035954696 91544717087156056 98011287270475750 142488173807924189 73653287861850339 96450110192202760 96450110192202760 110307860425292772 126108517833796355 288235873055747664 164637479165761044 376017294104585960 200882556287683159 214618299743286299 318555973788329084 502957566506000020 741433159884081684 1022141228367345362
3 4 5 6 7 8 9 10 11 12 13 14 15 16 17 18 19 20 21 22 23 24 25 26 27 28 29 30 31 32 33 34 35 36 37 38 39 40 41 42 43 44 45 46 47 48 49 50 51 53 54 55 56 58 59 60 62 63 74
1 39 64 168 152 328 224 405 247 380 202 296 164 168 106 147 69 76 56 76 59 45 25 43 33 36 21 36 12 22 12 17 10 15 6 17 13 5 7 9 6 3 6 3 1 2 1 3 3 1 3 3 5 1 1 2 1 1 1
1 51 94 384 476 1836 1535 5169 3932 11241 7394 18349 13277 20469 16131 37560 19751 32280 28544 59130 44326 54612 35573 78106 75148 100922 63712 117787 49647 150593 100393 190506 93205 226427 62989 359101 317617 167138 234328 472739 306339 223594 379871 300888 106348 319044 105558 372960 626241 499016 1283192 844767 1414641 772310 772310 1429375 715220 966467 8175936
