1 2 3 4 5 6 7 8 13 14 15 16 17 18 19 20 25 26 27 28 29 30 31 32 37 38 39 40 41 42 43 44 49 50 51 52
2 13 19 10 35 41 84 25 35 240 316 400 515 670 1002 141 1209 6074 6391 6645 6975 7213 11898 3337 1534 6684 6325 5715 5049 4360 11635 5017 76 191 81 30
5 43 67 54 148 97 218 60 92 552 690 978 1317 1773 2785 275 5309 25047 25897 26377 26483 25836 46515 14897 3761 15924 14041 11839 9697 7743 22519 10107 84 211 84 30
29 675 1453 1758 4002 1581 3918 934 3289 17280 64572 61066 466920 788638 17997804 552848 13608818206816 3113756785158378 39761002754892771 182342055599347451 243823533205650618 567463588472812637 468155838301350169 14243100352591243 26701551799865577 49546747182820323 28413924111871607 14617420527882246 7287047100634515 4781182343479575 50960078508649227 15631025541010701 996781650 798720670 19982932 79852
3 5 6 7 14 15 16 17 18 19 20 25 26 27 28 29 30 31 32 44
1 1 1 1 4 5 9 12 17 23 7 3 24 28 19 19 10 45 23 1
3 1 1 2 7 8 13 18 22 35 9 5 40 36 26 21 10 55 28 1
10 1 4 4 193 64 188 722 323 12377 1132 603 40098 12542 3340 5607 398 66954 24689 135
3 4 5 6 7 8 9 10 11 12 13 14 15 16 17 18 19 20 21 22 23 24 25 26 27 28 29 30 31 32 33 34 35 36 37 38 39 40 41 42 43 44 45 46 47 48 49 50 51 52 53 54 55 56 57 58 59 60 61 62 63 64 65 66 67 68 69 70 71 72 73 74 75 76 77 78 79 80 81 82 83 84 85 86 87 88 89 90 91 92 93 94 95 96 97 98 99 100 101 102 103 104 105 106 107 108 109 110 111 112 113 114 115 116 117 118 119 120 121 122 123 124 125 126 127 128 129 130 131 132 133 134 135 136 137 138 139 140 141 142 143 144 145 146 147 148 149 150 151 152 153 154 155 156 157 158 159 160 161 162 163 164 165 166 167 168 169 170 171 172 173 174 175 176 177 178 179 180 181 182 183 184 185 186 187 188 189 190 191 192 193 194 195 196 197 198 199 200 201 202 203 204 205 206 207 208 209 210 211 212 213 214 215 216 217 218 219 220 221 222 223 224 225 226 227 228 229 230 231 232 233 234 235 236 237 238 239 240 241 242 243 244 245 246 247 248 249 250 251 252 253 254 255 256 257 258 259 260 261 262 263 264 265 266 267 268 269 270 271 272 273 274 275 276 277 278 279 280 281 282 283 284 286 287 288 289 290 291 292 293 294 295 296 297 298 301 302 303 304 305 306 307 308 309 312 316 319 323 327 330 334 338 341 345 352 355
258 910 2339 3646 5489 6304 7320 7272 7450 6957 6960 6492 6311 5869 5949 5500 5682 5166 5263 4809 4906 4491 4631 4213 4335 4117 4245 3964 4062 3717 3792 3631 3618 3327 3398 3129 3315 2935 3169 2847 2924 2665 2791 2552 2542 2407 2550 2431 2422 2303 2305 2216 2295 2074 2105 1926 1922 1883 1912 1789 1875 1681 1794 1583 1681 1466 1567 1423 1510 1394 1470 1394 1452 1336 1320 1251 1264 1119 1127 1061 1149 1037 1142 1048 1066 956 960 886 913 817 820 819 854 793 856 769 785 718 736 654 700 638 653 647 677 636 600 558 602 552 526 499 482 484 458 471 492 470 463 418 409 420 393 360 364 372 402 387 340 315 353 318 316 302 284 271 262 294 268 257 269 251 254 225 224 207 217 210 245 221 228 187 209 186 197 179 162 158 158 164 158 136 160 138 131 126 135 107 117 107 127 118 115 106 112 108 109 102 84 88 80 103 86 71 72 79 70 74 70 66 60 63 68 61 62 61 57 57 60 63 49 46 27 47 46 42 44 42 44 41 36 32 34 28 35 36 34 34 34 33 34 29 28 27 18 23 24 24 26 19 20 24 19 18 13 10 20 12 18 15 12 14 13 17 14 16 7 16 11 13 12 13 11 9 11 7 8 4 8 9 7 8 6 5 6 4 6 6 8 6 5 7 9 5 4 2 4 4 2 1 3 3 3 3 1 2 4 2 3 3 3 1 2 2 3 1 1 1 2 1 1 1 2 1 1 1 1 1 1 1 1 1 1 1 1 1
258 965 3311 7095 15911 27595 49952 73940 117133 161400 241542 322037 445199 578270 816575 1017715 1418122 1723040 2339901 2796960 3719925 4360143 5841703 6716837 8805307 10634231 13662220 15865262 20201190 23514499 29594869 35117598 43362342 48030492 60071783 67110795 87260255 92019138 121803397 127696179 161024161 173816601 215479069 242284077 279938415 316007302 396553936 457980836 528408831 595171791 696175007 782038066 969557249 1042865806 1252729428 1311684480 1548573808 1757526492 2056988390 2241040535 2663816892 2738137261 3429799573 3475911151 4277338117 4213335360 5339065439 5627360974 6904496785 7390254331 8943224484 9771389264 11498624112 12233837875 13558689844 15039994641 16841225080 17435481088 20103708982 21396445761 26594201572 26535588982 33097148413 34553207358 39444537675 40856944075 46150791949 48318879220 56177242277 58002934184 65126895645 74712330054 85876743063 90401016617 109639647307 113381972622 127374446832 134782067579 151900058666 148788302079 179898016123 185184402381 220796820031 238365047064 270416260502 293013319174 308631404403 324299078503 380013589584 393261953782 426005520446 456391018476 495124024917 540214119969 567378063358 658811482930 770192590101 838457679604 905574550434 886740404354 965680839991 1121442501020 1168120078973 1174495114464 1291594823590 1510550736410 1852694474614 1948356227104 1832625243256 1887761512037 2388080373029 2360399529752 2624769760319 2667845831196 2816510083238 2963792789158 3197890880669 4153950164578 4110225611985 4371316691993 5016572850322 4994905824217 5639130286017 5587474703878 6064608471912 6043854757141 7028697796632 7721245613148 10072960954201 9804049981344 11085088927124 9946795228816 12118097266565 12140908868326 14165651070286 13745403249130 13379841301543 14616242092334 15690398967027 18612111467923 19842757752980 18405845499888 23603748303103 22615176467485 23137693003442 24039773778882 28535174510226 24401864892097 29177268812354 28518235005673 39558014944845 41709237624542 39906380364361 44304005255310 48741989639310 50631168413239 58802816130865 56892810378260 49836319416695 60328538575395 58838788224356 84649860546079 74706194623330 66259962295609 77761760355601 92715753332559 86649644284824 101184179313809 107613724172529 106242968297846 114884982185186 125959561938736 145246254306221 155299614731219 167038339938263 173267829399145 174637269760714 181672430800712 221839251645417 246330015332639 198659381180542 203618060077266 126062942319084 269371048900469 282801667909944 274077851069788 300258892027245 312417718072370 367069455986073 375207603087909 347701384246260 336841118943472 404204655424217 336806354354223 461664289105686 509285441267831 530986125697785 581854160544668 612363926169770 643947223417862 769819900070549 700632138990969 663408416144130 716097809179362 530059827384757 749771451007145 796787258341660 951282076810402 1112804920916520 828794581211115 915898441440085 1309687779360024 1111108711731899 1104318608822196 928738238229029 770851527540912 1485000781784310 1035846165051217 1707642855154498 1609987698268978 1230490395577056 1526283968080944 1827440118487883 2177474503930214 1962811096040888 2524949520116846 1254802479887782 2846518090488448 2160239056670746 2681817538834407 2718052748744004 3149640643431699 2861853463358269 2739974545591395 3336986737420550 2322055303856730 3188030950708804 1491972377267703 3345045859766850 4035073755920118 3893543109462426 4160801118825583 3418078437644449 3064022340985628 4022688738361020 2838730984131286 4674303777373002 4977109281396237 7042635732682242 5778931958039485 5250987449655585 7837628513562753 10878233302693270 6466581553109193 5650998260693800 3041960985702350 6432862400862688 6924129268508978 3793128207183168 1896564103591584 6587358935047548 6920224602357938 8006698957140768 8816789381788665 2938929793929555 6795168023973546 14354876520199932 7851844322978844 12364699218663612 13287894782388867 14278329239845054 5234371069753672 10857363761704277 11662756574046120 19013112136253691 8030248384943040 8030248384943040 9253082936723602 19184055329127103 10657331232548839 10657331232548839 11435542077822104 26324435790115408 14118662665280005 17414180133147295 23000006655487337 28305020340996003 37274405776748077 49005643635237875 60105349839666544 78801255302666615 103151466321735325 126108517833796355 164637479165761044 261578907351144125 318555973788329084
4 5 6 7 8 9 10 11 12 13 14 15 16 17 18 19 20 21 22 23 24 25 27 28 29 30 31 33 34 35 36 37 39
9 17 25 31 30 44 12 22 9 25 7 19 8 21 1 9 5 7 2 9 2 5 2 2 5 1 2 1 1 3 2 2 1
13 22 59 77 176 307 174 367 283 949 384 1240 1148 2750 176 2028 2235 3434 847 6161 2046 6138 2257 4725 11555 2436 6830 4565 5604 27180 27906 30429 14883
