2 12 13 14 15 24 25 26 27 28 36 37 38 39 40 49
19 55 245 206 272 285 668 601 636 100 84 134 94 81 12 1
928 406 1208 965 1103 572 1212 1020 997 133 90 148 100 84 13 1
11802 3271 11042 10337 11700 182107 601063 492579 281165 46100 6685 12221 5511 2711 489 1
2 12 13 14 15 24 25 26 27 28 36 37 38 39 40 49
19 55 245 206 272 285 668 601 636 100 84 134 94 81 12 1
928 406 1208 965 1103 572 1212 1020 997 133 90 148 100 84 13 1
11802 3271 11042 10337 11700 182107 601063 492579 281165 46100 6685 12221 5511 2711 489 1
3 4 5 6 7 8 9 10 11 12 13 14 15 16 17 18 19 20 21 22 23 24 25 26 27 28 29 30 31 32 33 34 35 36 37 38 39 40 41 42 43 44 46 48 50 51
120 340 639 1067 1110 1258 899 870 593 511 295 204 156 129 103 107 70 70 58 58 44 41 34 39 23 28 23 20 15 16 10 5 6 3 1 2 1 3 2 1 1 1 1 1 1 1
120 390 1000 2386 3514 6201 6903 10737 10289 13956 11869 11424 10478 12055 13818 19459 14470 20859 23177 30432 26738 34266 34476 49268 35855 59608 59365 73180 58250 91330 61014 44390 53922 30429 12310 29766 17977 93545 52030 31185 37338 44583 63261 89134 124754 147273
3 4 5 6 7 8 9 10 11 12 13 14 15 16 17 18 19 20 21 22 23 24 25 26 27 28 29 30 31 32 33 34 35 36 37 38 39 40 41 42 43 44 46 48 50 51
120 340 639 1067 1110 1258 899 870 593 511 295 204 156 129 103 107 70 70 58 58 44 41 34 39 23 28 23 20 15 16 10 5 6 3 1 2 1 3 2 1 1 1 1 1 1 1
120 390 1000 2386 3514 6201 6903 10737 10289 13956 11869 11424 10478 12055 13818 19459 14470 20859 23177 30432 26738 34266 34476 49268 35855 59608 59365 73180 58250 91330 61014 44390 53922 30429 12310 29766 17977 93545 52030 31185 37338 44583 63261 89134 124754 147273
