27 39 51 63 75
3382 36335 35911 20575 3791
430788 803473 212724 56826 4293
4117043624413532793 12642673219770331367 4819427483105127126 106136359777380085 9377891127
27 39 51
284 504 55
1683 971 66
14747988 22223293 32546
3 4 5 6 7 8 9 10 11 12 13 14 15 16 17 18 19 20 21 22 23 24 25 26 27 28 29 30 31 32 33 34 35 36 37 38 39 40 41 42 43 44 45 46 47 48 49 50 51 52 53 54 55 56 57 58 59 60 61 62 63 64 65 66 67 68 69 70 71 72 73 74 75 76 77 78 79 80 81 82 83 84 85 86 87 88 89 90 91 92 93 94 95 96 97 98 99 100 101 102 103 104 105 106 107 108 109 110 111 112 113 114 115 116 117 118 119 120 121 122 123 124 125 126 127 128 129 130 131 132 133 134 135 136 137 138 139 140 141 142 143 144 145 146 147 148 149 150 151 152 153 154 155 156 157 158 159 160 161 162 163 164 165 166 167 168 169 170 171 172 173 174 175 176 177 178 179 180 181 182 183 184 185 186 187 188 189 190 191 192 193 194 195 196 197 198 199 200 201 202 203 204 205 206 207 208 209 210 211 212 213 214 215 216 217 218 219 220 221 222 223 224 225 226 227 228 229 230 231 232 233 234 235 236 237 238 239 240 241 242 243 244 245 246 247 248 249 250 251 252 253 254 255 256 257 258 259 260 261 262 263 264 265 266 267 268 269 270 271 272 273 274 275 276 277 278 279 280 281 282 283 284 285 286 287 288 289 290 291 292 293 294 295 296 297 298 299 300 301 302 303 304 305 306 307 308 309 310 311 312 313 314 315 316 317 318 319 320 321 322 323 324 325 326 327 328 329 330 331 332 333 334 335 336 337 338 339 340 341 343 346 347 351 353 354 357 360 361 362 367 369 371 376 377
254 1446 3980 8151 14578 20216 29331 30660 36231 33866 37975 32428 36561 31503 34151 29952 32104 27091 30639 25321 27867 24463 26903 22877 25361 21628 23875 20461 22343 19261 21979 18541 20146 17557 19278 16187 18297 15452 17074 14945 16036 13799 15791 13196 14578 12648 14308 11830 13488 11556 12400 10678 11762 10201 11314 9845 10519 9080 10185 8750 9694 8793 9171 7993 8625 7260 8397 7222 7538 6946 7537 6370 7035 6212 6624 5986 6278 5599 6225 5421 5538 5028 5497 4736 4991 4679 4742 4262 4438 4094 4456 4001 4048 3912 4155 3401 3830 3578 3577 3212 3200 3076 3153 2895 2873 2741 2977 2517 2607 2663 2573 2356 2450 2139 2359 2141 2090 2107 2189 1888 1930 1844 1775 1779 1779 1660 1773 1572 1549 1523 1636 1337 1371 1414 1370 1268 1225 1090 1259 1198 1119 1170 1204 963 1000 1038 957 937 928 881 879 853 818 815 831 724 734 783 655 752 685 701 691 648 594 676 701 543 560 581 567 510 489 509 496 444 457 448 482 392 424 400 366 377 325 339 363 316 317 328 325 278 279 301 272 260 227 227 239 229 259 218 213 200 183 203 168 177 185 177 165 143 135 149 150 139 140 133 153 114 120 119 92 83 96 103 110 89 98 85 91 73 76 94 75 79 63 83 64 64 68 72 59 61 55 52 54 37 56 56 46 53 35 56 45 42 37 36 43 65 42 29 51 33 23 33 44 28 24 25 26 23 30 27 34 27 16 20 21 11 20 20 21 16 26 16 12 15 15 18 27 10 8 6 12 7 15 5 13 16 2 17 12 8 7 15 10 10 12 10 12 9 10 9 29 6 8 10 3 5 5 6 7 3 2 2 7 3 6 6 4 2 4 3 3 4 2 4 4 2 1 1 1 1 1 1 1 1 2 2 1 1 1 1
254 1585 5456 15436 36784 75795 155295 257819 443325 663538 1068153 1430138 2274287 2875115 4303524 5427496 7800257 9194389 13443862 15064618 21404365 25345809 34902258 39623123 55239000 59489507 82507801 91605448 123228641 133723996 190166049 198829111 261971120 293439807 368699644 396831415 543475642 550388053 727845335 802932662 994858263 1062665283 1430847224 1399253648 1891037886 1976585964 2571315431 2625744517 3521265410 3462946976 4421088971 4657215804 5910418368 5985316069 7850466317 7839091465 9874876177 10284407153 12605044003 13089237987 17050185710 17165756076 21333392060 22206673231 26954025465 26650315694 35051546563 34098600235 41742745782 44547659836 53369022994 54186603420 68707075508 65954407321 83178314568 87604209728 104248903276 107544034040 135653413130 129731506456 158026389532 161019730948 197402140539 194790020552 235659307045 239908268767 288365527502 297098232580 344370096526 354369842904 444430992808 436086737758 522111782527 560362462591 650201086330 600858391347 799547826777 802287609692 910630567424 951893483867 1056313371980 1142052307389 1345295290033 1288303825108 1486374239755 1571239372801 1898524503836 1777929885311 2219310321062 2330324317170 2540361180185 2671853605082 3186387350825 2987774874539 3752416970211 3556604998771 3994353356433 4624467283244 5121960339514 5036344640850 5890744090007 5966234058329 6426705636024 7379575307781 8411184431655 8232260014061 9974594777090 9545776922640 10437154846840 11639524805760 13031958387776 12540035085227 14878351112165 15546249863372 17252503587426 18498928407914 19574902753698 18467229319814 24463981082076 24013669128601 26117267938715 30519436952747 31732987281399 30095230208468 36147853109585 36143546435197 38240429553376 43863932447854 45099509030630 48565259379189 56777462461598 53455703752769 61522272592278 67491553895082 69868033568146 69831005773919 84032212368646 91520186931647 83290220329924 111415893249352 110158768718981 122739453081813 140932984296451 131578061229314 134936737069331 180579095059541 181568479802219 162893805716576 201765449523784 196304386149569 219810427521694 229644086703610 227699218381779 268494055482403 285102865957237 262948373629425 314461009850967 350706710133554 361311885889405 334478425510220 431626173674916 401203197507537 396153957146639 496665836639924 447382133680663 499293833752122 651446639860720 560603409742260 629459479961767 733342203874706 691827610417205 698745440703243 825134183502851 813973710033959 940052984791226 977983998649317 904841541195971 964123564884948 1127834799565537 1084365396918050 1388002259421769 1322328573319606 1318867830681876 1405301864150836 1439437056040719 1519469681715015 1426056996280796 1810690423897657 1885117791350293 1860680304080265 1940480656687949 1766925934644227 1878292401953867 2407559311441778 2372598520112683 2453513231470484 2683407598371608 2784461943444574 3408714504481345 2546840949117575 4067085971294116 3297278181301390 2597544688292757 2648743819959306 3330651836842118 3914188704249758 4468260218785218 3960264550579101 4531402980743323 4449018132829669 4930713892701624 4709381426031278 5020881945583819 6816943634380735 6124765268646023 6362135447368698 6057295333255252 8571640198377345 6169017321958369 7446306067751503 8184974116146240 10054895503271601 9337275234868044 9629958141719619 9545865690923007 10642225039528333 10798092851516826 7981094959623344 12094352955589694 14532254493276945 12167151624279395 15901161586720104 11600361779853698 17875524394858015 15410031571269726 17212536817209536 15566367054756555 14367785894614007 20434323024603928 32863704907873670 22476351622634957 19211366269109046 29195177036351963 20879409946937934 16678237775989020 23803261732471529 37402156186069687 25959458028635803 22948459340281758 25992227280412413 31366581511633892 30403075664099889 39804188321052092 40774959855760436 49993767762300170 44041831029014360 33385670110281209 36770374107738350 37947846787942854 26178968674026759 42221859893592419 57136333601936432 59795013634380307 56668639355012704 73939495317584190 54227984730048642 41810368779068623 58268621851943701 67968974655294084 99908852239821588 132375367377768900 69027151692226884 40787969518184612 37417840732669570 75182760946082415 49658841791714839 105703490101732380 35342965655293908 119673041256169344 146315214600540675 18506165873447204 179875912531827832 120624386389132688 129444396481132598 82549822368976811 186717269915926692 171108832635750152 199709857461074448 197955219402115991 184509619880714453 211484777930673678 188060821458980221 207377613999649180 260580973684503584 671950491495162232 179613548986756774 220772524605678993 291134850005347874 125628950682619236 229730714978240754 178951676161818644 306130725464740358 285093983706909347 128244234107864088 91544717087156056 98011287270475750 382012541137983079 232523903905081666 385952247654687300 454787133600761150 280157945700071889 294613151447401356 315205021210666460 270526304941648869 270526304941648869 399203153027876170 220615720850585544 677130424793399032 488116018759820654 288235873055747664 175943559810422753 188008647052292980 244904537455382406 279363328483702152 298330063062758076 363117512048110005 441622981929358437 471314064268398780 1005915133012000040 1390287426917892080 790738119649411319 899175348396088349 1238057794119125085 1319510599727473500
3 4 5 6 7 8 9 10 11 12 13 14 15 16 17 18 19 20 21 22 23 24 25 26 27 28 29 30 31 32 33 34 35 36 37 38 39 40 41 42 43 44 45 46 47 48 49 50 51 52 53 54 55 56 57 58 59 60 61 62 65 66 71 72 74
2 26 43 120 99 193 116 253 131 245 121 162 103 128 83 103 58 102 58 54 65 45 38 33 32 32 27 27 21 18 19 15 9 18 11 9 4 9 9 8 4 5 7 4 5 8 3 4 4 3 2 1 1 4 1 1 1 1 3 3 1 1 2 1 1
2 36 68 282 274 1075 762 3056 2005 6700 3957 10403 8280 16168 11518 22882 17679 43747 25021 39499 50970 46927 48584 67709 63123 94994 61855 130635 140991 137996 159384 212190 106454 326665 159289 166982 71747 199413 279228 420649 184672 281337 360215 398040 342541 890401 257953 558930 722482 607897 423033 173525 281589 2183203 386155 659862 526823 1053646 1856197 3576100 1300156 1300156 7734775 3087735 4697205
