8 9 10 11 20 21 22 23 32 33 34 35 45
39 111 70 128 126 424 391 281 42 112 83 35 2
153 421 204 379 230 801 667 454 55 119 89 35 2
802 2568 1348 2521 17725 65165 56971 48183 25279 10309 3661 2855 7
8 9 10 11 20 21 22 23 32 33 34 35 45
39 111 70 128 126 424 391 281 42 112 83 35 2
153 421 204 379 230 801 667 454 55 119 89 35 2
802 2568 1348 2521 17725 65165 56971 48183 25279 10309 3661 2855 7
3 4 5 6 7 8 9 10 11 12 13 14 15 16 17 18 19 20 21 22 23 24 25 26 27 28 29 30 31 32 33 35 36 40
56 183 322 426 529 477 463 293 171 145 88 74 65 54 41 48 37 13 22 23 19 18 5 11 8 5 4 1 3 1 1 1 1 1
56 214 518 963 1889 2711 3849 3759 3172 4126 3489 3886 4944 5677 5631 8340 8317 4438 7887 13416 12692 17053 5634 16708 12163 8641 10982 3010 15764 4565 4565 8349 8349 21637
3 4 5 6 7 8 9 10 11 12 13 14 15 16 17 18 19 20 21 22 23 24 25 26 27 28 29 30 31 32 33 35 36 40
56 183 322 426 529 477 463 293 171 145 88 74 65 54 41 48 37 13 22 23 19 18 5 11 8 5 4 1 3 1 1 1 1 1
56 214 518 963 1889 2711 3849 3759 3172 4126 3489 3886 4944 5677 5631 8340 8317 4438 7887 13416 12692 17053 5634 16708 12163 8641 10982 3010 15764 4565 4565 8349 8349 21637
