23 35 47 59 71
5569 24968 40346 20912 8190
4783270 755113 305770 74723 11353
8155275348345512 16600141838411281195 5592302711894408247 532583858530489269 8104280299949
23 35 47
1157 684 131
20115 1659 176
782631404 52078926 320092
3 4 5 6 7 8 9 10 11 12 13 14 15 16 17 18 19 20 21 22 23 24 25 26 27 28 29 30 31 32 33 34 35 36 37 38 39 40 41 42 43 44 45 46 47 48 49 50 51 52 53 54 55 56 57 58 59 60 61 62 63 64 65 66 67 68 69 70 71 72 73 74 75 76 77 78 79 80 81 82 83 84 85 86 87 88 89 90 91 92 93 94 95 96 97 98 99 100 101 102 103 104 105 106 107 108 109 110 111 112 113 114 115 116 117 118 119 120 121 122 123 124 125 126 127 128 129 130 131 132 133 134 135 136 137 138 139 140 141 142 143 144 145 146 147 148 149 150 151 152 153 154 155 156 157 158 159 160 161 162 163 164 165 166 167 168 169 170 171 172 173 174 175 176 177 178 179 180 181 182 183 184 185 186 187 188 189 190 191 192 193 194 195 196 197 198 199 200 201 202 203 204 205 206 207 208 209 210 211 212 213 214 215 216 217 218 219 220 221 222 223 224 225 226 227 228 229 230 231 232 233 234 235 236 237 238 239 240 241 242 243 244 245 246 247 248 249 250 251 252 253 254 255 256 257 258 259 260 261 262 263 264 265 266 267 268 269 270 271 272 273 274 275 276 277 278 279 280 281 282 283 284 285 286 287 288 289 290 291 292 293 294 295 296 297 298 299 300 301 302 303 304 305 306 307 308 309 310 311 312 313 314 315 316 317 318 319 320 321 322 323 324 325 326 327 328 329 330 331 332 333 334 335 337 338 339 343 344 345 346 347 350 351 352 353 354 356 357 358 364 366 368 369 373 375 381 382 383
393 1618 5066 11833 25291 61720 92948 122785 158835 185207 183223 178943 178921 168236 164688 159061 149572 145337 144185 132123 126715 125503 121064 113518 112264 106475 104175 100019 94234 90063 91161 83774 80959 79932 77881 72009 70939 66955 66987 62826 60568 58832 59442 53998 52038 50708 50184 46002 45603 43888 44156 40748 39135 37898 38444 34210 33572 33082 33556 30194 29558 28083 29046 26009 25339 24778 25538 22938 22345 21610 21827 19425 19031 18589 19440 17396 16974 16488 16963 14534 14366 13981 15041 13247 12903 12585 13080 11337 11071 10985 11785 10336 10180 10006 10367 8873 8462 8526 9554 8300 8116 8117 8128 7255 6872 6891 7335 6636 6424 6339 6661 5667 5661 5592 5960 5414 5137 5198 5340 4708 4315 4439 4750 4327 4169 4011 4171 3777 3496 3436 3807 3347 3143 3171 3279 2851 2699 2729 2866 2694 2465 2434 2520 2220 2020 2034 2125 2071 1957 1876 1845 1658 1589 1561 1651 1525 1461 1438 1360 1261 1168 1088 1223 1103 1021 1014 991 888 819 811 764 796 730 675 667 630 543 529 532 524 460 479 431 368 352 363 299 330 305 297 282 240 262 219 231 222 286 205 197 190 167 182 178 204 185 185 177 164 169 178 152 141 144 144 153 129 152 149 133 123 142 114 128 98 122 107 126 105 98 188 99 82 94 78 95 64 85 85 84 63 79 74 64 51 54 53 51 37 40 35 60 35 47 29 39 26 43 32 34 36 46 34 37 31 24 22 25 18 35 25 29 24 19 24 21 25 18 19 13 19 11 15 13 17 15 14 23 9 9 8 10 12 7 10 6 8 6 10 6 6 17 6 7 4 5 13 5 5 7 4 9 5 4 6 1 4 6 3 11 4 3 3 4 3 3 4 6 1 2 3 2 2 1 4 2 1 1 1 2 1 1 1 1 1 1 1 1 2 1 1 1 2 2 1 1 1 1 1
393 1799 7241 21899 62788 179753 373682 751585 1408702 2479788 3758529 5774304 8606651 11913722 16611616 23296065 30397184 40325200 54384968 68904783 87927178 115447511 142386433 177841769 227048061 274683544 335773246 428036886 503035277 601591615 747065374 884508090 1041914510 1278190401 1493532647 1746365848 2118316286 2417237517 2809730152 3385254859 3842282716 4453082511 5347897818 6120458257 6932815904 8208834234 9196965554 10391018389 12205223273 13682790061 15752422502 18277901814 20421646777 22915241925 26826261785 29228372135 32770174797 37879165357 43207558353 47649822720 55110452136 59839935623 68267557648 75355407904 82594355450 91369570685 107545345653 117141895341 131229394038 144113547685 160177160849 170352108107 191305638754 209715025261 239004212592 262023294439 290695603532 312344425289 360317018615 363981045635 409255561945 436423284095 520270767288 523918500213 621083550079 640003105883 742732007591 739048508198 831891473960 879112427222 1062075853728 1077888988169 1271595859781 1311598449552 1517086281476 1497501050939 1651381558881 1739550560829 2178116373654 2175405841788 2559701303954 2672955621855 3040469232254 3130236295534 3340554937999 3622934202207 4219724020959 4369310518239 5167483044176 5400840505250 6218788735739 6064172163775 6825788736109 7160313716573 8672727354223 8826765757152 10218334765301 10779360815315 12297520186300 12231956859199 12994059374402 14033386695159 16166217810609 17327329242612 19909066811919 19902529247855 23172372267930 23416394375377 24478088434449 25623162384461 31267534588123 31493638926167 35775212784156 36212966390790 42330970725384 41962524532902 42952341356567 47242856636923 53812997606913 58412310285034 63739165160270 66657248570522 73170452044963 72582456525391 75469455955622 79708150517211 88803878212050 99467988923130 113088561152454 113504713478138 122810240258496 122616336619139 129127803441908 136096927674878 154430677835340 167690926137177 183235477706549 189681172999584 202315363033073 206553130899225 203952051131794 206421880929081 248720464314648 262236445971384 287019222233342 302192709694524 315935373631394 319658358715004 308409957129974 330832093113101 336308714542512 419805328739238 435533375199998 441321185153954 452913172710587 463344303745378 438621010275786 469861446660159 476519004734785 547427956148580 554060829961212 604894148017083 628357291922563 591230632142382 559653980571252 604652770376822 552757747570032 653326485465239 686025044342748 696335770810720 726269048312361 619236755459324 725146289392460 619779232980180 714141046143634 763218837522070 990461811904342 829348935387044 875005773058495 924051275287577 874109754795032 1020525903906580 1024820179647165 1385060503240046 1266729220142737 1382630865285211 1578829368325528 1548109671786715 1734262791760987 1987913643412571 1725413569752381 1803536605621766 1988768772580546 2137515331184595 2530763899846367 2287651458525835 2913096005566657 2804903603860795 3073856212828572 3486744571320390 3636668133607777 3412270790303485 4163433731404329 3289855741041666 4796922310381977 4375162707757975 5348250702851765 5145162653460203 4814600101232350 9303022679915298 6736457814875665 5012529741247300 6300088487748328 5736670682410514 7752028871670061 5204127261840287 8182386320184425 8874628760488973 9600900709779042 7414431655238678 11916241217733417 9253674723294420 9351246854718641 7488407861175782 9554278370183410 10156699413490910 9498076368215091 8144349036509553 9807637207348108 8465051678497352 15783727835173584 9702137440573693 13952351210471681 9500729777150209 13895649380951564 9061929399766565 16758479266338576 13330044396216956 18443084887090178 17918028644616792 25349965233082076 18568062653263924 24768737030244157 22431976135053538 19075257958902586 17816351634374069 22280465834443670 17826942252850511 38585445755184846 27876747642352117 33741068245158101 33646064935942723 26055054581977366 33484338571892903 32475727410215318 39919346424492225 29404296014157664 33030532263120024 27599436230758465 40589059234137423 23389545843094421 34457634927230003 39719930025039462 46173736403001638 52009406588684263 43923344687073571 83685689844610582 38392811428191623 37382071339633815 40139620716187239 43496140141558350 56437747100237820 34828932421867764 64755560948028729 40611262414088965 73817897320096899 46844246940903845 78679211323413153 48181490309658240 58572730256689220 184825941752316987 67483138379784810 72422242107405859 45742168311288416 71947956232562068 192075269170896126 68680423785955423 75714763694285970 141770743634577091 67307933337953916 165528778363497138 97395256886931563 84391714874635618 133374308078520684 24650106150830490 103897529051529468 188689078849823636 90978545969528892 346560670058014744 139203819477763320 111823217330244231 119758696580999973 170992312143818784 131268514615487420 189556004357631806 199478975134542266 329550496909154438 56156602112874289 124430724448781094 206504657838221550 147306575723700678 157602510605333230 84300815636225119 385800440768811040 206302932643470650 110307860425292772 144117936527873832 154043597379576030 329274958331522088 175943559810422753 188008647052292980 229272286871217150 244904537455382406 261578907351144125 279363328483702152 298330063062758076 340122810048577428 726235024096220010 387632532919029223 572612058898037559 651688879997206959 1482866319768163368 1581476239298822638 1022141228367345362 1161537834849962850 1701169427975813525 1812356499739472950 1930656072350465812
3 4 5 6 7 8 9 10 11 12 13 14 15 16 17 18 19 20 21 22 23 24 25 26 27 28 29 30 31 32 33 34 35 36 37 38 39 40 41 42 43 44 45 46 47 48 49 50 51 52 53 54 55 56 57 58 59 60 61 62 63 64 65 66 68 69 70 72 73 74 75 76 77 78 79 80 82 83 84 85 96
15 87 148 482 508 1120 1081 1550 1116 1633 1038 1376 853 1106 709 917 641 832 490 637 396 532 346 474 311 447 263 337 219 254 167 180 121 209 115 153 85 103 76 99 56 116 57 70 25 37 24 51 25 41 16 24 7 15 9 17 8 18 15 8 2 10 5 8 12 8 10 1 2 6 1 7 1 3 1 2 1 1 1 1 2
15 110 228 1199 1469 5836 6514 17794 15856 41756 32922 79091 57929 129201 96704 205086 165554 335280 209194 501929 310619 711841 484766 1036634 680491 1566803 893713 1631525 1172692 2300449 1297622 2200647 1368003 3788385 1899827 3828462 2174945 4841243 3274159 4884750 3061810 8398308 4197431 7447028 3067202 6334928 4229499 10770706 4961969 12577731 4815864 8607462 3606042 7511930 4257706 14008554 4944865 20772974 12828192 14224221 1932934 18384301 8390388 12241369 34916613 17485894 69673280 6175470 12350940 38986273 4087968 109516181 10785566 24060755 9289091 37156364 12132164 12132164 15796476 31592952 145067614
