2 14 26 38 50
12 1610 27831 50787 19741
461 10324 423605 236164 34944
11280 1743649 269927511552755896 567726766219396138 107649482582029
2 14 26 38
2 186 574 43
8 488 1150 58
308 17857 48033513 65424
3 4 5 6 7 8 9 10 11 12 13 14 15 16 17 18 19 20 21 22 23 24 25 26 27 28 29 30 31 32 33 34 35 36 37 38 39 40 41 42 43 44 45 46 47 48 49 50 51 52 53 54 55 56 57 58 59 60 61 62 63 64 65 66 67 68 69 70 71 72 73 74 75 76 77 78 79 80 81 82 83 84 85 86 87 88 89 90 91 92 93 94 95 96 97 98 99 100 101 102 103 104 105 106 107 108 109 110 111 112 113 114 115 116 117 118 119 120 121 122 123 124 125 126 127 128 129 130 131 132 133 134 135 136 137 138 139 140 141 142 143 144 145 146 147 148 149 150 151 152 153 154 155 156 157 158 159 160 161 162 163 164 165 166 167 168 169 170 171 172 173 174 175 176 177 178 179 180 181 182 183 184 185 186 187 188 189 190 191 192 193 194 195 196 197 198 199 200 201 202 203 204 205 206 207 208 209 210 211 212 213 214 215 216 217 218 219 220 221 222 223 224 225 226 227 228 229 230 231 232 233 234 235 236 237 238 239 240 241 242 243 244 245 246 247 248 249 250 251 252 253 254 255 256 257 258 259 260 261 262 263 264 265 266 267 268 269 270 271 272 273 274 275 276 277 278 279 280 281 282 283 284 285 286 287 288 289 290 291 292 293 294 295 296 297 298 299 300 301 302 303 305 306 307 308 309 310 311 313 314
354 1434 3404 6345 9631 13236 15897 17580 18193 18376 18160 17468 17106 16103 15636 14835 14496 13881 13450 13062 12567 12128 11835 11427 10932 10484 10653 10018 9887 9463 9212 8807 8668 8400 8363 7875 7807 7633 7360 7076 7058 6763 6656 6441 6195 5908 5985 5783 5431 5392 5291 5148 5002 4785 4694 4485 4393 4376 4243 4199 4059 3964 3811 3626 3625 3488 3543 3367 3334 3112 3153 2952 2885 2668 2796 2700 2624 2559 2481 2391 2355 2302 2339 2187 2094 2050 2087 1856 1886 1860 1768 1777 1670 1558 1612 1587 1474 1406 1488 1375 1385 1309 1290 1174 1155 1204 1237 1129 1108 1033 1028 961 997 938 962 908 880 848 822 824 793 768 814 672 721 687 705 648 606 600 599 607 577 550 533 507 481 509 481 454 446 402 451 396 388 352 384 374 350 352 324 293 282 295 303 287 282 261 239 238 233 264 252 211 225 198 210 201 217 203 193 178 161 168 149 157 158 159 162 142 135 127 142 121 119 137 99 109 130 105 103 94 76 72 88 73 80 80 77 67 65 69 66 64 80 69 59 53 56 53 68 55 57 39 48 45 47 44 41 38 26 37 37 25 36 23 24 21 29 24 29 22 23 21 17 26 21 16 18 17 16 11 20 14 13 20 17 9 16 20 15 18 16 10 11 15 9 11 7 9 9 2 7 8 7 4 6 4 3 8 5 8 8 11 5 2 3 2 5 4 3 6 2 4 7 4 1 2 5 3 6 2 1 4 3 1 2 1 3 2 5 1 1 3 4 1 2 4 1 1
354 1569 5018 12984 28486 58737 105151 178135 279251 429801 633785 897556 1270791 1708533 2314001 3032152 4034355 5248215 6685124 8544604 10793735 13566958 17030904 21286244 25865720 31240679 40803723 47450804 58794848 70550784 85385405 101041317 121094222 143308860 173856826 196666997 240743941 287207500 338006466 390914669 471602243 533579604 622364325 724207134 845558368 955670658 1155605963 1288705398 1430780515 1680131790 1912053900 2259120069 2585226236 2874939594 3312509404 3654496895 4258360764 4864083025 5451741603 6312198430 7127538464 8089937834 9026405043 9997761918 11391542877 12724154725 15031614516 15986748518 18524050913 19632541435 22824308542 25249947729 27391715389 29601745008 35843143872 38600880111 42971091493 48760450173 52043928127 56558927205 65871687180 73876777839 83731013027 88221315132 94663161577 107579446262 125254463317 123668858394 147301929229 163189196103 171894060918 194727677175 201418644349 218821670464 259838190320 286910616534 297930943592 323148697446 374152630329 394062549417 432364948603 466535917605 513851868521 536466033356 582684923052 666990406647 775476249400 790050696284 859479319325 921370954969 1004700041775 1077687687388 1225525411416 1320245400519 1459749394193 1581368947303 1647064301164 1799925847300 1988033208127 2185442651322 2283029507597 2489518189133 2865014993735 2681201868464 3190959598947 3341527220436 3781158305968 4052164884354 4065958024997 4349540432752 4765406811816 5488569240748 5615265758990 6418857145694 6498034330604 6860651803758 7414227383364 8414575832457 8835450179290 9162055695979 10094325737200 10061818916700 12551399531321 12149564642794 12997114905278 13355905078284 15357142522632 16604449652696 17041167753373 18710401099635 19028934956830 18625742559904 19565184492435 23234796615231 25006960699430 27498991667041 29612731161396 30627264796871 29419040457589 33063856733058 34166205652691 41265936992435 45900792658708 42312139871558 49090164006172 45467440653737 56379374172970 55223402660238 67715278191502 70149365261580 68891069032137 72861953950285 68685308627249 76445891540774 77694255824552 89552478026872 98633617050142 120706431677470 124925107201030 118751774999180 118592947701580 114236424047984 147500187018110 147544588746372 153235617953645 175567890045136 141033535835525 175932540331340 232037600386906 211166690774843 215752426732849 206564120210091 178797864744747 206782281354676 263810660025095 215058147857783 272464412027962 302168022711756 337799637519645 318979959142928 326310439893978 367036556419299 406745830532041 415000391446126 561270970312726 530537866360603 488123463956898 479493378130320 595950604633890 529712051451646 820448171985243 605194130468965 794834339221394 530597611579707 762113722164717 786615395150380 890353349074134 952583928083366 880931094816543 916704395549965 660166795117059 947775209902279 1150132348562269 786229423373226 1159528849190612 791806764824612 915215495648248 798529324963981 1417323506590643 1376748961680639 1763034300681813 1329256827225273 1571125867643830 1454053470805067 1176630766749727 2152500143456744 1762989777714144 1468142472948026 1821290750504433 1963208246325834 1855528960239627 1191319952252135 2530624860078889 2203433815304815 2127470601402590 3405906395127017 3076397419897736 2060912718821320 3143287759269256 4413624979552596 3437839814484262 4570056500967719 4359045523649765 3750869574031599 3561560148619043 5437810183532827 3496123852975208 5515217612846305 3251417636504853 4001461089880799 4316892675598930 1030456997669455 3910835888514499 4703710882702238 5596536748586535 3509179107191456 5115616351704399 4674303777373002 2649131946999534 8353063759732035 5100261209682601 10664056927326148 9398451415131756 13870505103147073 6761654532795545 3041960985702350 4679254955039521 4911881908011513 10707956268877929 9482820517957920 6122477557725225 17732723327115323 5081905180091396 13088604137232164 22275098689144320 11755719175718220 3160137867148997 13590336047947092 22188076341844687 12658165585761285 30480313495051038 9406291183372970 5234371069753672 22491970767802420 17702520456141635 6039763882095515 13931700288391662 6965850144195831 29918260314042336 24090745154829120 53620737636565881 9930972392403501 11435542077822104 35973978116281034 51755871704402577 13162217895057704 29261615404137199 64959146143318652 18671488299600364 20017426762576945
3 4 5 6 7 8 9 10 11 12 13 14 15 16 17 18 19 20 21 22 23 24 25 26 27 28 29 30 31 32 33 34 35 36 37 38 39 40 41 42 44 45 46 47 48 49 50 51 53 54 56 57 63 67 70 89
4 17 43 90 87 111 107 145 128 150 108 87 65 81 55 45 20 25 33 31 22 25 20 18 16 26 18 15 14 8 4 12 5 7 6 8 9 3 3 6 6 2 3 1 1 1 1 2 3 1 1 1 1 1 1 1
4 21 68 222 295 641 844 1953 2203 4349 4201 5105 4748 10853 8379 11978 5298 10620 16201 20145 19928 31640 30322 36664 40126 83297 62217 65634 93754 40170 50816 137781 63190 109640 125971 209653 220399 79653 98480 247158 442255 90512 348768 149352 212696 212696 300700 422232 1170756 589092 281589 479886 1430440 1121505 4647040 34262962
