31 43 55 67 79
11390 44643 27444 16335 183
728616 574395 137898 32871 183
10307073028808926269 16499591038978103297 2363040106891669153 4102114726498653 5220
31 43 55
591 325 20
2508 602 23
162286078 3522510 4368
3 4 5 6 7 8 9 10 11 12 13 14 15 16 17 18 19 20 21 22 23 24 25 26 27 28 29 30 31 32 33 34 35 36 37 38 39 40 41 42 43 44 45 46 47 48 49 50 51 52 53 54 55 56 57 58 59 60 61 62 63 64 65 66 67 68 69 70 71 72 73 74 75 76 77 78 79 80 81 82 83 84 85 86 87 88 89 90 91 92 93 94 95 96 97 98 99 100 101 102 103 104 105 106 107 108 109 110 111 112 113 114 115 116 117 118 119 120 121 122 123 124 125 126 127 128 129 130 131 132 133 134 135 136 137 138 139 140 141 142 143 144 145 146 147 148 149 150 151 152 153 154 155 156 157 158 159 160 161 162 163 164 165 166 167 168 169 170 171 172 173 174 175 176 177 178 179 180 181 182 183 184 185 186 187 188 189 190 191 192 193 194 195 196 197 198 199 200 201 202 203 204 205 206 207 208 209 210 211 212 213 214 215 216 217 218 219 220 221 222 223 224 225 226 227 228 229 230 231 232 233 234 235 236 237 238 239 240 241 242 243 244 245 246 247 248 249 250 251 252 253 254 255 256 257 258 259 260 261 262 263 264 265 266 267 268 269 270 271 272 273 274 275 276 277 278 279 280 281 282 283 284 285 286 287 288 289 290 291 292 293 294 295 296 297 298 299 300 301 302 303 304 305 306 307 308 309 310 311 312 313 314 315 316 317 318 319 320 321 322 323 324 325 326 327 328 329 330 331 332 333 334 335 336 337 338 339 341 344 345 348 349 350 351 354 357 358 361 363 367 370 372 373 378 382
265 1277 3689 7911 14004 21170 27510 31233 35530 35927 35782 36187 35136 33333 33114 31344 30540 29651 28693 27796 27068 26114 25085 24168 24084 22837 22706 21944 21170 20864 20014 18784 19136 17772 17117 17232 16890 16178 15976 15258 15007 14366 14293 13549 13137 13105 12440 11941 12100 11170 11115 10511 10473 10266 10147 9220 9455 9034 8807 8622 8501 8204 8335 7601 7538 7299 7198 7036 6937 6616 6439 6191 6365 5973 5749 5880 5511 5473 5526 4809 5101 4799 4691 4461 4485 4390 4333 4110 4182 4078 4022 3864 3723 3567 3645 3410 3529 3176 3266 3017 3032 2906 3047 2665 2729 2673 2551 2486 2483 2371 2449 2146 2289 2187 2216 2029 2132 2065 1895 1763 2021 1839 1728 1685 1565 1662 1571 1393 1463 1409 1389 1344 1388 1250 1342 1171 1208 1196 1151 1117 1054 1050 1021 888 1078 969 883 904 819 827 851 757 804 816 741 691 710 764 705 643 692 694 654 610 594 660 612 582 607 611 541 550 509 510 540 449 479 486 425 401 442 397 438 364 356 397 400 334 349 381 315 305 355 336 276 324 251 309 292 246 281 281 258 238 242 238 245 205 204 216 226 198 220 242 204 196 252 175 174 186 151 171 192 135 139 155 133 125 136 137 123 108 120 111 127 87 94 118 98 87 107 91 95 68 72 63 81 55 70 51 53 48 51 47 52 66 41 51 42 29 32 30 33 48 48 35 36 36 36 49 41 31 71 34 22 25 18 13 21 9 21 25 27 13 14 22 19 23 19 17 23 17 9 13 22 11 21 17 18 9 17 10 4 20 4 12 13 13 9 12 7 10 11 3 10 15 3 6 10 3 7 11 9 3 5 3 1 6 2 5 44 5 4 2 4 4 4 2 1 3 2 3 4 2 2 1 2 1 2 1 1 1 2 1 1
265 1390 5068 14911 36098 79241 152373 263481 457026 692348 1056173 1564080 2228473 3042797 4339330 5686651 7767084 9998854 13189734 16793746 21782890 27365238 34287999 42296990 54398785 65529248 83339891 99338560 123180407 150840049 179778296 210596464 265880373 299983733 364675452 429979130 512609638 606591370 725311490 832017608 995883767 1113230292 1356307979 1531729500 1771839702 2122680975 2358558427 2683568765 3240050242 3565798918 4155239042 4606483079 5394220082 6253318269 7098036420 7711465446 9272924793 10255883018 11708006559 12937058021 14940909857 17043343577 19653381220 21279973528 24489329777 26384199241 30391806686 33622772241 38226529935 42299176267 46554717885 53097972040 62498678634 67626427022 72778360522 88798749915 89891854114 102271350480 119884634233 118336566246 142683528512 154640963104 172101604490 183050203440 208604643821 233169931785 252297371399 284281396410 325074245853 351097679057 392533326572 432896470306 469972812447 506198447047 590028514937 602631361375 736426439527 711158293615 838743671707 890850011351 985423579547 1053000439837 1231875029410 1243669436349 1445566758931 1559299269020 1648795849560 1772850308288 2041014828150 2120014342061 2426734523207 2423852711835 2900090893372 3042814004074 3368509818275 3467484169831 4122631833234 4327206394387 4523551239549 4752055823115 5973547979941 5873913189344 6227722106734 6747164355267 6803151962810 8114472300744 8523011594244 8677329977029 9762986224753 10343950038026 11011064593704 11767798858483 13673874423942 13453988925000 16651323309339 15940577842821 17278680390175 19836508042378 20251015943021 22303840475934 22759682978855 24454874986675 26455840777672 26299389597988 35776907064878 33332689908485 33430580407386 38972499016876 37093520467546 44802878490123 46670109193345 48114887388024 57523720320001 62411358662526 61654710965991 63969304745606 66264473507234 84080010264993 89633445623495 87387397562006 104672456208027 114831018304370 111044919710387 119370439846622 126366453758236 151838511652380 155789328036342 169107776896033 186432483163115 200402025478850 191347378421334 219356116069406 219242703715865 248346347943307 276802696800054 259943020335312 301589954749867 321856797619750 321529351170905 338558802270290 380550279641609 366405320912738 473382925735667 425816991568894 497087088825590 589662676243160 567824140579560 568821971029472 616937772762225 758602999640814 686613760046228 729150074936964 894469244206690 983710604313377 846779785953636 1092256747398632 858956648599409 1227858083684147 1276059701987942 1242112501493986 1451049370954010 1506430453944399 1587591998284589 1729999902569125 1651367662375966 1826433402591041 1985109889018249 1948308456122410 2112341448830152 2397026393138129 2500309987492919 2604976649804094 2871411143997825 3657487799952896 3444503230054102 3549819894323081 4505098262088631 3721787661875701 3789139497823551 4831343548823682 4041140430436301 4720522751636059 6098613615831490 4710301921333179 4982807660573762 6531904839643951 5579917345247756 5908494107035052 7052949977817769 7768378148876489 6866989772581926 6807573312429950 8556625683712236 8451498548303681 10212749645531332 8121589774464510 8423058719089266 12483989147374863 11554096835867454 10358828556463394 13285075608511955 12122965555050692 13328127719450296 10824809302876711 12098505783760793 10817852394039148 17194938598844035 11917027359638614 15860372393045542 12996686525144589 13939736925058613 14318388651286189 15235600077881592 15507594814098325 17693252537070513 25145175095272494 16544436366799971 22988561298105109 18757151633081165 15448848586566693 16959219098978005 22258210246298464 22203127648472013 33971843893044674 35051797800621740 26573383692547540 27991407549288256 32568043944759577 34721372673996750 50166361986007034 48869970200800012 38165341057676150 84393210702739944 50528496259581255 30802438945072414 38514130022639265 31664392859691126 25998760505359152 39469457500374144 21170680794372758 50240901554909228 59687930330024846 76034583817592270 39457733005198329 41419346990857248 78448501689655674 67615078220791153 89153926821648450 78124437688586225 72133930742297961 101139175935582468 98305220693574202 44959889631803910 71182085493288545 137536900451527911 81645302182126706 140085830577727962 142913007424119891 139588321171082616 83843971192562310 164657732877249105 97276055556995313 41902966090050018 270324335040087300 47409520194103138 175341051772525466 192879053462808565 190712645163680388 141770743634577091 219337980147009043 123156569098484134 190752698384933383 248853136799579016 65916198730193119 239900663526932288 442005923839684198 84915061022988009 200156304035818982 340074335973143674 99777541572374138 255973938622622045 572341885402480725 376247164796728149 134292795123110752 330106365080025737 157386132686485923 52462044228828641 457150312356578822 128650749218229100 330645895719491350 3299942748035935788 383710341631700523 320704581544224964 258777066252999861 385800440768811040 399203153027876170 434075047597613641 244058009379910327 154043597379576030 493912437497283132 401765112575366318 643854899229858897 917089147484868600 489809074910764812 596660126125516152 363117512048110005 775265065838058446 471314064268398780 1073358140621382242 695143713458946040 843250788562528427 958728697912338045 2044282456734690724 1406207446561484054 1812356499739472950
3 4 5 6 7 8 9 10 11 12 13 14 15 16 17 18 19 20 21 22 23 24 25 26 27 28 29 30 31 32 33 34 35 36 37 38 39 40 41 42 43 44 45 46 47 48 49 50 51 52 53 54 56 58 59 60 62 66 67 76 78 79 81 82 95
3 15 33 111 95 249 149 214 133 242 100 178 93 147 83 104 65 131 47 93 37 81 45 56 45 67 26 45 24 50 27 38 17 47 8 30 13 25 15 21 12 20 6 16 5 10 4 12 5 9 1 6 5 4 1 5 2 1 1 1 1 1 1 1 1
3 17 53 288 280 1363 928 2871 2165 7004 3434 10243 6647 17348 12070 23070 17489 51798 21169 65193 34009 92044 63029 96108 96932 150901 68671 215782 119515 376482 213734 428669 172958 619715 132735 619076 264075 894934 409078 1103902 689703 1445703 459287 1795191 574744 1469281 561488 1945960 835054 1811551 294546 2038694 1938098 2430862 772310 6965787 1943528 1300156 2600312 6185689 7089500 9289091 18578182 13848650 72533807
