4 5 14 15 16 17 26 27 28 29 38 39 40 41
41 29 69 210 254 245 104 280 252 157 7 12 4 3
330 284 238 710 799 686 137 357 302 193 8 12 4 3
2041 1854 3050 9788 10804 21305 17226 61019 35453 144275 100 2341 120 60
4 5 14 15 16 17 26 27 28 29 38 39 40 41
41 29 69 210 254 245 104 280 252 157 7 12 4 3
330 284 238 710 799 686 137 357 302 193 8 12 4 3
2041 1854 3050 9788 10804 21305 17226 61019 35453 144275 100 2341 120 60
3 4 5 6 7 8 9 10 11 12 13 14 15 16 17 18 19 20 21 22 23 24 25 26 27 28 29 30 31 32 33 34 35 36 37 38 48
33 167 317 523 631 612 470 388 245 156 116 77 71 43 44 33 32 21 20 13 10 6 6 2 5 1 4 1 4 2 3 1 1 2 1 1 1
33 199 530 1162 2168 3204 3703 4937 4542 4478 4553 4229 4940 4130 5862 4789 7434 5429 6479 6029 6008 3653 6381 3168 6915 1958 11460 2436 18328 12001 15773 5604 6842 18492 10143 12310 89134
3 4 5 6 7 8 9 10 11 12 13 14 15 16 17 18 19 20 21 22 23 24 25 26 27 28 29 30 31 32 33 34 35 36 37 38 48
33 167 317 523 631 612 470 388 245 156 116 77 71 43 44 33 32 21 20 13 10 6 6 2 5 1 4 1 4 2 3 1 1 2 1 1 1
33 199 530 1162 2168 3204 3703 4937 4542 4478 4553 4229 4940 4130 5862 4789 7434 5429 6479 6029 6008 3653 6381 3168 6915 1958 11460 2436 18328 12001 15773 5604 6842 18492 10143 12310 89134
