35 47 59 71
23007 43779 23272 9938
880529 346039 87796 14539
46453123241315860250 5892472359806342565 681607679680041795 21943453521349
35 47
713 157
2003 227
23496388 500819
3 4 5 6 7 8 9 10 11 12 13 14 15 16 17 18 19 20 21 22 23 24 25 26 27 28 29 30 31 32 33 34 35 36 37 38 39 40 41 42 43 44 45 46 47 48 49 50 51 52 53 54 55 56 57 58 59 60 61 62 63 64 65 66 67 68 69 70 71 72 73 74 75 76 77 78 79 80 81 82 83 84 85 86 87 88 89 90 91 92 93 94 95 96 97 98 99 100 101 102 103 104 105 106 107 108 109 110 111 112 113 114 115 116 117 118 119 120 121 122 123 124 125 126 127 128 129 130 131 132 133 134 135 136 137 138 139 140 141 142 143 144 145 146 147 148 149 150 151 152 153 154 155 156 157 158 159 160 161 162 163 164 165 166 167 168 169 170 171 172 173 174 175 176 177 178 179 180 181 182 183 184 185 186 187 188 189 190 191 192 193 194 195 196 197 198 199 200 201 202 203 204 205 206 207 208 209 210 211 212 213 214 215 216 217 218 219 220 221 222 223 224 225 226 227 228 229 230 231 232 233 234 235 236 237 238 239 240 241 242 243 244 245 246 247 248 249 250 251 252 253 254 255 256 257 258 259 260 261 262 263 264 265 266 267 268 269 270 271 272 273 274 275 276 277 278 279 280 281 282 283 284 285 286 287 288 289 290 291 292 293 294 295 296 297 298 299 300 301 302 303 304 305 306 307 308 309 310 311 312 313 314 315 316 317 318 319 320 321 322 323 324 325 326 327 328 329 330 331 332 333 334 335 336 337 338 340 343 345 348 350 351 352 354 355 356 357 360 363 364 365 366 369 372 375 376 378 379 380 381 384 388 390 396
292 1323 3754 8273 13759 19054 24386 27785 30272 30557 30663 29926 29580 27840 27736 26460 26350 24507 24627 23479 22890 22196 21836 21051 20594 19406 19338 18635 18893 17708 17546 16842 16617 16136 15859 14955 15108 14337 14195 13591 13500 12718 12863 12320 12191 11691 11579 11122 11100 10578 10407 10041 10153 9465 9457 9069 9061 8599 9000 7930 7996 7822 7853 7636 7466 7012 7033 6810 6702 6411 6484 6054 6008 5692 5690 5518 5525 5256 5369 5089 4871 4731 4881 4460 4531 4254 4375 4045 4093 3781 3920 3733 3762 3538 3589 3349 3323 3225 3236 3153 3235 2838 3004 2875 2663 2573 2701 2405 2577 2226 2475 2375 2235 2096 2257 2051 2094 2021 2132 1954 1771 1860 1728 1640 1736 1533 1672 1520 1548 1431 1480 1341 1409 1258 1362 1275 1309 1147 1173 1088 1169 933 1172 987 980 921 954 812 959 809 843 837 814 741 776 675 761 661 739 666 638 595 632 571 622 544 636 566 563 496 505 466 497 456 469 439 545 493 463 389 358 344 377 380 356 339 304 294 302 259 271 289 257 268 244 242 231 207 251 219 202 196 176 174 180 166 209 160 152 155 171 159 175 147 162 132 124 121 117 116 125 96 109 133 114 104 110 82 100 80 88 103 99 90 97 65 82 70 89 81 60 68 65 73 68 54 155 128 61 54 61 48 46 39 41 51 51 35 45 61 44 41 46 45 43 42 29 39 36 36 32 34 30 36 24 25 21 34 21 31 27 25 30 26 18 19 22 21 16 16 10 20 16 17 16 16 11 11 6 15 14 11 11 7 14 14 10 8 10 9 9 11 8 10 8 6 6 6 10 7 11 7 11 7 3 9 6 8 7 2 10 2 8 2 3 4 4 3 14 3 1 4 1 3 1 1 3 1 1 1 2 3 1 2 3 1 1 1 1 2 1 1 1 1
292 1454 5295 15270 35956 73493 139455 242339 401178 610229 930982 1345710 1941596 2614424 3685598 4865226 6655827 8356296 11273998 14118694 18341824 22979280 29054782 36500174 46426648 54322478 70582556 83620723 106687832 126179905 153092063 182040408 225694349 265935746 325285776 368998795 459306548 519079277 635047475 725145258 876968664 983231131 1200660088 1363114551 1652900781 1857256403 2150793795 2514093210 2975631199 3296088842 3894006304 4314367172 5232113413 5702864155 6604502592 7439026189 8905743457 9679566381 11987908851 12095962505 14191529952 16162400921 18868202107 20821651874 23987271793 26165439758 30348794813 33215698858 38446196887 41697769723 48561973612 52848882218 60091314639 64568501098 77021921046 81990388163 95647380990 102405410108 117506801993 126507719901 144840456051 152667774157 184426644658 189207674768 220562654551 228389629660 272916153775 279172585590 334136418592 347027049642 403895214312 426510343176 498467485333 523695298998 584862196255 624395977885 701930959258 740916431351 884452659846 917796928521 1098319337417 1075061953727 1200694241166 1341284701176 1459581530277 1508225126565 1803692111613 1783536900984 2174504586734 2042745960341 2604907004423 2610222090222 2938964718127 3057043193985 3650618524264 3595775529382 4215122199235 4509139317251 5172244819861 5188619980175 5384850047645 6479196246253 6672943025013 6811416752176 8199056793779 8058514956759 9484687622158 9514661615547 11266413741208 10907240039073 13044548303062 13414079558317 15645094353040 15073096479135 18357734812979 17920179037328 21270165824868 20706993587321 22597341931314 23188132089976 28010719615627 24802238457053 33616166041044 32196861379737 35471562666832 34940114421696 40550174244573 39554234281308 49632361028401 49491043460666 51564957376578 57857701944840 60251920795726 60782486147354 71575616140173 67159071343445 80529627374545 78776984490833 96890922789685 94945618859280 102077759117848 100454843728149 116593663530908 120224606127772 145925641808404 139880244871858 172328176406733 158953684753043 180148831026337 176023423007866 203793193564974 202381966636908 219182262686668 244053990293973 255732695934634 258644091949313 340703284031854 327432806115995 359549656810435 358860834195170 332066295782256 358238844506391 444227292423426 459963662208582 475905210319722 491984882377568 475064906008044 513579664535112 532931740593846 538046708712060 584712370249707 722663662490624 666279444366054 753744436734503 781267916437895 844630926365392 856570241260397 873921918741147 1080146671332467 1091287648952412 1046233097579016 1098607716982896 1099310194050735 1148036640486128 1194514923971683 1264141509189678 1714920782716795 1440410705677492 1501587186285692 1651707092137085 1956146782079268 2043670348835088 2487316768353433 2245991833029229 2532449336431028 2210650997262874 2313149647070370 2464591445786883 2490766997904751 2881578874264382 2987071929561925 2651073009463597 3305799463418334 4048671286029870 4068246067538617 3705217847948788 4903491140738842 3683319439027148 4851368558145417 4468178708433970 5157475312464157 6125845746720847 6593355397053945 6418910422005401 7196791873253028 5309033955566583 6766367308952138 6603844845860888 9693902263382565 8390899307546380 7791899895063258 8418954719992990 9522463063451354 10703305466898717 11406155412975823 9630954608376543 28897827146423190 24800769525370517 13433105232513286 13645897155243066 16056882569045716 12766575589846775 13912468710303641 12651078781161836 14680182451318748 19031951263901495 22300140391128262 14398318987044727 22517394582629168 32336933825346357 24884581873569557 26023829325708053 31742128277262172 28285825238126224 33829034883847882 34294782416840768 25388714662209152 39484305127774358 35413269413276430 39354685529445384 42217497518579127 42947116105349792 37838160349445644 53044311707273648 42115004131227394 42435219098446930 37299226022768384 79241280119786129 39344473036654046 69436990358826950 63051968902727993 62027204726267049 84563409422322091 69604884345124581 50662385610290136 63259513582288336 86336731834450832 78995976144181139 74726853676599452 68227983622487843 47043003011085627 113831635089637790 79401940956679696 102562023302895232 102633079433233482 122582918621844592 79277617576299285 101117906558944905 60937887240949584 140055709887163590 132470377438268260 132254718936850024 113598849357310539 77714162008934933 210008137107834677 225310923725271565 138317292342133147 171472532130514438 172056649112291479 201923800013861748 161756853864137931 210770125147510328 205936944724873234 219206692227932248 193900650215957614 156729144318662120 188689078849823636 177914768641363862 376886852047857708 232043376496214930 464779667839267025 271501479438244195 504491398904592237 308309387774552868 186322719265971959 507338439320332580 318466823257017494 472945303263747842 605273523166113446 133160260555188400 722077672871173923 147306575723700678 663407404422683944 180350869961099246 457151850114401252 399203153027876170 471797966184455888 432353809583621496 2304924708320654616 602647668863049477 229272286871217150 979618149821529624 261578907351144125 894990189188274228 318555973788329084 340122810048577428 1089352536144330015 441622981929358437 536679070310691121 572612058898037559 1221796807503768202 1955066639991620877 790738119649411319 1917457395824676090 3484613504549888550 1238057794119125085 1406207446561484054 1498478743590581081 1596675274490756791 3402338855951627050 2056513475336633805 2645418340688763701 2998964447736452194 4361106170762284114
3 4 5 6 7 8 9 10 11 12 13 14 15 16 17 18 19 20 21 22 23 24 25 26 27 28 29 30 31 32 33 34 35 36 37 38 39 40 41 42 43 44 45 46 47 48 49 50 51 52 53 54 55 56 57 58 59 60 64 65 68 72
3 24 49 108 76 158 111 160 86 153 113 109 69 102 65 73 54 78 43 64 36 50 32 46 42 43 24 32 17 21 17 19 12 12 6 10 9 7 17 6 7 7 4 5 7 6 11 1 5 1 4 3 2 3 1 1 1 1 1 1 1 1
3 25 72 293 237 835 779 2066 1398 4456 4254 6329 5663 12116 8591 17076 15594 31102 19261 43720 27271 55714 45365 72961 82040 132017 67136 145011 72445 132680 117661 238076 116491 216978 75041 259808 235253 218586 436296 356243 369326 525941 386856 492639 481690 957964 1206890 150350 819013 211116 713846 997544 498772 1043064 329931 386155 526823 772310 966467 966467 1741630 6175470
