18 30 42 54 66 78
5743 14847 39581 24355 15113 353
1449386 1287528 533024 128143 31622 353
12666414741 4397742006040130403 23617250446605531433 3012975960430399086 6329776675311508 107905
18 30 42 54
1568 1250 278 25
75063 5344 560 27
615493264 197608935 4792272 1550
3 4 5 6 7 8 9 10 11 12 13 14 15 16 17 18 19 20 21 22 23 24 25 26 27 28 29 30 31 32 33 34 35 36 37 38 39 40 41 42 43 44 45 46 47 48 49 50 51 52 53 54 55 56 57 58 59 60 61 62 63 64 65 66 67 68 69 70 71 72 73 74 75 76 77 78 79 80 81 82 83 84 85 86 87 88 89 90 91 92 93 94 95 96 97 98 99 100 101 102 103 104 105 106 107 108 109 110 111 112 113 114 115 116 117 118 119 120 121 122 123 124 125 126 127 128 129 130 131 132 133 134 135 136 137 138 139 140 141 142 143 144 145 146 147 148 149 150 151 152 153 154 155 156 157 158 159 160 161 162 163 164 165 166 167 168 169 170 171 172 173 174 175 176 177 178 179 180 181 182 183 184 185 186 187 188 189 190 191 192 193 194 195 196 197 198 199 200 201 202 203 204 205 206 207 208 209 210 211 212 213 214 215 216 217 218 219 220 221 222 223 224 225 226 227 228 229 230 231 232 233 234 235 236 237 238 239 240 241 242 243 244 245 246 247 248 249 250 251 252 253 254 255 256 257 258 259 260 261 262 263 264 265 266 267 268 269 270 271 272 273 274 275 276 277 278 279 280 281 282 283 284 285 286 287 288 289 290 291 292 293 294 295 296 297 298 299 300 301 302 303 304 305 306 307 308 309 310 311 312 313 314 315 316 317 318 319 320 322 323 324 325 326 327 328 329 330 331 332 333 334 335 336 337 338 339 340 341 342 343 344 346 347 349 350 351 352 353 354 355 356 360 361 363 364 365 368 370 371 372 373 374 379 384 386
338 1885 5413 13502 26568 45135 61144 84075 110917 122272 130604 156700 156641 149246 138996 124575 117531 106356 98834 88965 84998 77095 72803 65754 62279 57360 54036 48666 48250 43710 41603 37976 36795 34361 32916 29623 28691 27259 26644 23809 23734 22057 21737 20262 20200 18589 18432 17170 16999 16081 16185 14912 15177 14276 13957 13423 13101 12344 12765 11688 11584 11065 11031 10533 10554 9892 9793 9343 9572 8762 8969 8231 8180 8170 8011 7423 7607 7203 7405 6825 6650 6390 6362 6057 5908 5744 5605 5327 5468 4941 4883 4907 4810 4716 4586 4230 4161 4137 4230 3800 4033 3632 3483 3626 3488 3236 3259 3042 3111 2812 2906 2754 2753 2739 2692 2571 2422 2255 2560 2302 2246 2142 2176 2114 2062 1903 1899 1867 1876 1735 1762 1601 1592 1589 1556 1422 1499 1354 1403 1314 1297 1237 1310 1201 1130 1051 1201 1050 1162 933 940 896 897 824 976 815 755 722 768 691 722 660 677 686 676 610 624 560 596 511 592 496 572 492 506 476 490 415 516 417 408 361 393 381 389 310 345 316 346 302 357 273 285 246 250 280 260 238 255 210 228 201 219 188 222 179 186 193 198 157 204 169 134 146 160 115 147 142 124 187 135 98 108 119 101 107 107 89 102 68 84 101 85 65 70 86 58 68 64 64 80 72 62 77 66 45 62 54 56 48 48 39 54 36 35 45 44 48 27 47 28 34 37 27 38 30 23 33 30 28 30 29 27 32 27 35 29 21 21 56 22 13 9 17 14 13 13 9 10 14 15 19 10 14 13 11 6 16 11 10 12 9 12 5 11 8 6 11 6 3 5 5 4 6 6 6 3 8 8 4 3 6 5 3 6 3 2 3 3 3 4 5 1 1 1 2 2 3 2 1 3 1 1 3 2 2 2 5 2 1 1 2 1 1 1 2 2 1 1 1 1 1 1 1 1
338 2092 7839 25974 67507 161629 314389 659121 1202205 2020237 3301083 5986857 8445047 12530051 17545770 23065023 30904190 40237183 51538999 63334873 82962711 98676318 125566525 148395677 183146838 214986993 264196165 294138740 367366922 417325794 500511159 558467002 672369309 755735673 886439033 970168600 1129512107 1279185535 1493245398 1595698602 1902732573 2119242510 2460036174 2654362647 3161369661 3402241131 3964415331 4309638013 5004322781 5446182047 6568655493 6821842207 8175707120 8974422735 10226545003 11369783674 13392311388 14336489090 17326271484 18493995292 21515020541 23732992756 28161216247 29056023529 34792024241 38131631254 44502474113 47541643253 57086022725 58600629284 69655546276 73664330436 83864311989 93651874584 110357652967 110216255713 133876138877 143447969288 171334562162 170178863532 203081927785 213090368703 246802885940 259991515424 302796485180 318210622121 363081268481 373581861370 437756676372 449980368567 519056466411 560540630119 651621391152 692867925203 763459744545 789754956976 914629208244 965819265617 1178222358104 1125675022706 1390569653767 1419056983897 1508703477631 1701902532120 1922213558649 1905814923060 2273296835368 2273832734567 2645603289586 2660861272270 3136478627138 3125687933668 3532883497945 3960005534334 4487337918710 4669523037249 5116197473311 4871075014593 6391832227050 6415174388772 7111815904821 7385550834871 8773181063013 9007741594279 10094839630923 10198492187157 11170774157464 11912794065033 13853236761553 13479885250655 16156258877292 16296583950526 17945181418567 19098890386444 21666624018024 21086532327717 24683707641837 24780509707175 28764131963233 28767660367098 34033552541153 33924840898891 38234574267292 40842683665507 40364492051507 44300367887482 54955569378183 50859491732951 63039425916865 55882426106439 61188663764175 65619879060256 67722775976098 67523772232314 91834718873052 85880168290090 91233390442149 87370215076406 107112392136200 101586099177281 118688039820798 117102975830010 129735548726137 139442672818952 166755608351478 159737252714782 171284727688242 167789537747903 209756426629711 187563006943778 247312908877599 210283664679760 268119068642239 259111975065606 292680579191239 293170691138250 334534134573333 299312790760145 413640881475340 340170813863675 393889355532989 354756189925368 460899892674841 466013690383613 540781913760976 443087909892346 586239495235263 536558510187970 717354332631182 611295602918803 839896872047970 677764876701301 779658429491457 692570439020170 884386990488185 909672317630384 1041626474733151 984117024611841 1163784577436518 943121945952484 1270516212627917 1172415640826608 1410627822273070 1271795732909704 1705727869243493 1428143195631564 1733971646675277 1850983378831173 2021342295774975 1719199219685240 2623232545511348 2181771933631181 1990153506048801 2372881699718997 2699326432291058 2083918298728502 2973053898021704 2872811077599779 3010158967147473 4712572680190502 3596965595522695 2844900773778285 3208614788088389 3665158063121368 3928305144554020 4025451692669615 4298985888130180 4050754385856294 5261960654129776 3457634378187488 4549922765276532 5824510609336472 5628371632826302 4330184284913821 5505082023703087 7226277663808960 5058667019372492 6874013721677248 6932754041242887 6690682546426650 9110901508867983 9513383966139136 9594201296015747 12521658348500364 10805705393570857 8301983032081664 11878142108949813 11320169062861934 12446623567835274 12351331589382806 11928398614589171 10260818498663574 17923449430543289 10703520108982697 13601580869581412 16975075958631494 18718651062684698 20335675403684819 13991671269132796 21945892625680950 15896013433350111 19046943880828923 26408870863226951 19542198501269922 32859794465191442 27611509327125609 19205696753260202 30897363333891653 31648313021364687 30302158562603065 38820174021407794 36715616391728585 39392888419116409 46866831604982101 48213328706624545 55884982188790585 55585657175660814 39803664106206598 42572554941257303 112205757766768790 60845483880921527 31274723988164071 22153639531579334 45981815809499801 44990582632813046 50670885104973027 50405950087637846 38647658252275903 44923135334526112 55569818036726558 65809744715316753 87839734058972824 60276121744072948 96939030610944627 75599532136227325 69565774417935676 41315924848058243 143426722358434644 91957514167856832 93054715358549320 133735550760785414 103817580670999319 137092588342844231 66278619931112829 133294046328709393 149909615858238297 82799086451235428 162475319833120378 110388004359890234 64959146143318652 109514313464696046 97395256886931563 102968472362436617 153290493497739129 142950338418953481 153197741353190448 81136635608128655 242609455918743712 271469654401604112 178951676161818644 114468377080496145 248002930688864061 265561309738598172 147016930905713625 402414350862675298 164775248454577219 116261951952540833 188756099057895644 206504657838221550 216141461669774528 310057053769850184 421504078181125595 84300815636225119 96450110192202760 103151466321735325 220615720850585544 338565212396699516 378325553501389065 260927698457097875 144117936527873832 462130792138728090 175943559810422753 188008647052292980 643854899229858897 458544573742434300 489809074910764812 523157814702288250 1396816642418510760 596660126125516152 318555973788329084 340122810048577428 883245963858716874 471314064268398780 536679070310691121 572612058898037559 1221796807503768202 1482866319768163368 843250788562528427 899175348396088349 958728697912338045 1022141228367345362 1089657644424399782 1498478743590581081 2056513475336633805 2332821198543892336
3 4 5 6 7 8 9 10 11 12 13 14 15 16 17 18 19 20 21 22 23 24 25 26 27 28 29 30 31 32 33 34 35 36 37 38 39 40 41 42 43 44 45 46 47 48 49 50 51 52 53 54 55 56 57 58 59 60 61 62 63 64 65 66 67 68 69 70 71 72 73 76 77 78 79 83 91
17 209 307 1292 1405 3561 3560 7081 4262 6875 5106 6983 3485 5127 3156 4219 1877 3032 1916 2723 1019 1855 1144 1791 532 1105 653 1098 319 750 427 722 155 374 244 432 91 307 157 337 44 169 86 157 42 130 42 121 24 69 25 87 22 51 10 59 12 28 10 32 7 14 3 16 4 2 4 5 2 3 1 2 1 2 1 1 1
17 259 478 3174 3848 16193 19437 67372 53191 156886 137959 359195 234100 591065 438711 983194 518467 1427427 922889 2200658 999087 2601740 1658121 4112958 1361857 4849301 2295571 6590927 1996919 7056824 3559624 10418446 2104720 8930694 4102345 12830281 2598465 14515188 5962653 21529690 2186682 18973056 6243969 20245797 4137962 26700028 6764549 28620568 5044859 19282351 6856477 36878367 10093037 31010802 4800405 51163145 9442303 34229349 11331465 47516248 6911700 37796329 5166024 45664982 8242410 4752628 9048672 17416300 4647040 24763630 3087735 16351872 7089500 43142264 14179000 15796476 44108109
