12 24 36 48 60
634 12780 42668 31951 11956
59617 668302 439064 115310 19714
15859076 1805806286619365 17073105290607937371 2898743955103808110 1544940320260574
12 24 36 48
216 976 318 14
4569 4085 505 14
566379 408992286 7384818 54
3 4 5 6 7 8 9 10 11 12 13 14 15 16 17 18 19 20 21 22 23 24 25 26 27 28 29 30 31 32 33 34 35 36 37 38 39 40 41 42 43 44 45 46 47 48 49 50 51 52 53 54 55 56 57 58 59 60 61 62 63 64 65 66 67 68 69 70 71 72 73 74 75 76 77 78 79 80 81 82 83 84 85 86 87 88 89 90 91 92 93 94 95 96 97 98 99 100 101 102 103 104 105 106 107 108 109 110 111 112 113 114 115 116 117 118 119 120 121 122 123 124 125 126 127 128 129 130 131 132 133 134 135 136 137 138 139 140 141 142 143 144 145 146 147 148 149 150 151 152 153 154 155 156 157 158 159 160 161 162 163 164 165 166 167 168 169 170 171 172 173 174 175 176 177 178 179 180 181 182 183 184 185 186 187 188 189 190 191 192 193 194 195 196 197 198 199 200 201 202 203 204 205 206 207 208 209 210 211 212 213 214 215 216 217 218 219 220 221 222 223 224 225 226 227 228 229 230 231 232 233 234 235 236 237 238 239 240 241 242 243 244 245 246 247 248 249 250 251 252 253 254 255 256 257 258 259 260 261 262 263 264 265 266 267 268 269 270 271 272 273 274 275 276 277 278 279 280 281 282 283 284 285 286 287 288 289 290 291 292 293 294 295 296 297 298 299 300 301 302 303 304 305 306 307 308 309 310 311 312 313 314 315 316 317 318 319 320 321 322 323 324 325 326 327 328 329 330 331 332 333 334 335 336 337 338 339 340 341 342 343 344 345 346 347 349 352 356 357 360 363 365 366 367 371 385 386
208 1163 3965 7447 15436 19917 32050 31856 43060 38971 46339 39409 43779 35669 39270 30835 34736 26767 30661 23986 27692 21229 25437 19402 23580 17530 21618 16576 20041 15346 19034 13873 17635 13112 16439 12469 15327 11563 14409 10649 13456 10114 12656 9523 11817 8907 11316 8269 10633 7699 9854 7360 9248 7139 8816 6425 8071 6111 7622 5810 7196 5548 6886 5038 6338 4804 5937 4537 5653 4332 5368 4023 5073 3696 4694 3536 4428 3424 4326 3045 4048 2918 3681 2875 3538 2624 3420 2435 3083 2328 3051 2262 2818 2136 2612 2020 2483 1780 2335 1709 2180 1732 2062 1491 1925 1444 1779 1388 1710 1283 1723 1243 1509 1162 1454 1025 1424 1052 1355 1036 1228 927 1218 872 1038 853 1108 781 942 720 974 681 878 721 843 612 792 626 735 540 705 573 722 517 621 477 627 404 571 472 560 395 493 415 485 363 428 361 453 338 437 324 428 298 365 303 384 278 342 293 323 271 291 251 307 197 256 203 258 165 259 191 254 168 232 172 215 153 175 161 184 145 151 144 165 116 144 110 163 86 141 123 138 81 111 100 126 83 107 74 137 72 93 76 100 70 96 80 91 79 87 64 69 56 62 44 71 46 73 49 75 54 45 35 70 33 41 34 47 31 39 32 42 25 30 27 32 28 35 21 31 20 14 30 29 22 22 13 43 14 18 14 45 15 26 18 12 14 16 10 11 9 13 11 17 11 17 12 9 7 12 3 10 4 16 6 11 7 10 8 9 8 9 5 9 3 6 2 6 3 5 3 2 3 6 4 5 6 1 5 8 1 5 1 6 6 3 2 6 6 1 1 6 1 4 2 4 2 2 2 2 1 2 4 5 1 1 3 3 1 2 2 9 3 1 1 3 1 2 2 1 1 1 1 1 1 1
208 1256 5292 13623 38830 73305 172229 262267 533076 747593 1332814 1704541 2806032 3375905 5297467 5925785 9127180 9568428 14547724 15157044 22833042 22611302 34814315 33929814 52620133 49110375 78361011 72401476 113646492 106220240 167716736 149220961 238081252 212474847 338635633 297201204 461742668 409871758 646989507 555287591 870271425 760172984 1172887913 1018510000 1592778217 1374363901 2163428950 1799884015 2792575584 2370572002 3707709610 3058199699 4800711428 4130559441 6247596534 5208251185 7723455904 6606360852 10105855989 8481937008 12810322991 10987831447 16539674530 13398991906 20138773627 17080439261 24927831730 21281635955 31099777826 26766731358 39667427689 33791724828 47464034366 41069996841 60894645680 50832637537 74488682156 62771042054 94479044429 76204827721 113707430890 91092020226 134510402605 111546910358 164473626639 134054335645 204898888964 159216200277 237462304533 195756726407 294941943817 238895136892 345920269652 298164985758 415631321820 345923186381 491853586555 389810066988 589520078747 484736344712 692193999814 601948307662 827875147408 673809423878 964699427412 821654162669 1163099752941 926269139459 1349501766981 1071403138700 1685515970245 1331033809005 1808721518229 1497856897294 2198434118402 1714415947067 2640123524334 2194654890189 3134416824974 2712283462832 3547217149368 3001166294698 4322276265663 3441822847106 4395926684646 4071555020754 6080691245751 4913446049726 6463235217321 5332538589808 7867519895856 6238266127465 8824202699610 8128946712346 10087057100586 8341272503569 11721130316191 10217679761739 13649667475174 11269096922841 15569340863873 14456707594064 18914062929693 15153568519270 19929848320971 17913550520561 25231104406184 17679806470801 26116139720207 25136280255362 30939350468195 25202186452925 34230773083852 30500015246988 39285350036252 33102798515119 39737747721431 40067010218934 54927964152048 43968793175217 66063160686387 49181252178838 72499339254259 58735302012787 77863087529482 67826159571925 98998993238478 73239552698173 101604734696054 98452495695468 122223702096181 105578487360911 119882059219459 122280771454404 153320222256980 112702620661886 172280786089096 135471663074095 189275677852955 130646266203705 227430074908715 192738052599456 264454282599900 189519499994077 302461688753834 223436389185578 307478266864222 246640833073264 308583362481719 307920562247433 425510318012151 339748050557473 359066268696509 405802834393679 484430408003251 378229485921965 522260891736193 409195515411851 663094548849189 420104588023350 639384163528111 648501777435413 777089154837041 462491925501474 676486841214680 764372909481673 963025600545854 739775063665705 974974841727074 726349605930012 1460967086409632 805523566851424 1168213265105123 1047549030102022 1510366196454336 1125782843611457 1696853817851281 1600523601334245 1912024039885849 1692944455237847 2324744694685745 1803032942944660 2100095903103757 1704641431944684 1972764808805926 1599846837950910 2908363880694522 1893206605256315 3467524736805548 2685080898419926 4259550455544119 3268259168947308 2917330797458600 2429298482205831 4996291078046179 2456672808710830 3823253552685291 3173444093301098 4964265993700809 3346145937594544 4712102812902249 3979245446215908 5346328671086505 3645584112841042 4768275756997690 4688657962178280 5974381474078733 4915598094948250 7456899948451744 4584161795201590 8728154033483826 5441470546527296 4246614789546355 9358909609299315 9254210689667122 8175569690384986 8172928852351031 5155704467462942 17960998385862179 7159250503123655 8953713400943555 7477879093396045 25777098598707514 9371878412413693 16862342707226916 14517911546809906 10082247902001378 11646555467292118 15266244288226239 10671527933305120 11789242134396673 12150191159254452 15228915626636240 14640117013330461 23009764964376300 18287646072859085 26787176190357943 19906167546720350 18169228219524167 15192464985631024 27171975340153639 10359089721982816 24694592121625032 10547651547186466 45580480430198740 18091146372853636 36898531842178951 24055335587238195 38438747638639113 36213698554697817 42823614482498532 36949594874349484 44935341548093520 31406226418522032 53941103748714725 18566201891270118 41795100865174986 14445415222706415 46529440390360872 24680993045351105 44367654699842279 28437138265850705 20588303624952340 33528415388193047 70280604349747346 49969871952746099 67723979015733122 86760556138834408 16239786535829663 85896507068418843 144342673730990636 18671488299600364 104409141637212563 21458096037352891 141300238923610328 154963442835926284 83025848315558332 58631202330838967 186281314662305164 201867744662722452 34800954869440830 37274405776748077 250831443197818766 42748078035954696 189556004357631806 101467687864066516 224626408451497156 120210699679333088 128650749218229100 133160260555188400 137669771892147700 78801255302666615 163102070938891734 354827120577873988 475975875749360663 96450110192202760 110307860425292772 346206843517520716 378325553501389065 134819180623301520 288235873055747664 308087194759152060 1481737312491849396 527830679431268259 188008647052292980 214618299743286299 784736722053432375 340122810048577428 726235024096220010 883245963858716874 536679070310691121 610898403751884101 651688879997206959 695143713458946040 899175348396088349 2190401332423765131 2332821198543892336
3 4 5 6 7 8 9 10 11 12 13 14 15 16 17 18 19 20 21 22 23 24 25 26 27 28 29 30 31 32 33 34 35 36 37 38 39 40 41 42 43 44 45 46 47 48 49 50 51 52 53 54 55 56 57 58 59 60 61 62 64 65 66 67 68 69 72 73 74 76 82 97 101
8 77 90 293 227 604 397 956 544 1025 552 929 448 570 340 406 178 277 111 145 83 92 61 75 32 53 41 60 26 48 32 29 14 31 21 31 13 16 15 16 12 18 11 15 4 11 9 16 2 16 8 18 3 6 2 3 5 4 3 13 4 1 3 4 2 1 2 1 2 5 1 1 1
8 90 135 701 711 3167 2675 11644 7617 28551 16606 60262 30517 86762 56455 123880 55124 150338 69058 130638 82947 114275 80752 131834 60819 157917 122557 224226 104133 271044 208031 284123 152220 410318 324030 600634 282273 444849 485289 544593 519333 1021438 655080 1065157 253077 1594145 1116579 2283690 211116 4395906 1850109 6236787 888338 3090095 667744 1930775 2833327 2194623 1693319 11781946 9897704 831820 6466180 5405967 6966520 2012558 9729815 4087968 12873141 39335293 24264328 92669720 150198136
