13 25 37 49 61 73
4686 5820 27395 36789 19646 5655
438074 1526651 713443 231243 60993 6959
233257223 66181428341127870 5819648402427896029 8036474728575615926 207625031380739545 255146948272
13 25 37 49
884 872 547 85
64976 6262 1384 104
35539987 225366261 22043967 195062
3 4 5 6 7 8 9 10 11 12 13 14 15 16 17 18 19 20 21 22 23 24 25 26 27 28 29 30 31 32 33 34 35 36 37 38 39 40 41 42 43 44 45 46 47 48 49 50 51 52 53 54 55 56 57 58 59 60 61 62 63 64 65 66 67 68 69 70 71 72 73 74 75 76 77 78 79 80 81 82 83 84 85 86 87 88 89 90 91 92 93 94 95 96 97 98 99 100 101 102 103 104 105 106 107 108 109 110 111 112 113 114 115 116 117 118 119 120 121 122 123 124 125 126 127 128 129 130 131 132 133 134 135 136 137 138 139 140 141 142 143 144 145 146 147 148 149 150 151 152 153 154 155 156 157 158 159 160 161 162 163 164 165 166 167 168 169 170 171 172 173 174 175 176 177 178 179 180 181 182 183 184 185 186 187 188 189 190 191 192 193 194 195 196 197 198 199 200 201 202 203 204 205 206 207 208 209 210 211 212 213 214 215 216 217 218 219 220 221 222 223 224 225 226 227 228 229 230 231 232 233 234 235 236 237 238 239 240 241 242 243 244 245 246 247 248 249 250 251 252 253 254 255 256 257 258 259 260 261 262 263 264 265 266 267 268 269 270 271 272 273 274 275 276 277 278 279 280 281 282 283 284 285 286 287 288 289 290 291 292 293 294 295 296 297 298 299 300 301 302 303 304 305 306 307 308 309 310 311 312 313 314 315 316 317 318 319 320 321 322 323 324 325 326 327 328 329 330 331 332 333 334 336 338 339 340 341 342 343 345 347 348 349 360 367 369 370 371 372
291 2124 5368 12716 22508 42065 63041 78328 86465 100817 102962 103771 100923 96810 89496 85252 78189 70471 66190 61149 57875 53719 51431 47726 46005 42131 41675 39721 39055 37191 36337 34893 33786 30746 31470 30144 29700 28652 28820 27010 27000 24489 24883 24200 23829 22846 22858 21687 21638 19599 19919 19356 19295 18610 18404 17839 17416 15511 15848 15057 15159 15003 14740 13975 13891 12722 13073 12571 12486 12083 11999 11445 11352 10312 10576 9946 10168 9772 9778 9111 9013 8125 8338 8029 7937 7795 7702 7130 7257 6302 6536 6478 6391 6085 6117 5739 5648 5034 5199 4904 4975 4931 4797 4527 4222 3841 4068 3787 3834 3723 3624 3389 3414 2957 3162 2994 2955 2881 2954 2632 2727 2461 2411 2225 2349 2228 2247 2065 1988 1859 1881 1786 1753 1687 1654 1567 1600 1401 1473 1324 1346 1247 1322 1135 1236 1146 1115 1018 1009 929 1154 1037 881 825 812 706 694 607 642 677 682 630 619 571 538 547 530 512 516 494 435 492 442 421 425 431 407 418 378 349 403 365 331 372 354 344 291 290 263 309 300 284 245 265 233 264 232 224 236 188 216 193 194 154 198 154 143 170 151 161 157 141 144 145 124 106 142 114 127 105 137 100 92 77 108 105 123 83 96 84 70 81 77 67 95 74 74 54 51 59 93 54 61 61 48 71 68 34 40 46 54 43 45 42 28 39 37 43 42 45 34 29 22 30 28 34 37 28 30 25 23 22 26 33 26 21 22 10 11 18 22 18 12 14 12 15 9 8 12 8 5 5 6 8 14 3 11 5 10 8 15 12 4 1 7 8 6 2 1 2 5 5 7 7 5 4 6 5 6 4 3 4 2 1 2 2 2 2 2 4 1 1 1 1 3 1 1 1 1 1 2 1 1 1 1 1 1 2 2
291 2348 7497 24037 56888 149854 303639 589469 975742 1795930 2623140 4234911 5955898 8738147 11447753 16486966 20422493 26730132 32952104 41511183 50408503 61827685 74087818 89649200 106097382 124855258 151102192 177477455 215853668 252125000 305595322 364310853 438207629 491738571 609012122 708889205 847987818 979884564 1210752601 1374994686 1660441353 1843081491 2236722553 2572439005 3039867013 3374045202 4079320250 4618445192 5484594551 5944509817 7050829725 7974767648 9458947949 10485395026 12234761781 13987858559 15981079295 16912522611 20081445153 22072470985 25662180469 28995475738 33169613268 36691628345 42889214335 45914481770 53307400052 59200720528 68224642535 75317312540 86238294027 95995687859 109470019453 117475453069 135312203926 143240821957 172558825482 185500933053 211953591551 228483134638 259759749412 268672395539 311071811204 342189810436 379676625831 423383843040 470498640246 504189429383 593681204516 587477477043 683183701372 739102748427 845181866488 887331056973 1021138012302 1087601656887 1231558979949 1242767073011 1427870886872 1463167739833 1729285298018 1904500837964 2054879262461 2206935291632 2321839218417 2370542924825 2838805254945 2860768749841 3314616029785 3564939470020 3919245195426 4084288932860 4619129078226 4471741306236 5337196860287 5574955022284 6220970337528 6595667476701 7638363217740 7623323832133 9026612731950 8973865570165 9847637026224 9773586782531 11959205758800 12427510786441 14231315161735 14378367393353 15459341756909 15869605406248 18024789468927 18944737592936 20462855620541 21323429529363 23758855952207 24661281198454 29080208966965 27820376745646 33082871708242 30944744602873 35802138929988 35640862165295 43086787149667 40330333337053 49102086715675 48305623557018 53815251808907 51420785315832 58718465720388 57744913340157 74257127370669 73517807586798 76070819417845 75568632950695 81990828063886 79588165750015 83009296444679 77900123154615 95575498048912 103348764733935 109868517927136 115935397800101 118288875775816 121437892665819 129951170704448 128546452135438 145734846406791 167702836158704 171597377806950 180202349841857 183221085414756 212408837514235 214615181357014 232900897731082 255223605887053 271933165045312 284849171419417 309568060543217 321818192010295 327146307992840 387850435433315 383988672110485 416609391512429 491764204906457 478236832462685 543229831971101 466173562037312 530252650242487 542481388602502 638833960942140 680007883125204 763352819015001 651603673945972 772033605846566 730240313890484 951770162783515 904631381435303 957742069199794 1020122086371010 887965309890290 1157885129262356 1111915241723865 1215352611001346 1008495838085969 1399723733357768 1163633270564092 1297811953374426 1657411375335629 1500794735729512 1793758266734400 1818377667009978 1749460675044924 2051461815110566 2100282685836619 1942328465987679 1981606312393868 2703467681670545 2240297692530757 2776804758236014 2409232315869128 3580860111732220 2824030186091751 2545852241240873 2494118045892435 3929866180717433 3954315370415275 4991103350710862 3753981880105594 4435615739973085 4640394490613960 4153612377496258 5235851069754408 5187107007260094 4490238501462119 7264645175349347 6756979802240091 7112078238635244 4921835538626093 5636433763254873 6680248442541582 14058116710305499 6775450569396770 7891123534547027 9638813525631578 8547752079291978 13069372470963119 13111404285251574 6168545395171818 9727012052235500 10737852136017263 15421341839493249 12289933834559043 13351016678116886 15541316938184931 11161610816026771 15432794320609772 16265985305077632 18409220570138538 21415675286077974 24898217193397222 19119913668791252 19690549670589160 13187933351430390 21065635595442519 22048950816763320 27226325798800816 32932513043486407 24479003570047524 30804114013852974 28665988645805542 28037499407105108 30769327180131581 30934646813252936 46784709871306684 43065819267716920 39292560348387345 37225660333768989 19772512095766150 21415912537755858 38528281224663996 52815743509480768 44283009024603972 29597763857008441 43593222366574390 36351577827646035 55488158715247193 32551163250841074 34045442836853746 54077855572815222 32307751434887699 21726671839563057 27543303690976514 35553598448430940 44206698291210974 87679059900418355 19460022381237264 81673497661883000 37397825392552920 106365961018445544 74633227026575300 144886393681284747 141507801873573626 41902966090050018 10657331232548839 93151688505391554 100832743781320437 96917749116515433 43380278069417204 15142952738857194 32479573071659326 106999697131789908 96049318423954982 203055606175321342 156374314734008021 118300232268122991 128547635202359958 162273271216257310 145567425002673937 188443426023928854 129953173405866616 104402864608322490 154387942607496136 159678262107999964 45772358543578028 98011287270475750 98011287270475750 104924088457657282 120210699679333088 240421399358666176 266320521110376800 73653287861850339 78801255302666615 90175434980549623 103151466321735325 330923581275878316 117949491546113972 126108517833796355 134819180623301520 144117936527873832 164637479165761044 376017294104585960 200882556287683159 214618299743286299 441622981929358437 695143713458946040 790738119649411319 843250788562528427 1798350696792176698 1917457395824676090
3 4 5 6 7 8 9 10 11 12 13 14 15 16 17 18 19 20 21 22 23 24 25 26 27 28 29 30 31 32 33 34 35 36 37 38 39 40 41 42 43 44 45 46 47 48 49 50 51 52 53 54 55 56 57 58 59 61 62 63 64 65 66 67 69 70 72 74 75 83 99
14 250 218 876 731 2157 1690 5260 2279 9481 4425 9696 3340 7418 2986 5417 1685 3834 1359 2579 686 1721 535 1177 308 772 205 451 95 277 80 177 50 85 35 37 26 24 22 37 24 33 20 15 11 14 10 16 10 14 7 7 5 9 1 2 2 4 3 3 4 3 2 1 2 3 1 2 1 1 1
14 297 344 2136 2116 10540 9282 51533 30704 210782 98185 502257 190479 923006 371327 1500562 463693 2221165 703029 2897633 696377 3489799 837461 4231687 833833 4621596 855297 4531950 648880 4311712 791617 4326623 694939 2031964 660879 997507 657186 731095 835017 2110802 1520334 2048555 1473131 2283825 1204768 1682645 1326702 3404392 2152919 2832753 2355586 2615448 2310044 3256055 563178 611520 978099 4214584 3098240 5539798 4832335 5166024 3054439 1741630 5806780 12777340 6175470 9729815 5392783 15796476 118114304
