3 14 15 16 17 18 19 20 21 22 23 24 25 27 28 29 30 31 32 33 34 35 36 37 38 39 40
1 1 1 2 3 6 5 9 2 3 6 2 5 2 1 1 1 4 4 2 10 2 1 5 4 1 2
1 1 1 2 4 7 5 9 2 4 6 2 5 2 1 1 1 4 4 2 10 2 1 5 4 1 2
1 2 1 17 29 214 3018 67 497 819 213 5 21 10 2 1 7 8 17 8 21 31 15 33 7 1 37
3 14 15 16 17 18 19 20 21 22 23 24 25 27 28 29 30 31 32 33 34 35 36 37 38 39 40
1 1 1 2 3 6 5 9 2 3 6 2 5 2 1 1 1 4 4 2 10 2 1 5 4 1 2
1 1 1 2 4 7 5 9 2 4 6 2 5 2 1 1 1 4 4 2 10 2 1 5 4 1 2
1 2 1 17 29 214 3018 67 497 819 213 5 21 10 2 1 7 8 17 8 21 31 15 33 7 1 37
3 4 5 6 7 8 9 10 12 16 19 22 24 30
2 11 11 18 11 13 6 6 5 2 1 1 1 1
2 11 12 40 33 79 42 86 127 202 176 490 792 3010
3 4 5 6 7 8 9 10 12 16 19 22 24 30
2 11 11 18 11 13 6 6 5 2 1 1 1 1
2 11 12 40 33 79 42 86 127 202 176 490 792 3010
