12 24 25 36 37 48 49 60 61
1277 17939 686 45131 950 29787 599 3548 77
33662 475339 36383 292820 4660 73028 1449 3895 86
4412867 820959648288176 326073161728565 5036086912700957318 190865960112951720 151933957877305621 1179924592889367 1361103818 21944601
12 24 25 36
208 716 23 106
1455 1926 38 131
89283 10620748 15677 540286
3 4 5 6 7 8 9 10 11 12 13 14 15 16 17 18 19 20 21 22 23 24 25 26 27 28 29 30 31 32 33 34 35 36 37 38 39 40 41 42 43 44 45 46 47 48 49 50 51 52 53 54 55 56 57 58 59 60 61 62 63 64 65 66 67 68 69 70 71 72 73 74 75 76 77 78 79 80 81 82 83 84 85 86 87 88 89 90 91 92 93 94 95 96 97 98 99 100 101 102 103 104 105 106 107 108 109 110 111 112 113 114 115 116 117 118 119 120 121 122 123 124 125 126 127 128 129 130 131 132 133 134 135 136 137 138 139 140 141 142 143 144 145 146 147 148 149 150 151 152 153 154 155 156 157 158 159 160 161 162 163 164 165 166 167 168 169 170 171 172 173 174 175 176 177 178 179 180 181 182 183 184 185 186 187 188 189 190 191 192 193 194 195 196 197 198 199 200 201 202 203 204 205 206 207 208 209 210 211 212 213 214 215 216 217 218 219 220 221 222 223 224 225 226 227 228 229 230 231 232 233 234 235 236 237 238 239 240 241 242 243 244 245 246 247 248 249 250 251 252 253 254 255 256 257 258 259 260 261 262 263 264 265 266 267 268 269 270 271 272 273 274 275 276 277 278 279 280 281 282 283 284 285 286 287 288 289 290 291 292 293 294 295 297 298 299 300 301 302 304 305 306 307 308 309 311 312 313 314 315 316 317 319 320 321 322 323 324 325 327 330 331 332 333 334 335 337 339 346 353 359 365 368 369
249 1119 3598 6277 12840 15367 24643 23412 31096 25850 31618 24441 29456 21477 26154 18765 23559 17044 21206 15268 20013 14182 18245 12867 16919 12156 15910 11250 15098 10471 13989 9829 13261 9380 12256 8602 11593 8287 11018 7546 10151 7181 9790 6832 9171 6358 8583 5916 7981 5671 7469 5313 7182 4943 6570 4648 6180 4440 5904 4125 5509 3934 5297 3572 4816 3375 4683 3302 4361 3046 4031 2811 3766 2746 3669 2570 3317 2540 3260 2282 2891 2159 2757 1994 2532 1914 2586 1788 2307 1586 2190 1677 2125 1515 1951 1356 1837 1285 1719 1317 1591 1140 1516 1041 1385 977 1367 992 1347 889 1259 883 1118 806 1090 760 1080 712 985 659 947 602 941 639 827 540 805 508 761 483 686 448 696 428 594 369 562 389 525 397 502 361 473 327 463 298 436 288 423 261 363 267 377 237 342 223 354 202 261 211 298 184 261 178 259 166 243 162 205 169 231 145 211 118 191 128 188 130 154 104 143 95 144 108 160 89 137 83 104 67 117 80 108 70 85 73 86 65 88 57 72 52 64 45 71 36 72 38 76 30 72 24 70 24 51 29 64 20 52 31 71 22 48 21 43 19 38 17 42 21 31 21 40 13 22 19 23 13 23 15 29 13 16 14 25 13 16 13 18 8 15 14 16 11 13 8 11 8 12 6 16 5 11 9 9 4 5 6 17 4 7 3 13 5 10 3 11 4 6 5 9 5 7 6 8 5 7 7 7 4 2 3 5 2 3 2 3 4 1 1 3 2 3 1 2 2 1 1 1 5 1 1 4 1 2 2 1 1 2 2 1 1 1 2 1 3 1 1 1 1 1 1 1 1
249 1211 4814 11536 33186 58144 137703 198248 405656 510946 949570 1088061 1940720 2022618 3501704 3433874 6034477 5759341 9806289 9064092 16097956 14267257 24399538 21308482 37477894 32599535 56569365 48080747 84916579 70572567 122413605 101970413 176899669 146888796 244595444 201368637 346772797 286833902 483675988 387518769 650300598 522500997 895538260 717372618 1212440765 932777638 1592385019 1240894319 2106551560 1641155830 2702195782 2150581384 3652026763 2751718818 4605640816 3566306072 5911286165 4674282281 7629279780 5948664430 9813309653 7706189221 12445907800 9294844858 15156034501 11450715466 19489948391 15161976338 24693841952 18263505801 29124130454 22466414879 36412409476 28594793994 47085758544 35443118871 56028318526 45585768663 69877365258 54428495263 81600051812 62452239285 97617205818 76894775567 118865113617 96070132733 154112967534 111849904217 181183252049 131702508858 212166594017 171753478425 265201909666 197011660462 308106382987 226167171822 367763204817 268582513454 439372039168 348633216731 494770989944 388422440462 602180832996 437288661900 703515660948 509616566153 829199626897 649629511747 1079679913335 767578681560 1248373063998 886021203133 1319743424353 1036690257299 1604651505791 1205390772350 2014398487213 1415295438318 2252257258494 1626108278782 2741701593287 1854525068886 3191075897943 2391649930092 3758900793651 2661105329313 4125530534563 2871390647294 4992171181698 3446880933280 5356452867991 3904230039385 6763003309608 4810926510260 7015589959766 4700837799118 7834947991877 6142212794741 9519317178369 7363056585029 10917599858938 9067384296225 12085391112472 8997377123220 15145116985036 10682755937553 15602890335766 11239845079240 19288536366416 14497214726839 20255992891192 17385789509757 27363406782882 17444428255761 28014347462568 18790326687905 35269156004755 25288210038639 29638863772997 28964995948448 44380739671639 29007135638989 42376117345617 33147023217584 53719335088545 38832362416259 53890496823806 41197673718220 60849899283690 57509195408391 81268871677252 53206207767031 90161955069998 58081458148042 97818082639027 72252206381168 121514714030504 85685409981325 103187578640105 76673185849020 127416732111835 88785043906391 152627963882663 122130073339461 200968335506599 117617346910747 191344611308348 123845776105945 183884249109074 142431075805313 234613501401018 164136139174928 262882681608775 171815038020502 255454610873060 202866166794512 253888767974721 228251868986028 329160532873757 222300652505598 354940401412224 259645210713759 332967114563637 265604403923475 452411723019680 233570721073317 542130466005320 311407247588565 650175563506621 291932206376584 720090874792524 249057010876933 908808030488192 290993360875045 741577519019771 503090427914901 1033433350473381 416399914246057 998560569741613 662441491552702 1594129398018714 592423341148353 1289930269016168 630958469477598 1308480997339639 638330015469981 1370266942633304 689837536121299 1766416203140091 1014277869193224 1508481305146962 1130865765749390 2259314700724374 930462470436459 1740915228866122 1461268686486130 1701273468476666 1134845065472074 2348931576624299 1412610755986342 2888513831456373 1385767170036991 2153056575792471 1860553419389109 3541080376260585 2030731555590062 2968637067160008 2463380976691662 3722790141851800 1919412435817443 3620902159432084 3643909490722372 4686817294911555 2986159983600928 4615325920238806 2830419640414371 3834978117223888 3324877825946559 5874083420108325 2495582949233458 7432874930621698 2523236689623177 6927245109118134 6758655910259556 6322487508173476 3828245912158800 4231940060881828 4626556951366911 14608315860273366 3759188956521970 7049929949571851 3231633483800840 15316051472541967 6104954959353975 13429631614619208 5666064587334780 17312352803792905 6924129268508978 11110813280480874 9925581843357569 18987274509605439 11644662893033360 17250467796195925 16205318507783373 23099325130672400 15800689335744985 23308195794231859 25057322204328811 26113998503334109 16584087747250707 8753641655487981 13940544310273856 25447189322205184 11245985383901210 18566201891270118 12973348254158176 21411265366902246 31570310233339704 8030248384943040 9930972392403501 31245634857501179 22092873310370943 35973978116281034 13162217895057704 28237325330560010 30285905477714388 16239786535829663 17414180133147295 18671488299600364 101527803087660671 23000006655487337 23000006655487337 105663230534265304 28305020340996003 64976586702933308 64976586702933308 37274405776748077 39919565526999991 85496156071909392 98011287270475750 56156602112874289 64325374609114550 64325374609114550 147306575723700678 73653287861850339 252902446908675357 96450110192202760 110307860425292772 175943559810422753 279363328483702152 413766180933342362 610898403751884101 741433159884081684 790738119649411319
3 4 5 6 7 8 9 10 11 12 13 14 15 16 17 18 19 20 21 22 23 24 25 26 27 28 29 30 31 32 33 34 35 36 37 38 39 40 41 42 43 44 46 47 48 49 50 52 54 55 56 59 62
1 49 55 188 165 280 221 371 251 324 191 239 150 180 112 122 78 79 51 48 28 38 18 30 18 27 18 24 19 20 11 20 14 12 11 7 17 9 6 6 7 4 6 6 1 1 5 4 3 2 1 1 1
1 54 83 430 512 1417 1470 4245 4196 8893 7007 14109 11942 21838 20001 29430 21905 35848 22786 34003 22094 41487 24436 45534 36334 74457 57215 112061 82286 151716 73440 233758 127785 200956 169182 162100 313297 245087 135763 257694 227946 528738 593554 482223 126522 126522 781540 916044 959728 870681 694100 1319724 831820
