26 38 50 62 74
9678 31383 35022 19888 4022
2106438 669890 213338 55621 4609
3822618543990888577 14004423934531447161 3883624662208449284 119225415072827070 20729872017
26 38 50
1055 497 67
7709 1127 83
307185816 25311983 65895
3 4 5 6 7 8 9 10 11 12 13 14 15 16 17 18 19 20 21 22 23 24 25 26 27 28 29 30 31 32 33 34 35 36 37 38 39 40 41 42 43 44 45 46 47 48 49 50 51 52 53 54 55 56 57 58 59 60 61 62 63 64 65 66 67 68 69 70 71 72 73 74 75 76 77 78 79 80 81 82 83 84 85 86 87 88 89 90 91 92 93 94 95 96 97 98 99 100 101 102 103 104 105 106 107 108 109 110 111 112 113 114 115 116 117 118 119 120 121 122 123 124 125 126 127 128 129 130 131 132 133 134 135 136 137 138 139 140 141 142 143 144 145 146 147 148 149 150 151 152 153 154 155 156 157 158 159 160 161 162 163 164 165 166 167 168 169 170 171 172 173 174 175 176 177 178 179 180 181 182 183 184 185 186 187 188 189 190 191 192 193 194 195 196 197 198 199 200 201 202 203 204 205 206 207 208 209 210 211 212 213 214 215 216 217 218 219 220 221 222 223 224 225 226 227 228 229 230 231 232 233 234 235 236 237 238 239 240 241 242 243 244 245 246 247 248 249 250 251 252 253 254 255 256 257 258 259 260 261 262 263 264 265 266 267 268 269 270 271 272 273 274 275 276 277 278 279 280 281 282 283 284 285 286 287 288 289 290 291 292 293 294 295 296 297 298 299 300 301 302 303 304 305 306 307 308 309 310 311 312 313 314 315 316 317 318 319 320 321 322 323 324 325 326 327 328 329 331 332 333 334 335 336 338 339 340 343 344 345 346 347 349 352 356 360 361 364 366 368 369 376 382
299 1561 4606 11547 21764 37951 52431 71798 79600 85611 88079 85844 81372 82800 78758 74191 73518 71507 65654 65413 62945 60284 59572 57683 53275 54192 50911 48231 47844 47203 43202 44065 42142 40065 39014 37555 35123 36286 33857 32612 31320 31160 28334 28673 27228 26627 25709 25593 23273 23987 22353 21631 20912 20884 19012 19814 18363 17687 16786 16757 15050 15870 14771 14564 13912 13918 12054 12782 11857 11946 11375 11464 10186 10529 9658 9486 9185 9437 8441 9013 8174 7949 7620 7752 6908 7388 7111 6731 6354 6424 5410 5879 5649 5416 5294 5475 4791 4914 4601 4358 4504 4383 4054 4313 4075 3655 3603 3588 3178 3427 3465 3129 3363 3243 2690 2866 2841 2570 2833 2701 2474 2540 2390 2133 2425 2186 2067 2176 2161 1891 1918 1946 1754 1816 1885 1626 1710 1622 1324 1510 1552 1323 1483 1436 1283 1356 1259 1157 1246 1248 1064 1172 1179 1017 1073 1046 925 971 1027 883 969 889 767 883 870 741 840 847 712 790 723 610 712 666 579 706 680 555 553 606 523 533 558 471 556 489 400 446 441 375 488 418 377 362 343 291 321 339 268 315 308 253 254 238 216 266 221 251 238 219 172 194 225 177 153 196 168 201 136 145 139 143 119 153 152 114 119 102 94 144 103 101 105 101 69 77 82 83 83 75 72 86 49 69 75 82 70 80 71 61 49 49 49 56 52 52 37 47 46 43 50 38 62 72 38 44 29 36 43 42 29 17 37 26 23 31 30 29 30 17 21 30 15 22 24 17 9 20 27 23 20 7 17 27 7 13 15 12 10 16 13 20 11 5 9 11 8 15 17 12 9 13 6 13 10 7 10 28 7 4 8 6 3 5 7 7 3 9 6 3 4 5 4 2 3 2 2 2 1 4 1 1 1 1 1 1 1 1 1 1 1 1
299 1693 6321 20897 53407 128002 260525 523770 870262 1428302 2268162 3320238 4767789 6874112 9554702 12622165 17694317 22854381 29423764 38737566 50180478 60983994 81760596 99911859 123532729 155681830 190125922 224807425 288900022 338419778 408810204 500090947 608331286 690701186 861474150 988891253 1173400739 1399333403 1628099767 1865387241 2249787548 2583797571 2955715314 3498768592 3970010249 4501106052 5323084940 6122113180 6946685970 8095537032 9135586635 10403718734 11984824958 13549199769 15019777697 18103612972 19739235939 22106741685 24838670164 28370004773 30669043180 35336764720 38776415637 44843864696 49737819701 56463045280 58230343760 70790620434 74279396615 85213837935 92167383681 107958931141 112467519031 129646977517 135545578910 157673343602 166373701317 193621169903 205120975378 243652742591 252174778125 285492568337 304739174242 355799674248 367201637527 421202524627 455864269184 519921557842 525331991725 609441473586 600976361362 707749326882 760933260200 832627036359 892227629994 1050377582063 1084828661324 1207239264839 1262590251348 1380055648613 1564492837221 1674006483167 1835383864395 2098243542050 2185396759710 2271697691797 2500678396799 2676123698352 2802555244535 3220812063867 3615027559016 3788579742801 4351276939051 4634341786399 4614562414599 5114113562241 5710354786173 5915450654913 7101990682884 7327622763146 8097842408162 8801537483082 9370919493707 9136197848426 11534152860539 11416935678444 12690743874179 13555255539596 15354422161850 14968014541158 17065849459067 18224834346850 20173704820511 20980095275271 23756768857200 22776207799534 26645602412809 28073266168659 26592218349046 32094434457383 35534170867326 33903861922601 41661579109633 43587910711187 45396821946866 49518713541557 53500950027335 53109214781751 65354174951683 68862152335464 67437933076110 77728881337447 86676489616136 84614883878239 97556560437590 100172380489984 106939945899280 115675190911647 135454292406661 131070217807236 162075402685903 154828407309804 157957254324182 184028759627547 209285569479066 196605983909880 247418169639701 248902159602446 251263813105789 289127939418745 303954338784587 267051221788340 356274281239749 349501549722617 348226247081369 443124573899519 471797761432042 418563010822744 496231360106630 518488549210055 568479674265152 577086607885524 656104434174227 629143725589837 806631786502776 757799209014569 715810688123727 803870962987803 871237805148223 830869358070499 1188912209090329 1070401626455905 1176975370222654 1119522853330822 1176694758085998 1049089357155153 1300017717083509 1490334096863038 1331161887063704 1668287004485459 1627830881338582 1581740514301655 1836700640775395 1718077249455249 1597791334383534 2228424352803838 1894079717933725 2708406492154276 2660006416460792 2479255189790723 2174993764517432 2733975395369183 2915281866967969 2912244068937152 2694334632700774 3634538563514607 3244065717327518 4530885157277602 3156599451816053 3498974293494599 3822819464282860 4146648788729354 3507417494612297 5958110873959959 5350319635934693 4694051320139259 6360319093642758 4645173697664561 4663370747180992 8178514829264880 5376510370042142 6777396606062794 7283913505892263 7306837690497471 5834057223422844 7033826861500896 7473384018263493 8535836067039376 8262277197417124 9189554600470272 9437831625537316 12444922770654938 6783320173971494 11272335335880045 12524417510577673 14206489166944724 14133693835311326 18377273524940574 17186931794798786 15061761628200962 13531676598790633 14618859737819937 15016291835960719 18237673579503941 21283873194390275 22607636403283350 16036645280997447 21417981820133573 20282568716072291 21612169223573080 27657357485898719 23667489794285476 36939355361538802 55511976281695815 26113358331698679 36241219886045650 22942960267020654 34208362598320278 40010462013706020 42442687171757018 36121760271533395 19308759888797551 45958816588586532 38451513422242117 31184169062345295 48156782470216005 55176981111374727 49511114445743628 54220510903875437 40404893171357228 47713796904763930 74582080759932381 40872659249573035 74686789525215977 71551632094281048 57388122597197639 29153579238854301 76055883742623414 107464398592938495 107507180279061367 94715735218798836 37962949663063078 94380388139377536 155709265853741163 52274018988135085 93277919701334163 118197662338773813 106028896965881724 76998384010835664 140055709887163590 123849881162803235 234038631240809646 109967055156583849 85258649860390712 116856448602443123 150802615734066536 107210632700906234 244114425604068841 294297104820121500 230880192293568178 157984929364778724 262746774657381677 143003325887590507 346413357833915148 233300265545559676 250032464473776572 271714927165381968 796582892845582006 311910265344924400 139203819477763320 315682044732274717 231581913911244204 119758696580999973 216764670687396812 418417797075521946 490056436352378750 161080690570531571 570488321943134938 390461758991646600 220959863585551017 447067694611918310 399505836846891579 354827120577873988 206302932643470650 330923581275878316 235898983092227944 288235873055747664 288235873055747664 164637479165761044 703774239241691012 188008647052292980 214618299743286299 261578907351144125 340122810048577428 441622981929358437 471314064268398780 572612058898037559 651688879997206959 741433159884081684 790738119649411319 1238057794119125085 1812356499739472950
3 4 5 6 7 8 9 10 11 12 13 14 15 16 17 18 19 20 21 22 23 24 25 26 27 28 29 30 31 32 33 34 35 36 37 38 39 40 41 42 43 44 45 46 47 48 49 50 51 52 53 54 55 56 57 58 59 60 61 62 63 64 65 66 67 68 70 71 72 74 75 76 77 94
10 37 66 306 192 550 327 693 371 674 329 593 298 467 233 389 189 359 165 283 118 244 128 203 94 163 91 155 55 129 55 114 39 91 60 62 36 64 18 56 20 45 22 35 12 26 11 33 10 22 14 25 8 19 10 20 11 14 13 8 2 7 1 5 5 2 1 2 2 3 2 1 1 1
10 44 107 789 566 3214 2134 8911 5427 18966 10976 39320 23392 63904 33551 98457 53990 171046 79067 227665 93241 326685 185638 442998 211694 505167 327642 798791 363979 1137059 418077 1452568 547568 1619301 1155662 1657345 989192 2377708 539852 3434170 882266 3694670 1192561 3408107 1363496 4193658 1305494 6709484 1357344 8228461 2635861 9552669 3674394 10462537 5165523 26059208 7437289 17287153 7598151 8218240 1547040 12508540 966467 12396407 7322152 6942254 2323520 9294080 24763630 12873141 13568719 10785566 10785566 56634173
