3 14 15 26 27 38 39 50 51
27 639 1980 5740 22906 8632 39346 3431 17291
1874 7171 23686 78193 380908 34579 182630 5794 31543
170487 962759 6493536 48970636853730796 5191095089301121124 1043382502934480806 5531266812190725051 94720708090617 3077209515015459
3 14 15 26 27 39
8 52 222 61 383 23
154 253 1258 110 786 27
4814 21273 157854 3664181 28867965 125054
3 4 5 6 7 8 9 10 11 12 13 14 15 16 17 18 19 20 21 22 23 24 25 26 27 28 29 30 31 32 33 34 35 36 37 38 39 40 41 42 43 44 45 46 47 48 49 50 51 52 53 54 55 56 57 58 59 60 61 62 63 64 65 66 67 68 69 70 71 72 73 74 75 76 77 78 79 80 81 82 83 84 85 86 87 88 89 90 91 92 93 94 95 96 97 98 99 100 101 102 103 104 105 106 107 108 109 110 111 112 113 114 115 116 117 118 119 120 121 122 123 124 125 126 127 128 129 130 131 132 133 134 135 136 137 138 139 140 141 142 143 144 145 146 147 148 149 150 151 152 153 154 155 156 157 158 159 160 161 162 163 164 165 166 167 168 169 170 171 172 173 174 175 176 177 178 179 180 181 182 183 184 185 186 187 188 189 190 191 192 193 194 195 196 197 198 199 200 201 202 203 204 205 206 207 208 209 210 211 212 213 214 215 216 217 218 219 220 221 222 223 224 225 226 227 228 229 230 231 232 233 234 235 236 237 238 239 240 241 242 243 244 245 246 247 248 249 250 251 252 253 254 255 256 257 258 259 260 261 262 263 264 265 266 267 268 269 270 271 272 273 274 275 276 277 278 279 280 281 282 283 284 285 286 287 288 289 290 291 292 293 294 295 296 297 298 299 300 301 302 303 304 305 306 307 308 309 310 311 312 313 314 315 316 317 318 319 320 322 323 324 325 326 327 328 329 330 331 333 334 335 336 337 338 339 340 342 344 345 346 347 348 349 351 352 353 354 359 362 365 366
331 1462 4080 7241 11766 14168 18431 18623 20539 19608 20895 18211 19114 16884 17052 15169 15612 13454 14342 12499 13059 11691 12540 10534 11351 10205 10733 9505 10403 8779 9752 8560 9097 8006 8795 7366 8296 7297 7854 6829 7506 6353 7290 6204 6633 5681 6374 5379 6065 5204 5619 4890 5471 4584 5109 4418 4754 4252 4758 3951 4384 3852 4096 3575 4125 3348 3871 3259 3562 3023 3442 2917 3291 2770 3047 2671 2958 2359 2782 2295 2507 2191 2565 2058 2473 2095 2235 1918 2204 1768 2060 1785 1981 1710 1848 1532 1805 1518 1694 1440 1666 1364 1607 1380 1451 1267 1453 1209 1356 1177 1270 1070 1261 976 1175 966 1034 950 1143 833 984 802 897 739 854 742 834 676 772 650 826 622 718 617 693 583 634 503 661 609 569 540 585 440 496 445 483 405 555 379 481 389 434 388 461 386 410 352 402 301 390 314 390 333 326 311 330 228 318 274 256 246 287 246 288 217 234 195 257 176 236 194 205 143 218 165 180 141 193 134 184 136 152 121 142 120 142 108 142 98 121 113 141 88 127 83 111 73 120 84 95 77 90 86 79 59 81 73 73 69 74 57 82 57 51 54 73 46 67 43 66 55 50 44 50 48 50 51 39 25 31 37 36 34 33 28 42 23 19 28 32 32 28 29 24 19 22 13 26 18 25 19 21 18 16 17 17 15 17 9 14 7 11 7 10 13 12 16 9 11 10 9 17 16 9 9 3 5 10 4 12 5 2 7 10 3 7 3 9 5 3 6 3 6 7 1 4 3 7 1 4 4 3 3 3 1 2 4 1 2 1 3 3 3 1 1 2 3 1 1 2 1 3 4 1 2 1 3 2 1 2 1 1 1 1 1 2 2 2 1 2
331 1575 5662 13772 32301 58474 114219 177938 300290 433383 691558 890824 1342772 1688759 2391037 2928897 4094619 4738436 6590212 7647320 10420061 11914029 16397034 17713122 24154566 27699073 37034211 40076842 55442446 58704803 80183565 88202150 115651169 122332771 166528606 168668438 228645351 241651568 320519089 333777116 440484760 448252322 607585171 624228176 813027602 802807614 1087088389 1097192178 1433869522 1452987205 1878592544 1893127507 2482621796 2449209366 3250140999 3227597225 4115534063 4243218745 5544922848 5346160027 6965192622 7123300674 8835674415 8838914620 11787524408 11094656876 14650132047 14104509253 17927755153 17089785074 22680679407 22527922546 28469211129 27366978391 35535789106 33831212336 44120114446 40604317823 54009187826 52113317386 64729859290 62385735556 83886737569 75461775787 103997850621 100176791799 129257939151 117780932750 155153579816 139477259301 181357910185 183099323497 232061681179 209701522158 278462899981 257488295578 326749360991 312009904516 397064347124 370495999100 494306454818 445106891197 588293865159 582762293567 673185375002 635157546931 880349096647 779129358605 981537539918 964694494534 1166718786669 1081993075352 1410200077825 1219334329635 1687085702361 1518312622797 1871388343498 1822142098334 2506470080615 2036247672697 2721175639133 2303217824136 2928474183417 2761979495641 3471777559225 3423196962018 4319279778286 3908148666639 4811963546951 4422644566649 6352650497659 5398038166584 6588090724890 6418936085853 8542488071945 7421795792003 8932890041220 7970503169994 11068937951480 11704191877949 11925504323044 12124002755918 14643469535991 12609036866969 14940993966710 14996413301143 18093631867919 16928418800800 24591872032449 19029097698071 25999694172288 23255326302704 29427482574954 26512057157767 37709780592045 33280596359401 38663274218904 36955289182071 47701677535625 38792173533935 56219922287190 48433868863217 67186934530166 61989123692063 68606570989831 66711771881568 82210818003266 65910923472452 89878691180186 90274039420857 93488084436755 97164534394754 120997791781429 109600292219489 147062844331671 126294167032415 143499205949994 122936980771525 192506509912645 142731580448115 204147714965860 183715678190389 212914454651073 158811137755268 273714629242843 209543587018084 251977291230953 228790171076224 334546578353732 251760739819579 396530682710726 333858819184564 361637901236500 314955471661119 413770841033616 373679582538873 484482996670786 367978677224666 548718994610467 427176631870885 574054947375422 559313825816815 760073754983497 548289977318429 865885490236462 580801039609187 911090965809834 588771933260690 1099549404962688 800346085635345 1026174337030964 899260344505612 1132048529960148 1089000456583994 1129910105357278 917539658519780 1477768994244450 1439901505480670 1483542793188312 1548123548925894 1850020868088362 1502268734084692 2152301278378909 1878955720504023 1883126506525549 1829055268774801 2902234165688033 1949558928992400 2790363756408935 2154835447440729 3673797492672595 3190490857284267 3662947026222740 2856614064362757 3694445285142575 4043377769567470 4317076802279486 4455032806535807 3579137079831246 2564137320033236 3387679021844311 4462745573107818 5215159431566773 5011219343565539 5088280590793467 4598237435439620 8060355179354361 4448223836331334 4003448538689498 7005768981109820 7425542373228372 9331988963898583 8048855686924377 9230818665214389 8784846571534666 6431207942888314 9006210107540742 5519375227171251 11556261932053318 9086255211609712 11754934642766332 10198957411775924 12854052897042188 12660876884418577 11210303322113610 16678790159721728 15467382097339973 11754863394102856 17066589950569161 9192675490098849 14853893767487078 8482620933456425 13929500262784418 9934349700698428 14547308200106306 19231591768676650 20013455908845538 28101308380640307 18159927012709950 23624339736999954 20873139903073073 28878087719183098 41408859583696996 49621543365381121 28152958277003430 27556408511463205 9480413601446991 17497613708102425 40997213173036690 16290621380153034 52836714531241677 24022405352789222 10468742139507344 37806462354866503 69559768254131810 19013112136253691 47802598975137331 28377115511098077 77549067317268120 41921985596281155 27759248810170806 58230055443061208 31971993697646517 65500409085839564 82549822368976811 13162217895057704 54561761120675418 58523230808274398 113678505750807641 16239786535829663 72171336865495318 78723768587331199 61492949562506781 88916205385680456 92000026621949348 24650106150830490 54720827974562329 119283566310524895 34800954869440830 72075360646188907 39919565526999991 122587209089954678 137317075630734084 147016930905713625 52462044228828641 104924088457657282 120210699679333088 184536074288447638 73653287861850339 78801255302666615 168601631272450238 90175434980549623 283075655364955143 412605865286941300 110307860425292772 235898983092227944 134819180623301520 462130792138728090 329274958331522088 175943559810422753 376017294104585960 200882556287683159 214618299743286299 244904537455382406 261578907351144125 279363328483702152 596660126125516152 827532361866684724 1005915133012000040 610898403751884101 1303377759994413918
3 4 5 6 7 8 9 10 11 12 13 14 15 16 17 18 19 20 21 22 23 24 25 26 27 28 29 30 31 32 33 34 35 36 37 38 39 40 41 42 43 44 45 46 47 49 50 51 52 53 55 58 61 62 64 65 66 68 69 70 72
3 21 45 117 119 230 181 274 152 269 134 186 111 129 84 108 35 60 37 34 19 27 16 19 17 18 12 18 7 15 7 7 4 6 6 5 1 7 1 6 3 6 5 2 2 2 1 1 1 2 2 1 1 3 3 1 1 1 1 1 1
3 28 68 269 365 1326 1246 3659 2277 7240 4596 12054 8441 16985 11231 28555 9318 24231 14904 23920 14135 30835 20987 32017 34445 43715 39824 76248 28977 122995 55938 84184 37231 83180 69916 105670 20286 255609 36930 270241 78837 550191 363895 193226 169609 180733 211116 124754 294546 468071 468071 563178 715220 2658748 4832335 1932934 2243010 2012558 2323520 4647040 6175470
