12 24 36 48 60 72
6673 6938 23292 36990 19542 6556
865962 2312628 613860 240778 63990 8431
171570482 566806316070907362 13767682383796792114 4653998401052738152 352908172530391507 1181321378956
12 24 36 48
1106 1363 585 115
110021 14748 1612 143
20871829 441172917 27621843 185914
3 4 5 6 7 8 9 10 11 12 13 14 15 16 17 18 19 20 21 22 23 24 25 26 27 28 29 30 31 32 33 34 35 36 37 38 39 40 41 42 43 44 45 46 47 48 49 50 51 52 53 54 55 56 57 58 59 60 61 62 63 64 65 66 67 68 69 70 71 72 73 74 75 76 77 78 79 80 81 82 83 84 85 86 87 88 89 90 91 92 93 94 95 96 97 98 99 100 101 102 103 104 105 106 107 108 109 110 111 112 113 114 115 116 117 118 119 120 121 122 123 124 125 126 127 128 129 130 131 132 133 134 135 136 137 138 139 140 141 142 143 144 145 146 147 148 149 150 151 152 153 154 155 156 157 158 159 160 161 162 163 164 165 166 167 168 169 170 171 172 173 174 175 176 177 178 179 180 181 182 183 184 185 186 187 188 189 190 191 192 193 194 195 196 197 198 199 200 201 202 203 204 205 206 207 208 209 210 211 212 213 214 215 216 217 218 219 220 221 222 223 224 225 226 227 228 229 230 231 232 233 234 235 236 237 238 239 240 241 242 243 244 245 246 247 248 249 250 251 252 253 254 255 256 257 258 259 260 261 262 263 264 265 266 267 268 269 270 271 272 273 274 275 276 277 278 279 280 281 282 283 284 285 286 287 288 289 290 291 292 293 294 295 296 297 298 299 300 301 302 303 304 305 306 307 308 309 310 311 312 313 314 315 316 318 319 320 321 323 324 325 326 327 328 329 330 332 333 334 335 336 339 340 342 345 347 348 351 354 355 357 360 363 366 369 371 372 375 376 378
384 2280 6693 19875 38340 68946 102573 138565 158652 182247 179254 182548 167401 158072 136906 123958 109986 94885 84252 76009 71950 66142 62748 58571 57391 53285 51394 49454 49215 46839 44968 42807 43217 39662 38579 36738 37320 35304 34647 32215 33002 30323 29688 28459 28905 27226 26809 25283 25726 23580 23212 21815 22805 21421 20706 19124 20263 17999 18015 16926 17554 16972 16285 14958 16022 14263 14394 13317 14303 13343 13241 11809 12948 11286 11537 10380 11441 10903 10429 9451 10208 9068 9209 8270 9250 8511 8300 7465 8410 7289 7302 6804 7538 7125 6832 6184 6819 6065 6016 5472 6094 5881 5529 4934 5398 4907 4847 4462 4910 4990 4395 4007 4538 4120 3981 3640 4066 3860 3506 3247 3489 3319 3266 3000 3287 3245 2778 2615 3032 2772 2578 2265 2657 2620 2232 1958 2419 2411 2073 1919 2133 2113 1801 1662 1923 1863 1679 1516 1817 1774 1359 1305 1482 1523 1362 1275 1393 1518 1209 1114 1229 1278 1133 1056 1232 1169 892 848 980 1108 870 829 1119 1102 739 709 833 896 756 677 754 844 651 543 722 772 664 700 782 729 509 474 543 698 544 456 600 629 415 352 483 500 426 392 464 486 360 344 404 461 346 318 388 377 295 241 288 346 317 243 296 335 240 189 250 295 230 204 240 261 184 127 186 217 173 149 195 183 131 109 120 147 134 112 126 143 96 55 87 104 79 79 82 88 73 49 54 74 49 28 39 35 24 21 21 19 18 21 17 18 22 22 11 23 16 17 13 15 15 14 11 19 12 10 7 13 7 12 9 4 3 12 7 12 7 5 3 12 2 6 7 6 6 9 7 15 8 4 8 4 1 5 4 7 7 5 4 23 2 6 3 2 4 1 1 6 1 1 1 1 2 1 1 1 3 1 3 1 1 1 1 2 1 2 2 1 1 1 1 1
384 2605 9593 36447 91725 240418 499956 1029754 1776892 3212477 4767046 7623542 10328399 15009797 18900730 25127210 30461020 36699137 43450903 50831397 61744340 71706649 87732136 102665544 128597030 148608565 187329866 221949400 275204857 321424362 399811461 460147756 577176093 652875805 796160308 907053778 1131569789 1256160850 1550556708 1734892730 2099559576 2322834605 2794693381 3145090019 3802695481 4228938463 4979963296 5611347336 6759130055 7160787661 8645410179 9558912192 11231226235 12303412467 14623150202 15769067319 19185697294 19808678261 23698819515 25341392564 30454013356 32975239978 37995135126 40806912558 49028898993 49936666994 61431875545 62951026481 78957706744 82874909837 98197129425 99452738155 123683903013 118566450207 147767804957 147090176687 184415393425 190543440342 228009916030 224249693313 283231449454 274442618993 337541154741 324632254821 429123923014 407281099016 505611223839 491944688270 615602437133 584237683767 725039987657 719370114935 909521507600 916961200726 1082224054255 1072853437286 1368136886934 1278813510625 1569420057434 1542300777002 1924156427520 1938899855193 2316327597158 2226495924810 2720806488127 2670620298644 3181369907488 3114082874279 3858003675265 3959575785292 4512841571782 4439970350682 5545965369365 5321935097554 6436019470038 6331941563781 7750624896665 7640307793419 8617255635184 8496246244679 10358718695005 10125421618276 12207732078716 11923952567046 14330583112786 15079925824751 16081382123338 15821135027056 20033299421089 19782417991196 22361961017727 20665994312615 27057276173215 26151997190393 28582230649050 27413907309356 35883078254796 36097274551614 38581374379630 39105414895989 46404166719120 49045213725660 49536432666725 49557480261198 62837731119803 62101714519160 67525936395701 67252458008426 84773533941054 83405068511154 81647187350782 87341916559405 96145368810227 106195982322159 114908422502962 120456849446087 137468784554180 151404624718047 139361747344644 156621275445791 166354646982241 189842165742435 203691188642343 201508377067352 243497634313699 255226115543646 229840913240275 258274544325192 272891103883828 322169065831522 309445434581499 343339559172278 462566350405120 472277243760229 388007779439862 400532458918509 482234278759863 585578733526293 555115910360620 567120480429545 660275424262070 752006393880824 665482787481853 656082263447382 813551379022725 900694718474879 999963362842290 1134782216157571 1292416634836344 1359835174203812 1082751586477619 1162069115971606 1205485345131355 1733573082819608 1556558973054445 1635462355995088 2071344975640428 2205757964592007 1681864771506414 1642959504530235 2041934417618778 2523368292935538 2544836602874849 2480696948671321 3336606406638118 3442059526695709 2864644356555297 3416696041495109 3308105838049515 4417929230048740 4019659904117394 4197685144268138 5164652988174915 5141804386225648 4660809860847052 4469680352317270 4943578955338187 6178761264116885 6762048692876030 6256820979244489 7859206957757971 8827735594534224 7890213933936215 6689144434898694 7557772002414264 11127844348176664 9946109703577849 9865614624062897 12297639947372109 13784914676473503 11258272820003572 9044446006535886 12201603710379891 13904495220035517 15415186366470691 14158012906238246 20435506000506357 19398390732445940 13768511945903168 14563273695523092 14622145853128840 21091713549789105 21168432667715863 22090915121827704 24849281451199929 26847659099227878 22530810779326479 14335264140482690 20174826563229030 27125084681129521 24559347555941927 27926244231252906 32955455156032674 34136942351124572 30000486006732621 23004232296460142 24380624526026111 38280044214488331 28319413888808777 19217463893995955 29925759536163841 24313755303559142 16305135495052808 16745957480135088 14812725526460175 16585270870700265 18131602223965011 23665319558245282 16045294917788406 21207833227032429 25333796798872482 30646198706122356 14898656738708046 34528441229925782 21899108692274555 26295339594543900 21891459379962972 31509551770268849 32286058097610753 29179746377240391 25275411236562055 48829542107076445 31972283613398944 28168773381592215 21891257502140646 39769695296457731 26705779806218632 51983147476138715 33437504676810304 15997155013055361 12973030184075076 78141498608543470 40787969518184612 74499637060972897 40639411982036942 31539550145428294 20418374415470750 94665771349063827 16060496769886080 49952233981224195 64138993895806637 67483138379784810 62491269715002358 131000818171679128 94819040388206276 229775923104412760 111036411781795438 59547520881851587 129918292286637304 98613112812295610 18671488299600364 96049318423954982 82951045599859672 179374321389495358 202497953654851428 137746676290120661 117262404661677934 747230747083733042 72075360646188907 308775885214992272 125415721598909383 128244234107864088 189556004357631806 52462044228828641 52462044228828641 360632099037999264 64325374609114550 73653287861850339 78801255302666615 78801255302666615 180350869961099246 110307860425292772 117949491546113972 134819180623301520 493912437497283132 188008647052292980 602647668863049477 244904537455382406 298330063062758076 318555973788329084 363117512048110005 883245963858716874 536679070310691121 1303377759994413918 1581476239298822638 899175348396088349 958728697912338045 1161537834849962850 1238057794119125085 1406207446561484054
3 4 5 6 7 8 9 10 11 12 13 14 15 16 17 18 19 20 21 22 23 24 25 26 27 28 29 30 31 32 33 34 35 36 37 38 39 40 41 42 43 44 45 46 47 48 49 50 51 52 53 54 55 56 57 58 59 60 61 62 63 64 65 66 67 68 69 70 72 73 74 75 76 77 78 79 81 98
35 300 441 1937 2170 5562 5485 11237 9094 15299 10773 15320 9060 11375 5619 6750 3345 3672 1592 1931 735 988 451 569 239 350 217 265 143 176 114 149 63 114 80 100 48 62 41 89 50 71 46 60 25 26 21 31 18 29 11 26 9 11 10 10 5 11 9 2 3 6 5 3 2 9 1 2 3 3 2 1 3 3 2 3 1 1
35 381 699 4490 5985 25847 29471 107269 111727 342814 305542 805548 595647 1441860 920852 1999667 1202295 2313723 1189024 2493487 937956 2445675 917804 2103348 780919 1762692 869221 2194429 828731 2200136 1100588 1909337 811965 2190282 1399598 2492116 1204912 2437402 1596646 4446378 2727011 4801183 4304601 5689756 2992778 4361728 2971329 5909933 4430347 8669170 2850691 10884555 2654726 4338543 4244314 7032389 2425489 11462343 7375522 3335600 4060547 9587628 6765269 11597604 4341942 25241502 2012558 10991636 11942894 16438908 10263438 9394410 27137438 23267849 23156944 39704619 9289091 92669720
