17 29 41 53
367 1137 552 25
4791 2294 629 25
622350 474347 34743 37
17 29 41 53
367 1137 552 25
4791 2294 629 25
622350 474347 34743 37
3 4 5 6 7 8 9 10 11 12 13 14 15 16 17 18 19 20 21 22 23 24 25 26 27 28 29 30 31 32 33 34 35 36 38 42 43 45
32 155 334 608 790 916 767 824 624 537 375 347 291 256 170 162 126 76 54 69 58 42 17 27 18 17 7 2 11 9 4 4 5 1 1 1 1 1
32 172 487 1308 2438 4172 5118 8896 10142 13914 13085 19006 22457 29145 23019 33423 34447 30381 22487 46841 53722 51917 22061 49699 47491 50028 15854 4872 58020 81458 26873 40676 81455 36520 12310 26015 62370 89166
3 4 5 6 7 8 9 10 11 12 13 14 15 16 17 18 19 20 21 22 23 24 25 26 27 28 29 30 31 32 33 34 35 36 38 42 43 45
32 155 334 608 790 916 767 824 624 537 375 347 291 256 170 162 126 76 54 69 58 42 17 27 18 17 7 2 11 9 4 4 5 1 1 1 1 1
32 172 487 1308 2438 4172 5118 8896 10142 13914 13085 19006 22457 29145 23019 33423 34447 30381 22487 46841 53722 51917 22061 49699 47491 50028 15854 4872 58020 81458 26873 40676 81455 36520 12310 26015 62370 89166
