32 44 56 68
16504 43813 25213 14461
1001671 492761 117830 26897
56177698209128894268 11800882688154531710 1434559178242132671 1442073597162995
32 44 56
793 273 12
2721 449 12
69957796 2489324 223
3 4 5 6 7 8 9 10 11 12 13 14 15 16 17 18 19 20 21 22 23 24 25 26 27 28 29 30 31 32 33 34 35 36 37 38 39 40 41 42 43 44 45 46 47 48 49 50 51 52 53 54 55 56 57 58 59 60 61 62 63 64 65 66 67 68 69 70 71 72 73 74 75 76 77 78 79 80 81 82 83 84 85 86 87 88 89 90 91 92 93 94 95 96 97 98 99 100 101 102 103 104 105 106 107 108 109 110 111 112 113 114 115 116 117 118 119 120 121 122 123 124 125 126 127 128 129 130 131 132 133 134 135 136 137 138 139 140 141 142 143 144 145 146 147 148 149 150 151 152 153 154 155 156 157 158 159 160 161 162 163 164 165 166 167 168 169 170 171 172 173 174 175 176 177 178 179 180 181 182 183 184 185 186 187 188 189 190 191 192 193 194 195 196 197 198 199 200 201 202 203 204 205 206 207 208 209 210 211 212 213 214 215 216 217 218 219 220 221 222 223 224 225 226 227 228 229 230 231 232 233 234 235 236 237 238 239 240 241 242 243 244 245 246 247 248 249 250 251 252 253 254 255 256 257 258 259 260 261 262 263 264 265 266 267 268 269 270 271 272 273 274 275 276 277 278 279 280 281 282 283 284 285 286 287 288 289 290 291 292 293 294 295 296 297 298 299 300 301 302 303 304 305 306 307 308 309 310 311 312 313 314 315 316 317 318 319 320 321 322 323 324 325 326 327 328 329 330 331 332 333 334 335 336 337 338 339 340 342 343 344 345 348 349 350 351 354 355 357 358 360 362 363 366 367 368 371 373 374 378 382 383 386 390 395 398
228 1317 3630 8067 15417 22401 30451 34860 38104 38294 40163 37939 38092 35767 36041 33514 34281 31771 31899 30224 29988 28025 29235 26714 26518 25166 25507 23697 24182 22608 22470 21278 21608 19810 20368 19271 19116 17958 17965 16970 17641 16207 16380 15301 15274 14252 14920 13947 13604 13215 13013 12066 12811 11928 11673 10919 11195 10243 10681 9964 9844 9333 9648 8710 9327 8394 8529 8015 8043 7375 7869 7329 7280 6901 6897 6305 6759 6183 6203 5812 5882 5452 5779 5260 5360 5022 5221 4526 5003 4672 4523 4390 4392 3879 4150 3977 3881 3673 3684 3299 3669 3233 3304 3105 3110 2838 3126 2809 2682 2574 2616 2411 2678 2298 2365 2242 2253 1992 2299 1981 1992 2002 1906 1683 1781 1715 1696 1580 1521 1403 1518 1460 1436 1278 1326 1234 1361 1199 1106 1180 1149 1025 1123 1065 1001 1010 984 896 926 891 904 872 870 729 743 811 750 656 698 668 768 656 605 606 590 525 593 577 519 551 500 476 479 436 447 408 433 434 373 402 416 352 377 343 329 358 319 308 298 273 318 312 383 256 242 286 288 234 236 298 257 235 203 258 189 200 211 189 193 193 155 174 141 146 159 164 169 128 101 135 129 125 130 128 115 108 90 103 110 90 107 94 98 93 76 81 80 66 81 85 85 82 49 58 64 50 60 72 65 37 45 59 53 54 48 66 92 33 31 38 46 40 35 41 34 22 24 28 30 28 22 33 22 19 17 15 30 16 23 14 16 24 20 25 22 17 21 24 16 15 11 15 11 13 12 19 16 7 10 14 13 9 11 9 9 5 8 5 4 8 6 9 5 9 3 7 50 1 5 6 4 4 2 1 1 3 3 2 2 5 4 4 4 2 2 6 2 4 5 3 1 1 1 2 2 4 2 2 2 3 1 2 4 2 1 1 2 1 2 2 1 4 2 2 2 2
228 1453 4987 15202 39173 83866 163262 286696 477255 736561 1160621 1648504 2400562 3250327 4633150 6068364 8454401 10755028 14357863 18193500 24149582 29351134 39245363 46875151 59430578 72134270 92310310 108587276 139602458 163712279 197156926 233804362 301278823 337249078 419591988 489054307 580283975 672518255 808397981 942999133 1160087730 1292806706 1530885001 1720857944 2084914715 2341126197 2816312604 3179263776 3692930356 4206889067 4899789694 5364650463 6696924166 7305350438 8331540391 9170935365 11164047793 11885733313 14138837551 15609471258 17600913367 19633053801 23399111292 24411276082 30766517709 32187486560 36215047668 40555505281 47095899013 49702615311 60149119853 63999667082 74997926664 80682665582 92862968749 94697605916 117197981833 124989718238 139022077360 147376463994 176449400829 184196135318 222053570722 230129194528 262141263054 280987298603 332273217058 323624055054 410798047984 433966905401 468501464076 506917312869 590780929294 605065039785 704945520014 754595912759 838280561848 897363058907 1010385947690 1013995166540 1257750982758 1250782999597 1411464902058 1507020094736 1785670092022 1744547070068 2119134907500 2146319975391 2316352470555 2494837959425 2777380907629 2848340192622 3618015336015 3427565698453 3940352253579 3923024494020 4579618811663 4644880440248 5837115123536 5544897486209 6445838742305 6916928564388 7590268500905 7057458048544 8288092324747 9175545174477 9868542857255 9843717487767 11268862414652 11032747517073 13289643844748 13995856411920 15481377488197 15427704171250 17358589841314 17423601085298 21591743659255 21256737169183 22316283025237 25001961402867 26260792600046 26987464206335 32686970902228 33199698534264 34690974559543 37654480584731 41480431327739 41586015272325 47433404834309 51969980658275 52334753197455 57037278579807 64136435424219 58585976519135 67068254064193 77158265951786 79233050580718 77498098685407 87969869768273 92101186908624 120034369318453 108513637961252 113573486334209 121301035076302 129106557043616 122736878359740 161722254772034 168047414151004 173217091787725 184876164047391 190036697294594 195043985557062 217187328426171 221603207895312 245581428331333 232375757823517 300235431989458 296159182024685 289811164700605 359044183248915 393908400409670 343294821083624 439303399825087 388476581795698 421898225052623 508861369624278 519710135710040 503334470659914 571090465216239 565938319041543 710101949304617 788896066087414 1032744243914514 705774919961590 773094594514212 985067272249623 1046879974922781 944499897632758 1081776251759102 1361116532790519 1409311145561373 1234183817765811 1254446869703475 1837017279474694 1254604509546620 1546536000294297 1741404319849069 1698843140387999 1830712747428165 2194344468038587 1879721492521490 2133526968943781 1938234683547413 2204128873310651 2369879906534845 3048552791276949 3210612480987701 2740704379598801 2264460790468204 3350817396155718 3157814357706613 3663144733319956 3816518878855164 4267482208078437 4349091057289079 4506079564766178 3662774650111798 4959816421545771 4914778342383182 4863107347500351 6212707152882752 5962661158284798 6543207213780972 7392209888410494 6153905580544007 6874013142093769 6634174354646986 6524507427354803 8192851108845453 10069562868692650 11197240029214507 11533507288545216 6401805482503822 8924850047079027 9131418268425004 8750734626561919 12438855344845893 14818221789916474 13838723266712840 8784303341299300 13126367409126259 16217548252095627 15172935130072595 17729723617951823 16648882069718899 23913103924174871 34097703407625634 15917706491450860 15657488305107949 17027743293188121 23795514096720900 23982051763303172 20532974139013844 26259744376283898 26332159039134379 16112967697921962 20051916452259166 26344480927095405 26978596521136584 28697935247176421 29200484694008762 39232572229670258 27784054343459585 26568994579122765 23846409196947752 26101477229149920 50381412679849210 28226292844360405 44659211956268504 28622651538204779 38562058671827093 62348598019029685 52400091753162368 66706464865662909 65179250003316257 63708398331495633 75973213384522600 83887839742180584 68979714743851892 68501474947906212 51913518967516422 79492638326828262 63821568165970630 69989932017782401 84068867028854050 136063455230663667 115544396348628669 50815810746629829 84551885833581654 132615709392742535 117759731532372518 104495470126679218 114325208197455877 110464366551854715 110422962173065185 65811089475288520 109123522241350836 88809136285988786 64959146143318652 149681259614419863 110771621631149115 194790513773863126 104409141637212563 200832417426848249 70650119461805164 207795058103058936 1434109973853647768 30326181989842964 158117244034085890 206493067698670804 149097623106992308 194307508134496127 85496156071909392 42748078035954696 49005643635237875 150473331499304391 161080690570531571 120210699679333088 128650749218229100 399480781665565200 294613151447401356 304909086329033908 337203262544900476 168601631272450238 186625545172752383 618908797930411950 220615720850585544 471797966184455888 674095903116507600 432353809583621496 154043597379576030 164637479165761044 200882556287683159 429236599486572598 458544573742434300 979618149821529624 596660126125516152 637111947576658168 726235024096220010 1162897598757087669 441622981929358437 1005915133012000040 2146716281242764484 1303377759994413918 695143713458946040 741433159884081684 1798350696792176698 1022141228367345362 2179315288848799564 2812414893122968108 1812356499739472950 7722624289401863248 4665642397087784672 5997928895472904388 8196069071253189582 9875746193576383310
3 4 5 6 7 8 9 10 11 12 13 14 15 16 17 18 19 20 21 22 23 24 25 26 27 28 29 30 31 32 33 34 35 36 37 38 39 40 41 42 43 44 45 46 47 48 49 50 51 52 53 54 55 56 57 58 59 60 61 62 64 74 80 82
3 25 33 136 119 241 162 231 153 247 143 207 111 116 99 113 93 90 61 82 60 59 39 49 34 54 35 46 28 48 22 22 18 16 10 20 9 20 9 17 7 12 10 9 2 10 3 6 4 3 4 4 3 5 4 1 2 3 1 4 2 1 1 1
3 29 51 394 360 1506 1108 3080 2438 7003 4880 12744 8017 15226 14236 29052 22462 41314 28514 59738 45175 71546 52078 84129 59028 194377 104562 210582 141709 384159 160525 236978 215118 281855 185678 599595 244171 756239 265874 956218 380893 1157184 818353 1026976 179696 1303911 430179 1070347 686149 864051 1382654 1144817 990429 2169420 1230922 772310 1544620 1580469 1544620 8505904 3363374 4087968 18578182 12132164
