24 36 48 60 72
3139 25801 41182 21738 8129
956293 853979 309906 78935 11126
693363162994928 9743890097753575571 7653213457309099198 360441544296520928 5612136283974
24 36 48
501 692 124
4946 1850 161
95413256 33554655 203286
3 4 5 6 7 8 9 10 11 12 13 14 15 16 17 18 19 20 21 22 23 24 25 26 27 28 29 30 31 32 33 34 35 36 37 38 39 40 41 42 43 44 45 46 47 48 49 50 51 52 53 54 55 56 57 58 59 60 61 62 63 64 65 66 67 68 69 70 71 72 73 74 75 76 77 78 79 80 81 82 83 84 85 86 87 88 89 90 91 92 93 94 95 96 97 98 99 100 101 102 103 104 105 106 107 108 109 110 111 112 113 114 115 116 117 118 119 120 121 122 123 124 125 126 127 128 129 130 131 132 133 134 135 136 137 138 139 140 141 142 143 144 145 146 147 148 149 150 151 152 153 154 155 156 157 158 159 160 161 162 163 164 165 166 167 168 169 170 171 172 173 174 175 176 177 178 179 180 181 182 183 184 185 186 187 188 189 190 191 192 193 194 195 196 197 198 199 200 201 202 203 204 205 206 207 208 209 210 211 212 213 214 215 216 217 218 219 220 221 222 223 224 225 226 227 228 229 230 231 232 233 234 235 236 237 238 239 240 241 242 243 244 245 246 247 248 249 250 251 252 253 254 255 256 257 258 259 260 261 262 263 264 265 266 267 268 269 270 271 272 273 274 275 276 277 278 279 280 281 282 283 284 285 286 287 288 289 290 291 292 293 294 295 296 297 298 299 300 301 302 303 304 305 306 307 308 309 310 311 312 313 314 315 316 317 318 319 320 322 323 324 325 326 327 328 329 330 331 332 333 334 335 337 338 339 340 341 343 348 350 351 352 354 355 357 362 363 367 368 371 375 377 378
247 1377 4201 9508 17422 27927 38287 47023 62022 59940 65301 63604 62799 58044 60155 53379 53403 51704 49543 45245 47595 42567 42272 40813 39185 36454 38075 33788 34298 33058 31734 29114 30368 27650 27268 26628 25934 23961 25269 22439 22198 22115 21259 19545 20265 18511 18086 17628 17335 16037 16472 15103 14734 14602 14126 12988 13346 12610 12438 11958 11722 10846 11326 10606 10093 10434 9654 8881 8829 8634 8354 8096 7834 7535 7408 6924 6816 6741 6681 6109 6163 5953 5517 5660 5298 5091 5230 4952 4981 4780 4412 4314 4233 4140 4081 3801 3849 3776 3552 3391 3185 3276 3224 3094 2942 2962 2864 2755 2641 2640 2699 2554 2484 2437 2207 2378 2064 2018 2176 1984 1829 1961 1794 1773 1823 1693 1673 1641 1612 1414 1440 1419 1302 1382 1325 1254 1278 1207 1130 1231 1034 1077 1159 1028 989 966 1021 1002 923 894 858 877 834 760 748 750 688 724 732 656 708 645 568 668 545 500 581 555 516 536 478 436 455 444 381 440 383 382 373 359 309 364 308 283 326 310 239 265 269 295 266 321 251 260 225 203 205 216 188 213 219 200 196 198 170 214 154 167 163 159 128 151 177 137 128 147 124 111 139 105 222 107 96 98 116 78 94 87 71 90 81 68 82 96 77 71 66 65 78 58 64 60 54 60 43 47 46 40 51 40 53 39 34 47 51 25 42 38 33 45 34 41 40 20 37 25 31 37 24 31 35 32 19 23 22 23 15 23 19 16 20 23 15 22 11 15 8 11 17 7 9 9 9 7 8 8 4 6 8 5 6 9 1 9 7 7 5 6 3 6 9 1 5 6 3 2 8 8 3 4 2 4 1 2 6 2 3 2 2 1 1 1 2 2 1 1 2 1 2 2 1 1 1 1 1 1 1 1 1 1 1 2 1
247 1503 5876 17463 44534 99741 197858 362300 692015 1012591 1714387 2439278 3655151 4866284 7321706 9120586 13024211 16534129 22105995 26967931 37285640 43456091 57723451 69992708 89041482 103743082 139044065 154522158 202960678 235539684 290531278 332456721 429815033 471232324 587292012 678622740 821756966 906955623 1188795509 1266184544 1567524125 1779146356 2091567142 2327945246 2892818277 3068129250 3704043858 4173529680 4917941346 5293264490 6491763839 7063331883 8154304243 9322831734 10721638855 11658236570 14164770929 15111620712 17760052075 19608525631 22638355705 23473125607 29546257665 31716773401 35399097517 41039206704 44785556938 47109428057 54814043461 59434351235 66488521764 74650144444 84103846361 88716780613 104145590473 110901346670 122948030275 135827078196 158849177886 162116612922 193134581536 204778089636 214607291843 253737077445 261813336973 280179979176 339780592174 365954242111 405720808267 452101447354 475447705151 521971619375 577827131756 626915206414 679065622345 735324457313 826746130041 900349992966 961631645854 1076204037714 1050752652378 1272999366539 1374600201515 1504503859739 1612517446911 1840228740553 1915288655561 2190060677498 2238222829105 2529732346274 2865824271994 3136341731093 3279543240612 3612400989033 3720310550378 4452931625747 4234741136463 4554397745653 5423150913988 5701522023528 5790123691565 6885709692972 6861102695423 7913887776549 8422552944386 8870052484564 10133664209290 11158288832868 12046925400211 11651501582517 12912318776240 13850175291953 14059726066720 16481022290972 17726838490646 19849754153963 20881253752363 21509347692719 22837740267714 27495645938601 25959534122711 28667895587840 34438338118502 34180114220132 37163028864561 37921161777230 44130793957757 46733014089750 47771318560185 51530331891743 56303056236019 63720375572691 66007462969416 66260161532136 73163942413365 77714294430677 79839576563111 90320835381267 104103512783339 102915423456992 120045381137356 118155240853332 118393999253342 147815799688079 128086807051616 132365175666009 172291873214855 178763541094474 181782024731920 200429669701681 200511761769216 199120463691215 218712979686111 236966343199030 253447391621969 298209132066711 279254618725128 281546983324464 308341969763640 315940795565615 292418843264343 392338119118182 369957418488675 348978478936983 418385219412361 467542753554680 390310287474597 474662410328823 554842081240646 633511130505849 619777016697248 757722745044616 646825675183151 769260753429429 700397371012515 736355112374768 784002690160366 898566619555842 866636275721704 1062699580740945 1095780105626497 1140790255811266 1244569457575501 1347022296923031 1195401957472693 1738565357764425 1506859153940060 1620429674569776 1680514751160418 1781517820530662 1556348940374699 1915711236499818 2677347876439107 2147053725394509 1970183096246418 2634636748634175 2360082914264880 2484184978631629 3247710514949496 2639665931742032 5565288289538343 2827923311233265 2839151135830425 3143267835753381 4052423268990866 3309779025495798 4053063505670958 3974462340241197 3286881691080011 4768648758667170 4736890682131813 4091538995634436 5075333724495298 6869964235224867 5757329345178240 5756070148152708 6293050377146521 6638947579364937 8631271371286121 6283660407616217 7871385496278418 7789093466367056 8498638941945533 9276245671792876 7331115671176949 8038807468693916 9495574897413101 7886869238814574 11325367943730270 8832034550716159 15460640034201773 11245131851322667 10484833154918191 14988196065780915 16977702980928524 10442308729703300 18469028333264548 16125722032397648 17673670451686343 22450633509959842 19313141609198227 24736919920102694 25255525513332615 15289287457399175 27513439305650622 18641523822351683 30718819900108498 36186419307111749 24199167818237958 33435605048149369 40705057358027006 42592220377360094 25974013567969877 33624374745537737 37154849594263533 37469486562464465 24143473676688163 45913599039313604 38853836388587871 34889390844913495 49498195389743873 77570932011865524 45110099650335664 66348997976246935 30516126290427474 56297233693937851 29153579238854301 41552949295340620 64279254816554853 32581242760306068 38919090552225228 58653346382655134 49807379604565604 42678500411338587 57897011680085690 50552662281681985 33870898686745669 50302095812315076 76998384010835664 41921985596281155 55518497620341612 95242387189955616 10657331232548839 121899908629676819 85050850193198894 111315962048893424 106254187930683933 87784846212411597 48719359607488989 118376080140078169 160499545697684862 20017426762576945 122985899125013562 133374308078520684 95300225612635654 52831615267132652 250966757654104673 262829829664351871 132265834923840792 146624172199685061 79839131053999982 199597827634999955 42748078035954696 94778002178815903 304403063592199548 108618646341702930 176367301792207377 124430724448781094 137669771892147700 73653287861850339 78801255302666615 84300815636225119 276800980153302006 206302932643470650 110307860425292772 110307860425292772 252217035667592710 144117936527873832 401765112575366318 458544573742434300 244904537455382406 261578907351144125 298330063062758076 318555973788329084 363117512048110005 502957566506000020 536679070310691121 695143713458946040 741433159884081684 899175348396088349 1161537834849962850 2639021199454947000 1406207446561484054
3 4 5 6 7 8 9 10 11 12 13 14 15 16 17 18 19 20 21 22 23 24 25 26 27 28 29 30 31 32 33 34 35 36 37 38 39 40 41 42 43 44 45 46 47 48 49 50 51 52 53 54 55 56 57 58 60 62 64 65 66 68 70 71 72 74 75 77 78 84
7 44 37 206 175 418 266 598 334 548 341 502 287 392 190 334 180 254 134 191 103 169 101 163 72 113 70 87 71 85 44 46 31 34 24 49 25 24 18 25 10 25 11 14 5 14 3 20 7 7 3 7 4 6 6 3 1 1 3 1 3 1 2 1 2 1 1 1 1 1
7 55 51 498 516 2089 1744 7004 5007 15433 11187 31754 20163 49332 27266 86115 51908 106725 68959 146138 83725 229280 134465 351259 157234 394906 250162 451830 355283 695512 348862 647887 406229 558935 583904 1312885 766434 909978 614055 956601 640356 1661899 887325 1696279 447393 1460444 264958 3426126 1084484 2333090 588701 1928354 1296790 3014187 2597221 1544620 526823 715220 3865868 1300156 7800936 1741630 4647040 4647040 12350940 4697205 5392783 7089500 7089500 31592952
