3 4 5 6 7 8 9 10 11 15 16 17 18 19 20 21 22 23 27 28 29 30 31 32 33 34 35 39 40 41 42 43 44 45 46 47 51 52
2 27 45 28 49 52 66 75 3 70 315 452 433 616 910 1453 2261 218 1078 4349 6657 10230 10369 10481 10623 10550 878 735 2548 3244 5126 4724 4231 3691 3149 243 5 13
5 95 139 51 90 82 138 126 3 165 813 1088 887 1358 2386 4679 8455 979 4428 16669 23078 33595 32852 31955 30933 28774 2386 1508 4926 6766 11587 10169 8441 6564 4888 356 5 13
137 1412 2428 629 1447 920 1551 1049 8 7172 222699 1568610 596066 1393653 5624005 44368229 873307007 1645018061 1697898920488325 6222821254244065 8332271784881213 211398240722640825 144400456081745717 62471830225492432 44223314142387813 24356768982907745 1519739809712567 1957560387396051 5483018577638389 39834998428385155 100851464967534979 35261279968104854 16436203638646225 4162753227723176 881980312765794 46717539639871 32417 4115
6 10 16 17 18 19 20 21 22 23 27 28 29 30 31 32 33 34 39
1 1 9 15 2 6 6 6 7 1 1 8 9 3 3 5 1 2 1
1 1 14 25 2 9 7 7 8 1 2 9 10 3 3 5 1 2 1
2 2 236 3286 424 3474 523 29 14553 11 118 223 442 36 28 27 1 26 2
3 4 5 6 7 8 9 10 11 12 13 14 15 16 17 18 19 20 21 22 23 24 25 26 27 28 29 30 31 32 33 34 35 36 37 38 39 40 41 42 43 44 45 46 47 48 49 50 51 52 53 54 55 56 57 58 59 60 61 62 63 64 65 66 67 68 69 70 71 72 73 74 75 76 77 78 79 80 81 82 83 84 85 86 87 88 89 90 91 92 93 94 95 96 97 98 99 100 101 102 103 104 105 106 107 108 109 110 111 112 113 114 115 116 117 118 119 120 121 122 123 124 125 126 127 128 129 130 131 132 133 134 135 136 137 138 139 140 141 142 143 144 145 146 147 148 149 150 151 152 153 154 155 156 157 158 159 160 161 162 163 164 165 166 167 168 169 170 171 172 173 174 175 176 177 178 179 180 181 182 183 184 185 186 187 188 189 190 191 192 193 194 195 196 197 198 199 200 201 202 203 204 205 206 207 208 209 210 211 212 213 214 215 216 217 218 219 220 221 222 223 224 225 226 227 228 229 230 231 232 233 234 235 236 237 238 239 240 241 242 243 244 245 246 247 248 249 250 251 252 253 254 255 256 257 258 259 260 261 262 263 264 265 266 267 268 269 270 271 272 273 274 275 276 277 278 279 280 281 282 283 284 285 286 287 288 289 290 291 292 294 295 296 297 298 299 300 301 302 303 305 306 307 308 309 310 311 313 317 319 320 322 328 331
352 1239 2530 3929 5255 6229 6823 6985 6788 6711 6468 6104 6087 5624 5596 5268 5302 5049 4872 4686 4659 4430 4374 4162 4123 3955 3947 3786 3839 3432 3426 3396 3316 3318 3149 3049 3031 2835 2885 2754 2713 2593 2549 2524 2567 2374 2261 2235 2262 2182 2118 1999 2083 1970 1925 1880 1816 1740 1728 1598 1736 1555 1604 1564 1541 1446 1423 1336 1369 1258 1268 1272 1248 1179 1158 1140 1167 1050 1051 942 997 976 1012 879 912 883 905 810 841 795 751 731 736 723 727 658 651 667 657 617 604 567 588 533 563 534 552 501 541 492 448 453 409 396 410 432 409 380 374 360 374 318 338 304 325 297 319 290 273 257 298 254 271 252 234 223 206 224 247 211 206 215 205 170 185 159 182 176 199 167 164 158 164 141 147 145 132 102 125 141 122 96 119 105 130 90 93 102 82 82 101 89 89 88 75 84 71 65 61 68 58 64 55 48 58 57 53 58 57 39 36 40 37 42 46 34 45 41 28 39 37 23 26 36 42 32 34 37 29 30 28 23 29 26 25 25 25 29 19 19 25 18 14 21 9 24 20 17 25 17 15 14 17 12 10 12 15 15 12 13 10 13 9 12 9 10 7 8 9 10 7 8 10 4 8 8 2 2 10 7 8 7 7 7 5 7 7 4 6 5 5 6 5 6 4 5 7 4 3 3 3 3 2 3 4 1 1 3 1 1 1 3 2 1 1 2 1 1 2 1 1 1 1 2 1 1 2 1 1 1 1 1 1 1
352 1321 3481 7838 15537 27884 47005 72534 107580 156444 223179 300942 422486 543066 749829 941212 1279455 1609514 2045902 2564875 3316319 3992803 5164825 6186716 7794441 9466667 11831556 13945930 17855421 19740355 24598765 29252304 35681304 43261431 50089871 59116417 71510853 79711309 98841653 110736481 135695620 151996873 178010294 209582098 260320301 277098922 330236719 364656561 439992977 502536011 581577919 629123773 790194600 859670125 993078714 1120577102 1280862094 1420482237 1652294347 1709855428 2168083825 2317143325 2838995226 3098316757 3615946428 3848161510 4273678581 4686733072 5648854194 5977432557 6726314633 7878219383 8689852548 9864428155 10600334154 11663204206 13913333600 14698104709 16135718929 16831884460 20616821838 22573872716 26299809684 25729825193 30673627888 33764689838 39491423768 38947683065 47383357575 51486480513 53237813508 59267204612 66241082497 72037255479 84825689541 85468661518 94001270330 112184077981 122204748237 126975601847 146128052536 153442759352 172826021919 173549040031 206592147419 221605185401 257442636214 265196471566 313142508724 324372522255 334319362951 362099980819 365906483620 404594037639 454967617762 534153341653 594536574434 605385671173 683322824537 703838042877 798021765900 773885257600 907629779828 899436790769 1095240843745 1083853622641 1265301791463 1325314198167 1363421846390 1480479776659 1840383478701 1763612742826 2103392353050 2115064141848 2126252339440 2275421283429 2182069009356 2810971692307 3291238581358 3274126121472 3535399567987 3941081894290 4235603339770 3828297663184 4633757316611 4552148775550 5338342911543 5758900055295 7610755656025 6757142107067 7304291175168 7728983642054 9031439087774 8297352814784 9472612984256 10774838822379 10828647055966 8798002472916 11656422897046 14752334007647 14554842414107 12032136027194 16532959770645 16413295915747 23028343063262 16609949625544 19506979366832 22442168770645 19824502805658 21069167774858 28312967417898 29513122337804 32001061460163 34478170593472 31159062832748 37891997926431 36216803938530 36268645507035 35570849330140 44773412115345 40959735777492 50964614339698 47481287924924 42765941530076 57890360480631 62956486166022 64604327184852 76355357397343 84278123107253 62556773592514 62143252318760 71381019573197 74116492848425 94637858677647 105889432071833 87644341897340 125686665376440 125785160621145 97015715007728 144511236517903 147059658416313 97299428043583 119661757170052 183517101562324 239763315357364 198899061948616 229131371269155 274969087668260 229850159140054 262560054739848 253535412739683 235434627812683 315685034471733 302988243605234 323428984425445 333923481191678 369982725720085 478403081656164 340921881258794 359656967141680 522830639790538 430963033945826 356199311804385 582462299716791 253580244395075 764532795795315 673985377065846 618113220083333 974232415626444 757345126514969 691540462157145 742257990438933 963636180401347 706333691423038 643379508106912 828387228455808 1105352133219292 1215225291313911 1057739133054020 1227661573937997 1042783841189034 1445738310037969 1086953312122668 1587559479603398 1249362066710220 1652298217618400 1147042127150054 1450113951369736 1735280769652110 2088637988789391 1581241611464655 1938837918936838 2612562012189710 1119919318337382 2464805863672214 2635947295163395 731499133741564 731499133741564 4165702620831563 3149594921062087 3893543109462426 3665059184064737 3910835888514499 4262532432442411 3352240615300850 5007013845202402 5397064731063374 3297885820662609 5167967138099976 4804097588094860 5175624329669093 6625348995616658 6004735903315938 7684955902953526 5650998260693800 7496671536578150 11228430832388205 6799144804788880 5689692310774752 5833954059758243 6432398475940107 7086657436013133 5081905180091396 8198619550642605 11549662565336200 3160137867148997 3397584011986773 10957292508213159 3925922161489422 4219388528587095 4872038056472084 15703113209261016 11245985383901210 6039763882095515 6486674127079088 13931700288391662 7479565078510584 8030248384943040 17240992550930050 9253082936723602 10657331232548839 11435542077822104 12269218019229465 26324435790115408 14118662665280005 15142952738857194 32479573071659326 18671488299600364 24650106150830490 28305020340996003 30326181989842964 34800954869440830 52462044228828641 64325374609114550
3 4 5 6 7 8 9 10 11 12 13 14 15 16 17 18 19 20 21 23 24 25 29 38
1 4 12 7 8 11 15 10 3 7 8 3 1 3 3 1 2 2 4 1 1 1 2 1
1 4 21 18 25 49 112 131 64 175 280 158 60 273 420 154 472 622 1496 627 980 980 4011 12310
