9 21 33 45 57
778 6011 37325 42362 13514
47455 292570 511959 169528 24686
5092744 46523522560 13975245029289372328 2418460701221933489 497530184373340
9 21 33 45
188 693 208 7
3033 2814 361 7
203638 8746831 703965 25
3 4 5 6 7 8 9 10 11 12 13 14 15 16 17 18 19 20 21 22 23 24 25 26 27 28 29 30 31 32 33 34 35 36 37 38 39 40 41 42 43 44 45 46 47 48 49 50 51 52 53 54 55 56 57 58 59 60 61 62 63 64 65 66 67 68 69 70 71 72 73 74 75 76 77 78 79 80 81 82 83 84 85 86 87 88 89 90 91 92 93 94 95 96 97 98 99 100 101 102 103 104 105 106 107 108 109 110 111 112 113 114 115 116 117 118 119 120 121 122 123 124 125 126 127 128 129 130 131 132 133 134 135 136 137 138 139 140 141 142 143 144 145 146 147 148 149 150 151 152 153 154 155 156 157 158 159 160 161 162 163 164 165 166 167 168 169 170 171 172 173 174 175 176 177 178 179 180 181 182 183 184 185 186 187 188 189 190 191 192 193 194 195 196 197 198 199 200 201 202 203 204 205 206 207 208 209 210 211 212 213 214 215 216 217 218 219 220 221 222 223 224 225 226 227 228 229 230 231 232 233 234 235 236 237 238 239 240 241 242 243 244 245 246 247 248 249 250 251 252 253 254 255 256 257 258 259 260 261 262 263 264 265 266 267 268 269 270 271 272 273 274 275 276 277 278 279 280 281 282 283 284 285 286 287 288 289 290 291 292 293 294 295 296 297 298 299 300 301 302 303 304 305 306 307 308 309 310 311 312 313 314 315 316 317 318 319 320 321 322 323 324 325 326 328 329 330 331 332 333 334 335 336 337 338 339 340 341 342 343 344 345 346 348 350 351 353 369 371 372 386 390
406 1822 4379 8683 13728 19874 25200 30652 33291 35328 36136 33975 32539 30384 28316 26111 25206 22727 21948 20565 19322 18857 18231 16980 16529 15949 15237 14460 14554 13557 13264 12740 12031 11778 11579 10576 10386 10355 9682 9187 9344 8575 8480 8232 7610 7861 7744 7066 6958 6803 6375 6216 6191 5901 5711 5543 5289 5248 5248 4775 4750 4719 4355 4185 4234 3906 3977 3800 3709 3726 3761 3411 3372 3256 3152 3018 3186 2934 2975 2886 2715 2714 2671 2375 2510 2455 2283 2278 2358 2114 2171 1951 1963 2068 2037 1856 1900 1873 1748 1654 1849 1598 1615 1553 1549 1485 1534 1378 1393 1437 1399 1274 1344 1244 1207 1156 1124 1148 1101 980 1033 1043 968 869 940 924 904 886 832 828 791 779 766 776 772 666 767 653 670 636 660 629 629 546 596 600 534 544 560 501 489 474 439 451 443 413 427 395 382 377 400 368 359 357 326 322 315 305 307 327 278 277 315 264 252 258 235 240 229 239 227 216 221 170 197 185 166 189 156 184 170 157 157 164 153 152 177 137 146 141 119 126 123 103 113 103 101 90 105 77 98 84 77 71 85 57 85 65 65 67 84 44 73 57 64 49 54 44 59 43 49 47 51 32 57 47 39 41 52 33 41 60 44 48 43 32 53 23 29 24 27 32 27 23 26 24 18 26 21 25 25 8 21 21 20 13 23 14 18 16 20 18 17 12 13 13 15 11 11 15 8 14 12 9 8 2 13 16 7 8 8 10 5 9 7 2 7 6 5 6 5 7 10 2 4 3 4 3 5 1 4 2 2 4 4 2 2 3 6 4 4 1 2 3 3 1 3 1 3 2 2 3 1 1 4 2 1 1 2 1 1 3 1 1 3 2 1 1 1 1 1 1
406 1989 6268 16752 37788 81701 148792 275961 452371 722268 1123883 1604431 2233220 3049542 4101318 5147407 6946965 8469795 10783828 13381816 16943756 20408498 26359813 31470859 38798512 48143427 59446114 67515427 88439533 101419160 121744353 145027441 172889595 198351858 246001101 273800359 319493179 384994004 454504277 500021151 630116414 687500493 790726345 927200401 1034547550 1210452870 1445737582 1573351783 1804665364 2133389076 2391531433 2604591100 3117990366 3473067667 3788755598 4430904142 4993167844 5568819074 6661312239 6892993955 7785216910 9187506704 9957138610 10621946370 12618067883 13251164641 15098010791 16934501053 19510451828 21808772358 25170592215 26651582908 29119700133 33016948168 36856740100 39054373868 47593160426 49542755924 56429875925 63931545653 69182149283 76401829377 86935321244 87185071460 102025273085 115584936715 123643925187 135855545106 163902658394 166018183336 187381531428 193804624636 220959501820 256907154077 289281407867 304597360767 334659079025 383947762119 407851036307 413745638863 527704441918 529558549225 560431277726 628535948341 705591166857 734770798530 872381838999 871522601227 982811984128 1131475828317 1283032246024 1233993239589 1494243419869 1583669667477 1619351939075 1799876684280 1983803744905 2133789703076 2425092291381 2419756079219 2604561454203 3055637670011 3315725219472 3144269574139 3916553115891 4260622223095 4357619319675 4856042163247 5065531005397 5574937223996 5949009756339 6743154029467 6814869114405 7681471933333 8830734145871 8051553375454 10847803381077 10378936463936 11023968722471 12079685009546 13905551000254 14091228021521 15286819870200 15323794098307 17571828940890 19888063226493 20453830601532 20711450483373 25596862762188 24426429191517 25167914032126 28451182396546 30191677132945 30494956470554 34996907658056 36307744744542 40372895768874 41189606327077 45131543837580 46947617841932 56596758711357 56366785210918 57827354800889 68915204402988 67458514147247 71248676161982 77637780293580 83716085292115 87984716091363 106146932766893 101645660578621 102957428430460 131617557767833 124680695264660 119792800509846 136651749011267 144249787289572 157014477903755 170257964090400 188932124150175 189903867817863 203263513163786 231533147935600 185973219115819 235043454654852 257561535854396 240621062338636 304076608868729 281757321177722 325606689329126 338653206304769 361793803429385 362819408303515 415077858469248 467158301718306 460968683272146 612962063833484 482167089191185 571178162138559 630598766124106 521319962384335 589707242160532 644325962990857 629158437066957 743848381291033 764861896711829 781057157957362 752522083456915 1007212651373898 737651604943135 1078560901363504 1048676929889501 1049647982414220 964880781619811 1259099866788440 963749575781424 1504238006374708 1251152012789998 1366934647886042 1538325779852099 2199815054806987 1225297211171013 2075161058565032 1852579608002232 2052015819590601 1714618703099389 2175595135922732 1808310711913973 2843329383562459 2128038169318125 2777182834205733 2517951713018636 3297440163174216 2098582567375743 4336692401955795 3628463915382600 3587695864665766 3422275175554695 5091133735201044 3637829357740436 4511100732729874 6993569060823694 5909470284469511 7113733235336645 7475604948056061 5636814095851253 9476116635350614 4305798185095530 6018518829798112 5441025027106704 7574291449088082 8891872544759722 7760966415830627 7753458201707542 9387794744030423 7861511818709079 6892398614182356 10956505563830051 8875647928880696 13319183164519913 13198213707918143 4617569925438666 14626028533922251 14082003554163707 14031036004029739 9655242124152684 18760407333687212 12776158426883611 17192299429323354 15886219323812132 21909112575417156 21588270578737754 20189548871919299 16320337012968049 18785556895626656 24248270789945080 23753297753463864 22034728383703811 19922205445767219 30673453469229030 16636527738815482 31240306864520809 31103217611964593 23252414497414956 22083178095642483 6099067661078552 42031576852288065 62430746336183314 26660981154170847 33461641861599087 39233955150539019 46693670987293652 30319227378677268 49052447738767713 41028033604233875 12526438009174603 53330921067982933 50815810746629829 46529440390360872 66602978641632260 46265414683618010 85989304253232014 102941518124761700 22871084155644208 59678738213332603 37700653933516634 54561761120675418 58523230808274398 91954550230115633 17414180133147295 72171336865495318 37342976599200728 42916192074705782 110374301423033347 118300232268122991 52831615267132652 56610040681992006 90978545969528892 192767648747176234 136891157959789144 144150721292377814 37274405776748077 122587209089954678 131268514615487420 157386132686485923 52462044228828641 180316049518999632 64325374609114550 201995146501262250 147306575723700678 157602510605333230 247402886575116853 90175434980549623 96450110192202760 412605865286941300 220615720850585544 117949491546113972 126108517833796355 269638361246603040 144117936527873832 154043597379576030 493912437497283132 175943559810422753 200882556287683159 687816860613651450 489809074910764812 279363328483702152 790738119649411319 899175348396088349 958728697912338045 2332821198543892336 2998964447736452194
3 4 5 6 7 8 9 10 11 12 13 14 15 16 17 18 19 20 21 22 23 24 25 26 27 28 29 30 31 32 33 34 35 36 37 38 39 40 41 42 43 44 45 46 48 49 50 51 52 54 55 58
17 81 100 273 263 520 387 620 492 523 353 467 397 366 211 185 105 114 74 92 50 52 47 54 38 56 26 24 14 25 20 19 16 18 14 17 12 15 11 8 4 6 4 6 3 1 5 4 2 1 2 1
17 102 159 610 854 2897 2644 7409 7705 15842 12218 28289 32239 47532 34548 49459 33771 56289 43385 71854 39592 65630 70348 110567 72258 149349 89245 109257 69890 169421 157359 199533 154381 266833 263536 343828 277637 391359 383796 294810 171590 253537 296505 468313 394219 150350 725704 762182 272027 294546 612678 1126356
