30 42 54 66 78
11828 42324 27325 17749 766
834801 585356 145195 38472 766
16770493884842109796 17238280269240860159 4424214303477338340 12254472078655092 2116501
30 42 54
764 350 19
3744 672 21
150859598 5319252 1405
3 4 5 6 7 8 9 10 11 12 13 14 15 16 17 18 19 20 21 22 23 24 25 26 27 28 29 30 31 32 33 34 35 36 37 38 39 40 41 42 43 44 45 46 47 48 49 50 51 52 53 54 55 56 57 58 59 60 61 62 63 64 65 66 67 68 69 70 71 72 73 74 75 76 77 78 79 80 81 82 83 84 85 86 87 88 89 90 91 92 93 94 95 96 97 98 99 100 101 102 103 104 105 106 107 108 109 110 111 112 113 114 115 116 117 118 119 120 121 122 123 124 125 126 127 128 129 130 131 132 133 134 135 136 137 138 139 140 141 142 143 144 145 146 147 148 149 150 151 152 153 154 155 156 157 158 159 160 161 162 163 164 165 166 167 168 169 170 171 172 173 174 175 176 177 178 179 180 181 182 183 184 185 186 187 188 189 190 191 192 193 194 195 196 197 198 199 200 201 202 203 204 205 206 207 208 209 210 211 212 213 214 215 216 217 218 219 220 221 222 223 224 225 226 227 228 229 230 231 232 233 234 235 236 237 238 239 240 241 242 243 244 245 246 247 248 249 250 251 252 253 254 255 256 257 258 259 260 261 262 263 264 265 266 267 268 269 270 271 272 273 274 275 276 277 278 279 280 281 282 283 284 285 286 287 288 289 290 291 292 293 294 295 296 297 298 299 300 301 302 303 304 305 306 307 308 309 310 311 312 313 314 315 316 317 318 319 320 321 322 323 324 325 326 327 328 329 330 331 332 333 334 335 336 337 338 339 340 341 342 343 344 345 347 348 349 352 353 354 355 356 357 358 360 361 363 364 365 369 371 372 373 377 379 382 389 395
268 1343 3957 8650 14744 23125 31196 34967 38688 40053 40519 38481 38598 36988 36962 34198 33498 32573 32377 29459 29554 28981 28342 26301 25977 25206 24541 23094 22571 22153 22551 20125 20352 20008 19221 18367 18502 17545 17876 16357 16160 15831 15618 14259 14109 14192 13832 12546 12780 12462 12626 11501 11363 11352 11374 10139 10299 10258 9908 9068 9359 8875 9015 8352 8157 8230 8233 7407 7321 7327 7414 6580 6669 6674 6390 5886 5812 5896 5958 5231 5403 5378 5235 4850 4881 5025 4904 4458 4337 4472 4371 3903 3996 3995 3897 3496 3434 3604 3616 3223 3173 3256 3279 2893 2820 2983 2880 2514 2511 2636 2556 2377 2264 2422 2340 2073 2061 2191 2012 1851 1874 1882 1838 1698 1553 1753 1747 1477 1499 1640 1583 1396 1386 1464 1453 1241 1179 1281 1275 1093 1133 1202 1083 956 883 1008 947 871 821 894 859 796 794 854 783 721 635 713 731 632 608 691 657 568 630 671 600 553 499 597 538 452 451 553 555 437 482 451 469 455 398 457 463 366 339 413 363 383 331 375 321 308 288 339 307 274 255 291 255 247 303 254 222 223 198 223 227 212 193 196 186 188 174 158 182 178 154 144 162 138 129 156 130 136 170 132 96 117 101 104 128 107 109 113 123 97 114 92 87 99 79 55 91 63 75 82 79 53 81 83 63 57 64 54 61 45 45 56 41 40 73 44 30 52 51 23 42 29 35 33 47 32 44 27 29 34 34 22 42 24 31 42 24 20 36 20 19 64 25 7 14 10 16 10 18 12 21 13 11 19 13 12 14 9 11 12 17 12 4 7 3 4 8 4 6 3 6 5 3 4 9 9 6 6 4 3 2 2 3 3 1 2 1 3 4 3 1 2 2 1 1 2 1 3 2 3 2 2 3 1 4 3 1 1 1 1 2 2 2 1 2 1 1 1 1 1 1
268 1487 5493 15955 38274 85439 166130 288034 487894 763819 1160471 1683218 2452951 3346805 4752692 6227413 8334601 10933091 14671147 17863290 23724608 29718220 37788742 46496728 58408118 70743091 88765549 106427207 129218667 155805206 196754556 218022093 276791918 328088934 388678596 457198086 561064890 635294683 793535003 877540601 1064228666 1210380427 1444768438 1611544687 1885692609 2176147621 2553759564 2803917839 3427185477 3780791373 4603776086 4942742661 5798161166 6713861742 7814682207 8242495396 10027828472 11098852006 12828113774 13966390267 16764682768 17574373676 21350103438 23027783607 26005829790 29474707183 34366753692 35804928893 41301558626 45339511261 53134816971 54811229879 66127559607 71806513842 78986841145 86140142001 96632890566 106866654169 129155470498 126378998322 154718566196 163531646092 182924191655 199096150111 233342341527 261460831578 287954176132 302625760355 341348407347 377919258307 428547920591 432679812775 511718438226 559241387383 615856027604 625302831618 713646420169 793069082315 912610815217 962613770695 1054365947638 1150371281693 1324388112967 1335739890088 1487178396010 1685024373185 1828908499132 1870562014568 2125717552681 2275202537129 2584137971817 2755561675615 2988900291379 3299398451669 3590646199129 3555687775649 4119167880317 4615978609390 4680813098813 4917156365786 5773362132254 6046228332394 6698114927062 7054039872117 7060062223265 8566685648561 9469845479535 9127007123156 10248003359181 12126182317914 12980606460582 13043523595941 14991734241519 16308919447092 17871758346211 17059463170617 18382445397431 21623192880776 23365290171693 22162577242559 25051297922344 29260651618840 28684120980236 28426554942548 29798964741862 35396947037010 38114626402182 38212093950620 40820324625551 46401361830328 49002806012339 50897556084466 55654324764282 64410067598816 64636156710986 69884485113427 66392088958329 80959661060445 91103976368177 86045115958619 91323454072198 111942217014265 116343212366262 108965535493175 141914903470243 162735943849598 156341116467088 159645097884966 159913246115860 197391613569503 194827528435639 181035941353610 210399796412205 277727077133961 282061971986542 247974839463581 328470646714130 303877097801457 350457104565475 371167809120310 353780836021158 455369211656324 486916009640701 423910252743279 452003501468154 561112450770530 557578897947015 597485797187924 604578692060350 699438510921219 685995702428942 733323333520309 754233471581549 936281122448167 911424290586064 874957492386939 986708463955403 1153651499596692 1058057036090822 1123823257162425 1608428533763178 1398916152649686 1398538741668964 1474304088904972 1407982611062895 1791180697157562 1986122998761601 1907300049568056 1933293639644902 2229846811292778 2066665120629274 2279949184343992 2333917093426535 2350787065508055 2818600087995076 3082029603554078 2955863252691047 3131133163202105 3469757548203093 3405592157856976 3079273512604746 4476972845849682 3929384965680102 4341528503441646 5866884099330972 5266270976526637 3772494808897451 5258115066896338 4520517302526627 5702892178917665 7564326395447468 6661628961774356 7364125522716419 8129922271557414 9339924505010400 7719076262451805 10331858194272525 9381501096268062 9554245978135786 11465056173274961 9413936438044937 6921080921732489 12501914925661017 9355409747281286 12209637149375150 15594673171990241 15209304052440267 10215086027931403 16313300431900052 20166026008996901 15920305202109650 17596934035811076 19090652141151604 18486587051036465 22136230588202098 16966342686523068 18778240756969163 24594351307348639 18554332864589140 19616954465683576 42194060669049341 25683677729623144 18910922046943241 36858414397304402 37077162156071406 17352940406861545 37692818974344394 26193159581988687 36854835747936369 39793555224757484 56123917642405573 39505635239511241 56398034969584927 41115434141481344 44124352481949034 58446053842668230 59382899611661993 41824582453938165 103195743106642035 50609022434232603 71690852400474566 112765556975906636 69775348190861717 56668639355012704 111421478320243417 70579769442821586 72305707084461383 233873829238520652 99019635408675423 32287776393208395 62453225289945642 56437747100237820 97225716618422432 68099401124628426 106532688228708493 87238155819238648 151686182324802249 100604191624630152 97419187881226107 165917198713558665 131880129547746275 117138000341802315 173184683711731545 111242577397127980 143062236523716775 153481615361551253 262515922018986289 178642562645554761 93051384027088102 134615866675907832 56014464898801092 93357441498001820 185919517962296289 85832384149411564 146250537409639787 100366126086057796 166051696631116664 147588586651520898 123466839320995546 139203819477763320 325575848361503705 353985770242496091 293579521233773462 305285107266929536 192789289449291653 153929732092895157 112313204225748578 120210699679333088 192976123827343650 197485635164302950 73653287861850339 157602510605333230 84300815636225119 270526304941648869 385800440768811040 296051686706140845 110307860425292772 235898983092227944 252217035667592710 134819180623301520 144117936527873832 308087194759152060 164637479165761044 564025941156878940 401765112575366318 643854899229858897 523157814702288250 558726656967404304 894990189188274228 318555973788329084 1360491240194309712 1089352536144330015 387632532919029223 441622981929358437 471314064268398780 536679070310691121 1145224117796075118 1221796807503768202 1581476239298822638 899175348396088349 1917457395824676090 1022141228367345362 1319510599727473500 1498478743590581081 1812356499739472950 2816759503217942792 4098034535626594791
3 4 5 6 7 8 9 10 11 12 13 14 15 16 17 18 19 20 21 22 23 24 25 26 27 28 29 30 31 32 33 34 35 36 37 38 39 40 41 42 43 44 45 46 47 48 49 50 51 52 53 54 55 56 57 61 63 64 65 66 68 70 75 78 95
2 32 30 166 121 328 158 333 182 319 161 296 142 247 112 203 93 186 81 162 61 127 52 101 46 89 32 56 38 74 24 66 13 44 18 25 23 30 13 15 14 21 5 8 8 17 7 13 4 2 1 6 7 4 4 2 3 1 1 1 1 1 3 1 1
2 40 52 401 353 1711 1057 4274 2683 8732 5285 18208 10535 31206 15436 46090 25338 73357 35465 120817 48377 137038 55646 224483 97673 280849 84863 271182 167203 535354 169256 970183 145439 709164 254252 568157 565769 1330243 405955 662249 687844 1472768 242907 731186 991627 2617178 803695 3084325 885810 441819 124754 1736259 2061844 2323849 2075689 1053646 4291320 966467 831820 1300156 3483260 4647040 24527808 14179000 72533807
