8 9 10 11 12 20 21 22 23 24 32 33 34 35 36 45
35 67 68 59 81 65 235 230 234 166 15 38 26 10 9 1
90 191 149 131 180 110 407 344 325 224 15 40 26 12 9 1
436 1124 689 643 956 26049 65079 45326 40396 77418 409 4636 3086 2978 600 1
8 9 10 11 12 20 21 22 23 24 32 33 34 35 36 45
35 67 68 59 81 65 235 230 234 166 15 38 26 10 9 1
90 191 149 131 180 110 407 344 325 224 15 40 26 12 9 1
436 1124 689 643 956 26049 65079 45326 40396 77418 409 4636 3086 2978 600 1
3 4 5 6 7 8 9 10 11 12 13 14 15 16 17 18 19 20 21 22 23 24 25 26 27 28 29 30 31 32 33 34 35 38 45
24 120 228 331 299 290 228 187 79 73 68 65 32 28 39 22 21 9 28 14 14 6 11 9 3 3 7 6 2 1 1 3 1 1 1
24 126 346 756 1058 1436 1979 2324 1369 2029 2761 3701 2290 2656 5778 4398 5527 3235 12573 9022 9579 5005 11226 14542 6156 7541 16574 16912 7436 4565 5604 24892 8349 14883 53174
3 4 5 6 7 8 9 10 11 12 13 14 15 16 17 18 19 20 21 22 23 24 25 26 27 28 29 30 31 32 33 34 35 38 45
24 120 228 331 299 290 228 187 79 73 68 65 32 28 39 22 21 9 28 14 14 6 11 9 3 3 7 6 2 1 1 3 1 1 1
24 126 346 756 1058 1436 1979 2324 1369 2029 2761 3701 2290 2656 5778 4398 5527 3235 12573 9022 9579 5005 11226 14542 6156 7541 16574 16912 7436 4565 5604 24892 8349 14883 53174
