19 20 31 32 43 44 55
241 187 587 642 186 201 1
1512 878 1021 1119 198 210 1
173750 183997 154937 172648 7380 54425 1
19 20 31 32 43 44 55
241 187 587 642 186 201 1
1512 878 1021 1119 198 210 1
173750 183997 154937 172648 7380 54425 1
3 4 5 6 7 8 9 10 11 12 13 14 15 16 17 18 19 20 21 22 23 24 25 26 27 28 29 30 31 32 33 34 35 36 37 38 39 40 41 44 46
17 109 293 494 602 556 505 466 404 284 228 202 176 108 81 67 75 45 44 38 25 28 18 16 6 11 7 6 5 3 3 1 4 3 3 1 1 1 1 1 1
17 127 462 1054 1940 2738 4000 5706 7297 7330 9710 11396 13636 11330 13547 14312 21539 14813 18564 21751 21443 26822 21772 19820 14854 23406 26208 28992 21784 15719 26080 5604 38731 43539 42739 14883 17977 21637 26015 44583 63261
3 4 5 6 7 8 9 10 11 12 13 14 15 16 17 18 19 20 21 22 23 24 25 26 27 28 29 30 31 32 33 34 35 36 37 38 39 40 41 44 46
17 109 293 494 602 556 505 466 404 284 228 202 176 108 81 67 75 45 44 38 25 28 18 16 6 11 7 6 5 3 3 1 4 3 3 1 1 1 1 1 1
17 127 462 1054 1940 2738 4000 5706 7297 7330 9710 11396 13636 11330 13547 14312 21539 14813 18564 21751 21443 26822 21772 19820 14854 23406 26208 28992 21784 15719 26080 5604 38731 43539 42739 14883 17977 21637 26015 44583 63261
