22 34 46 58 70
3561 20696 43224 22273 10234
2215010 913762 356815 88983 15662
3759471069068 10807340786372368159 9347972167474720145 808633201415587336 59354045150163
22 34 46
739 680 167
14802 1995 250
643031553 37699986 636261
3 4 5 6 7 8 9 10 11 12 13 14 15 16 17 18 19 20 21 22 23 24 25 26 27 28 29 30 31 32 33 34 35 36 37 38 39 40 41 42 43 44 45 46 47 48 49 50 51 52 53 54 55 56 57 58 59 60 61 62 63 64 65 66 67 68 69 70 71 72 73 74 75 76 77 78 79 80 81 82 83 84 85 86 87 88 89 90 91 92 93 94 95 96 97 98 99 100 101 102 103 104 105 106 107 108 109 110 111 112 113 114 115 116 117 118 119 120 121 122 123 124 125 126 127 128 129 130 131 132 133 134 135 136 137 138 139 140 141 142 143 144 145 146 147 148 149 150 151 152 153 154 155 156 157 158 159 160 161 162 163 164 165 166 167 168 169 170 171 172 173 174 175 176 177 178 179 180 181 182 183 184 185 186 187 188 189 190 191 192 193 194 195 196 197 198 199 200 201 202 203 204 205 206 207 208 209 210 211 212 213 214 215 216 217 218 219 220 221 222 223 224 225 226 227 228 229 230 231 232 233 234 235 236 237 238 239 240 241 242 243 244 245 246 247 248 249 250 251 252 253 254 255 256 257 258 259 260 261 262 263 264 265 266 267 268 269 270 271 272 273 274 275 276 277 278 279 280 281 282 283 284 285 286 287 288 289 290 291 292 293 294 295 296 297 298 299 300 301 302 303 304 305 306 307 308 309 310 311 312 313 314 315 316 317 318 319 320 321 322 323 324 325 326 327 328 329 330 331 332 333 334 335 337 338 339 341 342 343 345 347 349 351 353 356 357 358 360 363 367 369 372 379 380 385
256 1435 3838 9998 18491 32375 49416 76892 103905 127967 129033 132158 126005 121973 115349 114779 105472 103524 95470 91803 85933 83837 77857 78179 71667 69348 64273 62939 57957 56984 52643 52860 48777 48259 43185 43154 39673 38751 36177 36783 33283 33549 30104 29906 28025 27200 24868 26048 23399 23393 21137 21212 19545 19307 17380 18202 16822 16527 14927 15021 13714 13532 12547 13151 12005 12218 10871 10931 10329 9786 9126 9758 8940 8758 8032 7946 7766 7229 6824 7046 6409 6314 5927 5964 5581 5179 4958 5121 5016 4683 4399 4311 4413 3918 3850 3758 3756 3689 3502 3372 3366 3073 3036 3174 2885 2803 2832 2639 2575 2473 2411 2450 2483 2380 2199 2211 2207 2075 2100 2050 1964 2012 1907 1767 1813 1751 1611 1772 1663 1592 1541 1466 1411 1458 1432 1474 1457 1260 1280 1229 1179 1235 1159 1136 1111 1147 1071 1021 989 875 945 896 852 844 851 723 819 761 694 699 721 654 721 698 664 592 633 592 612 572 562 549 523 452 457 484 449 474 429 369 430 399 363 391 364 331 332 331 297 306 315 267 310 273 261 234 253 230 323 322 192 244 230 183 188 189 151 161 193 162 161 131 122 137 116 116 144 123 123 105 119 75 79 85 72 100 109 62 85 64 85 59 81 61 62 62 54 57 85 48 74 56 41 40 48 47 47 47 37 37 50 29 59 40 28 33 35 26 34 40 26 39 38 21 35 32 105 28 27 22 24 17 17 22 26 24 26 20 16 20 19 16 18 21 10 17 18 8 14 13 10 15 8 10 11 10 4 7 10 6 8 10 6 6 8 4 7 5 8 4 5 5 3 4 4 4 4 3 3 4 2 3 3 4 11 4 4 7 6 5 2 3 3 2 1 3 1 3 1 1 1 1 1 1 1 3 1 2 1 1 1 1 1 1 1
256 1601 5363 18243 45240 111578 245988 525331 1009060 1858538 2809423 4588346 6491700 9522873 13043585 18521572 24155965 33427521 41644917 55666420 69355461 89510676 108486063 142294022 168978733 211036748 250452934 314268336 362605533 452440456 517679658 638000389 743991955 904564063 999971258 1260860386 1385911581 1668011950 1873183404 2281591177 2489984390 3094661210 3270643503 4070651471 4413379806 5157359769 5475927190 6913969132 7297079025 8811525565 9310581493 11388976983 11778876321 14355265272 14645182607 18077662875 19376002717 22792863295 23087813730 28708013270 28729601221 34146510383 35610621469 43521282964 44238258046 55049445037 54338478796 66605270202 68739201274 79562363465 80264167047 101914166732 104090139365 120575289881 122688533985 146892435264 152463423934 170705032273 174566823357 208165252438 219282543437 249433759065 254177737219 300560715339 300917737363 330644960552 352210553255 399419951645 442319759822 474961063817 506673719768 543139510875 641600051180 600588477653 679206550508 720379183390 851888746010 900438240544 1012594417024 1028882595170 1194472019792 1192215251968 1360724390412 1482287093363 1616853070993 1676415536650 1911962581122 1998456737967 2140048981547 2246048795756 2578784837098 2724105177861 3140685122822 3299566140115 3473346551397 3882981220220 4348365762957 4476902430103 5349996032320 5577569134879 6141938509217 6819483354934 7264771102344 7389960241224 8763034380805 9218059444329 9276048455267 11061874938882 12383427903873 12208651833312 14252092469631 14237111218892 15057615687063 17414844569840 19787640507699 21930354404355 23875672124986 22187292346110 25801420521852 26930241072507 29476967939630 30990523066731 34618632756256 36224801090753 40718701895993 46779478504839 47346792688800 48360402586901 52195214086648 51916056212102 62951193812303 62539209372489 72772460442705 70063547380542 82672823929330 76850076926242 95095863797876 92694031592375 103805043183175 103625655514633 124564270580629 117987798920919 144384696520125 146788379816181 172084861911201 148220655424205 189334456135208 190877296728948 217506556541845 217339607123675 247171667445960 223775492588826 274329926827780 247278464801114 290717228074484 308519742889695 326492487037375 345140102194263 382099035288290 336732832840210 453771978760087 427032942800034 467515518290762 473592096089442 544531129755795 504381915512272 546419902035908 590362507206911 705839797839688 651605087061584 728632149339265 663980316774782 907233965087794 794344905891739 888522262065233 801479680094681 1000706385257144 951381836209916 1419029712945365 1480792430910296 1165549185496045 1387562810524690 1530790363164859 1290114114370964 1471926408971350 1613545985555332 1397143485803873 1547550134453576 2093439092341282 2002439623787302 1986828866101150 1692789711319170 1865684654667047 2028412896714865 2014120506912724 2310070530041522 2886227635493760 2689845250544699 2856220908010621 2458414761578831 3415574179945291 2144953094322674 2448698175106031 2816674754379639 2883662881487903 3803245500840940 4973442308545507 2648813730140991 4298795731941620 3177571360347285 5160369242488775 3675300532175544 5866090301667353 4548276927882100 5269121689703070 4751340057041300 5272478356972628 5646649482324298 9308764541509550 5176778683162291 9297653311160369 7964596299386234 6267478192368221 5830921659808661 8918617791639827 8499495846886085 9736154837035763 9090617751012244 8971195119973954 8194597120188205 13646788114978613 7115491910278320 19707439190712700 12654863205004103 9767446466255750 12240189502186926 14126398030535355 12456273345231318 16482615662111510 19463310685198901 15910843970469083 22305514205953003 28442749665981282 13907758846961695 24765570155602123 27375860042532128 84323067820058055 25084913747061454 44670135800595048 24826873660297869 29061252605245090 19906778658809716 26762803520183813 31174542835716761 37609196222352237 39826181823455480 49615713637296864 39329739213028512 34917121304056171 44392163519769767 44962361017395350 42575048839339287 61158635777786848 59221902011604582 30914103494311331 62426604280691247 67582602077554485 34485533768036290 62165902218544257 55276351669628885 44397937474067487 71391646199225270 41150302531466200 57578081767290392 69616067390027764 74264807565080472 26425872525433095 55247625136449905 83927265782913792 49361986090702210 80747399785478110 113070663607722921 61764910874857020 66278619931112829 95652716329613637 64025089723632042 95004859576070831 87784846212411597 128821458489664835 83547719873783579 141828057398084498 117412683649508508 81510376325083726 110374301423033347 93650126117292501 103897529051529468 107552443241694981 88957384320681931 125628950682619236 169379451311255798 72075360646188907 117113536830748059 162506774616954669 180065153666688780 568668013072895418 251941019363370907 217237292683405860 412839953424081298 373292173346343282 339664918393409950 211323059753998039 231255798467183569 247402886575116853 276800980153302006 103151466321735325 330923581275878316 117949491546113972 404457541869904560 144117936527873832 164637479165761044 188008647052292980 214618299743286299 244904537455382406 279363328483702152 340122810048577428 1089352536144330015 387632532919029223 883245963858716874 536679070310691121 695143713458946040 790738119649411319 958728697912338045 1498478743590581081 1596675274490756791 2190401332423765131
3 4 5 6 7 8 9 10 11 12 13 14 15 16 17 18 19 20 21 22 23 24 25 26 27 28 29 30 31 32 33 34 35 36 37 38 39 40 41 42 43 44 45 46 47 48 49 50 51 52 53 54 55 56 57 58 59 60 61 62 63 64 65 67 68 69 70 71 72 73 74 75 76 77 78 79 81 83 85 87 92 100
4 56 100 297 326 800 703 1248 798 1423 876 1341 738 997 551 820 405 665 448 605 272 465 208 377 191 263 186 277 127 216 113 154 80 103 86 91 54 63 39 64 26 45 35 46 31 30 10 24 17 14 21 8 16 11 11 6 6 4 5 2 3 3 1 4 5 5 2 2 1 2 1 1 1 3 1 3 1 3 2 2 2 1
4 76 153 702 1028 4322 4432 14211 10799 38845 29264 82199 51487 133346 82828 228826 118004 341407 240556 499305 232336 728962 316480 997044 437640 1050028 658154 1636160 651750 2271658 995626 2042244 1024739 2051515 1778517 2240508 1545202 2550852 1637303 3670775 1444006 2921751 2992664 4528590 3635722 4494033 1605001 5820104 3304287 4060071 7037087 2923079 7245755 5977122 5576054 4946092 3049542 2634115 4705558 2484086 4064555 3865868 966467 12264982 12191410 12191410 5806780 4647040 3087735 9263205 8175936 4087968 5392783 21571132 14179000 37647091 18578182 40060804 63185904 82025020 88216218 118114304
