8 20 32 44 56
736 4497 34652 45260 14849
55281 243430 564036 198592 29851
6248175 17437784795 21893267918085287006 3082718884625937563 1932641532049940
8 20 32 44
150 628 288 9
3374 3054 587 10
214283 9569325 18703322 215
3 4 5 6 7 8 9 10 11 12 13 14 15 16 17 18 19 20 21 22 23 24 25 26 27 28 29 30 31 32 33 34 35 36 37 38 39 40 41 42 43 44 45 46 47 48 49 50 51 52 53 54 55 56 57 58 59 60 61 62 63 64 65 66 67 68 69 70 71 72 73 74 75 76 77 78 79 80 81 82 83 84 85 86 87 88 89 90 91 92 93 94 95 96 97 98 99 100 101 102 103 104 105 106 107 108 109 110 111 112 113 114 115 116 117 118 119 120 121 122 123 124 125 126 127 128 129 130 131 132 133 134 135 136 137 138 139 140 141 142 143 144 145 146 147 148 149 150 151 152 153 154 155 156 157 158 159 160 161 162 163 164 165 166 167 168 169 170 171 172 173 174 175 176 177 178 179 180 181 182 183 184 185 186 187 188 189 190 191 192 193 194 195 196 197 198 199 200 201 202 203 204 205 206 207 208 209 210 211 212 213 214 215 216 217 218 219 220 221 222 223 224 225 226 227 228 229 230 231 232 233 234 235 236 237 238 239 240 241 242 243 244 245 246 247 248 249 250 251 252 253 254 255 256 257 258 259 260 261 262 263 264 265 266 267 268 269 270 271 272 273 274 275 276 277 278 279 280 281 282 283 284 285 286 287 288 289 290 291 292 293 294 295 296 297 298 299 300 301 302 303 304 305 306 307 308 309 310 311 312 313 314 315 316 317 318 320 321 322 323 325 327 328 329 330 331 332 333 334 335 336 337 338 340 341 343 344 345 346 348 349 350 351 352 353 355 356 357 360 361 363 364 365 368 369 372 373 381 384 393
431 1852 4596 8886 14621 19858 25948 31045 34168 36604 37636 35435 34327 32290 29454 27894 25894 23616 22447 21319 19862 19261 18765 17451 17048 16374 15640 15022 14765 13738 13531 13001 12392 11964 12018 10890 10694 10476 9857 9463 9618 8900 8902 8593 8291 7846 7994 7253 7307 7106 6732 6381 6457 5986 5986 5934 5723 5540 5354 5055 4998 4841 4786 4466 4590 4281 4309 4155 3900 3892 3957 3631 3642 3691 3460 3280 3477 3264 3201 3188 2953 2936 3021 2735 2751 2694 2581 2534 2642 2390 2377 2354 2181 2193 2257 2059 2069 2004 1906 1822 1900 1659 1719 1689 1655 1630 1670 1473 1535 1468 1491 1406 1437 1300 1255 1313 1197 1246 1267 1186 1138 1161 1078 1016 1042 1001 982 1011 911 872 930 821 756 844 803 803 756 708 700 722 678 637 704 594 627 569 550 475 562 537 525 532 521 519 530 465 418 470 443 407 430 389 400 374 335 345 358 294 309 325 300 243 266 278 274 277 217 241 256 231 212 248 199 207 183 185 170 188 165 174 177 169 122 169 141 141 121 136 133 129 123 100 123 102 109 141 95 101 112 112 96 115 106 85 109 108 78 73 77 67 61 68 72 84 69 58 58 55 54 68 51 44 47 35 57 40 39 44 38 22 37 35 31 29 29 34 36 31 32 19 27 32 35 28 28 18 13 25 29 21 22 26 33 23 27 22 12 20 14 24 12 13 18 17 15 17 11 17 19 11 10 10 9 11 11 15 16 13 10 11 11 6 7 15 11 7 10 7 2 3 3 8 7 6 5 3 5 2 7 5 6 4 4 2 4 5 6 2 3 2 15 2 4 2 3 4 2 3 1 2 3 2 3 2 2 2 3 1 2 3 1 3 2 1 1 1 1 1 1 1 1 1 1 1 1 1 1 1 1 1
431 2040 6659 17281 41019 82395 157436 283542 474781 752970 1178988 1672473 2378830 3256081 4271244 5592017 7173920 8899131 11128547 13950293 17054582 21221883 26880668 32604661 39608401 49362258 60324202 72210020 87390604 103106038 123748649 147771094 176933633 204122680 253752813 283549532 332532154 397406118 460325093 519490076 621586589 715353454 839105643 962902630 1115411579 1224148863 1487046522 1626347655 1897393838 2180424703 2542898755 2690959114 3263639238 3510274029 3994717923 4609197349 5350273363 5909120837 6707843124 7332905513 8330807317 9100143608 10980311113 11058733539 13837711614 14291117402 17114800432 18769315113 20637715761 22491520458 26675522526 28521409347 31426150314 37337367414 41468319888 42534353742 53902274554 57804423279 62173416465 71670617753 77997603817 83203014602 99491664562 104252500249 118823642805 128266199525 146518372794 152092701901 184705767572 188953761404 213149490108 238908009658 259029357121 278121684317 328327022518 339307106023 374679469183 423146833865 463114419303 467930711440 563136536133 580788682638 625548429457 690577673747 792289164773 836727935049 964025924916 973215826270 1111910631427 1166865877383 1395319137010 1401873722646 1671835313942 1666944842742 1788952983857 2006841216201 2249944407321 2415824854024 2721886823323 2965323264621 3016090008902 3429741262171 3702544445394 3681806874314 4362163654351 4670094524294 4854664113751 5661048947368 6045132441127 5973088048590 7094517649517 7148524144904 7126474758281 8860910692440 9571465942710 9893309860393 10862872250681 11392284725382 12024704724321 13848587547226 15057449269143 14778118358402 18606122751623 17174091602531 18587281170456 20124028157827 21582284869702 20826966951075 26584673790138 28450291574767 27792568607144 32364796092291 36032395811753 37141827935457 42876354166528 42651190471901 40057977389535 48508505920524 54641087758348 51097216470224 61152831546408 59025324982463 64029090488173 70314163387402 72464858814740 75976311441207 90370947653504 79326973935176 89484374133202 107068411269377 109816495877051 93917365126417 121425928729015 135996724952595 132694159152451 147663572265586 133482627010929 159351897621655 185227992527460 187163850323775 173844859744657 244130863394346 212535932232494 230375917083710 237926724076388 252311119818417 238410718396062 294278176294578 317583326312152 310689195826397 354105620138191 394060580579222 275990376573380 471160516937517 424284440811900 444698388838087 454626434567724 540975932914340 479259868263483 564878279314613 619586447212997 522256294009609 639563155220620 649863276822744 685238987138460 1024711974992392 736848045933027 833873559321755 940679658143956 1063851416487902 1042948550764488 1300124372209554 1419850050640032 1199547306861965 1584891360351689 1755882955442932 1356273223199108 1350849537551335 1663135811835193 1546971055214633 1338616250374959 1799125102574568 2057122455935849 2573093020091844 2172285619681589 2024075295184023 2283769238690193 2268158773257225 2524995659640376 3378800949768051 2720764540168348 2443902195487242 3150964263570309 2577169224011046 4281247593763223 3085936053701289 3384688507210297 4244274121986498 3671105492941824 2579411757198999 4125381156382278 4335010158720774 4134494575012024 4532911279710752 4628593585474814 6230479360514794 6941303748637839 6158380394335608 6897734073506696 4358087801175933 6423491849491265 9196657686339915 10393469678104357 8736894782615810 10010566396462693 6286826023890610 5090546082450548 11187778617590323 12742668259988813 10859616139611094 11651513126375523 13930656032611524 21868043152113285 19629320854870928 22406586657958064 18903087975502693 9071136020628622 17034778179522328 14803760994122004 27397358987484066 15042044684446107 17225398590998308 22377079697687260 23549988871194475 21416680810644439 26728263305254800 20486792363597793 31768191684943147 38235020542639918 25118046828988593 21647942198610278 26871678990251285 24694592121625032 31093567158641587 31916114512461065 48807692751465838 52936667322761712 52492841124307275 37363426838299726 48871864140459102 48932190600968373 28556658479690108 35553598448430940 86081666849240350 64353546752326115 50999572526665558 73749295483453683 50815810746629829 15509813463453624 24680993045351105 35747158424377254 78092000227868210 82353214499809360 68613252466932624 60512414154739964 38593653809344873 69636868556177724 30285905477714388 127724624692692366 87070900665736475 108257005298242977 78723768587331199 85832384149411564 46000013310974674 98600424603321960 154963442835926284 234524809323355868 64976586702933308 104402864608322490 74548811553496154 641221170539320440 94778002178815903 206391776321723798 157386132686485923 180316049518999632 257301498436458200 137669771892147700 220959863585551017 78801255302666615 168601631272450238 270526304941648869 186625545172752383 309454398965205975 235898983092227944 252217035667592710 288235873055747664 462130792138728090 164637479165761044 351887119620845506 602647668863049477 214618299743286299 687816860613651450 489809074910764812 261578907351144125 279363328483702152 318555973788329084 340122810048577428 363117512048110005 441622981929358437 471314064268398780 536679070310691121 572612058898037559 610898403751884101 741433159884081684 790738119649411319 958728697912338045 1022141228367345362 1701169427975813525 2056513475336633805 3617712763867604423
3 4 5 6 7 8 9 10 11 12 13 14 15 16 17 18 19 20 21 22 23 24 25 26 27 28 29 30 31 32 33 34 35 36 37 38 39 40 41 42 43 44 45 46 47 48 49 50 51 52 53 54 55 56 58 60 62 66 78
9 69 120 289 235 567 482 683 612 704 523 514 342 345 209 244 137 129 67 108 66 67 26 66 33 26 30 57 28 47 3 25 17 21 11 17 9 17 2 7 8 5 8 6 4 4 1 5 3 2 3 6 1 1 1 1 1 1 1
9 89 177 680 732 3124 3087 8326 8943 20582 18262 31855 26916 45732 38139 68303 44728 57817 38502 76362 58527 74088 37034 124579 65720 106855 101833 280507 162801 300054 33644 267175 153743 312612 146873 336027 173918 491534 79228 296711 384570 193935 492872 461301 396960 458395 105558 779218 531012 544054 494323 1608123 281589 281589 451276 526823 715220 1505499 14179000
