1 2 3 4 5 6 7 8 9 10 11 12 13 14 15 16 17 18 19 20 21 22 23 24 25 26 27 28 29 30 31 32 33 34 35 36 37 38 39 40 41 42
1 4 5 7 12 11 13 10 24 25 27 34 21 23 25 37 84 54 84 75 94 93 105 135 63 46 35 31 97 84 89 82 73 62 61 62 8 1 1 2 9 4
4 11 12 13 25 13 27 13 37 31 33 48 28 31 34 53 145 70 115 116 142 112 150 184 77 55 36 34 108 90 95 86 80 67 64 66 9 1 1 2 9 4
20 38 33 50 62 42 99 52 103 94 89 221 83 125 138 296 1718 859 7305 30645 95439 16659 88162 309045 6806 9693 3153 986 103257 206860 225577 104860 101196 53169 32546 16522 1786 15 5 13 59 6
1 2 3 4 5 6 7 8 9 10 11 12 13 14 15 16 17 18 19 20 21 22 23 24 25 26 27 28 29 30 31 32 33 34 35 36 37 38 39 40 41 42
1 4 5 7 12 11 13 10 24 25 27 34 21 23 25 37 84 54 84 75 94 93 105 135 63 46 35 31 97 84 89 82 73 62 61 62 8 1 1 2 9 4
4 11 12 13 25 13 27 13 37 31 33 48 28 31 34 53 145 70 115 116 142 112 150 184 77 55 36 34 108 90 95 86 80 67 64 66 9 1 1 2 9 4
20 38 33 50 62 42 99 52 103 94 89 221 83 125 138 296 1718 859 7305 30645 95439 16659 88162 309045 6806 9693 3153 986 103257 206860 225577 104860 101196 53169 32546 16522 1786 15 5 13 59 6
3 4 5 6 7 8 9 10 11 12 13 14 15 16 17 18 19 20 21 22 23 24 25 26 27 28 29 30 31 32 33 34 36 37 38 40 41 42 44 46 52
30 197 233 331 231 260 133 152 74 111 52 85 30 55 22 59 12 35 14 38 2 24 10 26 4 20 6 22 1 14 2 12 7 2 6 6 2 4 3 3 1
30 203 372 761 775 1368 1059 1978 1329 2955 1984 4613 2150 5035 2769 10107 2748 10088 5214 18443 1117 18513 10854 33369 5340 38011 16096 67362 6020 68375 11208 80866 69207 24620 89298 129822 52030 124740 133749 189783 173525
3 4 5 6 7 8 9 10 11 12 13 14 15 16 17 18 19 20 21 22 23 24 25 26 27 28 29 30 31 32 33 34 36 37 38 40 41 42 44 46 52
30 197 233 331 231 260 133 152 74 111 52 85 30 55 22 59 12 35 14 38 2 24 10 26 4 20 6 22 1 14 2 12 7 2 6 6 2 4 3 3 1
30 203 372 761 775 1368 1059 1978 1329 2955 1984 4613 2150 5035 2769 10107 2748 10088 5214 18443 1117 18513 10854 33369 5340 38011 16096 67362 6020 68375 11208 80866 69207 24620 89298 129822 52030 124740 133749 189783 173525
