15 16 27 28 39 40 51 52
31 359 472 1565 107 362 2 9
79 4934 991 3570 124 420 3 9
746 207930 203334 757424 20345 26939 13 124
15 16 27 28 39 40 51 52
31 359 472 1565 107 362 2 9
79 4934 991 3570 124 420 3 9
746 207930 203334 757424 20345 26939 13 124
3 4 5 6 7 8 9 10 11 12 13 14 15 16 17 18 19 20 21 22 23 24 25 26 27 28 29 30 31 32 33 34 35 36 37 39 41 42
56 239 478 903 1196 1355 907 874 819 717 412 348 375 339 159 153 186 163 47 59 73 63 51 37 34 20 16 11 8 6 3 5 2 4 7 2 2 1
56 287 744 1953 3659 6318 7004 10666 14120 18879 15743 19414 26585 33092 23592 31572 41700 49309 17701 34086 49934 64221 54302 60538 75030 57978 34144 34246 35508 24749 18260 51044 16698 50094 124008 35954 47652 26015
3 4 5 6 7 8 9 10 11 12 13 14 15 16 17 18 19 20 21 22 23 24 25 26 27 28 29 30 31 32 33 34 35 36 37 39 41 42
56 239 478 903 1196 1355 907 874 819 717 412 348 375 339 159 153 186 163 47 59 73 63 51 37 34 20 16 11 8 6 3 5 2 4 7 2 2 1
56 287 744 1953 3659 6318 7004 10666 14120 18879 15743 19414 26585 33092 23592 31572 41700 49309 17701 34086 49934 64221 54302 60538 75030 57978 34144 34246 35508 24749 18260 51044 16698 50094 124008 35954 47652 26015
