11 12 23 24 35 36 47 48
792 1159 8518 13320 20921 28254 12431 14599
7785 11433 127639 200156 99825 128847 20313 22647
526976 920382 10065949034583 235481329502615 319660979647955813 266888522206619371 208452518612835 82980210402884
11 12 23 24 35 36
95 118 248 332 58 70
292 413 538 698 64 76
8975 22902 27920337 198986004 2060499 1240141
3 4 5 6 7 8 9 10 11 12 13 14 15 16 17 18 19 20 21 22 23 24 25 26 27 28 29 30 31 32 33 34 35 36 37 38 39 40 41 42 43 44 45 46 47 48 49 50 51 52 53 54 55 56 57 58 59 60 61 62 63 64 65 66 67 68 69 70 71 72 73 74 75 76 77 78 79 80 81 82 83 84 85 86 87 88 89 90 91 92 93 94 95 96 97 98 99 100 101 102 103 104 105 106 107 108 109 110 111 112 113 114 115 116 117 118 119 120 121 122 123 124 125 126 127 128 129 130 131 132 133 134 135 136 137 138 139 140 141 142 143 144 145 146 147 148 149 150 151 152 153 154 155 156 157 158 159 160 161 162 163 164 165 166 167 168 169 170 171 172 173 174 175 176 177 178 179 180 181 182 183 184 185 186 187 188 189 190 191 192 193 194 195 196 197 198 199 200 201 202 203 204 205 206 207 208 209 210 211 212 213 214 215 216 217 218 219 220 221 222 223 224 225 226 227 228 229 230 231 232 233 234 235 236 237 238 239 240 241 242 243 244 245 246 247 248 249 250 251 252 253 254 255 256 257 258 259 260 261 262 263 264 265 266 267 268 269 270 271 272 273 274 275 276 277 278 279 280 281 285 288 289 290 293 297 301 302 303 304 305 306 315 316 317 318 321 328 330
190 942 3103 5152 10117 12256 17601 16778 20757 17587 20396 16209 18628 14758 16680 12948 15063 11535 13883 11004 12686 10113 11779 9186 10891 8788 10533 8121 9599 7670 9114 7032 8353 6652 7981 6174 7410 5804 7171 5458 6401 5056 6253 4888 5841 4472 5478 4269 4871 3928 4833 3845 4483 3459 4204 3338 3796 3001 3738 2944 3474 2672 3444 2646 2973 2297 2997 2305 2711 2064 2612 2006 2248 1838 2366 1800 2163 1598 1985 1564 1753 1439 1764 1403 1664 1244 1597 1313 1452 986 1404 1106 1322 946 1262 952 1146 845 1113 912 1146 746 956 805 888 641 859 672 824 573 731 618 669 495 657 519 636 417 596 446 569 368 526 395 562 310 449 386 430 288 394 313 440 263 365 269 371 223 313 217 342 201 299 191 296 200 275 173 291 179 228 149 233 139 196 125 231 138 189 115 210 131 173 95 159 121 129 106 126 98 126 92 116 86 111 69 95 86 118 71 78 78 78 65 64 57 76 53 54 55 61 47 47 51 64 45 46 39 51 49 28 40 36 33 39 32 36 24 39 22 37 17 42 23 35 12 24 18 23 7 24 16 21 8 8 12 23 9 15 7 16 6 8 4 17 4 4 5 17 7 4 4 10 4 8 1 13 6 6 4 10 10 7 2 7 6 2 1 10 3 7 2 12 4 8 2 8 2 6 2 8 3 4 1 7 1 5 1 6 6 2 7 1 3 4 3 2 1 3 1 1 1 2 1 2 1 1 1
190 1014 4017 9154 26630 45169 102881 143669 285053 348903 640564 713286 1255774 1343862 2244320 2267076 3826457 3696362 6196999 6182225 9878385 9530345 15560142 14395403 23226218 22436284 36338538 32672131 52227405 47754136 78692427 68279119 107056178 97223087 153852976 135828178 205574101 183889490 305760465 254395260 388507119 339521935 540821815 481475996 722889018 604795603 976945564 819940284 1178513330 1059867546 1622655326 1426974714 2072339860 1729845058 2697815581 2329391484 3307521882 2887124305 4488062138 3850483389 5616722089 4524690004 7712968243 6182705152 8571289690 7245918961 11496614891 9731439554 13971704718 11108865367 17706946515 14025568834 19924370697 17522503222 27548316422 21883511746 33385743658 24366619055 39508236768 32287484287 45992440710 39167294775 57093025513 48261977275 69137242353 54725746139 87432905619 75641355244 97696546892 72468829300 121757312414 105502586610 144962094673 116372866923 182821506564 138172555190 201794989055 164638948218 252952799085 219816623172 330297306754 223317540770 350947942734 308425690333 412532817468 315595730637 465889130422 406922298121 588916536365 413558836919 675557087569 573015406642 714523453899 609678623441 891177437691 768167510542 1083364045587 770203234785 1287465315171 981673355977 1370917314107 989558908288 1615352952962 1346420488219 2251897928029 1257941685711 2159942764559 1995448468995 2551150517685 1828534336257 2749603017764 2462739967506 3996439160053 2371922142713 4094485705260 3046130972952 4894217624817 3112851216323 4915828553184 3559916683349 6687850626155 4089807416535 7623056372235 4631575858036 8431957010911 5884042984674 10067476108634 6101794607809 12735766741251 8201268111147 11283033164761 8100182684296 14709752184612 9795331508640 14066632016370 9695363974757 20438383730042 13502085511755 22302120180521 12939866374208 27897097149214 19285164250546 27849674318137 15457442628796 30725774509811 24094790639408 30323397497468 25494608746174 33811374107830 28552454873173 44343950966755 28534847156373 43676579850954 35830779838584 57565001961148 30134263976759 55218646406024 52444393331500 82626166280475 47554780195130 56342729772362 67493972750955 82841781203929 66074384341972 70154653616424 67287612459039 105291567648550 72718505629588 82529059699636 88926484979716 132262280533433 86831206937782 95860137210168 111179713189579 181382971948378 122105907615419 132926976040541 131231655376904 197187822985450 179899315950934 121977773050770 199380527544528 188294692713248 182133094819398 215071493988183 229265603171521 254709103456817 190557601175160 325534288463309 201914709510514 374996707333878 187863536326783 444383117170891 289897376123419 485319699082305 213083552567731 392453684227637 318626864417921 435194109594237 139945706907097 493711362184495 382464800966079 582244149073737 254282224599459 228022602594860 394838694196216 860812147895062 389995905600072 560498996478499 345080830686937 767630725070990 357592084750021 418878511541931 224552594683788 1114059619950941 253315442817208 291108449208269 439608527386700 1473805387795644 710293604156466 399471047833488 522031245405674 1138816969781823 495553772309036 1196514134720291 144867692496445 2146582485097347 1173397604476134 1127348592779448 945532479236729 2518404291240847 2488600456639145 1764981408263933 747874353505677 2305992183392383 1883351947839990 731499133741564 394723676655357 4346431039147775 1277799253228068 3289212621765067 991483869521692 6542453591018985 2222775475711554 5071920745178030 1243674833019230 5842354150636364 2168282861071116 5167967138099976 2518835191100442 7949401199529984 4131104733758973 4786361553471605 1131238503938606 9285060370070740 1312051800816215 7721215940741871 1520980492851175 10707956268877929 14173314872026266 6099067661078552 22358411214880755 3652430836071053 12658165585761285 22491970767802420 22438695235531752 16650744660408065 9253082936723602 28437138265850705 10657331232548839 10657331232548839 21458096037352891 44458102692840228 24650106150830490 51065913784396816 30326181989842964 49005643635237875 56156602112874289
3 4 5 6 7 8 9 10 11 12 13 14 15 16 17 18 19 20 21 22 23 24 25 26 27 28 29 30 31 32 33 34 35 36 37 38 39 40 41 42 43 44 45 46 47 48 49 50 51 52 53 55 57 58 59 61 65 66 69 74 78 89 101
2 23 52 105 95 139 141 162 134 143 151 119 99 75 67 60 30 46 36 38 31 33 29 18 12 26 12 14 7 11 16 12 8 5 12 12 6 8 14 8 2 5 11 2 2 6 13 1 1 1 10 2 1 1 1 2 1 3 1 1 1 1 1
2 32 81 267 323 740 1027 2104 2198 3724 5454 7561 7740 8990 10054 13739 8213 19304 16312 24827 17952 27631 29716 30908 20419 60725 29357 59419 26102 73376 96602 114441 77162 99954 164007 237080 125820 174749 377900 307549 86548 274092 569078 212696 164341 731613 1341871 211116 211116 422232 2042260 894267 386155 386155 1158465 1430440 1932934 5200624 3483260 8175936 14179000 34262962 150198136
