24 36 48 60 72
4703 24153 41641 22057 7440
1637531 693551 279178 74945 9812
1328219796230899 37978166611576523902 5889946762524071260 356755107395555204 2062060546761
24 36 48
789 567 111
8570 1457 146
256036605 37550816 312454
3 4 5 6 7 8 9 10 11 12 13 14 15 16 17 18 19 20 21 22 23 24 25 26 27 28 29 30 31 32 33 34 35 36 37 38 39 40 41 42 43 44 45 46 47 48 49 50 51 52 53 54 55 56 57 58 59 60 61 62 63 64 65 66 67 68 69 70 71 72 73 74 75 76 77 78 79 80 81 82 83 84 85 86 87 88 89 90 91 92 93 94 95 96 97 98 99 100 101 102 103 104 105 106 107 108 109 110 111 112 113 114 115 116 117 118 119 120 121 122 123 124 125 126 127 128 129 130 131 132 133 134 135 136 137 138 139 140 141 142 143 144 145 146 147 148 149 150 151 152 153 154 155 156 157 158 159 160 161 162 163 164 165 166 167 168 169 170 171 172 173 174 175 176 177 178 179 180 181 182 183 184 185 186 187 188 189 190 191 192 193 194 195 196 197 198 199 200 201 202 203 204 205 206 207 208 209 210 211 212 213 214 215 216 217 218 219 220 221 222 223 224 225 226 227 228 229 230 231 232 233 234 235 236 237 238 239 240 241 242 243 244 245 246 247 248 249 250 251 252 253 254 255 256 257 258 259 260 261 262 263 264 265 266 267 268 269 270 271 272 273 274 275 276 277 278 279 280 281 282 283 284 285 286 287 288 289 290 291 292 293 294 295 296 297 298 299 300 301 302 303 304 305 306 307 308 309 310 311 312 313 314 315 316 317 318 319 320 321 322 323 324 325 326 327 328 329 331 332 333 334 335 336 337 339 340 342 343 345 346 347 348 349 350 352 355 356 357 358 361 364 367 368 370 371 373 375 376 377 379 380 381 386 387 395
227 1327 4171 9597 18631 34513 44123 64722 71713 80029 80153 81973 75454 77428 72444 69803 67000 66239 59988 61501 57828 55132 52899 52793 47403 48853 45418 43628 41966 42046 37213 39072 36417 34862 33498 33777 30126 31536 29383 28265 27234 27521 24084 25399 24009 22869 21737 22124 19614 20574 19053 18191 17811 18175 15654 17038 15565 14713 14130 14298 12829 13635 12923 12298 11705 12129 10345 10993 10740 9853 9650 9798 8617 8931 8578 7824 7853 7885 7017 7277 7006 6383 6313 6344 5798 5958 5773 5414 5398 5485 4849 4952 4881 4503 4597 4533 4026 4205 4037 3693 3813 3728 3394 3542 3404 3247 3177 3025 2872 2894 2841 2710 2707 2524 2431 2429 2325 2226 2124 2150 1955 2093 1882 1736 1780 1731 1749 1700 1555 1472 1418 1348 1409 1339 1242 1302 1215 1148 1173 1083 1121 1016 1034 1011 893 912 905 822 858 786 775 762 795 721 716 636 623 665 626 583 647 549 542 617 530 515 500 471 454 482 456 420 422 413 384 410 381 375 423 338 349 333 306 321 286 349 250 331 267 272 283 236 243 234 218 220 260 253 301 233 230 206 183 174 194 209 183 172 195 164 155 146 172 148 139 141 127 158 138 112 136 108 96 129 122 122 128 103 114 105 97 110 105 98 84 93 108 66 77 69 75 63 71 71 73 81 60 74 61 39 66 60 60 57 65 50 47 47 40 56 53 60 38 41 32 48 35 37 46 31 27 38 37 22 24 46 34 29 32 30 27 40 20 34 20 16 12 17 24 14 13 20 17 15 4 15 11 8 10 13 9 14 8 8 8 13 9 12 11 9 9 4 9 6 5 6 6 10 4 2 5 5 24 6 8 7 3 11 3 1 4 7 1 3 4 1 1 2 1 3 1 1 1 1 1 2 2 1 2 3 1 1 1 1 3 1 2 2 1 1 1 1 1 1 1
227 1449 5797 17358 45083 114489 214785 458138 739021 1328511 1939135 3080256 4239198 6342835 8348682 11881073 15444805 20945362 26485814 35907895 44169440 57724572 70399786 91378287 108344393 141079335 161566755 208092105 244002725 302105903 346004457 445244492 499039200 622857734 708405407 872156506 985905478 1226467287 1338047821 1674421272 1863309224 2248717053 2439121339 3037313955 3336346589 4032762112 4367780829 5291068066 5772388747 7064517530 7363844635 8989442635 9819915945 11729764873 12210054365 15505053212 15957535323 18873850341 19914031052 24017668126 25445884187 30652021851 32057664020 38188122788 40231930425 48038664075 48762522421 60740305348 63673297303 72355602077 78003034332 91589615149 93899017252 113191867263 116768898269 130402155567 142035706131 159012997824 166903829519 197241209088 207121930405 227708622437 247564923573 279463840086 296356504044 341613865781 356241065688 394476703468 446193162549 504102073119 509059213716 600093521693 648945906825 669633438577 797224380341 875551414199 888074669101 1076273539600 1090192571919 1163238127509 1357060301502 1440727795262 1492150371987 1788228058585 1871065279517 2083211787526 2262141895587 2411591008371 2587270205308 2888499182051 3050588464698 3296444558423 3740054647968 3901521033883 4210620171802 4750016790865 4848638851951 5203202150749 5679835641015 6168395414701 6418904593765 7831362721919 7415843633510 7678894833275 8911692459259 8872527425506 10319138692127 11514374504834 11422700779809 11877338865845 12850154779391 13378319106255 15621404903489 16191541915908 16601099743443 18490021726317 20330844512663 20517401512995 22705588528066 22933930977941 26615304316726 26819852068671 30546220897139 32091035947290 32725128514368 37378188948354 37443711110887 38930058928399 43389379302590 42772329553301 49363546333294 51836935522169 58700724788276 61345348450224 62865044744375 60923661430851 69466609103607 77538013044660 81596710485100 79394730484455 100387642755245 91970242307368 106048472912750 125779304668666 112030900185151 126561929206481 142455785729083 136090994952890 147568455981686 190141543682967 175189251801834 181401795446218 191839081674450 208034018427864 217482220138140 238619644032899 246304455790161 286516481276709 314045173640565 287940478778120 330054004916520 332877736866285 332103691686142 370474388189806 367278988391162 493429890407698 399453479240106 554687890743320 477237245093129 575411295373347 612873889971795 571228967463545 666344769536169 630987462149319 619950868897509 698354892763799 909334253907248 983326227648410 1230007365178878 1122556175522695 1158000963273219 1182371380154373 1094723463037329 1108194216509507 1502305666377791 1587246400516306 1403368997623041 1625253238480840 1927684184783523 1701916713044435 1828036283772764 1806107360071981 2156342634260009 2310601708058818 2301863737588390 2423422673871491 2473480440457340 3408045265497241 3133530187592090 2668307710090221 3429308830140462 2845272096340558 3447020963161581 4032681957107994 3939144523263160 5086717958592107 4989170061113865 4609300853342833 5687305800883851 5511255117747437 5542491219081281 7175475883731742 6781444782762314 7316125343492719 7147819649162407 7928541871387967 10028024198376670 6278440286844984 9059971418206956 7806296946015260 9147266052126753 8670758466510929 10007114853097036 10651675290254394 12931973584343759 13163729412125403 11836810724629218 17642545696115988 12975052923446786 9245867026206809 17441073373245081 15510403210710193 26561901640352630 20774884406145157 26266987424754038 19765141937306513 20643243029149275 20622298045335440 18833160102106197 31782775134310876 30470825746567616 35662681091690450 28089007028760619 30407537337120226 30170978972574227 42032199460834405 28546560193795789 37142419831377746 49552715669859831 33763881522277253 37769060096983819 52411041006913065 51200373514177639 31629846880443861 38761974374766100 69187277099877895 59713339900058193 57017045407981711 89044903135460261 72726291560007564 57837856679399514 95331282192458441 50703603942445437 106328867084527705 59973697495184482 48792541288628416 41826606850686957 69005868894565588 95622051396688650 74378954867918561 56805433155163335 105100913765407216 86085644079559720 96550408988747694 23742284338237150 124370559601778884 78798441559182542 78165496389098400 78650433930133032 116555212622856455 97355805675149583 170622829595104230 93736904572503537 90706125777303567 105420906524621019 177127051524181944 150523065466968550 190712645163680388 172056649112291479 154378834003690391 166786086529950207 78723768587331199 191682195061400073 130290486842251792 144600437914296634 198966550689379756 162273271216257310 321461031995190838 153793021310838510 69601909738881660 211279180123952227 191662348384244213 1063044925880957990 305285107266929536 379112008715263612 454876395091503939 164775248454577219 690699021622468026 192976123827343650 73653287861850339 452215662052734586 652408283755566936 90175434980549623 283075655364955143 441231441701171088 117949491546113972 134819180623301520 288235873055747664 164637479165761044 527830679431268259 188008647052292980 200882556287683159 214618299743286299 229272286871217150 261578907351144125 637111947576658168 680245620097154856 363117512048110005 775265065838058446 1413942192805196340 572612058898037559 695143713458946040 741433159884081684 843250788562528427 2697526045188265047 1022141228367345362 2323075669699925700 2476115588238250170 1319510599727473500 1498478743590581081 1596675274490756791 1701169427975813525 2332821198543892336 2484305294265418180 4098034535626594791
3 4 5 6 7 8 9 10 11 12 13 14 15 16 17 18 19 20 21 22 23 24 25 26 27 28 29 30 31 32 33 34 35 36 37 38 39 40 41 42 43 44 45 46 47 48 49 50 51 52 53 54 55 56 57 58 59 60 61 62 63 64 65 66 67 68 69 70 71 72 74 76 77
4 55 77 274 261 549 403 740 470 790 418 760 363 478 291 454 244 382 206 306 185 215 140 188 120 164 120 178 85 100 57 93 62 113 57 88 50 51 44 65 46 48 28 46 36 25 12 18 19 22 12 19 16 8 9 9 10 13 8 8 11 5 3 8 9 8 1 7 2 1 2 3 1
4 71 120 640 727 2979 2559 8904 6185 22666 13060 49561 25185 63302 39318 111546 60272 178411 99514 241499 136123 277537 170545 378506 216162 528376 354509 875440 372870 882337 454402 956013 589435 2009132 886203 2517428 1030282 2047386 1738186 3647248 2055416 4313830 1656904 4803441 3284530 4339216 1635574 4074155 2357089 4539706 3573283 7280137 4761844 3749245 4277185 7540885 6920599 11116608 7013420 11025218 11197195 6939474 4990920 23862586 12371128 17284560 1741630 22218206 8672156 9294080 12263904 30965542 10785566
