33 45 57 69
18722 44544 24111 12616
1031848 442019 103791 21428
3820459750791219091 13106768253713002596 1291230812007342874 367909152034426
33 45 57
703 224 7
2514 356 7
49899683 1299222 62
3 4 5 6 7 8 9 10 11 12 13 14 15 16 17 18 19 20 21 22 23 24 25 26 27 28 29 30 31 32 33 34 35 36 37 38 39 40 41 42 43 44 45 46 47 48 49 50 51 52 53 54 55 56 57 58 59 60 61 62 63 64 65 66 67 68 69 70 71 72 73 74 75 76 77 78 79 80 81 82 83 84 85 86 87 88 89 90 91 92 93 94 95 96 97 98 99 100 101 102 103 104 105 106 107 108 109 110 111 112 113 114 115 116 117 118 119 120 121 122 123 124 125 126 127 128 129 130 131 132 133 134 135 136 137 138 139 140 141 142 143 144 145 146 147 148 149 150 151 152 153 154 155 156 157 158 159 160 161 162 163 164 165 166 167 168 169 170 171 172 173 174 175 176 177 178 179 180 181 182 183 184 185 186 187 188 189 190 191 192 193 194 195 196 197 198 199 200 201 202 203 204 205 206 207 208 209 210 211 212 213 214 215 216 217 218 219 220 221 222 223 224 225 226 227 228 229 230 231 232 233 234 235 236 237 238 239 240 241 242 243 244 245 246 247 248 249 250 251 252 253 254 255 256 257 258 259 260 261 262 263 264 265 266 267 268 269 270 271 272 273 274 275 276 277 278 279 280 281 282 283 284 285 286 287 288 289 290 291 292 293 294 295 296 297 298 299 300 301 302 303 304 305 306 307 308 310 311 312 313 314 315 316 317 318 319 320 321 322 323 324 325 326 327 328 329 330 331 332 333 334 335 336 337 338 339 342 344 347 349 350 355 358 359 362 363 364 365 374 382 383
267 1294 3760 8584 15242 22691 28890 34797 38456 38645 39318 38333 37686 36516 35590 33767 33449 32038 31305 30323 29521 27678 27694 26664 25891 24940 24381 23429 23487 22331 21453 21148 20542 19640 19334 19130 18368 17605 17028 16761 16211 15544 15106 15271 14623 13775 13555 13437 12832 12500 12311 11750 11529 11195 10915 10823 10343 9822 10105 9826 9520 9206 8586 8665 8327 8115 8010 7926 7666 7181 6939 7076 6683 6644 6546 6250 6104 5908 5815 5895 5373 5207 5225 5147 4903 4770 4565 4660 4416 4383 4376 4331 4083 3895 3977 3939 3525 3578 3396 3419 3240 3090 3017 3230 2927 2978 2903 2883 2617 2760 2500 2543 2289 2399 2377 2279 2032 2019 2083 2114 1809 1932 1799 1883 1773 1753 1549 1733 1545 1441 1543 1454 1306 1389 1308 1354 1231 1327 1224 1276 1221 1171 1105 1187 1037 1121 1007 982 963 916 897 961 814 818 884 844 803 774 760 777 630 625 669 662 599 585 657 576 503 568 538 519 512 471 439 453 411 477 456 382 344 345 324 364 344 317 333 328 268 296 264 305 274 299 215 236 245 233 235 258 204 215 214 225 180 183 159 202 159 155 171 149 146 144 157 162 98 132 122 116 115 118 93 108 87 104 119 104 83 100 83 114 68 90 142 90 74 80 67 69 59 62 48 50 55 50 46 59 52 35 48 37 26 48 33 51 26 21 24 24 18 32 22 37 23 24 15 21 23 26 26 29 12 16 16 24 21 32 13 19 19 16 15 17 12 16 11 17 6 11 3 5 11 12 5 13 7 10 4 11 4 11 5 9 5 7 4 2 6 2 10 1 3 1 7 5 5 5 4 5 3 4 3 2 2 1 5 3 5 2 3 1 3 4 4 6 1 3 3 1 1 1 1 2 1 1 1 1 1 1 1
267 1423 5369 16006 39918 86641 160298 294267 496973 761112 1179646 1692741 2442222 3411307 4788421 6243470 8583928 11172013 14570454 18845163 24352549 29750126 38669355 47892617 60199951 73369583 92461986 108680195 138631949 163749593 198008200 236627324 293240682 335385413 409369788 489388735 582363308 669808471 790552908 932751272 1108630703 1253718404 1461502363 1727335952 2050861230 2208123675 2679458050 3062119802 3482287312 4050805884 4736500705 5174071377 6217969100 6886028423 7826279274 9063967941 10300690865 11073018292 13627603611 15171429040 17163128603 19548368429 20943182948 24218237825 27929678719 30326924465 34526759804 39128518285 44919604010 47806618916 52285500594 62128152091 66799313866 76703613735 84986041496 92389576599 107356834844 115057222816 127016821200 148875540360 158274257223 176255435051 196142038981 219786234845 236836023195 267525734462 286366454937 329866925533 364678958019 399111785112 436723106027 503141756575 533881189647 576287923734 644950544081 738503582207 735715895690 863303132897 867288053046 1020737648937 1111926511881 1181286425364 1234328597999 1492122148891 1543312976552 1754493997244 1890274058803 2123729313676 2134444302821 2604207160880 2499024212895 2964610781507 2917934136308 3587766554135 3675912805750 4156804504371 4181985183275 4488630796548 4947908747781 5883207640083 5441718889715 6719885247035 6590597935858 7790385076445 8496036887175 9100742374212 8569681266979 10808806877004 10560736289742 11188955875913 12800039153843 13740949030630 13752773025057 16958678205395 16230527910822 19395957074097 18559968616812 23283098568533 22430028823215 27185405145181 29198816202934 31039134413552 30328704780290 36894934198075 35957127493229 43204880892027 42846296295795 44405346220788 51700232008582 54405951695870 54140364724103 65667132363099 59981597768276 68806034108449 83631070568040 85976136830199 91394664103734 98189716703907 98333755611227 118752329107533 99171518167068 113752140310693 130546872932742 142258681423436 146989606000555 149987961120849 183250597043978 176535394583815 162990118411603 214619717549306 233005807324881 211308960410418 251712134059890 245957660310572 246771522322091 285016940693437 275768674751170 330549742724882 377427651256505 335892905855810 335111293750779 353033058390767 370772787193440 459411316314555 470660526617626 454546013697963 504940016145375 550594418905563 475291251892326 617738494468719 597035680705635 756797491033768 674378207081960 890789974869349 669521018053518 776791194652571 890550407626492 946622804721330 1015738362331476 1163957861321020 980852447288710 1237722677587602 1289882790446866 1432279197700867 1230948705527384 1496558267886921 1309862596115735 1901423598609788 1551872357776058 1738742731032227 1946337759923805 1828523139595592 1964571077052937 2163606016129847 2456997164040696 2928791671243651 1767386163587026 3026637254352089 2687286194266698 3045851996989087 2990238821812441 3715106089735431 2887164665769292 3827088825541461 3022321029234195 4067489849122815 4842774956506740 5024619960387129 4119486489738207 5718189445848789 4818676302426118 7052097938396766 4382396618012797 6882770674251132 10170089983927986 7490669113600578 7237775372637416 9189208239183394 7273735120545267 7740069592701280 6977289397674409 8615790088280597 7620005031586849 8282841689398214 8987368600333322 8901632380910337 9268875980002511 12631414624584900 12804118273374104 9192949204737550 13238135658924204 9639456629998420 8092864064892203 16382007105109415 12137921419638732 18005904632290419 11259991189853564 10029983065730026 11072380628074812 11716288825000446 9771966903722948 17172564694722052 15669627509125416 26246915858188346 15653258594489085 18944294433893954 11291731712329940 19069124564185594 24394612952086596 29051953029824099 28134934395017366 39157209109683766 17086187564476007 23349550759118401 26498594052121594 41649255609378360 33942989846286376 61864405451612715 25611897756541971 39085376063699608 44139821417431903 39868491652143432 35981788125242418 51282015880680734 33618704644098500 54227984730048642 35948747262827847 66083177172254367 23008550318099794 49458796874654448 21411807241249266 24022405352789222 55404083687600864 70378553639979334 29782048220332665 94171740191301309 54289273102216419 86158776401923737 31570310233339704 100494715852970375 35747158424377254 132254718936850024 50381220802162843 97472402783486081 71114280291154707 85884526134606255 58523230808274398 46525692013544051 149681259614419863 37342976599200728 193444575310886545 21458096037352891 67458109348327565 24650106150830490 230679462771153590 166051696631116664 173872445343669940 186281314662305164 164754128275307446 183898577976433138 186372028883740385 168163799634864079 137317075630734084 94778002178815903 150473331499304391 52462044228828641 292629253744748210 184536074288447638 335155407056450650 147306575723700678 236403765907999845 84300815636225119 427378697525450099 379525765557157903 399203153027876170 661847162551756632 134819180623301520 462130792138728090 564025941156878940 214618299743286299 229272286871217150 318555973788329084 387632532919029223 827532361866684724 502957566506000020 536679070310691121 572612058898037559 610898403751884101 1089657644424399782 1812356499739472950 1930656072350465812
3 4 5 6 7 8 9 10 11 12 13 14 15 16 17 18 19 20 21 22 23 24 25 26 27 28 29 30 31 32 33 34 35 36 37 38 39 40 41 42 43 44 45 46 47 48 49 50 51 52 53 54 55 56 57 58 59 60 61 62 64 65 66 70 78
4 17 50 110 96 179 137 204 154 161 152 146 100 113 83 112 91 98 63 57 39 68 54 53 46 43 46 30 31 39 21 26 27 27 24 19 11 12 7 9 7 17 15 7 7 7 8 6 7 4 3 3 4 3 2 2 3 3 1 1 3 2 1 1 1
4 20 80 269 332 1032 1023 2734 2760 5026 5362 9252 8826 14526 12180 26808 25703 40127 28480 47255 33461 88009 71622 117263 111641 130774 135026 120884 196382 317814 193719 291988 336801 430137 390638 426556 335818 518396 189031 547204 327822 1217097 998247 755584 897080 659177 1046272 1185026 1385195 716778 883638 997544 1439614 1606242 659862 2582643 2071443 1580469 526823 715220 5529508 3865868 2600312 4647040 7089500
