11 12 22 23 24 34 35 36
241 130 40 506 202 10 80 25
681 354 64 736 281 10 80 25
4240 2281 3226 27004 13847 81 931 129
11 12 22 23 24 34 35 36
241 130 40 506 202 10 80 25
681 354 64 736 281 10 80 25
4240 2281 3226 27004 13847 81 931 129
3 4 5 6 7 8 9 10 11 12 13 14 15 16 17 18 19 20 21 22 23 24 25 28 29
38 138 246 369 336 316 285 182 92 56 36 21 16 20 12 17 14 8 6 9 3 3 5 1 2
38 151 386 838 1131 1625 2211 2318 1672 1486 1533 1239 1141 2189 1638 2734 3644 2750 2409 4689 1881 2211 4590 2510 4725
3 4 5 6 7 8 9 10 11 12 13 14 15 16 17 18 19 20 21 22 23 24 25 28 29
38 138 246 369 336 316 285 182 92 56 36 21 16 20 12 17 14 8 6 9 3 3 5 1 2
38 151 386 838 1131 1625 2211 2318 1672 1486 1533 1239 1141 2189 1638 2734 3644 2750 2409 4689 1881 2211 4590 2510 4725
