1 2 3 4 5 7 11 15 16 17 18 19 20 21 22 23 24 25 26 27 28 29 30 31 32 33 34 35 36 37 38 39 40 41 42 43 44 45 46 47 48 49 50 51
2 3 1 2 1 1 1 2 2 15 34 41 92 298 834 1920 3461 4895 5454 5529 4975 4105 3539 3189 3031 3621 3583 3452 3041 3286 3190 3608 3881 4105 3964 4147 4098 4542 3855 3059 1907 876 269 89
2 3 2 2 1 1 1 3 4 19 42 46 104 419 1218 2955 5737 7869 8220 7828 6853 5766 5012 4579 4428 5216 4946 4718 4119 4297 4236 4892 5007 5198 5048 5263 4923 5209 4232 3212 1940 879 269 89
6 3 4 2 1 1 1 57 20 3019 7447 84671 17790 242814 11084061 896423432 26529068530 595687435611 4395618966108 4199891682092 1918741731833 2463747556306 1598388721325 1313214194692 841432262425 871158696499 1490524238273 2424223020192 1339865067067 207871344421 1042818746939 310371977843 2994948467899 6506643716183 2355919171278 912737983750 5856249488329 15275091313453 2759024843772 326994148514 21830059703 966873118 11136072 8272




3 4 5 6 7 8 9 10 11 12 13 14 15 16 17 18 19 20 21 22 23 24 25 26 27 28 29 30 31 32 33 34 35 36 37 38 39 40 41 42 43 44 45 46 47 48 49 50 51 52 53 54 55 56 57 58 59 60 61 62 63 64 65 66 67 68 69 70 71 72 73 74 75 76 77 78 79 80 81 82 83 84 85 86 87 88 89 90 91 92 93 94 95 96 97 98 99 100 101 102 103 104 105 106 107 108 109 110 111 112 113 114 115 116 117 118 119 120 121 122 123 124 125 126 127 128 129 130 131 132 133 134 135 136 137 138 139 140 141 142 143 144 145 146 147 148 149 150 151 152 153 154 155 156 157 158 159 160 161 162 163 164 165 166 167 168 169 170 171 172 173 174 175 176 177 178 189
483 1570 2447 3399 3854 3588 3668 3609 3290 3199 3280 3033 2906 2880 2732 2710 2690 2468 2556 2491 2258 2256 2322 2142 2123 2083 1955 1881 1914 1801 1750 1697 1592 1610 1627 1455 1451 1419 1297 1373 1365 1197 1247 1228 1149 1112 1157 1080 1103 1013 942 953 907 860 876 869 813 792 832 730 693 753 647 653 663 582 599 596 556 571 582 463 491 527 467 422 461 424 388 420 387 366 367 346 319 328 302 314 341 277 279 296 250 222 275 241 222 246 235 204 221 216 199 191 173 168 159 148 150 168 138 134 150 141 117 124 126 106 107 85 98 89 79 76 92 74 59 72 69 54 57 55 45 48 44 49 48 40 46 38 33 36 40 33 35 35 34 29 28 24 28 27 24 26 22 16 17 21 14 15 12 13 12 13 16 15 10 9 16 8 9 7 6 5 3 3 1
483 1601 3460 6941 12007 17190 26869 40548 53769 74956 109856 141111 183056 250084 317472 416796 552241 662759 885376 1120969 1301080 1655882 2184734 2551768 3122213 3849856 4537049 5393408 6822211 7920603 9259402 11242850 12809639 15651864 19398935 20827577 25090562 29558218 32661843 40894116 49485420 51789729 64853634 74804346 84890699 95361278 118273303 131548113 159595966 171413681 188270914 221292989 248870501 274783172 324991326 379021139 410395528 463112592 577239280 586010913 645800431 807371586 795743122 938369476 1098800507 1118607521 1300873873 1514133201 1617223183 1950917077 2268294146 2058169356 2511077441 3059584206 3141137350 3199208624 4042781239 4231402827 4397650232 5508250811 5789521612 6193661009 7008078940 7634350878 7865297385 9246616819 9767953550 11461293631 14006254146 13086300266 14929064598 17765457505 17065039884 16996336313 23972834475 23578420096 24370903288 30660623659 33125954034 32171225753 39643571055 43673709642 45559563025 49020077347 49677366380 54371224687 57114627859 60341503650 68598917475 86371496640 79158154022 86960880153 108716693549 114802385172 106456899992 126125035052 143314721804 134352383968 151789914353 135242406343 175407191820 176855020300 175605376245 189279394394 255087276302 227005313304 203004899408 276273246798 296289494655 255778555010 302412673090 325083552200 295968515850 349735022084 356952968214 441869172343 480747920640 442823737304 564253027411 515897487946 495719050215 600144811488 737611732800 672902430981 788922905575 869441826751 935579788366 881271487362 939383745916 888656524800 1143890588764 1216636863714 1192470922104 1424028744424 1327846812160 1063890913552 1244948143903 1693250260149 1242524903228 1464940928325 1289257913592 1536067889551 1558966855644 1856386947090 2510711604720 2585847003825 1893348225790 1871013780918 3651275724016 2003511400920 2472917554170 2109693614336 1982972997678 1811634299475 1191375224250 1305473093490 1171432692373



