29 41 53 65 77
9993 39400 30135 18933 1531
1668922 605902 174433 45059 1570
762169174148884902 9630068286490073600 3197591837577103412 27041473026519325 89105775
29 41 53
888 429 25
4833 838 28
205035511 4834202 6268
3 4 5 6 7 8 9 10 11 12 13 14 15 16 17 18 19 20 21 22 23 24 25 26 27 28 29 30 31 32 33 34 35 36 37 38 39 40 41 42 43 44 45 46 47 48 49 50 51 52 53 54 55 56 57 58 59 60 61 62 63 64 65 66 67 68 69 70 71 72 73 74 75 76 77 78 79 80 81 82 83 84 85 86 87 88 89 90 91 92 93 94 95 96 97 98 99 100 101 102 103 104 105 106 107 108 109 110 111 112 113 114 115 116 117 118 119 120 121 122 123 124 125 126 127 128 129 130 131 132 133 134 135 136 137 138 139 140 141 142 143 144 145 146 147 148 149 150 151 152 153 154 155 156 157 158 159 160 161 162 163 164 165 166 167 168 169 170 171 172 173 174 175 176 177 178 179 180 181 182 183 184 185 186 187 188 189 190 191 192 193 194 195 196 197 198 199 200 201 202 203 204 205 206 207 208 209 210 211 212 213 214 215 216 217 218 219 220 221 222 223 224 225 226 227 228 229 230 231 232 233 234 235 236 237 238 239 240 241 242 243 244 245 246 247 248 249 250 251 252 253 254 255 256 257 258 259 260 261 262 263 264 265 266 267 268 269 270 271 272 273 274 275 276 277 278 279 280 281 282 283 284 285 286 287 288 289 290 291 292 293 294 295 296 297 298 299 300 301 302 303 304 305 306 307 308 309 310 311 312 313 314 315 316 317 318 319 320 321 322 323 324 325 326 328 329 331 332 333 334 335 336 337 338 339 340 342 343 346 349 350 352 356 358 359 360 363 367 370
309 1398 4262 9342 18664 29244 44295 53398 63397 62838 63781 63758 62047 58934 60212 56084 54677 53592 52103 48884 49988 46647 45726 44863 42688 40107 42197 38489 37527 36920 35748 33770 34480 31661 31108 30562 29667 28116 28945 26703 25968 25785 25114 23353 24343 22152 22133 21839 20944 19778 20419 18466 18302 18111 17468 16265 16782 15562 15138 14830 14298 13767 14185 13085 12979 12566 12246 11543 11973 10750 10980 10542 10457 9586 9978 9061 9045 8674 8727 7850 8041 7537 7545 7291 7007 6595 6867 6291 6135 6160 5988 5620 5769 5339 5266 4976 5114 4865 4859 4514 4313 4320 4339 3935 3968 3741 3772 3552 3442 3293 3317 3210 3053 3055 2990 2730 2805 2611 2640 2492 2536 2386 2395 2274 2165 2098 2188 1959 1995 1861 1772 1722 1785 1567 1707 1586 1493 1575 1557 1418 1388 1291 1287 1251 1354 1130 1205 1164 1061 1046 1053 913 953 911 858 842 792 719 787 727 642 704 722 612 687 588 643 565 594 577 586 525 499 495 549 452 500 446 446 395 406 357 466 388 365 366 374 337 404 326 359 315 344 304 299 268 237 262 239 243 248 210 238 204 209 176 177 185 168 173 163 166 167 139 205 122 113 150 149 120 119 119 131 111 118 109 114 105 109 89 117 106 89 96 104 84 85 74 76 78 66 63 117 62 72 56 53 68 60 51 57 55 46 43 53 45 54 36 44 53 44 34 37 39 26 31 39 40 28 32 34 24 24 14 16 27 21 20 25 13 12 19 17 16 20 16 18 11 9 13 18 14 12 11 11 11 13 5 12 38 7 11 6 5 9 9 6 5 4 8 6 5 2 5 7 5 6 3 1 3 1 2 1 4 2 1 1 1 4 3 1 1 3 1 1 2 3 2 3 3 1 1 1 1 1 3 1 1 1
309 1531 6020 17311 46588 101291 221284 387172 711814 1058406 1661727 2463055 3627251 4864885 7209978 9258582 12800126 16816278 22567133 27622443 38150264 45723346 59068296 75171619 94108939 109466643 148404546 169100958 213625035 256265965 316391067 360110329 470710507 518901950 631113408 754895070 924416005 1011173850 1302093948 1433292146 1718368921 2020141765 2392034231 2607116638 3380413335 3548550931 4251009982 4993605391 5827764557 6245964124 7869749533 8084686257 9812152097 11197645512 12900591876 13618038089 17112829992 17814367724 20932709619 23525963435 27338101657 28995973187 35965695559 37162912173 43920811213 48082884433 55213540078 58836363248 73309174428 73074259904 87298086760 95635321960 113650156380 112922571056 139848930174 141477371159 169144524316 175716635589 208884202977 205209343083 255131994309 252973351058 307250471485 323342130320 364992572312 367176427407 461971777173 441947589766 531664763476 568785840923 663170883869 668966959360 811617536334 802034428204 923014245517 959877678676 1143349373952 1175804534634 1395385162292 1377687455166 1557977629696 1698276819027 1971562951481 1902256712986 2289811886868 2314551574507 2705994595947 2812432513409 3016621735041 3160242921152 3687943152076 3783898254446 4147755260482 4656518097910 5202987372072 5211611813416 6091498474928 6054183517270 7255862849135 7310009931053 8468364884400 8661989725172 9924929127232 10066358019487 11198097049547 11584720909103 13755887282408 12894399100248 15616673290365 14950989229238 17421731013957 18151806473186 20607430652559 19335961602524 25472748259245 23423326097056 26560684576520 29107291083975 33918720180339 33490312683450 36758817747549 36263886532969 41531618053559 41934089263798 51565691168870 45018695665852 56918081178001 56303855785089 61331488000968 64033441214414 70368565408289 64221104109306 76954948547899 78258312730126 82256579943188 90675650522245 90414649320219 83395552209367 109922925521995 105562284762301 103268054688127 128500078461117 140178620361638 128785298619828 163196456920582 148779286549499 180391910811061 168986301061019 214538670664463 201799160038569 246870232095693 235953324781988 254133379363424 269171200232468 330797837847695 281150144295541 361090429071519 330847389972072 378677380900610 386499883989650 414160455521530 375133796450936 583171467249218 500104877761508 525337108842259 571413945493959 642929216234224 594896407985233 848032855024205 698215252396141 839263673352612 785669385821035 926589127927089 870295202882523 985825744116802 992891549296077 912467693181823 1045435919736644 1100114242869913 1153521277865983 1366325590492966 1135198348362852 1504197858310456 1396533093390045 1506734167313963 1320876705383173 1510409941293195 1705348172381870 1573665795767127 1819825352334846 1872976733176459 2093832615332914 2238763647407490 2183842998942015 3187228526354193 2056326661015022 2257327249995733 3213315362195369 3338665570926650 3179041231182981 2954667870888850 3336791301009900 4120344874062846 3679411210685757 4181301327823435 4132439105516534 4634448344179693 4952728498844432 5730597017420362 4594859280326461 6704230255973546 6427217123653399 6121268081293069 6690643602371455 8984548863229445 7507361119633057 8441351196111281 7279761311533322 8296835183648483 9363170128779968 7760450031458437 8442266610086898 19000216373484230 9698396817295976 12432713236524879 9856354767333607 10522178361961819 14669945528621000 12863767850766952 13459130232959819 15111671978850185 13970672003042526 14466050852744774 13157097756498406 19633371276592807 17651406053595518 20888186190967375 14131381482572964 20316191287496204 29294802833613919 22801446708926356 18657013555168998 25420371477596055 25499205605563054 19551263255760536 26233108746693655 31696242458626471 39640060711623727 26848299765237492 33916273112189786 50178392869318423 34464495171893367 30342980387607561 19962376852368738 22642075473874125 43479862558621730 42194942833163355 44508932022948425 54382700194852403 27417467944183122 32829571520556541 49805194359912107 48020819740850128 44552825334083575 70123371838487091 57830538743636523 61008642126800381 41790395440178396 46735704898004938 56723708463437946 86634619222370673 69364936621798082 59913788730791360 63589696081437930 74349218565792595 74711717810064045 92730141847574204 42308815799489739 100538445859232328 316721174355910470 63506407234548060 115782221430442517 61038552034711682 56399499543837255 108755610290250463 150802615734066536 80886196910790826 74690473620708781 63862312346346183 152030046809055127 112028929797602184 97395256886931563 42916192074705782 115000033277436685 170900643560470277 130313336685095794 169830122045976018 86936222671834970 32488293351466654 102090203090348314 37274405776748077 79839131053999982 42748078035954696 183089434174312112 104924088457657282 104924088457657282 64325374609114550 68834885946073850 294613151447401356 236403765907999845 78801255302666615 90175434980549623 289350330576608280 103151466321735325 110307860425292772 235898983092227944 404457541869904560 288235873055747664 527830679431268259 643854899229858897 229272286871217150 261578907351144125 340122810048577428 387632532919029223 413766180933342362 1324868945788075311 536679070310691121 695143713458946040 843250788562528427
3 4 5 6 7 8 9 10 11 12 13 14 15 16 17 18 19 20 21 22 23 24 25 26 27 28 29 30 31 32 33 34 35 36 37 38 39 40 41 42 43 44 45 46 47 48 49 50 51 52 53 54 55 56 57 58 59 60 62 63 64 65 66 67 68 69 70 71 72 73 74 77 81 88
3 36 56 160 197 335 292 365 293 358 314 300 223 238 190 206 172 159 171 164 122 136 111 104 84 86 59 85 53 50 44 38 34 42 36 35 29 25 30 24 14 22 23 21 9 19 12 13 4 19 4 9 2 6 5 7 6 9 5 4 3 4 2 1 1 3 1 2 3 2 1 1 2 1
3 48 99 419 620 1854 2059 5062 4546 10727 11198 18144 17740 31830 28016 50232 47391 68371 85328 121483 104741 179628 155709 214521 174849 274727 199223 446586 330575 398447 320249 379548 418285 646505 710786 881109 807172 863621 1168927 1320499 869697 1722327 1669045 2194964 1247572 2403816 1539103 2757768 657236 5467710 864051 4494280 347050 3438347 2652259 4916352 3518612 11544952 7037096 3373968 4329841 6765269 3543166 1741630 3483260 6966520 2679689 7682898 11534848 10663035 8175936 5392783 37156364 26543660
