6 7 8 9 10 11 12 13 18 19 20 21 22 23 24 25 30 31 32 33 34 35 36 37 42 43 44 45 46 47 48 49
43 165 72 101 102 118 154 130 244 2042 1397 1585 2188 2996 4056 3881 1956 15612 9591 7811 7903 7866 7402 5584 799 5824 3804 2543 1754 1193 735 345
161 472 189 230 205 256 330 261 652 7282 4515 5596 8776 12289 18562 16942 7974 61250 32167 24297 23300 21998 19401 14001 1872 12816 6268 3675 2461 1529 902 394
2536 11074 2935 3497 3024 4917 7800 3921 680467 11574893 14597351 91127950 2055156712 25085931573 2312177021463 45452904046492 478266703901982 16863742818039094 876519820241595879 810662486206154014 654019415292687304 442148105107599668 211273580357077100 116975248134401775 20840281154265 200562440270784 507173343119913 136239084759204 20550073159527 1964100004795 180067853543 15136642610
6 7 8 9 11 12 13 18 19 20 21 22 23 24 25 30 31 32 33 34 35 36
1 2 1 2 3 2 3 5 41 19 26 23 26 20 22 2 21 9 6 9 7 1
1 3 1 2 4 2 3 9 89 28 38 40 39 34 35 3 32 10 6 12 8 1
11 7 4 3 73 62 12 5717 373997 14783 12662 180078 134723 135893 65995 313 2277 2928 436 773 72 2
3 4 5 6 7 8 9 10 11 12 13 14 15 16 17 18 19 20 21 22 23 24 25 26 27 28 29 30 31 32 33 34 35 36 37 38 39 40 41 42 43 44 45 46 47 48 49 50 51 52 53 54 55 56 57 58 59 60 61 62 63 64 65 66 67 68 69 70 71 72 73 74 75 76 77 78 79 80 81 82 83 84 85 86 87 88 89 90 91 92 93 94 95 96 97 98 99 100 101 102 103 104 105 106 107 108 109 110 111 112 113 114 115 116 117 118 119 120 121 122 123 124 125 126 127 128 129 130 131 132 133 134 135 136 137 138 139 140 141 142 143 144 145 146 147 148 149 150 151 152 153 154 155 156 157 158 159 160 161 162 163 164 165 166 167 168 169 170 171 172 173 174 175 176 177 178 179 180 181 182 183 184 185 186 187 188 189 190 191 192 193 194 195 196 197 198 199 200 201 202 203 204 205 206 207 208 209 210 211 212 213 214 215 216 217 218 219 220 221 222 223 224 225 226 227 228 229 230 231 232 233 234 235 236 237 238 239 240 241 242 243 244 245 246 247 248 249 250 251 252 253 254 255 256 257 258 259 260 261 262 263 264 265 266 267 268 269 270 271 272 273 274 275 276 277 278 279 280 281 283 284 285 286 287 288 289 290 291 292 294 295 296 297 298 299 300 301 302 303 305 306 307 308 309 310 311 312 313 314 316 317 318 319 320 321 322 323 324 325 327 328 329 330 331 332 333 334 335 336 338 339 340 342 343 344 346 347 351
329 1134 2611 4207 5906 7208 8289 8321 8446 8166 7837 7365 7263 6812 6766 6339 6336 5875 5823 5435 5363 5069 4949 4693 4772 4444 4301 4251 4172 3903 3884 3585 3595 3413 3440 3267 3343 3090 3157 2944 2892 2808 2795 2559 2630 2511 2397 2369 2394 2157 2286 2067 2080 1915 2023 1853 1911 1801 1793 1703 1846 1640 1624 1528 1586 1446 1511 1342 1401 1377 1312 1294 1312 1192 1215 1109 1121 1056 1084 993 990 950 1000 896 924 868 873 798 785 804 787 712 701 774 694 667 684 642 668 594 574 562 574 541 590 520 547 488 523 488 469 442 419 433 477 421 426 412 412 373 380 337 343 301 318 302 366 287 299 279 326 260 264 241 256 244 237 222 256 211 231 206 224 192 208 176 188 184 195 157 174 166 158 148 161 129 162 125 134 131 127 138 124 112 124 113 108 108 87 93 113 97 86 90 92 90 76 72 73 69 63 67 72 61 63 59 58 51 67 43 43 42 53 45 49 43 51 40 46 40 35 30 43 43 37 33 36 34 36 28 41 31 22 21 34 28 21 20 28 24 22 22 20 18 18 19 19 14 18 18 18 13 17 14 12 14 15 9 9 16 12 12 8 9 9 4 4 9 9 5 4 7 11 5 4 6 7 2 6 4 6 3 4 4 3 4 4 3 2 3 4 2 4 2 4 2 4 2 4 4 1 5 2 4 2 3 1 5 2 2 4 2 3 2 4 2 2 2 4 2 2 3 2 2 3 2 1 2 2 1 1 2 1 1 1 2 1 1 1 1 1 1 1 1 1 1 1 1 1 1 1 1 1 1 1 1 1 1
329 1217 3789 8417 17867 32309 57384 85660 133914 192413 274964 367292 525523 685727 950893 1208508 1627387 2019129 2644336 3224389 4105443 5022819 6257103 7717555 9862740 11689190 14092722 17491128 21202422 25228335 30300096 35217370 41882298 49146511 60241999 71186633 86653790 98325684 120427149 135107031 160146338 186708569 213957451 242298762 293832753 331977475 371333987 446950467 516990998 558998421 679358748 751711071 874102600 939727681 1140129936 1272155750 1472004509 1672690919 1889968106 2140522610 2643683520 2750899824 3100712185 3461010445 4010231442 4328616561 5062224838 5340311129 6187107284 7307099739 7688359936 9068085503 10228493303 10966307236 12073334625 13140916020 14935779649 16392151092 18695112988 20318346833 22223970384 24360030146 29155488930 30458402606 34689637494 37748222231 42117606382 44023874974 49422694484 57576471489 59761082470 65048452658 70062992462 88639716822 87787316450 99239025796 110944134869 120071559536 136343743818 144823642217 148074374476 166588289088 184171360056 205674249414 236089930563 242979278895 281330315686 287591355315 330037167277 347232319249 375493874910 410208150419 409893354345 484605498847 582093461138 589637954504 644815746638 711584619288 781344524707 800108706482 885556491263 900987622402 972756430610 966123741506 1135382663873 1189448580529 1598534457505 1387914633967 1613371263150 1706653272046 2190964262823 1927668315090 2120145335284 2137517759032 2611725444484 2820293744358 2862198594363 3072502461169 3847922975230 3677980818156 4192434566492 4459492392742 5064430410957 5096572437515 5465974721230 5336862031076 6362536793121 6872354962356 7523913151714 7338067059742 8638426988266 8932897078475 8927693474211 9813679888746 11768349251372 10124886564772 14022724838043 12018622139578 13436687093132 15052002944719 15702497689603 19140516868528 19029296087275 18799612368825 21762955608096 24149168382975 23186607079103 25783888726720 22422596539666 26842683026042 36255003573794 34108951123515 31276984928968 36755486347414 41759719263318 43684367984489 40912704390005 41893911888890 49933803297640 49219930735840 45600359654520 57017850791894 70111434648289 62243511423159 68204329517546 70496679488966 77228652412519 76743312338186 105220076168147 73129823404295 77149737908293 77831157675123 120621756132852 105687459838311 120667454653561 123901393946433 158919989176996 137252492872173 169985912053764 161585065812064 169632766740024 151578273832207 199799317506968 245829053068231 226029063683402 215894514862617 249468494065060 298012401705735 305238282007082 274335160636754 400917146693033 374048549836000 280638734961040 252536929278592 466668830149037 415447490633940 318242555780276 345892816210049 532242377397164 500035486717496 480334081771804 532459499080515 550760186374092 522753071844501 550657024963229 644534015115862 712140171426270 505429819335623 771119943059116 846898252100731 935848843921317 682450314414637 1007468608054475 938125809882600 806371039823243 999900435681507 1237494412763791 779744650238777 779552878304623 1568781725384427 1313501141211105 1387045819659305 981759986093851 1251201020270443 1374050126671407 602972210048782 651830269839000 1709640964174604 1876147697753546 1020453389686266 888860948370612 1689546467768279 3114031621087112 1347716512842408 1232402931836107 1910111460333467 2506456362851270 704603831119462 2524389098702137 1773360928001382 2902059239940734 1565172060578064 2264733087750113 2397020182913566 2011344369180510 2786418153501084 3059912842376873 2397712989491148 1744371838683174 2784354586577345 4125426839737976 2181435993869723 4786361553471605 2530426150660548 5550300496336565 3041960985702350 6432862400862688 3399572402394440 7451970743832021 8628184787622623 2362219145337711 12526029505520503 5465746367095070 11549662565336200 6320275734297994 10192752035960319 3652430836071053 19356119482028741 8438777057174190 9744076112944168 20575151265733100 11245985383901210 18119291646286545 12973348254158176 27384224559666581 14959130157021168 16060496769886080 17240992550930050 36379745085635831 21314662465097678 22871084155644208 36807654057688395 25431435914287169 28237325330560010 44404568142994393 32479573071659326 17414180133147295 37342976599200728 40034853525153890 23000006655487337 24650106150830490 52831615267132652 28305020340996003 30326181989842964 32488293351466654 69601909738881660 37274405776748077 39919565526999991 42748078035954696 49005643635237875 52462044228828641 56156602112874289 60105349839666544 64325374609114550 68834885946073850 73653287861850339 78801255302666615 84300815636225119 90175434980549623 103151466321735325 110307860425292772 117949491546113972 134819180623301520 144117936527873832 154043597379576030 175943559810422753 188008647052292980 244904537455382406
3 4 5 6 7 8 9 10 11 12 13 14 15 16 17 18 19 20 21 22 23 24 25 26 27 28 29 30 31 32 33 34 35 36 37 39 40 41 43 44 45 46 47 49 51
2 7 15 20 27 25 43 24 23 15 23 12 22 13 22 7 13 6 6 6 9 1 9 2 3 2 7 1 3 1 4 1 6 2 2 2 1 2 2 1 1 1 2 3 1
2 7 24 46 80 131 329 286 404 500 813 672 1633 1189 2563 1334 3127 1650 2407 3422 5247 1254 8008 2510 4633 5583 15282 3150 10746 7436 21031 14872 44785 17479 18492 24620 24620 39614 52822 37338 44583 37338 116435 227570 124754
