8 20 32 44 56
237 963 1088 334 2
5516 5234 1806 361 2
93151 528578 390480 25077 4
8 20 32 44 56
237 963 1088 334 2
5516 5234 1806 361 2
93151 528578 390480 25077 4
3 4 5 6 7 8 9 10 11 12 13 14 15 16 17 18 19 20 21 22 23 24 25 26 27 28 29 30 31 32 33 34 35 36 37 39 48
44 260 542 1074 1408 1702 1366 1806 1183 987 655 623 273 195 133 144 92 70 65 60 40 43 40 31 12 5 10 19 12 5 2 6 4 2 3 2 1
44 308 866 2216 4357 7819 9726 18911 19495 26258 26373 38525 24316 23294 19680 28039 23573 22196 32485 38111 30918 38102 43117 47512 21273 9425 30612 80632 51450 29744 22308 46172 41590 16698 39151 32860 89134
3 4 5 6 7 8 9 10 11 12 13 14 15 16 17 18 19 20 21 22 23 24 25 26 27 28 29 30 31 32 33 34 35 36 37 39 48
44 260 542 1074 1408 1702 1366 1806 1183 987 655 623 273 195 133 144 92 70 65 60 40 43 40 31 12 5 10 19 12 5 2 6 4 2 3 2 1
44 308 866 2216 4357 7819 9726 18911 19495 26258 26373 38525 24316 23294 19680 28039 23573 22196 32485 38111 30918 38102 43117 47512 21273 9425 30612 80632 51450 29744 22308 46172 41590 16698 39151 32860 89134
