15 27 39 51 63 75
5898 8277 32489 31363 18989 2980
464595 908966 582343 179096 49997 3257
1050707683 28236746055854557234 10341451627785446110 5543560997216056567 58722022114926094 2604058424
15 27 39 51
971 1025 458 44
51425 4950 919 52
175206059 151893153 13589142 18312
3 4 5 6 7 8 9 10 11 12 13 14 15 16 17 18 19 20 21 22 23 24 25 26 27 28 29 30 31 32 33 34 35 36 37 38 39 40 41 42 43 44 45 46 47 48 49 50 51 52 53 54 55 56 57 58 59 60 61 62 63 64 65 66 67 68 69 70 71 72 73 74 75 76 77 78 79 80 81 82 83 84 85 86 87 88 89 90 91 92 93 94 95 96 97 98 99 100 101 102 103 104 105 106 107 108 109 110 111 112 113 114 115 116 117 118 119 120 121 122 123 124 125 126 127 128 129 130 131 132 133 134 135 136 137 138 139 140 141 142 143 144 145 146 147 148 149 150 151 152 153 154 155 156 157 158 159 160 161 162 163 164 165 166 167 168 169 170 171 172 173 174 175 176 177 178 179 180 181 182 183 184 185 186 187 188 189 190 191 192 193 194 195 196 197 198 199 200 201 202 203 204 205 206 207 208 209 210 211 212 213 214 215 216 217 218 219 220 221 222 223 224 225 226 227 228 229 230 231 232 233 234 235 236 237 238 239 240 241 242 243 244 245 246 247 248 249 250 251 252 253 254 255 256 257 258 259 260 261 262 263 264 265 266 267 268 269 270 271 272 273 274 275 276 277 278 279 280 281 282 283 284 285 286 287 288 289 290 291 292 293 294 295 296 297 298 299 300 301 302 303 304 305 306 307 308 309 310 311 312 313 314 315 316 317 318 319 320 321 322 323 324 325 326 327 328 329 330 331 332 333 334 335 338 339 340 341 343 344 345 347 349 350 351 353 354 356 359 360 362 363 364 365 367 369 377 383 387 393 399
361 1974 4965 11960 20966 33283 46062 63752 71229 77964 77514 82068 78450 73590 74347 69002 62674 56889 53127 49220 45035 42173 40098 37010 35014 33398 31450 30113 28331 26643 25979 24661 23765 22737 22400 20641 20288 19631 19038 18209 18356 16990 16724 16351 15543 14745 15128 14137 13799 13313 12985 12612 12525 11486 11605 11241 11071 10411 10475 9801 9819 9200 9145 8660 8956 8178 8127 8025 7672 7277 7633 6791 6899 6603 6501 6118 6167 5701 5784 5622 5468 5032 5196 4842 4857 4483 4551 4209 4393 3945 4006 4008 3798 3437 3706 3470 3424 3274 3224 3149 3122 2812 2838 2796 2762 2527 2739 2443 2538 2324 2309 2212 2329 2019 2035 2053 1919 1784 1925 1779 1801 1675 1642 1497 1598 1496 1524 1454 1430 1284 1333 1293 1256 1136 1175 1166 1183 961 1005 1075 1009 903 927 914 917 857 829 758 774 725 782 726 748 634 700 636 645 609 621 598 621 516 520 571 484 492 558 452 451 378 417 390 440 374 418 402 410 327 362 349 325 307 323 289 426 247 272 278 258 224 282 271 248 213 223 211 243 202 246 231 218 179 230 193 189 160 181 173 203 146 179 161 166 147 172 138 118 113 132 115 137 104 119 122 115 101 124 100 80 73 109 114 102 56 71 105 81 65 102 76 77 57 64 66 81 56 61 66 53 48 66 58 48 38 86 86 66 46 51 65 44 32 64 28 49 25 33 30 37 23 29 39 29 25 38 32 19 22 32 15 28 13 14 24 21 18 23 13 25 9 11 17 18 8 18 15 9 7 12 18 14 10 15 7 19 9 14 15 12 3 31 6 5 4 7 11 5 1 3 4 14 4 12 7 2 2 8 4 1 1 5 1 4 1 4 2 1 2 2 3 1 1 1 2 4 1 2 1 1 3 3 1 2 1 2 2 2 1 2 1
361 2172 6851 21947 53115 123934 240731 515207 820884 1432928 2095485 3449675 4686845 6811821 9925335 13195111 16835557 21975128 27717415 34988847 42698358 53002040 64365611 78980280 92309873 113573064 133157448 159668039 184396776 220915072 257092532 308154063 354530630 414382609 484611209 547823191 640253019 772279837 891783474 1033795878 1218127586 1396019105 1613706740 1904114146 2162903897 2448524871 2948914330 3326999437 3754100533 4365815078 4975142711 5721513207 6661503392 7352848923 8460074051 9859609863 11273040479 12459821232 14283202089 15822606798 18286472291 20303091331 23299490010 25630779839 29680722603 32404124760 36535869196 41423275603 46093747918 50619506344 60702912387 62634225188 72686560612 79544076806 89887326806 95792537774 108031459331 117046709899 132108326962 148722799900 164430470550 171449933478 199477539992 207180736217 242432767905 248157722567 297123594122 308281458946 353588203017 363167507778 423895632652 464565550953 514191552832 512435602896 617043236961 677275769892 742744787461 796426481061 891142887948 961706054132 1062685006436 1094762438221 1243753647819 1337466015628 1532351157575 1542583932755 1837161980896 1833552547150 2126741294904 2206047343445 2455352737670 2597364157695 3092824556288 2951186145928 3361549727556 3637234877862 3849984317711 4068010733801 4694636824193 4941222257808 5628022266710 5740505071600 6525498183210 6282710702038 7527838532150 8068462184405 8640232225501 9524098198660 10335407167754 10265581872778 11941864342413 12472507583790 13918979928346 13531069579415 16056065410603 17481800690085 19057573327306 17628874549018 20355130784871 22724744292591 24795077634922 24161295286296 27008221081820 29322132522972 32210125302433 34457834797760 36723268646590 35230217081888 38732981580794 41711152577636 48982350169657 48039947564495 56063920700841 53057436924608 62455465583309 63158743551999 70263032092781 70977912700304 81843751959794 86869224592409 97735200581195 88694602264342 95943174109785 106786428892598 106612773163504 132538354759905 143849353282330 135649416923929 139137498968931 129818701104470 166503784020481 155453981699840 198734133985230 190786551823907 228226978968869 227369144698152 264741171543040 228445817677749 284036317244770 282687328582230 292309265146313 302059886765926 372692617189607 352646470082630 528547927777850 348930299207826 429176000599168 441949757893904 476831059542490 444545651721957 611269570313318 641188012255124 624202377193692 618416301728464 721739605991149 686495447118867 918147772563765 843619261683507 1049481624010947 1021863895877137 1176292930360841 984311186362408 1334889221700516 1246045296208461 1285988811880048 1211410396180519 1531135405481812 1617560207346178 1987000666930953 1544439972113988 1945400312713593 1938349439211671 2750056336907268 2386794365640607 2518334968470827 2331041638824058 2114395895408625 2372599536841079 2835771223546534 2890833693120134 3496375950943092 2876125026262424 3655822740707558 3900602025404838 3808708449027811 3968057349425615 5200695150447295 4494157199020167 3920202980106574 3992145506791153 6568023493674145 6747879575430397 6920949970804795 4158154411790931 5290242866318627 9059360866232762 7095917665296371 6106243184454144 11409392418456837 8512443902228340 9608433006790789 7947095644616006 9582797753746670 10580126077332238 14015503683214107 11978685825449469 12883205269912510 13761332528156486 13431614002399702 11769554021032067 17202625520262190 15826119005511749 14237195101967854 13817771036668551 30749027592897308 34788320495461421 28280504871934688 19335223243722235 23690211257047629 33584942211780937 23041231835229153 19353374062522138 42992035985578533 18301730797774580 33130782914566124 21952557979261272 26938862230850300 28300881342255156 39079109115911820 24187632947458412 30547762240020478 48139774117081876 43686909056644842 31810660177321470 64909332940118518 52843021203088235 32770949782893189 53643485967289577 71746214391170680 35147986107532949 76162258458637690 31607589655474461 42723279282892369 81607900665314973 61977719531483950 67862047722111473 82719667193641144 64826343731079471 104182502687918067 44065542877676661 51892120736300304 105369937701206193 97852190310144048 47886582872176914 131829459055733375 97976952848478959 60296771212178764 56240516087881401 105815277712013088 195086952800720900 124482467824061812 113070663607722921 192320269656393209 75379529473115138 220610003244249420 112208961924721663 200302602736532463 242065845456914463 200148886996060929 48719359607488989 579697177059673011 118758622112485089 101527803087660671 111916212041167793 167600444569783971 302864079740909224 135857463582690984 30326181989842964 97464880054399962 132265834923840792 539328479392763179 157033102357748050 490348836359818712 308309387774552868 94778002178815903 101467687864066516 449252816902994312 224626408451497156 120210699679333088 68834885946073850 344174429730369250 73653287861850339 337203262544900476 103151466321735325 426918653494056194 235898983092227944 126108517833796355 269638361246603040 308087194759152060 493912437497283132 188008647052292980 214618299743286299 229272286871217150 489809074910764812 1117453313934808608 298330063062758076 680245620097154856 413766180933342362 441622981929358437 1508872699518000060 1610037210932073363 572612058898037559 1221796807503768202 695143713458946040 1581476239298822638 2639021199454947000 3861312144700931624 2484305294265418180 7235425527735208846 5253665124416975163
3 4 5 6 7 8 9 10 11 12 13 14 15 16 17 18 19 20 21 22 23 24 25 26 27 28 29 30 31 32 33 34 35 36 37 38 39 40 41 42 43 44 45 46 47 48 49 50 51 52 53 54 55 56 57 58 59 60 61 62 63 64 65 66 67 68 69 70 71 72 73 77
18 187 127 852 595 2335 1439 5038 2833 6401 2925 5261 2513 4539 1936 3241 1515 2414 1030 1792 931 1652 579 1086 521 889 377 696 340 610 224 432 213 286 150 225 127 209 84 157 76 104 45 80 34 64 23 28 17 10 7 9 7 2 2 5 6 8 3 7 3 2 1 4 3 4 3 2 4 1 2 1
18 212 209 1863 1689 10515 7681 50298 29426 144745 72742 286729 141259 561395 240746 861447 380038 1180115 452720 1530794 704114 2528956 666098 2863392 982141 3799587 1223461 4856349 1577074 6921210 1552364 8260812 2258166 7202557 2641671 8565486 3061943 14406795 3008265 18487287 3647755 16018706 3357010 16520076 3703634 26382681 3767494 17227497 3739619 2466519 1841908 3024216 1572406 844767 1380082 5559323 4245124 6726877 2107292 7003667 3914526 2630107 1932934 11597604 4341942 12577830 10449780 17958156 17028855 6175470 12350940 7089500
