2 3 4 5 6 7 8 9 10 11 12 13 14 15 16 17 18 19 20 21 22 23 24 25 26 27 28 29 30 31 32 34 37 38 39 40 41 42
1 2 4 3 1 1 2 2 3 4 2 2 6 5 7 16 20 32 25 4 6 1 6 17 35 36 42 48 53 44 17 2 3 1 2 1 2 2
1 3 5 4 1 1 2 2 3 4 2 2 7 6 7 16 21 33 28 5 6 2 6 18 37 36 43 49 53 45 17 2 3 1 2 1 2 2
2 3 9 8 3 2 3 3 3 13 2 4 15 17 50 62 712 939 7887 34 110 86 308 1409 780 5825 3362 1480 6203 4809 1150 181 1391 2 86 1 26 177
2 3 4 5 6 7 8 9 10 11 12 13 14 15 16 17 18 19 20 21 22 23 24 25 26 27 28 29 30 31 32 34 37 38 39 40 41 42
1 2 4 3 1 1 2 2 3 4 2 2 6 5 7 16 20 32 25 4 6 1 6 17 35 36 42 48 53 44 17 2 3 1 2 1 2 2
1 3 5 4 1 1 2 2 3 4 2 2 7 6 7 16 21 33 28 5 6 2 6 18 37 36 43 49 53 45 17 2 3 1 2 1 2 2
2 3 9 8 3 2 3 3 3 13 2 4 15 17 50 62 712 939 7887 34 110 86 308 1409 780 5825 3362 1480 6203 4809 1150 181 1391 2 86 1 26 177
3 4 5 6 7 8 9 10 11 12 13 14 15 16 17 18 19 20 21 22 23 24 25 26 27 28 29 30 32 34
7 49 66 69 63 41 33 19 22 14 19 12 12 8 10 7 5 3 3 2 3 1 1 2 1 2 1 1 1 1
7 49 95 130 179 193 246 208 363 319 646 504 679 699 1121 1191 1150 825 979 875 1607 627 792 2510 1255 3533 1958 3010 4565 6842
3 4 5 6 7 8 9 10 11 12 13 14 15 16 17 18 19 20 21 22 23 24 25 26 27 28 29 30 32 34
7 49 66 69 63 41 33 19 22 14 19 12 12 8 10 7 5 3 3 2 3 1 1 2 1 2 1 1 1 1
7 49 95 130 179 193 246 208 363 319 646 504 679 699 1121 1191 1150 825 979 875 1607 627 792 2510 1255 3533 1958 3010 4565 6842
