20 32 44 56
700 1039 348 2
4413 1677 361 2
1017709 288595 15516 45
20 32 44 56
700 1039 348 2
4413 1677 361 2
1017709 288595 15516 45
3 4 5 6 7 8 9 10 11 12 13 14 15 16 17 18 19 20 21 22 23 24 25 26 27 28 29 30 31 32 33 34 35 36 37 38 39 40 41 45
26 142 335 505 652 830 712 587 479 426 323 237 210 169 131 119 89 95 64 57 39 39 32 28 14 21 13 10 15 6 9 4 9 5 8 3 1 5 2 2
26 165 504 1033 2017 3852 5246 6722 8424 11217 12408 12890 16673 18744 20280 22438 22912 30713 31212 32420 26638 33488 34748 42312 29919 48538 40445 41122 67616 32324 54317 39583 68958 43826 121041 57643 49240 97771 43274 89166
3 4 5 6 7 8 9 10 11 12 13 14 15 16 17 18 19 20 21 22 23 24 25 26 27 28 29 30 31 32 33 34 35 36 37 38 39 40 41 45
26 142 335 505 652 830 712 587 479 426 323 237 210 169 131 119 89 95 64 57 39 39 32 28 14 21 13 10 15 6 9 4 9 5 8 3 1 5 2 2
26 165 504 1033 2017 3852 5246 6722 8424 11217 12408 12890 16673 18744 20280 22438 22912 30713 31212 32420 26638 33488 34748 42312 29919 48538 40445 41122 67616 32324 54317 39583 68958 43826 121041 57643 49240 97771 43274 89166
