2 14 15 26 27 38 39 50 51
25 934 683 17045 13065 28978 21608 10393 7240
1505 6572 3765 249935 187653 130989 96365 17860 12113
92936 1574030 647145 129696274440738931 207499323448415445 268718563783136830 240095914418450617 37127281377812 20973432999121
2 14 15 26 27 38 39 50
6 97 70 334 255 18 13 1
70 294 192 691 460 22 17 1
1169 22612 19214 19876895 12753526 1307941 34276 135
3 4 5 6 7 8 9 10 11 12 13 14 15 16 17 18 19 20 21 22 23 24 25 26 27 28 29 30 31 32 33 34 35 36 37 38 39 40 41 42 43 44 45 46 47 48 49 50 51 52 53 54 55 56 57 58 59 60 61 62 63 64 65 66 67 68 69 70 71 72 73 74 75 76 77 78 79 80 81 82 83 84 85 86 87 88 89 90 91 92 93 94 95 96 97 98 99 100 101 102 103 104 105 106 107 108 109 110 111 112 113 114 115 116 117 118 119 120 121 122 123 124 125 126 127 128 129 130 131 132 133 134 135 136 137 138 139 140 141 142 143 144 145 146 147 148 149 150 151 152 153 154 155 156 157 158 159 160 161 162 163 164 165 166 167 168 169 170 171 172 173 174 175 176 177 178 179 180 181 182 183 184 185 186 187 188 189 190 191 192 193 194 195 196 197 198 199 200 201 202 203 204 205 206 207 208 209 210 211 212 213 214 215 216 217 218 219 220 221 222 223 224 225 226 227 228 229 230 231 232 233 234 235 236 237 238 239 240 241 242 243 244 245 246 247 248 249 250 251 252 253 254 255 256 257 258 259 260 261 262 263 264 265 266 267 268 269 270 271 272 273 274 275 276 277 278 279 280 281 282 283 284 285 286 287 288 289 290 291 292 293 294 295 296 297 298 300 301 302 303 304 305 306 307 308 309 310 313 320
385 1515 3309 6333 9895 13245 15790 17367 18208 17906 18252 17264 17153 16282 15676 14735 14513 13506 13327 13029 12752 11868 11818 11241 10854 10498 10587 10015 9980 9504 9205 8809 8617 8390 8616 8057 7972 7342 7318 6965 7015 6469 6568 6493 6344 6005 6092 5706 5590 5467 5222 4888 5063 4697 4767 4672 4521 4367 4345 4138 4116 4001 3927 3725 3772 3344 3414 3335 3380 3076 3157 2991 2945 2770 2850 2686 2803 2517 2489 2473 2286 2200 2321 2064 2123 2065 2043 1843 1934 1699 1816 1771 1803 1601 1644 1462 1562 1436 1452 1461 1405 1296 1252 1251 1230 1239 1223 1078 1108 1083 1062 1013 1039 999 996 924 914 876 909 872 836 757 725 708 784 708 726 690 653 609 638 586 573 589 540 525 462 449 433 487 452 438 430 408 352 396 361 372 380 318 300 289 299 309 345 325 287 307 254 251 292 306 262 251 212 214 220 247 221 208 190 199 187 201 187 199 166 176 161 156 130 165 146 142 134 125 101 114 101 123 112 109 78 86 93 92 96 94 79 65 61 57 97 98 73 67 44 64 67 71 53 53 59 40 38 55 55 56 48 39 42 40 23 38 38 34 33 27 24 31 31 26 31 29 19 20 21 19 23 22 14 19 11 18 25 24 19 11 13 15 20 15 18 19 8 9 12 20 9 11 12 6 10 5 12 15 13 9 5 10 7 6 5 9 6 1 3 7 6 6 5 6 1 3 1 4 7 5 1 3 2 2 4 5 2 5 3 4 4 2 4 1 1 2 2 2 1 1 1
385 1674 4923 13059 29459 58881 104892 176807 282474 423007 641797 892859 1276409 1722432 2337231 3031846 4060184 5112311 6620052 8541322 11007616 13391189 17208297 20939970 25768377 31471026 40629863 47733828 59676160 71135134 84267886 98853113 121337629 142924387 180213418 208375014 244603641 280121301 337708935 387324944 463471958 516306187 630254294 725447752 862537995 957077695 1156682935 1279815555 1486502520 1708642225 1950880334 2125838449 2590150727 2822016329 3355378342 3747069486 4312650806 4903805414 5630638860 6341349994 7103938820 8046343582 9460029329 10228991007 12121954154 12059681393 14207501280 16003819164 18802910136 19551893776 23447707909 24881069115 28333756515 30545719122 36650346398 38318943527 45655154149 46438414524 52654331063 59708468880 63503301701 68771484342 83244791348 82822101999 97742348194 108208507063 122477304939 125018053466 148822912652 148189116367 175510894014 193415697826 224462661762 225799697824 261130690861 257447832267 320806728306 320964301521 366325162609 413283082763 441729618439 452592876685 507899627110 556852773383 635527313547 683110896981 754882366244 754398798585 857763379682 944340109893 1050606803301 1094226711154 1296034603420 1362951894594 1534038385747 1515433548040 1754247105951 1802520802117 2084466608603 2252871363980 2456560286897 2411817797580 2563691424776 2786183855737 3522560298662 3244755538379 3981554029971 4017347715643 4559251493849 4444030150706 5064901847844 5338250812675 5804762514690 6337717997628 6639330166532 7123851343272 7291443773567 7186253343914 7920865292474 9403631309842 10066036827943 10475585501555 12141413687702 11934465583768 11617796516385 14129086475103 14425374442981 15242105976811 19599648024569 17038209848030 17130235013335 18521874857191 21771134208743 22873725709112 28369181591290 30384582966581 31154080320506 33815522723587 30023099357214 32949059837179 44249944621978 49925917473386 48318031849836 50277928419423 45251932954900 49606939876287 54684026606912 64109287646973 67008598749297 70993070938024 76562777835960 78325176728851 78883252791883 93507450627276 93204283060054 113646668593147 104865014111681 119023107119330 107954707212530 122379306179275 118630013124162 156390922700549 156946890340874 167022893612969 168772732409928 166626639233464 152220616639472 171067894680798 184357601187868 233387694735849 253503988925006 265970640535794 195098147073489 237467464024618 271237222940210 296683527221687 343927042351785 375674485275668 351999159351342 275164966971952 271428237807828 288088295932000 603242463592029 675203693191167 543463626962915 516477095343614 383845874477962 542706050105080 569165068136998 717017385499786 609903818129918 657155718109871 813670900580551 630108710555320 530142922025563 910615980564037 1040319112965600 995655123083890 1071045281644804 903491284429521 925594709863072 1119595874366721 621608981638341 1161804306669057 1244036051886826 1362480635530532 1400146477452647 1174021725148745 1181374405207335 1518360615255679 1732282417220358 1627895194748042 2141470722609105 1821860030918096 1345800140291696 1576614059792748 1643070020070780 1778346555943372 2239606794614375 2339807793070638 1855528960239627 2162216773228499 1394563573072730 2634153526655550 3821525561869774 3827036178824963 3171330769981851 2386827853740820 2622795883997296 3670450122242767 5148181404454365 4212460193495536 5088421980351564 6076685237360495 2844457585897541 3477774177315330 4458896040477044 8893886044037068 3677350720914209 4786101926620873 6441391061100006 3091370993008365 5434050337054004 4036708724630176 10241062903457170 12225004706973666 10961947347582356 9469729756355298 4332942684878061 10302732499621285 6974566829585359 6463266967601680 5830464211504484 13683150201203309 10597112170886955 1412749565173450 6083921971404700 11836011176520491 12604520372469513 15461036326699654 16636527738815482 15536937015432807 2540952590045698 7622857770137094 2732873183547535 15137065116086659 26230887516543080 20895197720089198 3652430836071053 12658165585761285 9068506253801772 9744076112944168 20212818252451512 27337720215359159 11662756574046120 37132403782540236 27863400576783324 32120993539772160 33891737211338115 17873579212188627 39046000113934105 9930972392403501 11435542077822104 22871084155644208 26324435790115408 28237325330560010 15142952738857194 18671488299600364 30326181989842964
3 4 5 6 7 8 9 10 11 12 13 14 15 16 17 18 19 20 21 22 23 24 25 26 27 28 29 30 31 32 33 34 35 36 37 38 39 40 41 42 43 44 45 46 47 48 49 50 51 52 53 54 56 62 63 65 69 71 72 73
4 22 25 67 68 144 122 153 139 118 89 80 74 69 66 34 47 40 30 35 32 25 19 29 14 18 17 22 10 18 4 6 9 14 10 11 3 5 5 6 8 4 2 3 2 2 2 3 2 3 1 1 2 2 1 1 1 1 1 2
4 29 42 199 214 827 905 2048 2281 3640 3456 5040 6576 8168 10453 7909 14515 17006 13863 28312 30976 28454 23071 56059 26293 52099 47581 86444 40338 136822 28207 61881 86312 219795 172741 229541 86145 232535 158644 403532 411508 235900 124740 320254 171105 265870 189783 462094 194692 1139010 204226 294546 971630 1943528 1430440 1300156 4025116 4647040 3087735 10263438
