15 16 27 28 39 40 51 52 63 64
2257 588 23901 5086 38160 8358 17673 3725 215 28
49455 13442 437724 85156 186535 39156 35293 7283 215 28
19602845 4273609 2726965898521410042 31866541263295826 3103826371822479515 929677191905881208 10291806663850126 1693875962095725 17509 616
15 16 27 28 39 40
393 100 531 133 30 5
2598 550 1134 281 32 5
1403055 85805 96350973 9230734 8880 119
3 4 5 6 7 8 9 10 11 12 13 14 15 16 17 18 19 20 21 22 23 24 25 26 27 28 29 30 31 32 33 34 35 36 37 38 39 40 41 42 43 44 45 46 47 48 49 50 51 52 53 54 55 56 57 58 59 60 61 62 63 64 65 66 67 68 69 70 71 72 73 74 75 76 77 78 79 80 81 82 83 84 85 86 87 88 89 90 91 92 93 94 95 96 97 98 99 100 101 102 103 104 105 106 107 108 109 110 111 112 113 114 115 116 117 118 119 120 121 122 123 124 125 126 127 128 129 130 131 132 133 134 135 136 137 138 139 140 141 142 143 144 145 146 147 148 149 150 151 152 153 154 155 156 157 158 159 160 161 162 163 164 165 166 167 168 169 170 171 172 173 174 175 176 177 178 179 180 181 182 183 184 185 186 187 188 189 190 191 192 193 194 195 196 197 198 199 200 201 202 203 204 205 206 207 208 209 210 211 212 213 214 215 216 217 218 219 220 221 222 223 224 225 226 227 228 229 230 231 232 233 234 235 236 237 238 239 240 241 242 243 244 245 246 247 248 249 250 251 252 253 254 255 256 257 258 259 260 261 262 263 264 265 266 267 268 269 270 271 272 273 274 275 276 277 278 279 280 281 282 283 284 285 286 287 288 289 291 293 294 295 296 297 298 299 300 301 303 304 305 306 307 309 310 311 312 313 315 316 317 318 320 321 327 330 332 333 334 340 341 346 347 348 351 352 353 354 355 356 363
212 938 3440 6020 12705 14649 22988 21277 28414 23038 28503 21781 26067 19427 23468 17001 20902 14957 19007 13737 17742 12194 16132 11310 14717 10565 13904 9743 13149 9329 12140 8532 11488 7994 10846 7584 10129 7194 9641 6786 8913 6393 8712 5998 8456 5781 7670 5306 7160 5028 6893 4860 6592 4727 6135 4330 5904 4032 5591 3882 5304 3615 4891 3333 4768 3216 4498 3041 4391 2841 4083 2705 3910 2615 3831 2503 3568 2415 3274 2255 3215 1968 3071 1935 2933 1904 2655 1740 2580 1704 2401 1593 2379 1536 2225 1454 2049 1393 1954 1342 1929 1271 1773 1161 1704 1099 1596 1036 1556 1001 1357 961 1314 898 1240 885 1239 789 1113 769 1103 701 1006 675 1023 657 922 618 912 574 846 526 847 508 717 537 702 482 649 452 665 414 603 427 596 373 539 348 520 371 473 326 455 344 457 327 449 275 375 250 368 265 384 247 350 212 344 215 331 192 290 201 284 185 255 169 263 164 259 156 255 132 216 144 221 113 232 111 243 80 183 99 191 95 135 110 138 81 132 101 129 81 123 79 120 69 95 59 99 56 96 68 104 38 70 40 73 37 64 44 64 30 58 54 51 33 57 34 51 27 43 45 48 43 37 28 42 25 41 32 52 24 42 26 51 20 39 30 28 17 35 21 25 18 21 13 27 9 17 12 32 15 18 6 17 12 19 12 16 4 10 8 9 3 15 7 14 2 4 3 12 2 7 6 2 5 7 6 5 6 9 3 5 1 5 1 4 12 2 3 2 8 5 2 2 1 4 2 2 1 4 3 1 4 1 1 1 1 1 1 1 2 1 1 1 1 2 2 2 2
212 1004 4681 10991 33037 55986 131731 187367 382043 468501 881855 1002692 1751894 1870396 3211786 3177037 5419361 5153064 8785412 8344092 14162963 12394241 21393527 18837492 32090124 28423363 48372533 41008124 71582164 61401062 102900767 85407413 148994816 120569276 209636989 171197570 288796624 241045368 409890473 327315184 548027020 448778167 761097468 602689410 1056087108 832710739 1358981912 1061407494 1786505395 1435759964 2365646185 1862434498 3127427439 2556647146 4052011475 3150935146 5290962570 4010734804 6876663417 5299198620 8754314645 6637180369 10712509032 8080733198 14165264413 10509593903 17526319028 13150309438 23198255167 16696245053 28336867741 20447280000 35681773034 26895316015 46269256148 32614373468 55564186932 41742699471 64714288343 49674954284 85478540847 57082821611 101180165835 70386960863 127829226431 93920905785 145573562406 106454531414 187111364330 132649463171 219215021936 160171777735 271005195425 199268111097 332465911888 236027057028 380872925500 295493260083 460746808499 347293996207 582095744275 422722595415 652407715253 475234196957 817702328003 565042041527 932136150814 651599156080 1146844429251 827961619008 1296104794976 964639273377 1533298688202 1139634101007 1748970720940 1327380184925 2177168196023 1536014504060 2411367246467 1797328451233 3001822847341 2041430888095 3333749818799 2313704369302 4376108060452 3103039469114 4644103440978 3225928802328 5787008906067 3914842408565 6760138161496 4342971709768 7986542355352 5200301293791 8536935157553 6741227091473 10001806572118 7545570365309 11098863728853 8396247256351 14424058911721 9631192611585 15832177047727 11701127690973 18853900693864 12808536342147 21175997104494 13789797584646 23693934464176 19259404132587 26626647764805 18656113325521 31783811023107 24632791677608 36608747560714 28725692002878 46021124327564 29718623623050 45024411842503 32417901363612 51937121462677 40168290809732 67538818707253 44520275994095 73069393153159 46790437902175 86712139759096 59086177956279 95603942974738 60409274275137 104719320094378 78385229707063 123998067183610 86630388174012 131642776368378 82372777165561 155521960842605 98065507180475 185444212575645 125927535752730 211316248584929 116409237640750 224883662750964 151334942750837 252460961658168 154441296474782 317343006495584 170605432711014 412510735707372 133082030714381 361412297935706 199552035350602 449167497062820 232365691445674 397938062643439 350077226916032 486372967041804 297298672110178 512853680673629 426691028715931 616105120272281 404726269617178 721781893464347 496646746117042 755604679659397 494212248654316 713807652827556 444788290751666 860695379202082 605922253210534 986672031240831 729449051478032 1265760265796148 520869031064297 1091171534873170 675404555792555 1214910337223728 700008619085479 1278206102438429 941865500110421 1404126153946385 681646390282975 1659296602258495 1673603824285038 1623561500273633 1169785766842436 2146621703351248 1355064244330715 2291060805696388 1274287797011163 2284292955970256 2445931730007529 3179871409299330 3452318548524447 2973751304090325 1932581418396924 3465905084663451 2217955083330072 4243212837652745 3560545189692564 5737661590084227 2965495825093243 6177359041272916 3685943377911558 8096795376265465 3461074761771174 7361522029389357 5989566935713248 5980507121522238 3747840071680657 8279414343094490 5335848214743316 7470507784251179 5352536557781105 6470500504507183 4037860299308463 9559920779569903 3998428740118973 8458833902049526 5546743130462908 16073740264119974 8252185857044711 11004131003866599 3421285567168337 12453978155132840 8157407386141738 15651107363761953 10754925485986361 15010238053572954 4593874803210065 9974433059405726 8563661947463914 13019764613007325 3748800500504881 19809556030141872 12327021355773090 24259787153174159 3399572402394440 7317685073297706 5689692310774752 24799831149115782 4391572623365032 20594240973418619 15629556727277862 5465746367095070 14915857042867217 24854924862371426 22735058992681425 21726671839563057 28218873550118910 44259771688951124 16480356453654882 28531734649897935 6486674127079088 33391722669628926 6965850144195831 30468943620474792 105976301950614608 18506165873447204 31245634857501179 21314662465097678 93985364446798915 69636868556177724 28237325330560010 32479573071659326 16239786535829663 73428645031948387 40034853525153890 42916192074705782 23000006655487337 98600424603321960 88957384320681931 30326181989842964 192789289449291653 60105349839666544 68834885946073850 68834885946073850 78801255302666615 117949491546113972 126108517833796355 175943559810422753 376017294104585960 200882556287683159 244904537455382406 261578907351144125 279363328483702152 596660126125516152 637111947576658168 680245620097154856 1073358140621382242
3 4 5 6 7 8 9 10 11 12 13 14 15 16 17 18 19 20 21 22 23 24 25 26 27 28 29 30 31 32 33 34 35 36 37 38 39 40 41 42 43 44 46 48 49 50 52 53 54 58 64 71 83 95
4 38 72 159 200 357 307 456 354 397 281 308 194 200 157 151 142 145 83 90 52 79 39 49 37 27 19 24 20 15 22 12 19 12 5 13 8 10 2 6 4 6 5 1 1 5 3 1 1 2 2 2 1 1
4 44 116 365 615 1813 1951 5310 5346 10178 9863 19574 14760 24461 24741 36548 42872 68887 47924 62530 42906 96073 49243 108331 78141 76273 80232 105145 91583 114833 244356 90825 286490 199982 61147 340654 232219 241809 108772 246049 207153 435041 446894 126522 212696 936820 762617 173525 589092 1544620 3865868 6175470 15796476 72533807
