21 33 45 57 69
6284 35619 41016 16283 788
557715 542459 177203 34380 865
131178776173 16517357666511770419 4376749616314640143 47319082637816115 14716338
21 33 45
945 510 33
6000 1041 49
88344367 16243624 11748
3 4 5 6 7 8 9 10 11 12 13 14 15 16 17 18 19 20 21 22 23 24 25 26 27 28 29 30 31 32 33 34 35 36 37 38 39 40 41 42 43 44 45 46 47 48 49 50 51 52 53 54 55 56 57 58 59 60 61 62 63 64 65 66 67 68 69 70 71 72 73 74 75 76 77 78 79 80 81 82 83 84 85 86 87 88 89 90 91 92 93 94 95 96 97 98 99 100 101 102 103 104 105 106 107 108 109 110 111 112 113 114 115 116 117 118 119 120 121 122 123 124 125 126 127 128 129 130 131 132 133 134 135 136 137 138 139 140 141 142 143 144 145 146 147 148 149 150 151 152 153 154 155 156 157 158 159 160 161 162 163 164 165 166 167 168 169 170 171 172 173 174 175 176 177 178 179 180 181 182 183 184 185 186 187 188 189 190 191 192 193 194 195 196 197 198 199 200 201 202 203 204 205 206 207 208 209 210 211 212 213 214 215 216 217 218 219 220 221 222 223 224 225 226 227 228 229 230 231 232 233 234 235 236 237 238 239 240 241 242 243 244 245 246 247 248 249 250 251 252 253 254 255 256 257 258 259 260 261 262 263 264 265 266 267 268 269 270 271 272 273 274 275 276 277 278 279 280 281 282 283 284 285 286 287 288 289 290 291 292 293 294 295 296 297 298 299 300 301 302 303 304 305 306 307 308 309 310 311 312 313 314 315 316 317 318 319 320 321 322 323 324 325 326 327 328 329 330 333 335 336 337 339 342 345 346 350 351 352 355 357 358 359 360 361 362 366 371 373 381 387 390
250 1107 3584 7128 14079 18448 28980 32030 43919 41639 49139 41162 45896 38137 41867 33966 37767 30605 34087 27629 30538 25325 28240 22625 25668 20974 23296 19050 21653 17436 19650 15950 17771 14694 16642 13352 14867 12319 14004 11187 13117 10243 12082 9485 10965 8855 10427 8107 9331 7494 8566 6732 7963 6243 7419 5783 6820 5326 6302 4912 5864 4472 5454 4192 5321 3818 4762 3725 4488 3563 4301 3204 3890 3014 3585 2825 3444 2597 3235 2541 3155 2402 3025 2237 2711 2079 2577 1959 2575 1929 2330 1866 2240 1772 2220 1729 2074 1518 1951 1573 1878 1421 1784 1374 1659 1334 1613 1238 1494 1215 1467 1165 1438 1143 1307 1072 1313 1001 1203 972 1137 880 1066 872 1014 814 931 749 923 738 912 692 810 601 829 635 772 643 694 609 692 531 697 540 642 542 609 497 557 415 552 433 559 442 540 373 471 334 449 344 460 326 424 313 376 301 385 289 341 263 343 247 313 244 292 232 290 213 251 193 255 193 237 151 224 191 196 152 220 146 227 145 176 139 164 157 153 138 145 111 140 115 136 100 127 109 122 87 116 99 106 93 96 86 78 70 82 75 85 77 71 52 78 44 73 58 86 55 72 40 74 33 60 33 56 47 54 36 48 24 38 44 50 29 41 33 45 23 32 44 31 25 43 32 35 21 30 27 32 20 21 20 18 15 22 13 32 20 21 16 22 8 14 15 21 10 10 5 13 5 12 8 7 8 8 11 8 1 7 7 4 5 1 5 8 3 3 4 2 2 1 2 3 2 4 4 15 3 3 2 6 3 7 1 3 2 4 1 6 2 4 3 1 1 2 2 1 1 1 1 2 2 3 1 3 1 1 2 1 1 2 1 1 1 1 2 1 1 1 2 1 1
250 1193 4942 13231 36343 69080 156839 255028 517112 725899 1331045 1638724 2782997 3308677 5366258 5939311 9510681 10242564 15950477 16574750 25334394 26648719 40355899 40302766 61323329 61962548 90940427 89733459 134691828 130725788 188631170 187677183 267246033 259340828 380230838 357395994 505001248 493527418 706503515 648247269 960057244 877923886 1271443163 1151380660 1658113778 1515742703 2213079869 1992225905 2752586737 2587536228 3563659820 3118784347 4517366740 4110796584 5682692773 5138799620 7252591184 6351288895 9138080467 7811827365 11018934382 9960705752 14004624401 11858194368 17819072163 14816917020 20701828655 18127478077 25555899767 23403846588 32202886394 27494015984 37713858234 32784210872 45899055617 39210918796 56322626862 49474144530 69125705596 60931370699 87403855959 71476747978 104172643989 86984726837 122751386622 108769791695 148095905565 125650986459 187385033216 155621781539 215299713182 191878101476 270431444223 236816801666 339485039980 288029839395 391190253268 317597935848 479669478912 407766612703 562826939743 487177391036 664336575109 575218341672 792022344741 701361749379 975556030164 835741019590 1103628683891 1011671013026 1447501680012 1215238481367 1669397040213 1451368044431 1931225901108 1698556995587 2377125815328 2014749723944 2746586421682 2500898561464 3101073802369 2709099857961 3787624707217 3345160880362 4332898767758 3811190051108 4923775254010 4263432096768 6106904197036 5222374733451 7331877436371 6151942359687 7563601741181 6450925526820 10124843937605 8259830512448 11412480796647 10413575045111 11731482233362 12148705147448 15296626483832 12033514674609 18651296104280 15908897986983 20526138571665 18496392316026 24688198079491 21582245065622 27184445379958 20923608956418 32267265582450 27794523002241 40627540787768 34426198042219 45904543388598 34261756510560 46107236854497 35840372386934 57351999177966 45992457819947 69083021845878 55412948306713 76525816735506 57558271193464 80627906067207 67442913564961 99993408006740 83277877598182 101530014125856 85620459710417 126881596359628 93678975098671 137041967679074 115489828829318 154692825856027 125504192291694 182647332734252 144351431473885 176103720351350 158174981643485 217540875900333 175218765054649 257609151037549 167459218057078 277978943159171 270659807391958 288912154966889 242560120061731 377024229861138 262824839339395 495298755236892 332940991684557 431881675994339 374543078393996 465573279686351 475126754200585 530693299196160 536107815043393 573285833729923 466945246779606 643411952446317 623614277527027 773170926457243 586440171180242 851739296530664 817509637785053 973393065746363 820712958760155 1089755318335296 1028810067125079 1160354845221855 1048666758087125 1298477578555839 1184635630740168 1106636525319832 1108217221084847 1424727821067773 1505346498699424 1844762329835377 1795923307861709 1701333701282795 1455479722293732 2318462573972150 1316379338897457 2382901097312746 2331549019800500 3360847512222538 2683333273746297 3416019730672738 2063890493196909 4094014210778157 1805097585270008 3726107836806065 2608897969111062 4109057957659213 3766134706799519 4773253052017757 3633469512613662 4791496790513265 2809850277032766 4968612695736889 5767894498513336 7338756672852882 4430053029051698 6965599432933681 5701870522773451 8113851188305114 3939850405387478 8268445026696542 10834625817528027 7607929008759812 6721950803191224 12220035535975078 9083464881728684 11941131556212895 7426568822164505 11570017121800055 13195567883106446 14848008033890356 9815687007697748 11372277724969563 10391046108679147 10916027253928159 8750040995904078 17355577829025406 9082015414193624 28078460844933018 17640688356536258 19855193207757585 15876367556454694 26157904928844123 8493976721498419 20950623804374043 19714052524783867 29591084908613434 17076292036400105 15342283502614288 8320125297640055 24584118426338536 9627082266941411 26194475281082751 18232021828080908 17429201240903912 21108490243166782 25228164499954058 41235925892038302 26009679443323638 3652430836071053 29530227016654971 28381829273398277 20824874507053920 22356401036190639 5234371069753672 26586765579880638 46651026296184480 19013112136253691 19939198398354007 28890830445412830 15509813463453624 16650744660408065 9253082936723602 18506165873447204 31245634857501179 22092873310370943 48243196135510499 51755871704402577 201259047506754764 44404568142994393 45428858216571582 32479573071659326 112028929797602184 56014464898801092 147325333711918345 23000006655487337 73950318452491470 51065913784396816 113220081363984012 30326181989842964 190605537385552544 69601909738881660 149097623106992308 117113536830748059 42748078035954696 45772358543578028 94778002178815903 104924088457657282 56156602112874289 56156602112874289 68834885946073850 84300815636225119 174476250616774742 192900220384405520 323767187172320869 134819180623301520 493912437497283132 175943559810422753 229272286871217150 489809074910764812 261578907351144125 318555973788329084 726235024096220010 387632532919029223 413766180933342362 441622981929358437 471314064268398780 1005915133012000040 651688879997206959 899175348396088349 1022141228367345362 3402338855951627050 2484305294265418180 2998964447736452194
3 4 5 6 7 8 9 10 11 12 13 14 15 16 17 18 19 20 21 22 23 24 25 26 27 28 29 30 31 32 33 34 35 36 37 38 39 40 41 42 43 44 45 46 47 48 49 50 51 52 53 54 55 56 57 58 59 60 61 62 64 65 66 67 69 70 73
5 57 79 276 212 507 283 623 329 551 322 485 232 396 213 284 150 263 123 194 80 162 79 127 60 136 55 82 43 82 41 64 25 51 20 43 16 43 18 28 14 31 17 19 14 25 12 17 7 17 7 12 5 13 2 8 1 8 5 4 4 1 3 1 1 2 1
5 66 117 659 592 2678 1924 7887 5116 15217 11814 30125 17682 47632 34102 66226 42886 102583 66303 133160 67051 180112 114232 267787 147185 372518 183988 381838 219376 571142 317923 704277 276782 701239 287838 1105901 390947 1152289 653582 1143726 722376 1864519 1024000 1533505 1421080 3129768 1183372 2662030 1533597 2922979 1322075 4499754 1669525 5232810 716086 6983613 451276 6114081 4252952 4602276 6226681 1300156 6671523 1741630 2323520 18580080 4087968
