32 44 56 68
16550 44575 25279 13594
1103262 475708 115932 24275
33665759134713739697 9027418624490534998 1442074326066020118 755279583977267
32 44 56
719 235 11
2136 371 11
56367571 1657541 718
3 4 5 6 7 8 9 10 11 12 13 14 15 16 17 18 19 20 21 22 23 24 25 26 27 28 29 30 31 32 33 34 35 36 37 38 39 40 41 42 43 44 45 46 47 48 49 50 51 52 53 54 55 56 57 58 59 60 61 62 63 64 65 66 67 68 69 70 71 72 73 74 75 76 77 78 79 80 81 82 83 84 85 86 87 88 89 90 91 92 93 94 95 96 97 98 99 100 101 102 103 104 105 106 107 108 109 110 111 112 113 114 115 116 117 118 119 120 121 122 123 124 125 126 127 128 129 130 131 132 133 134 135 136 137 138 139 140 141 142 143 144 145 146 147 148 149 150 151 152 153 154 155 156 157 158 159 160 161 162 163 164 165 166 167 168 169 170 171 172 173 174 175 176 177 178 179 180 181 182 183 184 185 186 187 188 189 190 191 192 193 194 195 196 197 198 199 200 201 202 203 204 205 206 207 208 209 210 211 212 213 214 215 216 217 218 219 220 221 222 223 224 225 226 227 228 229 230 231 232 233 234 235 236 237 238 239 240 241 242 243 244 245 246 247 248 249 250 251 252 253 254 255 256 257 258 259 260 261 262 263 264 265 266 267 268 269 270 271 272 273 274 275 276 277 278 279 280 281 282 283 284 285 286 287 288 289 290 291 292 293 294 295 296 297 298 299 300 301 302 303 304 305 306 307 308 309 310 311 312 313 314 315 316 317 318 319 320 321 322 323 324 325 326 327 328 329 330 331 332 333 334 335 336 337 338 339 340 341 342 343 344 345 346 348 349 351 354 357 358 359 361 362 363 364 368 369 370 372 375 378 380 381 384 387 390
234 1292 3870 8560 15466 22734 30581 36317 40226 41371 41044 39714 39439 37751 36492 36054 34950 33742 32241 32371 31323 30205 29095 28149 27698 27166 25769 25273 24824 23996 23026 22729 22147 21996 20558 20405 19602 19538 18539 18258 17868 17753 16595 16742 15864 15617 14842 14754 14138 14465 13332 13484 12878 12637 11723 11978 11765 11689 10624 10933 10505 10383 9605 9590 9366 9753 8726 9068 8470 8420 7951 7757 7551 7650 7227 7217 6836 6727 6305 6342 6167 6187 5850 5838 5500 5443 5067 5008 4939 4935 4504 4745 4561 4335 4034 3977 3952 4099 3753 3805 3668 3614 3337 3329 3225 3285 3056 2976 2974 2876 2708 2696 2659 2644 2396 2542 2256 2283 2079 2185 2132 2073 1924 1927 1852 1758 1619 1710 1579 1631 1467 1578 1455 1474 1295 1332 1274 1310 1203 1261 1099 1151 1004 1024 1019 1117 998 995 922 901 846 864 841 821 819 812 758 728 680 670 716 693 662 650 622 647 550 570 556 570 515 481 505 485 474 453 453 422 449 409 488 444 356 371 374 344 381 335 326 351 348 288 315 301 279 295 277 286 213 266 220 249 256 211 237 231 188 215 204 189 179 186 151 201 144 153 162 145 129 143 122 149 114 133 108 117 85 110 116 112 81 111 98 95 101 80 72 102 77 76 82 82 101 94 70 76 121 60 57 66 64 58 62 47 41 53 42 38 52 36 38 47 27 44 55 36 30 30 19 27 31 28 22 34 22 18 29 22 26 32 19 28 20 23 15 26 11 19 19 17 10 20 10 10 12 16 1 12 10 7 9 9 6 6 10 8 7 56 6 9 3 7 5 2 4 15 7 3 6 2 3 5 1 5 6 4 3 7 1 6 1 5 1 3 6 3 4 2 2 6 1 1 1 1 3 2 1 1 3 1 1 1 1 1 2 1 8 1 3 1 2 1 1 1 1 1
234 1413 5442 15885 39310 83995 165138 296910 494096 770691 1175462 1711403 2436466 3379247 4679103 6376203 8446745 11165872 14313572 19291116 24411230 30589886 38620877 49326038 59622229 75653727 92793400 113591787 138386103 169455693 199972118 249082510 296088218 352927465 412231128 515483063 587192835 724445174 832065925 983059842 1134175524 1390379001 1554992686 1911261967 2151111876 2460750272 2819907233 3400215483 3682390157 4547006123 5010761991 5950867758 6694547865 7923945629 8279435965 10230283482 11563663945 13161064770 14149871033 17473223248 18924311823 21816224663 24015637316 27359389648 30114682938 37508363710 38042245669 46822474823 49535613174 56149627519 60446386877 72059083830 75260612401 91215649111 96539128408 109931240711 119458699432 136557587356 143674058694 166971078838 182801847892 207098220934 225022173613 262624500651 270743321449 308653022076 327318078567 365867268349 400203477642 457179357563 465305638280 568741062058 623292755998 644815484144 683473475260 780266314147 839090004223 998862207284 1019535281010 1160435316400 1288929984054 1459389801618 1474200025279 1627643923365 1761196000317 1988655510078 2085157219087 2321902791231 2614003555146 2765093427247 3012800940754 3179232655539 3568814936363 3972932675956 3995998685992 4766582073952 4820594394896 5167551981705 5278804690928 6506183544875 6830905318171 7366573519957 7548559507072 8051012235878 8974729052204 9397684450988 9558430484619 11166002237594 11643781967661 12774262280993 12309837854643 15040316695380 15308562970505 17661239800957 17476332407588 18833268433498 19927061456306 23055585215922 22689262920106 25877864571261 26636133658969 28202875854072 28556871091647 33399384713744 33432677363027 41495160346869 41133948057865 44626701631033 44915528546479 50729534185517 50472819128834 56208505418072 60529434500509 62819146296512 70597155951787 81130066331220 76689221717455 85422735102208 89254221297800 93340168498612 109075838638705 119424093048260 117131309890468 131542409524332 137776067867299 151201714964363 142443743521430 175724559147548 166913454757464 198733669437799 210267281421127 192273835642999 226505691506390 241804475061194 258348921756643 281185430045433 299372996028229 291144435748117 337403011894310 351812781440085 471584982826080 454882028573774 410198678953383 459369500382479 490142880801982 491097218044001 570263099520797 556688685989234 626442256929362 699979809635341 723087185303012 735105776038606 772027349414382 801871550599000 922811775277351 991411600845995 991883621674490 1111830826358449 846850024947761 1151935517631684 1244980319400093 1328815221861037 1485367104163759 1445652225523675 1577035997064930 1710682097540138 1623447381957454 1872497757316436 1936316641978740 1978424770200593 1951119430390177 2222039627084214 2069597002534110 2923147403558002 2305783356484519 2951920704380163 2883237834088770 2724734980578640 2777373649820800 3643259881636596 2858709973839804 4012343873325562 3276169646113041 4693741896565785 3800948902070697 4517009918011072 3152381429737199 5354034853604593 5593511026951737 5898186990485861 4565643488079226 7085048653518125 6401602870454922 6721618441794537 7812451763640042 6793901298661651 6701603731330715 9357788391715238 7889207464140911 9534239815518921 9645004427467640 10843276261240032 13713869675508054 13783924923796676 10732227080212058 13935730285623988 21423973605241451 12851907850200080 13446575815991778 16077913180426532 16458774953535979 17573836849368891 18198761817977396 15917582309557691 16029687511035683 21878293134630140 17549568094364605 17877795795727812 25396356758354967 18083688716528067 22220367885684665 26204611203086613 17056811627906330 32940051744721133 42218133271411915 27210029605375743 26520359585808684 28681632815781906 19035787957282881 26157005222062538 38350809623442847 36157342879863399 33655654885415890 50105900240184930 32951134978460081 27614924558680605 52143102674480648 44293647044444637 54205103224408683 75425182246017860 45416543684593723 76045559139185874 50204305441479852 61320718473578609 47133558018974887 94579078329209176 40941774557809189 76345531925200702 72404590464952066 82333506002058189 46456070276890281 105009232440377588 51619044670973544 72635394776734267 69616067390027764 111397211347620708 6486674127079088 100604191624630152 76447700704403208 59753226037733190 81379986446736687 95920276645635515 63217628555147696 65500409085839564 121858504250887289 126264179695607606 96917749116515433 841859612934539730 97438719214977978 179812045491443925 56014464898801092 153409721785732655 104409141637212563 44458102692840228 119950331763466144 528246438063855306 196245929679542344 88957384320681931 192767648747176234 99777541572374138 111823217330244231 194307508134496127 42748078035954696 219788951195020144 290800576719767403 202935375728133032 164775248454577219 513306914469453111 64325374609114550 468315667611639050 73653287861850339 394006276513333075 84300815636225119 337203262544900476 578700661153216560 399203153027876170 434075047597613641 235898983092227944 252217035667592710 800204420950303955 144117936527873832 154043597379576030 164637479165761044 175943559810422753 602647668863049477 429236599486572598 244904537455382406 298330063062758076 1089352536144330015 387632532919029223 413766180933342362 471314064268398780 502957566506000020 536679070310691121 1145224117796075118 741433159884081684 6325904957195290552 843250788562528427 2876186093737014135 1161537834849962850 2812414893122968108 1596675274490756791 1701169427975813525 2056513475336633805 2484305294265418180 2998964447736452194
4 5 6 7 8 9 10 11 12 13 14 15 16 17 18 19 20 21 22 23 24 25 26 27 28 29 30 31 32 33 34 35 36 37 38 39 40 41 42 43 44 45 46 47 48 49 50 51 52 53 54 55 56 57 58 59 60 61 62 66 67 68 72 73
25 46 89 101 144 159 185 154 160 121 149 87 87 60 101 68 77 60 57 56 48 29 54 28 41 15 29 26 25 21 28 11 23 12 11 9 12 10 16 6 4 6 5 6 9 1 9 2 5 4 2 2 1 2 4 1 3 1 1 3 3 2 1 1
27 81 215 325 806 1055 2463 2328 4493 4279 9033 6269 10285 8238 25377 18694 28992 26187 31827 46118 59379 37425 91116 63980 134274 44272 130717 117106 171928 123453 272009 126845 375657 204213 277857 228798 505454 332171 748076 262717 198598 410242 400596 609157 1504943 150350 1333218 230312 1158597 1162496 997544 551276 816904 667744 3121706 526823 4669709 1053646 1053646 7086332 6942254 6494258 6175470 6175470
