12 24 36 48 60
817 12412 44534 32705 9527
19799 611033 418492 109198 13318
3006194 2931888826501871 18092602594745544626 965690965069011870 4718776044006
12 24 36
175 639 128
1509 1907 196
150606 9593102 145920
3 4 5 6 7 8 9 10 11 12 13 14 15 16 17 18 19 20 21 22 23 24 25 26 27 28 29 30 31 32 33 34 35 36 37 38 39 40 41 42 43 44 45 46 47 48 49 50 51 52 53 54 55 56 57 58 59 60 61 62 63 64 65 66 67 68 69 70 71 72 73 74 75 76 77 78 79 80 81 82 83 84 85 86 87 88 89 90 91 92 93 94 95 96 97 98 99 100 101 102 103 104 105 106 107 108 109 110 111 112 113 114 115 116 117 118 119 120 121 122 123 124 125 126 127 128 129 130 131 132 133 134 135 136 137 138 139 140 141 142 143 144 145 146 147 148 149 150 151 152 153 154 155 156 157 158 159 160 161 162 163 164 165 166 167 168 169 170 171 172 173 174 175 176 177 178 179 180 181 182 183 184 185 186 187 188 189 190 191 192 193 194 195 196 197 198 199 200 201 202 203 204 205 206 207 208 209 210 211 212 213 214 215 216 217 218 219 220 221 222 223 224 225 226 227 228 229 230 231 232 233 234 235 236 237 238 239 240 241 242 243 244 245 246 247 248 249 250 251 252 253 254 255 256 257 258 259 260 261 262 263 264 265 266 267 268 269 270 271 272 273 274 275 276 277 278 279 280 281 282 283 284 285 286 287 288 289 290 291 292 293 294 295 296 297 298 299 300 301 302 303 304 305 306 307 308 309 310 311 312 313 314 315 316 317 318 319 320 321 322 323 324 325 326 327 328 329 330 332 333 334 335 336 340 341 342 344 345 348 352 353 356 360 364 366 368 372 377 378 380 384
349 1835 4490 8853 14894 20237 25758 29825 31901 32140 32550 30586 30087 28337 27270 25743 25795 23468 23232 21999 21326 20281 20645 18815 18678 17910 17292 16540 17088 15704 15402 15067 14635 14035 14009 12949 12897 12583 12240 11628 11988 11074 10889 10457 10284 9693 9853 9031 9306 8752 8491 8174 8427 7807 7737 7420 7210 6979 7221 6477 6485 6361 6204 5916 5907 5593 5503 5415 5235 4909 5002 4706 4599 4577 4389 4187 4324 4060 3928 3817 3605 3479 3722 3409 3328 3227 3111 3000 3105 2928 2895 2911 2762 2567 2753 2434 2400 2301 2382 2220 2218 2155 2073 2030 1824 1796 1955 1769 1719 1674 1669 1563 1622 1441 1469 1438 1348 1297 1435 1192 1216 1194 1103 1044 1155 1035 1040 948 900 843 960 841 924 834 764 761 787 702 762 711 721 685 727 611 628 602 605 591 638 541 527 558 465 473 517 455 489 427 448 428 403 370 399 376 314 297 319 314 300 271 271 254 281 254 243 217 225 220 213 208 213 204 175 173 185 186 170 172 176 149 156 134 134 137 140 108 133 128 121 126 105 105 107 114 116 106 97 90 70 74 69 87 68 63 73 62 71 75 68 51 62 54 56 44 45 52 46 56 54 44 43 46 38 43 45 44 45 32 31 36 22 37 34 28 26 22 37 33 18 28 20 21 23 24 17 15 16 28 18 30 18 15 14 12 15 18 11 13 17 16 10 12 12 7 13 9 7 13 10 10 6 9 10 6 8 6 7 6 2 12 6 5 8 6 8 11 6 3 7 6 4 7 7 6 5 4 4 4 6 6 7 5 2 7 8 1 4 3 5 1 2 6 2 1 4 3 1 2 2 1 1 4 2 1 1 1 1 1 1 2 3 2 2 1 1 1 1 2 1 1 1
349 1980 6327 16551 39899 80117 147814 266753 431445 652372 1010192 1413407 1989507 2716432 3734739 4763129 6684416 8166162 10646738 13387831 17524704 20771958 28042670 32865386 40675010 50148063 63076422 72181167 96728154 109500694 133136870 160373306 196691559 222663795 279691885 316192279 370557627 445182680 542137368 592601563 760190849 837409087 974825046 1129741528 1354894610 1466460375 1810623526 1949297399 2360490309 2627595151 3136080832 3316145872 4155247844 4472651461 5115579478 5810118893 6757823891 7203442005 9117671321 9516598014 10806881478 12513504722 14415686642 15207068207 18025185201 19938945347 22229479497 25169817889 28821584470 30061011058 36677462595 39035196101 41449067705 49667423390 56021953853 58678612384 70794376346 74350356781 81442891125 90851338794 100912007982 105921663323 134011793963 136066241032 145049721838 168042454789 187478662972 195936950239 235291820398 248193393474 272296693222 319327661846 351245574433 351615339881 433674120912 423502966933 453504149531 508563227155 595946114438 590679418095 712871816349 768653665474 809173458370 905699549924 913886719660 997609183337 1221586927496 1250694952781 1322527073085 1435909046982 1670962842793 1601207172252 2060640637744 1898217911608 2128244720793 2372657751897 2624772555896 2663852866950 3242031326393 3081650912820 3349632916801 3802669570210 4123088103775 3929332309541 5316147145195 5211936057425 5326873573856 5617286089023 6022135302705 5929694606886 7535394920977 7302136267338 8846513841011 9178945007302 9566153648325 10077420034966 11584617340619 11506950264596 12919162537267 14097030428369 16569508630888 16120236576356 19307787893867 17693014387699 19453021474230 21076603881985 24799103707834 23915189626515 30916798895522 30338780930561 28721043194729 34725854560702 31581306000527 34901314312660 45880743588433 43239757975066 48703285142932 49062528879530 54001895758830 55352095780653 63229380661523 59173478963843 68721149161901 73728138610513 69924371441281 72479996387329 85575553682021 90660372545306 90498788992320 90088923483329 101887294292477 103242578868525 128706532006350 130498030411430 119639608199623 121719391853441 140190707999620 146165417081010 166108498106785 169245915705225 178211995061769 196045515117259 182458256333598 192827189563511 242640270977938 263436732963105 249846527104314 284840005800124 325260052977610 292490022160973 325449454185254 312809913713202 347438794140957 373685820711088 399762725892651 351540360935624 463461917020172 536077593369460 502409118365851 544982850689715 504303707683760 561404129219111 636883335276049 706092540539939 761142189079895 788277339649915 766055499108793 728171913068550 746695701573823 707992574020388 733564425702151 983453747925181 810697979982303 890137228071986 1023948479899852 989979244333188 1199657554367011 1255608672777186 1413597429932833 1222894048787152 1475346081991887 1411842430908759 1570278722291033 1403946034608285 1601018323868499 1955997583095291 1626320644657337 2278876133293388 2538031642919741 2157998186993859 2254266621024652 2754591635811079 2188321218284804 2822140325588205 3667475022199029 3552409125534126 3664910473498680 2897280320806694 2949350040479019 3978399150895044 2450725875480285 4522077388297639 4455977508153116 4076303824191777 4015654899150435 3646916326234015 6529274521379399 6851242166562024 3523988165804954 6783168316018084 4773623699850386 5565590775115154 6068533241502064 7505719757118496 5083019261644242 5175639977661654 6185861753382807 11467125679623708 9281725961083663 14594579159462661 9449455335704401 8441497610112342 7863629389067557 8785584348894861 10981033649313267 12490270984204323 8231818869953067 11759134819035708 16352687698956540 15801367411147710 9974433059405726 16013119073052213 15228915626636240 10134787812774502 22419619005003596 15973168927618850 10887572951738488 24046975744201276 18159927012709950 20119735027783768 14905622804455289 22790027285101135 27056811266962743 16205318507783373 25214028483073875 21236132777165211 26230887516543080 21150044544173478 7578352997560475 53678185403241543 26260924966463943 24022405352789222 40787969518184612 38195083977063436 46651026296184480 80304571447175987 40836748830941500 22438695235531752 60937887240949584 49952233981224195 35747158424377254 68161027835464709 71695883267260521 66278619931112829 61346090096147325 63132089847803803 53605316350453117 59547520881851587 93051384027088102 103310687201566138 128185801764296410 116066745186531927 42916192074705782 161000046588411359 193900650215957614 26415807633566326 107552443241694981 88957384320681931 160279355395709580 34800954869440830 74548811553496154 239517393161999946 79839131053999982 42748078035954696 186322719265971959 153929732092895157 52462044228828641 120210699679333088 137669771892147700 68834885946073850 78801255302666615 326204141877783468 180350869961099246 117949491546113972 126108517833796355 134819180623301520 154043597379576030 164637479165761044 200882556287683159 523157814702288250 838089985451106456 680245620097154856 883245963858716874 572612058898037559 651688879997206959 741433159884081684 958728697912338045 2639021199454947000 1406207446561484054 1596675274490756791 2056513475336633805
3 4 5 6 7 8 9 10 11 12 13 14 15 16 17 18 19 20 21 22 23 24 25 26 27 28 29 30 31 32 33 34 35 36 37 38 39 40 41 42 43 44 45 46 48 49 50 51 52 53 56 60 64 69
7 62 53 189 134 275 194 379 244 375 216 272 170 149 124 127 80 90 73 69 36 51 25 19 21 27 14 19 7 12 11 11 6 14 4 7 1 2 5 7 2 4 3 1 7 4 1 1 1 3 1 1 1 1
7 71 82 475 407 1488 1226 4707 3716 10871 7729 16936 13145 19214 17663 34286 25769 41061 44999 45917 31216 52047 32646 42113 40208 68479 35510 92499 35529 73287 83402 105500 54636 175414 79042 123821 24620 86048 175155 281612 133877 231283 152882 106348 1151484 554143 300700 211116 294546 672297 281589 526823 966467 2323520
