24 36 48 60 72
4459 22829 43159 21484 8063
3035783 677819 310147 74523 11044
8937028771483550 7480974912774317073 5529900887832785179 471933445349665351 4511825536568
24 36 48
748 589 158
9858 1448 221
1098027704 40672421 568735
3 4 5 6 7 8 9 10 11 12 13 14 15 16 17 18 19 20 21 22 23 24 25 26 27 28 29 30 31 32 33 34 35 36 37 38 39 40 41 42 43 44 45 46 47 48 49 50 51 52 53 54 55 56 57 58 59 60 61 62 63 64 65 66 67 68 69 70 71 72 73 74 75 76 77 78 79 80 81 82 83 84 85 86 87 88 89 90 91 92 93 94 95 96 97 98 99 100 101 102 103 104 105 106 107 108 109 110 111 112 113 114 115 116 117 118 119 120 121 122 123 124 125 126 127 128 129 130 131 132 133 134 135 136 137 138 139 140 141 142 143 144 145 146 147 148 149 150 151 152 153 154 155 156 157 158 159 160 161 162 163 164 165 166 167 168 169 170 171 172 173 174 175 176 177 178 179 180 181 182 183 184 185 186 187 188 189 190 191 192 193 194 195 196 197 198 199 200 201 202 203 204 205 206 207 208 209 210 211 212 213 214 215 216 217 218 219 220 221 222 223 224 225 226 227 228 229 230 231 232 233 234 235 236 237 238 239 240 241 242 243 244 245 246 247 248 249 250 251 252 253 254 255 256 257 258 259 260 261 262 263 264 265 266 267 268 269 270 271 272 273 274 275 276 277 278 279 280 281 282 283 284 285 286 287 288 289 290 291 292 293 294 295 296 297 298 299 300 301 302 303 304 305 306 307 308 309 310 311 312 313 314 315 316 317 318 319 320 321 322 323 324 325 326 327 328 329 330 331 333 335 337 342 343 346 347 351 352 353 354 357 362 365 373 376 385
260 1457 4092 10326 21749 34845 62989 94470 118001 121422 128364 117576 123661 114882 115681 108517 109823 98257 100114 89561 90269 84953 86843 78205 81913 73424 71976 66271 67071 61405 64222 58943 59418 55219 54747 48022 50054 46759 47200 44910 45155 40698 41053 37159 36405 36056 35747 32905 33974 31305 29837 28028 27770 26262 27115 25560 24593 23891 22723 20630 21056 20069 19418 19688 18982 17671 17294 15942 15347 15764 15068 14505 14349 13875 12535 12194 11568 11304 11524 11011 10430 10553 9737 8856 8696 8463 8176 8429 7853 7581 7190 6622 6219 6620 6278 5893 5842 5845 5336 4914 4638 4614 4771 4474 4145 4332 3767 3553 3465 3589 3494 3421 3192 3240 3091 2844 2707 2750 2779 2548 2541 2540 2353 2230 2107 2184 2082 2019 1940 1899 1770 1667 1653 1628 1675 1526 1554 1542 1492 1344 1341 1414 1525 1283 1207 1242 1188 1153 1115 1091 1143 1102 1049 1008 965 898 867 886 899 887 880 790 758 761 692 675 732 713 652 658 598 549 540 523 551 568 492 474 489 417 430 366 394 434 391 343 343 352 363 292 287 311 258 278 213 238 213 201 198 186 184 215 173 150 168 151 123 150 130 124 147 114 143 128 116 208 206 114 107 91 114 105 90 86 95 89 75 56 76 72 68 85 81 65 58 47 71 52 54 57 42 42 54 31 35 34 41 21 40 33 29 24 38 26 32 30 43 28 34 36 21 29 29 22 25 22 17 27 24 19 15 21 15 15 16 14 10 17 14 15 18 12 9 9 9 9 11 7 8 9 5 12 7 12 9 10 4 9 8 5 8 8 7 9 9 4 5 5 6 6 4 5 7 6 5 2 4 2 3 4 5 2 6 2 2 2 1 2 3 2 1 2 1 2 1 2 1 2 1 1 1 1 1 1 1 1
260 1603 5744 18956 53060 118772 287685 596093 1105394 1720674 2903014 4027807 6385478 8559102 12732589 16498310 23807129 28988959 41440133 48905699 68240632 79821428 110950022 125583862 175403663 195131733 258169555 288707745 383069608 417124691 562874769 616192616 807022117 879987588 1142810804 1184346579 1582961352 1676862006 2184327235 2347212987 3030383016 3137861830 4048619151 4228250589 5225216229 5720541279 7033547913 7388186532 9467610984 9942264898 12060344778 12851466656 15669605822 16207531263 20618003368 21759003808 25909277241 27929463832 32857728016 34130797304 41518090170 43853948451 50073145753 57715063611 66518600943 69404962530 83465542048 87173146802 99630292047 111616509569 125628239547 136016361689 161080447100 173962092943 184620561208 209610504100 224510954919 243584939809 285565348913 312079280147 332591483913 389633449032 415696171742 435697876658 492198857656 521942398295 570375304518 676151199006 717672459484 771372780665 858739043598 909351887439 922727933057 1110104012544 1158729281853 1255135899492 1415652705030 1594440187735 1595975441678 1759037770628 1777807660159 1941434896747 2249995236791 2411217886322 2476769644219 2984620437372 2760976193111 3071417367363 3079555062294 3711078442593 3733077576952 4393891266259 4325775971656 5177625121226 5356741822924 5818347030616 5719624115692 6697985489136 7070262341665 7570368097975 8604128719759 9417036015860 9232498254138 10587460171115 10050707398595 11792389355667 12803528878171 13770143098640 14295572197021 15621009667152 15507378219137 16174018220735 17773817275839 18832485946298 21801277153168 22397589408517 25933670664359 25782456266969 30464524038478 30524898116400 29871446226354 35861316202024 42749579884641 41888991860901 47267052709536 48139797437507 52541556056853 57393053262293 59546805298569 61461320941481 78774379314544 80553324538724 85552332461940 87765036090497 93751812704020 92685631343667 99449146391843 109610310494445 126439162949769 141291443905186 156322680797657 144878183806323 160584059929702 179568087046594 168283075747702 180918123818290 224149203979886 233920745496178 272668718616276 261571884040945 274549138137904 286225469784278 262339001935856 287408510342059 375048070257944 416633441170221 391221399373807 413020434443018 454479199992375 416115283560565 487778567790843 437599638892607 563657922385037 643442779678916 663215702629033 584535991074742 713361350946681 729920603808687 729600019819880 681536391492619 770296214506679 851455017107473 903007614394705 1002413162862385 818883022072366 985822654785469 864314762194654 889502853017818 1108093689137369 1023318700579895 1104224808056720 1333201534775448 1105462767146808 1041154795404441 1108784392406231 1182446323421264 1087217229361020 1367898915435660 1214750880923851 1373991958585810 1785952869095723 1475581722849393 1964664274709833 1904709494441810 1797867086696995 3610254480808359 3460482919880551 2344836607186745 2370589878092884 2280525117863431 2949250497985258 3049434019705605 2904845620217811 2998430658633645 3404111715380183 3544342127319815 2895651008657717 2741692847293389 3517899559898871 3931221296700815 3959791775491267 5258879484227233 5261112171259540 4658328662735517 4582875066774870 3781947800253592 7358020059364158 5431377816036646 5422230838093024 6446618752000793 4749792332573078 5391627854554971 7386723763319493 5229719121791724 5511936875990725 6184337767268734 7456455379473472 4523294837914118 10467358083040376 7372874537129179 6796039158179963 7645125020649948 11661470210348607 9603542040729335 12881136753405870 10592248247724632 17743467188860464 11941495615112715 16311006301373484 18336751954170188 11860269104911853 17754782761467495 17332608008831467 17382982967471164 18453420542392971 17547383233063765 14692308313019399 28525578062965077 24109225683251403 23678688990518047 19248123502528802 27721695596288481 18460549110437080 23676941834706999 21496317634845615 24155106188908335 18043386607666921 32108461127167033 32045390376984774 29045460706706076 40325295790000835 31418212072723758 21629739808508165 26190395423258178 25832198314219935 30274130232173318 39583777419652396 27945212568147024 33965842826312953 40433087083284912 25946060368150152 61309785156709904 34828932421867764 75612924709733006 57897011680085690 68225043682984957 27384224559666581 78679211323413153 62589937160246952 57392234475645250 74024663493788816 88022972620271711 73874959787696535 110464366551854715 107921934348843102 52648871580230816 68680423785955423 88809136285988786 96341885418005509 116027292945442905 72171336865495318 97395256886931563 147325333711918345 154832404115873575 121600431258809297 52831615267132652 105663230534265304 86936222671834970 95302768692776272 136891157959789144 183898577976433138 77193971303748068 287922496215864052 91544717087156056 91544717087156056 147016930905713625 52462044228828641 116261951952540833 188756099057895644 147306575723700678 84300815636225119 192900220384405520 134819180623301520 288235873055747664 175943559810422753 376017294104585960 244904537455382406 523157814702288250 279363328483702152 298330063062758076 363117512048110005 502957566506000020 610898403751884101 1022141228367345362 1238057794119125085 2190401332423765131
3 4 5 6 7 8 9 10 11 12 13 14 15 16 17 18 19 20 21 22 23 24 25 26 27 28 29 30 31 32 33 34 35 36 37 38 39 40 41 42 43 44 45 46 47 48 49 50 51 52 53 54 55 56 57 58 59 60 61 62 63 65 66 68 69 70 72 73 74 75 76 77 78 81 82 84 85 88 89 90 91 92
5 54 75 247 260 649 453 881 498 881 499 851 453 635 379 546 253 402 214 367 183 270 171 257 114 237 151 182 102 136 110 107 55 72 45 83 35 51 40 80 29 33 31 37 20 24 23 24 11 20 19 17 7 15 16 14 4 10 5 12 2 5 6 1 4 5 7 2 4 1 8 4 1 1 4 5 1 5 1 4 1 1
5 63 116 631 794 3673 3083 10734 7600 25857 17404 56311 33328 91793 59348 141279 72481 196583 112754 320130 168449 409989 235868 554880 254211 848880 532270 1038062 594676 1312841 879745 1215591 680402 1502697 933910 2354932 981874 2277269 1478032 4229212 1485126 2745761 2550904 4739832 2652537 3906030 3943465 6629565 2595907 5135743 5014374 7391067 2490706 6996635 9353250 8215627 3439943 8126980 3862423 12518356 2262260 5798802 8433714 3483260 10720708 26258938 21614145 9263205 32703744 8175936 48535047 27756821 7089500 18578182 48528656 142168284 15796476 159261960 53087320 274103696 44108109 44108109
