30 42 54 66 78
11776 42355 28109 17261 493
843339 564721 148419 37226 493
3597930302678347041 11340255388541839389 2435426473177666629 7981959878061261 393786
30 42 54
719 344 17
2552 613 18
43771445 9463983 573
3 4 5 6 7 8 9 10 11 12 13 14 15 16 17 18 19 20 21 22 23 24 25 26 27 28 29 30 31 32 33 34 35 36 37 38 39 40 41 42 43 44 45 46 47 48 49 50 51 52 53 54 55 56 57 58 59 60 61 62 63 64 65 66 67 68 69 70 71 72 73 74 75 76 77 78 79 80 81 82 83 84 85 86 87 88 89 90 91 92 93 94 95 96 97 98 99 100 101 102 103 104 105 106 107 108 109 110 111 112 113 114 115 116 117 118 119 120 121 122 123 124 125 126 127 128 129 130 131 132 133 134 135 136 137 138 139 140 141 142 143 144 145 146 147 148 149 150 151 152 153 154 155 156 157 158 159 160 161 162 163 164 165 166 167 168 169 170 171 172 173 174 175 176 177 178 179 180 181 182 183 184 185 186 187 188 189 190 191 192 193 194 195 196 197 198 199 200 201 202 203 204 205 206 207 208 209 210 211 212 213 214 215 216 217 218 219 220 221 222 223 224 225 226 227 228 229 230 231 232 233 234 235 236 237 238 239 240 241 242 243 244 245 246 247 248 249 250 251 252 253 254 255 256 257 258 259 260 261 262 263 264 265 266 267 268 269 270 271 272 273 274 275 276 277 278 279 280 281 282 283 284 285 286 287 288 289 290 291 292 293 294 295 296 297 298 299 300 301 302 303 304 305 306 307 308 309 310 311 312 313 314 315 316 317 318 319 320 321 322 324 325 326 327 328 329 330 331 332 333 334 335 336 337 338 339 340 341 342 343 345 346 349 351 353 354 357 358 364 375
256 1353 3627 7887 15168 21812 29473 33975 39782 38552 41824 39119 39097 36782 37635 33736 34835 31730 31680 30119 30329 27494 28756 25825 26188 24712 25191 22781 23695 21793 22121 20418 20903 19242 19873 18344 18338 17118 17752 15733 16729 15414 15166 14270 14659 13328 14127 12674 12732 12311 12481 11502 11784 11040 11036 10365 10521 9710 10136 9271 9372 8945 8897 7961 8466 7798 7722 7267 7717 6928 7092 6513 6329 6331 6256 5887 6146 5780 5742 5354 5483 5225 5090 4969 4907 4693 4683 4195 4448 4177 4025 3902 3982 3686 3721 3661 3486 3381 3307 3084 3294 3003 3012 2750 2918 2877 2759 2604 2645 2475 2588 2365 2382 2354 2157 2122 2303 2001 2121 2023 1869 1901 1886 1787 1849 1741 1756 1573 1677 1540 1521 1487 1511 1475 1514 1271 1299 1366 1193 1156 1229 1209 1047 1110 1032 963 1000 850 922 904 919 772 833 799 902 738 864 669 774 666 659 583 593 570 656 544 560 550 588 427 564 436 454 469 465 439 476 421 425 441 368 367 407 314 318 348 322 271 334 280 302 258 265 267 264 228 230 224 235 221 239 181 188 215 185 160 189 141 147 162 139 143 157 127 121 152 113 108 141 118 115 108 125 143 126 89 79 130 81 79 101 79 65 79 69 56 71 61 64 63 68 53 61 60 68 67 52 42 58 42 49 44 45 30 39 30 24 37 40 48 43 25 24 35 26 29 31 32 27 27 19 19 15 29 20 25 24 17 19 19 14 23 14 15 15 13 10 10 9 8 7 15 10 14 12 7 8 9 4 10 9 11 5 9 11 8 7 6 7 6 7 4 6 5 5 5 4 1 4 2 5 3 4 6 1 1 2 1 4 4 4 1 3 3 1 2 2 1 32 2 2 1 1 1 2 2 2 1 1 1
256 1478 5121 14811 39016 80834 159561 280358 497691 736493 1193528 1682635 2466572 3363346 4880840 6032093 8730787 10789366 14453672 18452801 24455209 28583793 39075108 45534350 59972262 71205663 93062080 105247462 136693534 156577782 197868407 225696593 293249827 323565610 412885039 465451005 565776294 642520906 809173322 856213266 1110495704 1211724847 1455117773 1635887364 2010335120 2095961088 2700660286 2831138629 3501014810 3936787059 4825202188 5052913366 6216389427 6704734079 7928328846 8577235967 10479694891 10904519838 13570917462 14401879737 16921299282 18665132344 21780361186 22159546699 27753220905 28603516732 33475758269 36574430955 44701187444 44353951208 53629615155 54964109961 63073796385 70499975896 83057396443 85596383084 104660983582 109815485866 124498124744 132818620472 158282019512 165348664539 191070379652 208926466161 233422817458 253256685331 287082906580 281544822320 340959949892 359493228413 400239034194 447105023735 509359426673 516908167433 591464445854 646679169370 708659073617 781929879461 873505045916 881398911141 1077152262012 1085882620613 1208953509464 1285034682282 1497657633793 1604824771109 1803817176756 1856159884418 2081727475683 2285529398276 2614721730830 2623002524399 3003929637250 3252438709262 3282965135717 3698908704175 4466731719411 4163910961715 5096997113433 5349546140779 5435987663625 6336158552017 7058606714409 7326473375012 8642649341434 8878136359513 10037736719773 9777938347909 11733956220256 11790352772907 13337730784064 14569187523063 15941776617493 17536128920375 19568725716138 18649024799010 20711429471545 23295018070099 23245465959250 25430336231142 29999992071590 31234336091936 30141220239863 35147747791133 36340105701814 37631479351889 44665219086241 39362039089726 48575668759550 51810928885010 58885523512317 54876199679398 62788094109790 67371786236693 81700695184555 72844384944690 97284697102925 83531875311882 103398049895696 102953088531254 105756435684526 102603408875359 117873859058212 117251805107941 160007276575244 140005463088993 159760989712601 160996712027824 194922994584683 159252232102500 227780944256611 184436742850809 214768827667248 243678906085078 258325303766678 275664060241768 320441146388241 295415259764747 336605080543075 369750271718780 369557459062579 379105943966218 456057476745965 377180710599911 422207481200142 501355611558966 520567669543893 467750740609038 669842998122595 573784850932854 715055748680263 623680477095286 776089782622642 765574001607146 860877745267489 805727278878445 906912923770438 900819906554480 1048216024181867 1047118511548866 1238166385156393 1058022140430173 1181677508614353 1477216935575872 1465260029424350 1263615292858210 1629676890291416 1239723333496814 1484891829266024 1823627337911027 1665871815216655 1717643525626155 2167021614781386 1947225484755312 1930918204999335 2611000975248894 2106384861295192 2098390915593958 2840078063938169 2686899327370118 2864784456712991 2889312350296308 3838155893808020 5009691936948987 4109195076994686 3488201858706720 3002768789645090 5296603111803237 3993893754833114 3969358727254752 5575242923534494 4664387701062725 4361072081777418 5653940970638244 5101732889206280 4622534287754899 6922126417275708 5913656196226026 6514017432897816 6601697612577124 8167209900043852 7363933302002315 8437752852055784 8890158628007765 11034877903414047 11068865440181468 9844694086815593 8254814733720354 13080628036283726 9958071880818561 12126800840687225 12249494790705779 14231421688847286 10033857749233587 15433196604660279 11772763513756005 10785846904252498 17299499026551354 20441028918512200 25451792040788435 25672476801100623 15493250193536291 15034870760715183 24471733091784395 20165972615977211 24158345174644002 27452371862019864 32883962892548828 25662739665230838 28352489822713815 23793995912036368 24721829366468114 20311726216378609 45513435193723244 29382669066513611 45837753025827440 42237690620649956 36046480287120068 37179337591993832 45980251968496017 31077269165948448 58111985854772094 38867906993651298 45968628660705951 42641550636269185 44999082127495937 35948747262827847 50031376279696995 37891764987802375 36213698554697817 30795178093364829 70378291410511676 50532045631128780 82013160646077477 75599532136227325 55251695428826781 52372569033749447 70685931310587816 31570310233339704 106754220566347460 82012573107995264 114426442519082719 51107579642308181 111242577397127980 145563264347938858 126264179695607606 97874193886737734 88809136285988786 112581671953835172 102136293604248506 128185801764296410 112028929797602184 125867237674565454 111916212041167793 119950331763466144 132079038167831630 137746676290120661 28305020340996003 129953173405866616 129953173405866616 266211159937740367 162506774616954669 177040873159065448 294033861811427250 49005643635237875 52462044228828641 116261951952540833 60105349839666544 326136384382532050 289794749531624867 315205021210666460 84300815636225119 264651685597324365 373251090345504766 192900220384405520 220615720850585544 228257351971406744 126108517833796355 4305503117156143475 288235873055747664 329274958331522088 175943559810422753 214618299743286299 244904537455382406 558726656967404304 596660126125516152 726235024096220010 387632532919029223 572612058898037559 1161537834849962850
3 4 5 6 7 8 9 10 11 12 13 14 15 16 17 18 19 20 21 22 23 24 25 26 27 28 29 30 31 32 33 34 35 36 37 38 39 40 41 42 43 44 45 46 47 48 49 50 51 52 53 54 55 56 57 58 59 61 62 63 64 66 67 68 71 74
3 32 39 115 91 217 166 276 149 241 141 175 107 142 89 124 83 108 76 83 49 72 35 59 38 58 33 50 21 36 20 18 24 19 14 25 15 9 9 13 4 8 18 4 8 8 5 2 6 5 2 4 3 4 1 6 9 1 2 2 1 2 1 1 1 1
3 40 59 321 278 1198 1141 3633 2459 7429 4959 12563 8424 18304 14015 28590 24065 47921 36149 59862 46622 84937 54978 123208 91525 197506 97046 354246 96848 293548 129938 196672 278668 299489 180051 642833 363260 279160 177227 487617 153296 596777 567483 389449 681924 853529 796823 300250 1066811 1091040 351499 966843 852621 1211573 281589 4304286 3996363 772310 2822512 2658748 966467 3900468 2600312 3483260 4647040 8175936
