23 35 47
964 911 170
3687 1292 173
1196782 231196 3301
23 35 47
964 911 170
3687 1292 173
1196782 231196 3301
3 4 5 6 7 8 9 10 11 12 13 14 15 16 17 18 19 20 21 22 23 24 25 26 27 28 29 30 31 32 33 34 35 36 37 38 39 40 41 42 43 44
32 129 308 484 554 537 496 437 369 295 229 201 171 147 116 90 95 71 44 44 57 45 28 23 29 20 11 13 20 14 8 5 8 6 2 3 3 3 2 1 1 1
32 144 463 1044 1732 2477 3886 5236 6610 7758 8533 12414 13807 15691 16316 17602 24187 21855 20429 24864 38427 37383 31280 39419 59356 49801 30662 45994 78804 76628 44148 58936 67606 69113 36984 121716 65720 95486 52030 52030 37338 37338
3 4 5 6 7 8 9 10 11 12 13 14 15 16 17 18 19 20 21 22 23 24 25 26 27 28 29 30 31 32 33 34 35 36 37 38 39 40 41 42 43 44
32 129 308 484 554 537 496 437 369 295 229 201 171 147 116 90 95 71 44 44 57 45 28 23 29 20 11 13 20 14 8 5 8 6 2 3 3 3 2 1 1 1
32 144 463 1044 1732 2477 3886 5236 6610 7758 8533 12414 13807 15691 16316 17602 24187 21855 20429 24864 38427 37383 31280 39419 59356 49801 30662 45994 78804 76628 44148 58936 67606 69113 36984 121716 65720 95486 52030 52030 37338 37338
