1 2 3 4 10 11 12 13 14 15 16 22 23 24 25 26 27 28 34 35 36 37 38 39 40 46 47 48 49 50 51 52
3 4 6 4 15 38 43 49 69 75 54 141 319 531 994 1589 2332 1643 6227 9417 10300 11075 11462 12205 7073 6389 6987 5145 3159 1709 748 180
22 5 16 13 17 53 76 70 92 139 128 234 623 1229 2450 4171 6758 4939 19430 28086 29065 30066 29690 29604 16421 9100 9330 6413 3695 1916 751 180
101 76 211 67 115 1101 1087 781 3996 13946 13786 2992412 934865 2530522 48031410 685165631 11560175133 100089495233 5451754250224440 21489019362876235 78779754073068164 73100437235379099 66598582633483620 263998857921987736 211131579437842553 525863464282329 174049800959225 25775765973202 2591418552425 136280410431 2808714588 8029253
3 14 15 22 23 24 25 26 27 28 34 35 36 37 38 39 40
1 2 1 4 5 2 3 4 7 3 16 3 9 12 11 2 1
1 2 1 4 8 4 4 5 8 3 16 3 11 12 12 2 1
10 21 4 437 15521 480 102 830 31345 7 100 2460 3400 1303 2529 46 385
3 4 5 6 7 8 9 10 11 12 13 14 15 16 17 18 19 20 21 22 23 24 25 26 27 28 29 30 31 32 33 34 35 36 37 38 39 40 41 42 43 44 45 46 47 48 49 50 51 52 53 54 55 56 57 58 59 60 61 62 63 64 65 66 67 68 69 70 71 72 73 74 75 76 77 78 79 80 81 82 83 84 85 86 87 88 89 90 91 92 93 94 95 96 97 98 99 100 101 102 103 104 105 106 107 108 109 110 111 112 113 114 115 116 117 118 119 120 121 122 123 124 125 126 127 128 129 130 131 132 133 134 135 136 137 138 139 140 141 142 143 144 145 146 147 148 149 150 151 152 153 154 155 156 157 158 159 160 161 162 163 164 165 166 167 168 169 170 171 172 173 174 175 176 177 178 179 180 181 182 183 184 185 186 187 188 189 190 191 192 193 194 195 196 197 198 199 200 201 202 203 204 205 206 207 208 209 210 211 212 213 214 215 216 217 218 219 220 221 222 223 224 225 226 227 228 229 230 231 232 233 234 235 236 237 238 239 240 241 242 243 244 245 246 247 248 249 250 251 252 253 254 255 256 257 258 259 260 261 262 263 264 265 266 267 268 269 270 271 272 273 274 275 276 277 278 279 280 281 282 283 284 285 286 287 288 289 290 291 293 294 295 296 297 298 299 300 301 302 303 304 305 306 307 308 309 310 320 321 322 323 324 325 326 327 328
274 976 2032 3025 4048 4737 5279 5312 5348 5184 5126 4867 4771 4638 4478 4293 4229 4137 4050 3915 3809 3680 3609 3510 3434 3354 3280 3111 3065 3004 2919 2827 2756 2718 2613 2536 2468 2418 2396 2352 2262 2242 2205 2089 2039 2043 1969 1917 1855 1771 1813 1757 1702 1675 1672 1578 1542 1528 1484 1466 1429 1390 1388 1330 1284 1255 1204 1148 1148 1102 1090 1057 1035 1011 998 953 943 903 904 881 889 840 830 823 790 750 740 756 745 730 707 691 655 641 633 633 616 605 601 586 550 522 523 497 470 463 437 443 424 431 399 393 372 380 357 368 356 347 341 329 345 334 316 312 326 310 302 288 291 263 265 255 253 239 245 226 233 197 208 189 186 173 182 177 184 165 176 159 153 144 157 145 144 136 142 135 128 128 131 126 115 130 119 119 108 110 96 100 90 95 91 87 80 78 76 72 75 74 66 67 62 62 60 61 55 56 54 53 50 52 50 47 45 39 47 46 40 41 47 43 43 38 41 37 38 33 34 27 28 26 29 27 25 27 25 18 20 21 22 22 21 22 21 19 18 19 17 17 16 18 16 16 15 15 9 10 10 11 11 10 9 8 8 7 8 8 10 9 7 7 7 6 5 4 6 7 6 6 6 6 5 4 4 4 4 4 4 4 4 5 4 3 3 3 3 3 3 2 1 1 2 3 3 3 3 3 3 3 3 1 1 1 1 1 1 1 1 1 1 1 1 1 1 1 1 1 1 1 1 1 1 1 1 1 1 1
274 1027 2932 6280 12543 22197 37685 57902 87937 127019 183824 250900 347138 466339 617271 805208 1066626 1382149 1777751 2264669 2863871 3585320 4514594 5519236 6857599 8462249 10440681 12461821 15237498 18382760 22271532 26612284 31502806 37905364 44909658 53152594 62821318 74267278 88757472 105545963 122329099 144453641 169261345 191416703 221891265 263154842 298294227 342116107 395888099 445175527 529807395 611617977 695830482 796401942 939225483 1035558327 1186426877 1377822232 1570136022 1789393199 2024165320 2294236219 2648003414 2968645394 3335614866 3683612586 4077322074 4504382699 5141138304 5622407243 6365936032 7056180300 8053756262 8942056673 10227675451 11160408326 12707930667 13698711948 15722517786 17293010811 19845215168 21216768332 23893740349 26925969938 28905887197 31475084409 35021142054 40158653687 45224422713 50617730511 55686702575 62051100264 65709830274 73549951283 82110065884 93345821223 101682811335 111384220739 124833562570 138322495060 146298628530 156265435805 175397296968 186247533378 201759193063 216371875593 229715892754 259454969133 275351112316 311590772723 324725201741 349932468362 369836201950 421477275734 434877124667 498075456617 535076202396 586962101889 641847913456 690879159850 817668902468 879734597255 942573757958 1030997019144 1176555490909 1241542525280 1370547432537 1449039400576 1620675491699 1639146661944 1840958371506 1940570665319 2165661354582 2234266956445 2512509743477 2598605840722 3027694438627 2755414375302 3276458614514 3183569249880 3510762367977 3668062214265 4166813033031 4428600922618 5146510979501 4919853297050 5950245903654 5920791043729 6231645580124 6297952067237 7717209922360 7676428505712 8266354370112 8694724064474 10025133569550 10488753551477 11010261725017 12226018438823 13572898591718 14776468439298 14502147404651 17895816775576 18103250619914 19999759940274 19636653597367 21980221241632 20554216666346 23819079306288 23443028466586 27507260230439 28340773333999 29960859351202 30704948423223 33311707340242 35167008396218 37111871859473 41529437928850 45398495447565 44825129093410 47307184834105 48543262961265 53190985685192 53888618176423 60451461314736 60485613901476 67842145128320 70171353591781 75715317634218 77715737486224 88114589834870 93047224525790 94784140967557 103482885158407 92746427391246 122582974077041 127236973035406 124716946230425 134218147159772 168357024859768 166500539569854 189688362254613 177818506317360 216139194048310 206297352171356 240064030458755 215670971327603 248520731288545 206895408293170 239543050044237 236394606869667 292738693870368 289719084793717 298082148649595 333243441262535 348213669841482 271440810256828 315907500457690 359762683802378 423929871798364 440762016329625 493338995743809 539157190473403 581226836627649 555634955949660 575507292872709 656234419934809 642444129037322 696665620245187 714617229207794 866355714793685 820245961948245 888829000076104 906849462251514 977688461243009 572482471604691 680326257881326 736608683743562 880980875610427 953550821899311 926646678792474 896805029370561 864375249442474 944369751996967 887398734076071 1104494374213775 1194193700066063 1629575674597500 1578379171373874 1339827736288766 1447727229327516 1564084976920599 1440255016599720 1286339756010835 1141413575000915 1813856847668331 2297093030914715 2113811493358386 2281419730578417 2461970283194139 2656436504574093 2406317305179888 2060913995338910 2222775475711554 2397020182913566 2584571079139570 2786418153501084 3003623166505078 3237324719857962 3488743677366348 4663949064838330 3974700599764992 3312674497808329 3567987203627272 3842477951476763 4137550931163115 4454710550875800 4795568431525517 3399572402394440 1896564103591584 2040825852575075 4391572623365032 7086657436013133 7622857770137094 8198619550642605 8816789381788665 9480413601446991 10192752035960319 10957292508213159 11777766484468266 4534253126900886 4872038056472084 5234371069753672 5622992691950605 6039763882095515 6486674127079088 6965850144195831 7479565078510584 8030248384943040 8620496275465025 9253082936723602 9930972392403501 10657331232548839 11435542077822104 12269218019229465 13162217895057704 14118662665280005 15142952738857194 30326181989842964 32488293351466654 34800954869440830 37274405776748077 39919565526999991 42748078035954696 45772358543578028 49005643635237875 52462044228828641
4 5 6 7 8 9 10 11 12 13 14 15 16 17 18 20 21 22 24 25 26 28 29 31 37 43
2 5 5 15 8 11 7 7 3 6 3 4 3 3 1 2 1 2 1 1 1 1 2 1 1 1
3 8 11 50 37 98 68 135 65 202 126 336 315 401 135 462 385 770 627 792 1002 1575 4872 3010 12310 31185
