19 31 43 55
3580 37741 46833 11838
71756 405463 165480 16328
593856667 8373704401057985341 2702281740965738613 25440153890347
19 31 43
510 404 15
2187 649 15
70484039 18814972 2422
3 4 5 6 7 8 9 10 11 12 13 14 15 16 17 18 19 20 21 22 23 24 25 26 27 28 29 30 31 32 33 34 35 36 37 38 39 40 41 42 43 44 45 46 47 48 49 50 51 52 53 54 55 56 57 58 59 60 61 62 63 64 65 66 67 68 69 70 71 72 73 74 75 76 77 78 79 80 81 82 83 84 85 86 87 88 89 90 91 92 93 94 95 96 97 98 99 100 101 102 103 104 105 106 107 108 109 110 111 112 113 114 115 116 117 118 119 120 121 122 123 124 125 126 127 128 129 130 131 132 133 134 135 136 137 138 139 140 141 142 143 144 145 146 147 148 149 150 151 152 153 154 155 156 157 158 159 160 161 162 163 164 165 166 167 168 169 170 171 172 173 174 175 176 177 178 179 180 181 182 183 184 185 186 187 188 189 190 191 192 193 194 195 196 197 198 199 200 201 202 203 204 205 206 207 208 209 210 211 212 213 214 215 216 217 218 219 220 221 222 223 224 225 226 227 228 229 230 231 232 233 234 235 236 237 238 239 240 241 242 243 244 245 246 247 248 249 250 251 252 253 254 255 256 257 258 259 260 261 262 263 264 265 266 267 268 269 270 271 272 273 274 275 276 277 278 279 280 281 282 283 284 285 286 287 288 289 290 291 292 293 294 295 296 297 298 299 300 301 302 303 304 305 306 307 308 309 310 311 312 313 314 315 316 317 318 319 320 321 322 323 324 325 326 327 328 329 330 331 332 334 336 337 339 340 341 344 346 348 351 353 360 361 363 368 370
326 1599 3803 6919 10213 12976 15444 16887 17945 18437 18605 17654 17485 16204 15771 14857 14469 13313 13319 12173 11875 11601 11010 10360 10183 9615 9396 8975 8665 8163 8081 7648 7542 7261 7099 6734 6753 6352 6157 6010 5790 5720 5702 5393 5176 4991 4831 4603 4809 4430 4479 4341 4210 4029 4005 3820 3759 3665 3578 3540 3390 3308 3298 3155 3092 2928 2878 2893 2731 2759 2647 2472 2594 2420 2438 2288 2237 2253 2172 2158 2041 2011 1921 1926 1887 1813 1697 1685 1677 1579 1687 1566 1538 1526 1404 1450 1404 1371 1291 1308 1197 1245 1196 1152 1164 1110 1021 1021 1012 1052 1053 1016 938 913 949 867 856 882 771 766 772 732 748 737 674 699 686 641 680 660 631 604 608 543 579 564 541 551 530 448 462 465 443 444 485 430 402 416 406 387 367 357 434 344 382 348 332 333 328 325 358 306 300 283 260 304 255 250 277 249 259 224 252 229 180 211 226 201 215 182 163 215 197 173 192 169 168 146 145 167 174 143 150 128 127 113 157 129 120 133 125 127 104 119 116 102 114 98 114 75 84 95 86 105 81 92 90 73 93 75 81 80 64 61 56 74 77 46 49 57 63 47 56 55 52 42 52 41 35 51 58 42 35 38 43 51 45 32 42 30 36 30 25 37 33 27 31 35 26 27 28 40 25 23 15 16 16 16 19 17 18 15 20 17 23 12 8 20 17 11 19 6 6 15 11 19 12 11 15 3 10 11 9 13 3 14 5 2 9 1 2 8 6 8 7 6 3 4 5 6 2 9 6 6 4 3 7 6 2 2 1 2 3 3 1 2 2 3 3 4 1 3 2 3 5 1 2 3 2 1 1 1 1 1 1 1
326 1742 5369 13580 29289 55905 100029 168015 268130 419367 627641 881151 1250078 1677807 2286383 3016565 3979113 4945057 6567405 8002740 10189701 12893109 15663670 19150464 23859971 28242347 34895594 41573645 49412995 57992806 70584903 82734905 98405477 116264118 137166672 159733167 193760262 218498192 255586563 298820744 347822267 409730373 485793838 554136550 628476113 710516909 817177343 919975730 1130105803 1216073437 1480381389 1654943962 1921353744 2162931162 2492733486 2801003317 3165852361 3611941155 4056024455 4733756584 5293224704 6045157122 6882063792 7479025818 8638918744 9302656458 10754665073 12243319501 13487299398 15830865428 17489612583 18592860798 22171825411 23778999459 27396932309 29010587258 32932972730 38110191671 41808868715 48602147632 50724141140 56259287858 62253735810 69951965229 79957030730 86582271862 89359434616 100517569208 112221581712 121646040453 149630705935 154832948382 169827786502 188623403370 200181832171 232184545628 254360222702 271269204137 291065347741 334010418571 343364092857 397261749264 415721286241 470052840544 547276410221 574728520971 598375471506 661835902945 711954620987 877580248074 968980601687 1011454471957 1038634955680 1115974086004 1350809289197 1342691386431 1503806360637 1714526771467 1648064531710 1825985376001 2110733320997 2138608707081 2422291383206 2667175711189 2826358142014 3247060647902 3470183794554 3438894724738 4089265315927 4526992448484 4898628901605 4957866696365 5487268440719 5639234171585 6647988752187 6975944121129 7394080078850 8334148703599 8890691284151 8810719961076 10286410095674 10492647478494 10983870162594 12033223157661 15428890682375 14252795282992 15200634178988 16420557907633 18067822139910 19473879085109 20562115481800 21159913291899 29232132717052 24550012564688 30914037882902 29788944486668 31897716213534 37289541271916 37338820901530 42086820680682 52251115010410 46736780508750 47592268973678 52413558210328 53527508314477 66889210773160 59682936742409 64295098681559 79674554199707 80963653301335 90205175700760 82888556387825 103090214317933 101925224652025 88623031662887 114231941702665 125732327348209 128871484086230 149930960874255 145610427781820 136331287334933 197905855017866 196089054226199 184191304114818 227777670701976 210334943604982 243245276001962 238728536774333 231798941475391 309616242266387 327339335741151 312685532462965 356213342907285 321034590968380 376885787232917 331695375598606 541997191907446 486065516814160 448461209990979 578526032265606 579814660776476 628580950426124 603685838035236 749808763757629 776681301116233 714700444981676 846402238462959 839769280163040 990377930000724 685089977247794 933051641889197 1046491630560143 1029255662246801 1475900881306262 1344537504995062 1469425751328108 1682662207228351 1407377241150338 1947279979703404 1660234352556132 1880505749511650 2049189091121030 1758518840047654 1836289458236796 2024525272235113 2548990440560037 3120773500192814 1963247501996165 2206259998464091 3022563972465112 3188018240798929 2720024868494020 3465604546824454 3542301605232013 3342805907166812 3117867038191891 4525848032518544 3731998364015044 3585502291093605 5651839878103532 6178278367699374 5327120822550292 4796304101884976 5650804456553914 7171781662375902 8398651068971060 8304727868143293 5701203466615378 8754827306971900 6461478416792970 9335338778180175 7518902804076404 7223944366605611 11447610038646107 10461777811385656 9019027931719141 12627958833467901 15130337945302619 11739047782638464 13410408129496590 14439816776834040 22979460118439112 16606011789074839 14385328227005284 11210303322113610 11767510030513951 13190496729766860 15230161092246554 18689839587643041 18455425241825963 19824584170629603 17945754130878472 26484638979607763 21649138457072481 32697616391875980 19339822696354375 14037764865118563 36572431103702766 32008185549727906 23624339736999954 43963463538076562 16036235516398392 17096335573593522 41998685595244027 31504001291697025 59930090633200576 42743915286801393 42589737270924244 57285173472499294 12364699218663612 44083072875753696 56775532029809018 44984437715514300 76001546331929939 18119291646286545 89025796799172940 33870898686745669 14445415222706415 77549067317268120 8620496275465025 17873579212188627 78092000227868210 62491269715002358 111242577397127980 94819040388206276 88563525762090972 42355987995840015 59547520881851587 80102098882175846 99787506409613242 36085668432747659 177464963937239343 128748576224117346 136458129314789576 96950325107978807 79247422900698978 194356716972112667 206219788982359865 64976586702933308 67289248220907484 37274405776748077 77193971303748068 128244234107864088 134292795123110752 49005643635237875 104924088457657282 108618646341702930 180316049518999632 188756099057895644 275339543784295400 78801255302666615 270526304941648869 192900220384405520 330923581275878316 589747457730569860 126108517833796355 298161533907449862 527830679431268259 401765112575366318 244904537455382406 279363328483702152 441622981929358437 471314064268398780 536679070310691121 741433159884081684 843250788562528427
3 4 5 6 7 8 9 10 11 12 13 14 15 16 17 18 19 20 21 22 23 24 25 26 27 28 29 30 31 32 33 34 35 36 37 38 39 40 41 42 43 44 45 46 47 48 49 50 51 52 53 54 55 56 57 58 59 60 62 63 64 69 72 74 76 84
5 31 41 136 95 224 143 234 147 234 143 189 87 123 71 139 64 83 46 74 22 50 30 46 39 30 19 33 13 26 14 26 16 24 16 17 9 7 3 16 9 8 5 8 3 2 4 11 5 3 3 1 1 2 1 2 1 3 2 1 2 1 2 1 3 2
5 38 69 336 294 1263 1017 3229 2486 6890 5081 13407 6511 15351 10425 36569 18032 34205 21922 48549 17133 50954 38920 100182 75411 121132 75243 145576 63171 233797 77604 243341 213265 336559 272914 590939 251417 205821 98181 694753 460027 466933 330376 1155988 301862 300700 389834 2009272 917174 441819 762617 204226 408452 888338 281589 1335488 902552 2031745 1430440 715220 2243010 3483260 6175470 8175936 17764161 31592952
