1 2 3 4 5 6 7 8 9 10 11 12 13 14 15 16 17 18 19 20 21 22 23 24 25 26 27 28 29 30 31 32 33 34 35 36 37 38 39 40 41 42 43 44 45 46 47 48 49 50 51 52
1 7 8 9 16 14 21 19 19 32 39 29 36 51 57 124 138 206 281 396 602 915 719 197 395 718 1181 3231 3615 3470 3310 3211 2947 5485 8239 7637 8270 8822 9418 4730 1086 936 824 690 596 3345 5629 3968 2393 1277 531 96
2 19 13 12 26 19 31 23 36 41 63 42 62 89 92 197 243 373 509 846 1510 2522 2054 376 886 1790 3260 8574 9001 8280 7683 7306 6343 13763 21943 20258 21078 21400 21444 9995 1832 1535 1292 1017 787 4441 7281 4790 2745 1367 531 96
12 111 100 94 258 122 205 104 145 157 461 306 2926 2095 14340 36710 17554 428324 1037083 3739929 29937193 268359278 3366285790 534593 1590187 17170501 978335100 14555166032181726 44706981195802527 26970423387883016 19780949720405486 4521242970925959 963858951592940 649102842144920 2441533395511233 18409261318472681 31040298025052676 25979196505898497 28393945894543075 57406729937806953 928853195102737 671390863662936 188730307580152 62288129085504 11808337071783 138759592731631 100128273243130 14037728735862 1338576560381 65722145153 1128667711 2437490
3 19 20 21 22 23 24 25 27 34 35 36 37 38 39
1 2 3 3 3 4 2 3 2 1 5 2 1 3 2
1 2 4 3 3 4 3 4 2 1 5 2 1 3 2
4 122 1289 667 341 32 564 164 116 10 1027 53 1 1009 146
3 4 5 6 7 8 9 10 11 12 13 14 15 16 17 18 19 20 21 22 23 24 25 26 27 28 29 30 31 32 33 34 35 36 37 38 39 40 41 42 43 44 45 46 47 48 49 50 51 52 53 54 55 56 57 58 59 60 61 62 63 64 65 66 67 68 69 70 71 72 73 74 75 76 77 78 79 80 81 82 83 84 85 86 87 88 89 90 91 92 93 94 95 96 97 98 99 100 101 102 103 104 105 106 107 108 109 110 111 112 113 114 115 116 117 118 119 120 121 122 123 124 125 126 127 128 129 130 131 132 133 134 135 136 137 138 139 140 141 142 143 144 145 146 147 148 149 150 151 152 153 154 155 156 157 158 159 160 161 162 163 164 165 166 167 168 169 170 171 172 173 174 175 176 177 178 179 180 181 182 183 184 185 186 187 188 189 190 191 192 193 194 195 196 197 198 199 200 201 202 203 204 205 206 207 208 209 210 211 212 213 214 215 216 217 218 219 220 221 222 223 224 225 226 227 228 229 230 231 232 233 234 235 236 237 238 239 240 241 242 243 244 245 246 247 248 249 250 251 252 253 254 255 256 257 258 259 260 261 262 263 264 265 266 267 268 269 270 271 272 273 274 275 276 277 278 279 280 281 282 283 284 285 286 287 288 289 290 291 292 293 294 295 296 299 301 302 307 310 315 316
269 946 2115 2995 4260 4578 5463 4904 5360 4627 4997 4392 4793 4185 4509 3854 4297 3705 3962 3423 3761 3261 3566 3107 3420 2912 3225 2819 3052 2650 2859 2517 2783 2344 2616 2218 2517 2172 2366 2015 2286 1897 2118 1807 2013 1709 1892 1645 1841 1606 1755 1526 1687 1478 1630 1379 1535 1327 1438 1274 1375 1209 1312 1146 1271 1083 1195 1024 1123 997 1087 953 1047 899 973 842 912 769 863 759 828 723 811 702 758 667 719 634 694 609 645 574 619 553 617 526 582 504 539 474 511 457 496 438 475 408 456 390 419 379 410 357 398 340 390 324 352 292 338 273 321 260 298 247 264 235 288 221 266 211 248 202 218 178 214 168 205 173 201 158 187 169 188 152 171 146 162 139 164 142 162 135 157 129 140 121 124 103 117 96 104 89 102 77 95 77 86 70 81 65 83 68 69 62 71 58 61 50 59 43 50 52 60 52 61 49 54 48 49 50 51 43 50 44 47 41 43 40 33 29 34 24 25 24 22 20 26 21 27 20 24 21 20 18 23 15 16 15 15 11 12 12 16 10 15 12 14 12 13 13 14 10 14 10 11 11 12 11 10 7 10 7 6 5 5 4 2 4 4 3 5 6 6 5 6 6 7 4 3 3 2 3 3 3 3 3 2 2 1 2 2 2 3 2 3 4 4 4 4 3 2 1 2 2 1 2 2 2 2 1 1 2 1 1 1 1 1 1 1 1 1
269 988 2968 5998 12681 20775 37449 51939 85061 110209 172485 218810 333782 406005 594780 691860 1033053 1170791 1662228 1873905 2666798 2982488 4192837 4654534 6529499 6918260 9650982 10565312 14296191 15382047 20532506 22360011 30174206 31133046 42088921 43539353 59773346 62266362 81946878 84094561 114235999 112993821 150814165 154863396 207837709 206858110 271967752 280484744 373447981 381425853 492624031 501648305 654552699 666947861 860375644 846537847 1107908080 1094646623 1399609104 1427579842 1815442190 1811081019 2286309717 2275992917 2990449900 2884584517 3773012229 3668168152 4700215734 4721267430 5888517299 5905270041 7647164858 7457582791 9216460761 9008229003 11348204268 10887195839 13790641447 13577229351 17435873667 17113434403 22045674956 21813164418 26830915251 26436734601 32765809593 32335685177 41537209531 40225814744 49379238455 49146010285 60570654411 59161775907 74488796402 70368613884 89117922526 84949686868 103054305795 101783264866 122748656858 122386331445 147979441587 145614074015 178591948768 170313899933 209842322945 203022752409 243962461319 246197628455 299916156903 294013684391 368580080633 355582841677 453583478969 425606434341 505972247759 475594043121 605520231881 556544565300 736733783614 650982775518 814311233197 767017719864 909556646500 897332107003 1209741856201 1033385554137 1388021336284 1223585100585 1600882220715 1454615997604 1766094542886 1573813760442 2092173152291 1823607906723 2369221530964 2213097604131 2925888423663 2496535520891 3229530349439 3232832049426 3950717407728 3487673947292 4342149064743 4153831749669 5048164454354 4745407755690 6110910335285 5795025912679 7144673357803 6804263240317 8756697088774 7985994620216 9597965851124 9015693893890 10360719355787 9351868117057 11253475424338 10793974329295 12778855061487 11738086278441 14540458364937 12191107457540 15907819612191 14794792992236 17190516266146 16890688642018 20295930282145 18413299807039 24156126704538 22127256305593 24400878613901 24514997744168 29865835721439 27642566060775 31282705364115 27071882073255 36687382885230 28670610218410 35812280600171 42405862444979 52316964779533 49096704437670 62837502545365 54859690474338 67498888453868 64273482236151 70211405222767 81585602769476 87390922140131 80519621386765 102510046094366 99766810468181 116164895580787 112826019113208 126296321742281 134472406050711 116423452628435 109000972228452 144041219029878 109573789761006 126835348773956 133148066184190 126484597373270 121887627055523 176882482551655 157091789571860 228048636623507 176784319102215 234926611392231 224603040653936 226402012102494 224187679683329 306345229741082 221446150681157 240790505540281 246286232076085 256156893662495 204492702261277 241583965326628 262233716770332 378809951712894 256638343097622 416494697948765 365913803073035 463429883504370 430307552170483 500922456752578 549824054697064 643714222411225 494237645830368 747071209903143 584721420546380 694094742481349 751630443396245 885108761921993 880980875610427 876865453716386 670188347855559 1026745215150738 784468916210656 733983099939333 649711664189182 702559596179111 614722930080283 338593444783108 718218391953632 761400813071396 625000356322922 1119654502735293 1440255016599720 1555572457263414 1410646276253494 1837021881058884 1958238766666035 2452665757607066 1491972377267703 1215380437720070 1345024585306706 991483869521692 1565172060578064 1730018024841504 1820347507966398 1962733662629955 2115970030440914 1558101259124334 1679223460733628 904760108316360 1949668739889250 2100394979862234 2262477007877212 3655123049532999 2624103601632430 4238248695520350 6083921971404700 6549175877348684 7049113732229076 7586256414366336 6122477557725225 4391572623365032 2362219145337711 5081905180091396 5465746367095070 2938929793929555 6320275734297994 6795168023973546 7304861672142106 7851844322978844 4219388528587095 4534253126900886 9744076112944168 5234371069753672 5622992691950605 6965850144195831 8030248384943040 8620496275465025 12269218019229465 15142952738857194 21458096037352891 23000006655487337
4 5 6 7 8 9 10 11 13 15 17 19 21 23 25 27
1 4 2 6 2 3 1 4 3 3 3 3 1 1 2 1
1 7 3 21 10 26 11 73 94 172 371 622 385 490 2004 1255
