18 30 42 54 66 78
2481 14041 39564 26555 16733 613
837340 1146858 551077 145393 36181 613
15621980918 4317239541779941741 20179959139249597710 2994568336473898235 10749842027996740 1118156
18 30 42 54
770 930 348 20
32141 3987 685 23
1787013478 80532389 12595693 2201
3 4 5 6 7 8 9 10 11 12 13 14 15 16 17 18 19 20 21 22 23 24 25 26 27 28 29 30 31 32 33 34 35 36 37 38 39 40 41 42 43 44 45 46 47 48 49 50 51 52 53 54 55 56 57 58 59 60 61 62 63 64 65 66 67 68 69 70 71 72 73 74 75 76 77 78 79 80 81 82 83 84 85 86 87 88 89 90 91 92 93 94 95 96 97 98 99 100 101 102 103 104 105 106 107 108 109 110 111 112 113 114 115 116 117 118 119 120 121 122 123 124 125 126 127 128 129 130 131 132 133 134 135 136 137 138 139 140 141 142 143 144 145 146 147 148 149 150 151 152 153 154 155 156 157 158 159 160 161 162 163 164 165 166 167 168 169 170 171 172 173 174 175 176 177 178 179 180 181 182 183 184 185 186 187 188 189 190 191 192 193 194 195 196 197 198 199 200 201 202 203 204 205 206 207 208 209 210 211 212 213 214 215 216 217 218 219 220 221 222 223 224 225 226 227 228 229 230 231 232 233 234 235 236 237 238 239 240 241 242 243 244 245 246 247 248 249 250 251 252 253 254 255 256 257 258 259 260 261 262 263 264 265 266 267 268 269 270 271 272 273 274 275 276 277 278 279 280 281 282 283 284 285 286 287 288 289 290 291 292 293 294 295 296 297 298 299 300 301 302 303 304 305 306 307 308 309 310 311 312 313 314 315 316 317 318 319 320 321 322 323 324 325 326 327 328 329 330 331 332 333 335 336 337 338 339 340 342 343 344 345 347 351 352 353 354 355 356 361 363 368 371 376 385
288 1582 4311 11222 19726 32768 44954 56769 63503 83811 87426 88166 112968 107524 101646 94587 88838 81642 76716 71187 66163 62403 58043 54474 50178 47303 44283 42129 39219 36938 34725 33425 31087 29582 28473 26566 25416 24878 22969 22375 21459 20275 19459 18742 17819 17410 16511 16014 15248 15050 14018 13900 13473 13037 12463 12386 11676 11662 11244 10771 10610 10663 9804 9656 9828 9211 8956 8652 8378 8337 8001 7661 7595 7329 7047 6995 6949 6733 6292 6362 6022 6096 5959 5669 5697 5625 5100 5149 5134 4879 4669 4629 4573 4432 4323 4010 4064 3996 3794 3774 3728 3516 3374 3440 3261 3263 3145 3049 3057 3028 2697 2763 2833 2587 2556 2531 2405 2423 2390 2133 2175 2149 2022 2042 2119 1950 1852 1938 1860 1826 1755 1664 1672 1672 1487 1564 1565 1544 1384 1464 1325 1341 1221 1214 1171 1185 1042 1119 1114 1004 979 1035 908 950 930 858 847 849 767 791 802 743 687 791 653 636 643 581 659 592 522 550 579 543 478 506 472 518 471 449 455 451 407 365 401 423 357 350 353 348 309 323 338 362 241 305 298 258 239 275 230 257 247 251 214 249 180 247 217 222 159 189 176 209 142 159 158 185 143 152 165 165 157 162 111 135 121 139 116 111 136 121 106 124 89 106 95 105 71 67 78 88 56 83 63 81 67 74 61 71 49 62 48 57 39 52 43 45 29 36 42 32 50 28 28 28 23 34 21 40 24 28 20 19 20 26 21 36 15 25 19 22 15 19 13 19 11 18 6 7 3 11 8 24 16 11 6 14 7 8 12 16 8 12 7 15 6 11 10 8 8 9 4 4 5 4 1 8 5 4 3 3 4 6 1 5 2 7 1 2 1 4 6 4 3 5 2 3 2 2 31 2 2 2 2 1 2 2 1 2 2 2 1 1
288 1733 6030 20425 49114 122329 231600 454146 748492 1446105 2165312 3444996 6301677 8421784 12350178 16919954 23100365 29832527 39535868 49864445 64036679 79000356 99234315 122549247 147260451 176566559 214802627 256142926 301034432 352944157 418745277 497940788 574894841 656950435 770548248 893464218 1013481101 1175241149 1325281481 1555573152 1757036789 1974465091 2244768832 2539080589 2888605715 3236418907 3631571465 4244383307 4565992024 5241424134 5807584732 6586261494 7286549509 8437634047 9150307542 10643369405 11704417771 13499498706 15000489343 17267046548 19289668834 22422550660 24136683346 27653048382 31426988163 35503182755 38645065308 42962845949 48861878285 54775420170 60150472815 68863300537 76602821374 82616896552 93390398860 105298499948 115776193819 134120156226 139027043552 161064973617 176534983091 201693796380 217876586640 238724813476 265912367851 303496554560 323004862751 359552004975 396895504380 438515380337 457906151881 514410598827 602639986030 631953923554 702172907754 769370790360 845486684085 921013984465 1022924400436 1101138113410 1246761987582 1361663069790 1414136311472 1603860668736 1746277680961 1927775811996 2072155736679 2314156623096 2478451395074 2827662305895 2874014077409 3262251404881 3562223710096 3824442288862 4078353600744 4475243763431 4850770003653 5568284814510 5789576384790 6100252907675 6685149826381 7312476309738 7630973780803 8426500956993 9936233420533 10627654140673 10879776602620 12474664713547 13485797063692 14668923695979 15398121876376 16571925586361 17814276980873 19539281587237 20032088898869 23447784891379 24547383019081 28119627867742 27185204384682 31559144085479 32919457327623 36753042346563 35741370668295 41620949926952 42718208245668 46149848855851 45532686742977 54690132854172 56862266464333 60820049580722 61652037510594 70783362689682 70026820481285 79705888904757 82405074207380 90140318232303 96314232845867 102472840917138 101754465850929 121062893914659 123628402630339 134165438782023 143984775088363 167264096063968 153062486618149 162935961733904 175906402372344 180464388478457 211092165432923 201443576614092 196887426232956 241571794601318 269995664540176 272645283003896 261928428096074 296126293731530 318625887561904 378384803120966 361166537991175 396917597740970 415019281660715 440551320265693 457001409619515 431185903196709 507539180620660 573538816977793 556329979644737 600957963827910 655824315415765 694095679234846 674050687795225 820533567147591 867113807599655 1053138161824404 758798241825898 1060540541209944 1040390653184946 1093161996092745 998661940842004 1289977448687844 1152899182244987 1514271751717294 1479962566454791 1831968558635115 1529951005164475 1844680135352116 1487522562165249 2539055909163647 2163523708836069 2594803900619099 1773269447044914 2404364401553275 2359123328603788 3239743462435608 2190200913640092 2801330387553886 2826083603661214 3887231022765592 3098627261927717 4081144343792821 4122521695166656 4945981856271154 4552691474187209 5435903313360906 4065976582125588 5426619880972774 5008457474278930 6869339101730407 5474166867493695 5807898390049099 7149779325200055 7621986179350464 7132113378628978 9520623787425771 6817926416343383 8928417329148663 8444100564254815 10925889417823081 7880883205013080 9149065101954675 9499108866478316 11980944690816771 8169627232948173 14053298196086897 9895090375976813 16633793254842584 13319507354186808 15371781408639087 15056425626158196 20825985426258134 12835228660952095 18708250554692753 13792270177474929 20286295323469662 14978398396480975 20371871012148121 18414318519890460 21097707629857103 14285882962917394 19460907426913581 21800299338831396 20305884803896067 31798555504301344 20305944401514654 24539746447789888 22720227515422552 20494280168750340 31451255259966640 24670825666631991 42773354945183467 26325414178384646 38165341057676150 26820992699434195 29267150816528612 31833458392972983 41765019700376575 36261999576922981 82291677781423456 29405025963725139 56328642980354883 44786003138040009 53221114730441477 41408859583696996 58329111870312317 36145521217264015 65129174538563938 36423639552503399 63195286808436154 23008550318099794 35920232187600144 13602759380702658 69027151692226884 40063303491621436 128345257029466659 94969137352948600 74264807565080472 40357572813824757 114535891913021814 63140620466679408 67783474422676230 107874061934390339 179198023076147933 84532291020245374 144770992785321027 82549822368976811 216613705209355056 83755531221457729 204831307828960393 158010530170406754 182160832686079189 146857290063896774 192098636847909964 85832384149411564 108832390804898901 123250530754152450 103897529051529468 28305020340996003 260808668015504910 162441466757333270 134578496441814968 111823217330244231 154387942607496136 208083365161864070 308309387774552868 49005643635237875 251941019363370907 112313204225748578 468996555536955587 64325374609114550 128650749218229100 73653287861850339 331703702211341972 613604186830873849 385800440768811040 296051686706140845 551539302126463860 235898983092227944 521855396914195750 288235873055747664 298161533907449862 5103761854138592364 376017294104585960 489809074910764812 523157814702288250 558726656967404304 298330063062758076 637111947576658168 680245620097154856 471314064268398780 1073358140621382242 1482866319768163368 1798350696792176698 1238057794119125085 2190401332423765131
3 4 5 6 7 8 9 10 11 12 13 14 15 16 17 18 19 20 21 22 23 24 25 26 27 28 29 30 31 32 33 34 35 36 37 38 39 40 41 42 43 44 45 46 47 48 49 50 51 52 53 54 55 56 57 58 60 61 62 63 64 65 66 68 69 70 72 73 74 76 77 78 79 80 81 82 84 85
10 81 97 520 384 1975 1190 2742 1562 3248 1590 2924 1385 2639 1147 1962 792 1730 674 1243 537 1112 472 835 297 700 329 519 220 594 217 398 130 309 149 260 97 260 123 182 51 177 65 109 39 117 39 89 4 57 32 28 2 43 28 43 34 16 14 1 20 23 27 25 16 3 15 9 21 16 9 3 1 9 6 6 3 1
10 99 157 1240 980 8594 6185 29426 18683 79620 42662 166942 89523 321392 141299 507830 213301 799368 307150 1041248 430975 1521762 594031 1933422 745574 2712081 1039367 2986312 1240051 4593499 1740378 5764185 1704688 5642836 2346025 7922879 2894076 11746185 3973622 12293544 3339731 14578580 4121841 18345925 4851221 20746356 4546649 19262158 1089942 19217820 4950861 13917872 551276 16831105 7293440 33211381 38857138 7822786 21111288 1430440 40420167 21334088 81183228 93194024 24906005 41799120 53766254 24117201 194527305 275198671 42274845 32356698 9289091 191416500 48709584 278672730 72792984 20506255
