5 6 17 18 29 30 41 42 53 54
50 29 1542 493 28783 9103 43351 13383 2642 605
384 246 6747 1843 206198 60234 128458 38587 2771 609
19443 12924 29103396 3565349 1547907183438756882 113646709820597090 1723781931350242752 528774054515299028 1359817760 74703949
5 6 17 18 29 30 41 42
2 1 106 36 263 73 7 1
10 1 275 82 396 109 8 1
228 8 671857 54252 38640002 1048244 4432 1
3 4 5 6 7 8 9 10 11 12 13 14 15 16 17 18 19 20 21 22 23 24 25 26 27 28 29 30 31 32 33 34 35 36 37 38 39 40 41 42 43 44 45 46 47 48 49 50 51 52 53 54 55 56 57 58 59 60 61 62 63 64 65 66 67 68 69 70 71 72 73 74 75 76 77 78 79 80 81 82 83 84 85 86 87 88 89 90 91 92 93 94 95 96 97 98 99 100 101 102 103 104 105 106 107 108 109 110 111 112 113 114 115 116 117 118 119 120 121 122 123 124 125 126 127 128 129 130 131 132 133 134 135 136 137 138 139 140 141 142 143 144 145 146 147 148 149 150 151 152 153 154 155 156 157 158 159 160 161 162 163 164 165 166 167 168 169 170 171 172 173 174 175 176 177 178 179 180 181 182 183 184 185 186 187 188 189 190 191 192 193 194 195 196 197 198 199 200 201 202 203 204 205 206 207 208 209 210 211 212 213 214 215 216 217 218 219 220 221 222 223 224 225 226 227 228 229 230 231 232 233 234 235 236 237 238 239 240 241 242 243 244 245 246 247 248 249 250 251 252 253 254 255 256 257 258 259 260 261 262 263 264 265 266 267 268 269 270 271 272 273 274 275 276 277 278 279 280 281 282 283 284 285 286 287 288 289 290 291 292 293 295 296 297 298 299 300 301 302 303 304 305 306 307 308 309 310 312 313 314 316 317 318 319 320 321 322 323 324 325 327 328 329 330 331 332 333 334 335 336 338 339 340 354 366
327 1238 2701 4692 6519 8108 9546 9800 10307 10128 10174 9989 9770 9234 9104 8444 8550 7814 7810 7317 7306 7006 6881 6877 6617 6346 6163 6016 5966 5565 5538 5403 5357 5265 5249 4900 4899 4698 4670 4474 4231 4201 4125 4057 3972 3822 3841 3716 3592 3546 3381 3323 3261 3124 3047 3057 2969 2911 2957 2757 2756 2651 2548 2417 2434 2323 2255 2302 2148 2099 2121 2065 1954 1909 1886 1829 1837 1765 1707 1678 1632 1574 1625 1540 1443 1440 1471 1429 1368 1285 1246 1201 1272 1193 1273 1121 1132 1076 1076 1021 1027 960 967 932 938 940 899 885 874 873 789 777 756 714 696 736 745 613 684 671 624 580 592 580 534 487 595 565 505 490 504 430 465 421 412 396 420 444 392 377 382 361 351 334 323 325 298 283 318 295 309 310 256 246 253 246 260 225 238 223 229 217 211 204 205 194 205 191 178 175 179 190 163 155 169 143 144 137 144 127 112 150 143 124 119 123 115 109 105 102 107 85 111 101 98 96 78 88 78 79 84 71 64 69 69 62 76 65 59 60 68 56 61 51 51 53 53 50 46 41 35 41 47 30 32 45 35 34 37 34 35 21 30 25 27 17 21 24 21 25 29 22 21 20 23 24 13 17 20 14 18 17 17 15 24 16 13 4 14 10 12 15 16 10 14 14 12 5 7 11 14 9 10 8 9 4 4 6 3 1 5 4 5 7 4 6 9 4 5 1 2 2 3 5 3 3 7 4 3 3 1 4 5 5 1 2 3 1 2 2 1 1 3 1 1 3 2 3 2 3 1 1 1 1 1 1 2 3 1 1 1 1 1 1 1
327 1329 3884 9413 19395 36690 64737 102505 163723 241171 358703 514273 718358 962089 1313516 1664791 2263162 2774555 3668133 4564351 5931722 7369858 9215019 12034271 14630424 17789659 21871923 26164838 32816742 37871554 46865790 56340158 68611579 82052924 102389142 114971256 142759538 161886545 192102178 221615111 251412779 301682163 355282457 408589643 487401870 557115834 671076132 759759750 877212225 1006018140 1135653295 1308598273 1483727311 1728023384 1937529209 2254109587 2616489643 2900047295 3492550334 3816101369 4376153756 4781751654 5473054361 5986033269 7067660777 7471268692 8663863410 10131749374 10654579407 12317606051 14223293956 15743721114 16638475356 19045227612 21485760069 23764129934 26872663697 30311014544 33993309974 36937314645 42050598898 44185027265 53033927293 56322654233 61880930230 67086860719 78928296617 87895962297 94114835434 100600537423 107602797594 117329951330 142036282327 151217237396 179824664085 179416448435 203175500962 214118665390 248839136842 263224149994 295801651783 310383146000 349157450784 377631973336 431578870646 473628730065 509077539192 575492734589 604849964477 673231049278 695407565942 806838509578 808807726870 872195613931 937567368740 1120238155643 1278811055471 1161613267661 1479808480800 1575909265474 1616927010530 1663779009992 2064106032945 2074589923241 2152954283626 2123598888616 2941123144476 3080287036200 3164877894099 3319275823935 3747671634006 3601224060809 4326536305015 4318788830074 4542032065351 4965433564473 5615664084665 6668879335416 6585554332914 7044694940678 7552975738177 7943605629150 8760585112191 9339285132685 9583299857683 10294915573859 10526462756627 10913738626176 13457626591777 14453937085273 15785475133557 18172280973855 16601612310648 17507376337101 19721787685301 21269834356221 23606138156298 23247535759035 26709591599431 26917200452591 30439992977043 31776816953219 33940948866718 34552937870549 41797261148792 43490752342105 50135795549045 51682643868887 48853254635456 49937702012397 62699403650664 70093025969780 70909501245425 68397850602757 81919890900193 72358532949762 84799752093729 88776216109430 103326648421630 99642010949060 88927002631210 133164822959250 140022066503351 139198158718101 141273667459228 162040016399673 170866857278533 165592433722979 179401790625881 188020375172488 210334378054590 163573730601118 257148342654412 272258294591623 263849686719871 285618108656561 254864452995688 305330946789172 292650459768107 338410896377015 413220717508086 367110495613122 345585090999803 411184181983900 447363005857752 443269603767276 603861226524947 553323867208310 501229749210918 566669697937704 697890551301829 606755823780612 770978525866182 646922465956771 758216928522510 813106700400602 868633337928793 876594798073031 953682765975436 862144810695390 872922182351760 986066896251410 1357936378445268 854306503643214 1016359710505017 1617522102281219 1341715306947647 1297713340035592 1610365805006746 1540614944183771 1805683357393161 1282332109172734 1816620377009907 1668271632540058 1826071381972690 1303901427625018 1867887775704825 2241048407810678 2047741957639754 2850300027109223 3475098214693503 2879973886041343 3108151727701491 2692465651031100 3768677629879845 3795229166250236 2113964401709160 3145078890483004 3962623620286062 2848881025549480 4541583914080602 4461751644664095 4571341181210568 4459736023265508 7476659248417777 5753499414390954 5714464005703704 1520946487052278 6502835273009706 4819714592660192 6085266827042140 9045828097809701 10213481742865314 5992550457283915 9723338830024881 10318285999053560 8849954162383035 3955814248615482 6203024002315428 11277566869565910 13954422517528945 9938023493424987 11486656731197514 10028027151670310 13523309065591090 6083921971404700 7837529417227867 10448686134623516 5555406640240437 1896564103591584 10669010640197698 8949578080385259 14709515206150227 18362429910825397 11549662565336200 18297202983235656 30103363818205405 14354876520199932 19356119482028741 4219388528587095 9068506253801772 10106409126225756 21714727523408554 29365277030187755 19460022381237264 20897550432587493 51329525680944582 32120993539772160 25861488826395075 27759248810170806 9930972392403501 42629324930195356 56399499543837255 60512414154739964 13162217895057704 28237325330560010 45428858216571582 17414180133147295 37342976599200728 40034853525153890 23000006655487337 24650106150830490 77481721417963142 28305020340996003 30326181989842964 97464880054399962 69601909738881660 111823217330244231 79839131053999982 128244234107864088 49005643635237875 52462044228828641 56156602112874289 60105349839666544 64325374609114550 68834885946073850 147306575723700678 236403765907999845 84300815636225119 90175434980549623 103151466321735325 110307860425292772 117949491546113972 298330063062758076 651688879997206959
3 4 5 6 7 8 9 10 11 12 13 14 15 16 17 18 19 20 21 22 23 24 25 26 27 28 29 30 31 32 33 34 35 37 38 39 41 42 44 45 46 47 48 49 50 51 57 58 59 62 89
3 11 16 45 58 72 46 77 44 55 48 41 33 41 33 32 31 18 14 14 10 22 8 13 13 13 4 3 6 4 9 5 5 3 4 3 3 3 1 1 1 3 3 1 2 2 1 1 1 1 1
3 15 31 124 190 367 372 991 794 1495 1885 2378 2706 4696 5539 7859 7483 7456 6045 7827 7322 25786 10352 22588 32792 38090 11781 11172 23573 20586 60947 43956 44460 47414 76433 67644 157036 158456 62370 74676 112014 275957 383220 105558 316674 272027 659862 772310 772310 1430440 34262962
