10 11 22 23 34 35 46 47
127 793 1071 12450 4104 44823 3097 33531
1755 8067 15375 219962 23211 256756 6221 64088
115791 466048 18950212276 2441958026416 225112167295555469 8991015610870686387 1917244474687755 14143959251275152
10 11 22 23 34 35
12 71 29 269 6 39
31 216 56 627 7 44
272 8368 288690 3145312 817 84628
3 4 5 6 7 8 9 10 11 12 13 14 15 16 17 18 19 20 21 22 23 24 25 26 27 28 29 30 31 32 33 34 35 36 37 38 39 40 41 42 43 44 45 46 47 48 49 50 51 52 53 54 55 56 57 58 59 60 61 62 63 64 65 66 67 68 69 70 71 72 73 74 75 76 77 78 79 80 81 82 83 84 85 86 87 88 89 90 91 92 93 94 95 96 97 98 99 100 101 102 103 104 105 106 107 108 109 110 111 112 113 114 115 116 117 118 119 120 121 122 123 124 125 126 127 128 129 130 131 132 133 134 135 136 137 138 139 140 141 142 143 144 145 146 147 148 149 150 151 152 153 154 155 156 157 158 159 160 161 162 163 164 165 166 167 168 169 170 171 172 173 174 175 176 177 178 179 180 181 182 183 184 185 186 187 188 189 190 191 192 193 194 195 196 197 198 199 200 201 202 203 204 205 206 207 208 209 210 211 212 213 214 215 216 217 218 219 220 221 222 223 224 225 226 227 228 229 230 231 232 233 234 235 236 237 238 239 240 241 242 243 244 245 246 247 248 249 250 251 252 253 254 255 256 257 258 259 260 261 262 263 264 265 266 267 268 269 270 271 272 273 274 275 276 277 278 279 280 281 282 283 284 285 286 287 288 289 290 291 292 293 295 296 297 298 299 300 301 302 303 304 305 306 307 308 310 311 313 314 317 318 319 321 322 323 324 329 330 331 333 334 337 338 340 343 347 348 351 353 356 371 372 378 380
316 1791 3591 6320 10211 12112 15035 16846 16755 16670 17222 15329 15190 15340 13559 13217 13270 11896 11817 12144 10607 10445 10901 9422 9541 9676 8738 8476 8692 7699 7746 7837 7169 6890 7121 6361 6306 6465 5848 5681 5944 5215 5264 5463 4889 4827 4991 4337 4404 4520 4023 4013 4148 3573 3611 3688 3384 3285 3466 2985 2954 3140 2826 2665 2976 2566 2538 2810 2361 2253 2576 2087 2094 2191 1988 1829 2147 1715 1815 1879 1651 1609 1845 1430 1450 1611 1341 1344 1517 1233 1274 1394 1187 1125 1263 1017 1039 1166 926 993 1053 853 897 981 842 801 935 689 788 831 694 675 804 616 659 736 615 605 722 546 547 622 485 482 568 433 425 495 411 385 455 392 371 409 347 326 381 310 313 351 302 272 327 259 261 277 238 233 300 201 235 247 228 226 242 205 205 240 206 171 221 179 163 174 147 142 173 160 143 162 126 149 157 132 134 158 103 114 138 101 102 143 98 99 115 88 82 92 75 96 91 71 75 69 67 71 77 65 67 59 75 50 62 56 48 58 40 38 50 46 35 40 43 26 40 33 28 32 29 20 26 33 19 29 31 22 28 24 20 27 24 24 33 14 17 33 15 16 28 19 25 26 26 24 21 24 18 24 12 16 15 13 10 12 19 10 10 7 9 13 9 7 10 10 2 15 6 2 4 5 3 6 8 6 9 5 4 7 3 4 3 2 6 8 1 2 7 1 1 9 3 7 1 1 6 5 3 4 2 5 1 3 2 2 2 1 2 2 2 1 2 1 1 2 4 1 1 3 2 1 3 2 1 5 2 1 1 1 1 1 1 1 1 1
316 1902 5199 12165 29230 52132 94123 163030 251722 366263 575260 757889 1059803 1537930 1907392 2505998 3430068 4142029 5328878 7331139 8543161 10621879 14445943 16110103 20440191 26344402 31025636 36102003 48224110 52274249 64147912 80595584 91647060 102924526 134632880 147443825 172290584 218217397 243460213 271942879 353237454 375376531 435788638 546415752 611717070 692797696 849890116 874557920 1008974432 1261286604 1360879572 1543491559 1881557286 1950448960 2174388292 2683802028 2881067864 3127988090 3911662452 4032456598 4585986161 5556497358 6001366578 6415331045 8112746422 8258624336 9032854850 11764032014 11729801887 12241356022 16330506449 15222389605 17078791469 20891071762 22000934546 21902952849 30803414451 27453694924 33143924440 38242725079 40091060731 43199977379 55769653795 50967354528 56305935114 70963061002 71279550739 74801818901 96332102649 92639327845 103820715290 131870295994 128862701079 133800313803 164553617550 158142524519 177779594440 221281299822 205815614236 242921775419 278228582168 261104576239 287124862441 367691247914 372822012350 358438587555 499816144915 436840625164 508995880961 601562540390 590580528366 585288233089 818011564238 726770976243 829915234293 1029492564536 1024002168205 1034884177601 1445579874699 1232444831202 1240861854264 1678676513689 1496738473046 1524717575547 2117878911266 1813070631173 1889324670839 2494797692774 2403185417307 2306297703828 3190136022412 3090263375975 2969397669832 3788875260880 3860535296819 3652458117795 4740669602198 4386538162125 4338833435443 5699639705130 5901713307818 5393834105164 7032292867328 6856850966020 7260533756958 8395553137236 8430421411106 8467165590186 12349509679507 9547613833929 11116757105267 13307725643596 14145829831185 14239026464055 16979920829550 16490619458300 17734678158522 23136276679103 22365189969481 18770490253301 27499117640738 25865339828658 24597228862612 28385761986443 27782327803936 28709729672299 37712007331347 43591490595220 35012687447318 49352766117692 41175115736437 55777345997046 59653272234333 61826734633382 66551869585800 82970418497453 60613333066726 64299214205120 93521616378595 73707394866430 77604965423949 119318199237169 97100859215756 107776349612007 121243627317074 102554653947939 98663132319884 132696642605963 117167068436397 170246008270490 163933520994920 150158724922727 166096525615447 161113280227829 179504832662039 194873123870498 253019390733264 233546298880170 255910344095029 231725752259914 347197693529648 242400087311758 306445145102902 336731048866736 275787249572578 382735187952608 306316365185080 297032817855550 408903765096407 424191716849517 311967852817014 398898307160086 531741441450688 329717566579673 576309204376703 552046198016183 516908547134308 569390214566657 620851859748003 448471161540903 553739208277993 891027243124610 469845485930928 776782232527104 1037742183238589 773211701041286 1002764213061955 1037817700782312 877489483717242 1140882055445692 1308431104544757 1335588476288016 1993671016687218 913963788713033 1438649563034934 2395724685210060 1140702376110850 1446812969304447 2571777886346166 1905276015828324 2928610396552113 3364752662555567 3262237777755836 3593665490091840 2944216644061332 3711839020544700 3223899189100497 4322987519184264 2328460319697126 3856897341030714 3887255214289980 3149640643431699 3688208136957177 3839952613844757 6028036789018277 4085987605641031 3603705063463616 2647169297449199 3646141313160210 6169545694537538 4353088859911101 4779215369883197 6632337782877695 6082879940408809 1340896246120340 10789101474725378 4453121919127415 1558101259124334 3553892055315894 4668874948517049 2929791968192102 6625348995616658 9398451415131756 7591278451981644 12412652793489345 8801190174073875 6432862400862688 13473305145857662 6924129268508978 7586256414366336 6277438016832666 4558005457020227 14352048316734253 23636255684418630 2938929793929555 6099067661078552 23308195794231859 3652430836071053 3925922161489422 40726553450382585 13602759380702658 36278264474994116 5234371069753672 6039763882095515 44512898399586470 33870898686745669 22438695235531752 32120993539772160 17240992550930050 45632828022359433 9930972392403501 41176607249904680 22871084155644208 35140302174873673 25431435914287169 15142952738857194 31382739274686857 37342976599200728 38688915062177309 24650106150830490 52831615267132652 28305020340996003 32488293351466654 67289248220907484 144150721292377814 37274405776748077 56156602112874289 176367301792207377 128650749218229100 73653287861850339 236403765907999845 192900220384405520 103151466321735325 589747457730569860 288235873055747664 188008647052292980 200882556287683159 244904537455382406 279363328483702152 340122810048577428 899175348396088349 958728697912338045 1406207446561484054 1596675274490756791
3 4 5 6 7 8 9 10 11 12 13 14 15 16 17 18 19 20 21 22 23 24 25 26 27 28 29 30 31 32 33 34 35 36 37 38 39 40 41 42 43 48 50 51 53 54 56 59 60 62
3 25 35 76 55 101 59 84 72 70 41 59 37 53 15 21 20 25 8 29 7 15 8 10 3 6 1 3 4 1 2 3 2 3 4 1 2 1 3 3 1 2 1 1 1 1 1 1 1 1
3 30 49 176 192 562 468 1081 1251 1926 1499 3474 2924 6144 2541 4436 5392 8464 4023 15916 4092 20967 8208 16123 4765 22012 4008 13418 14791 3718 11154 22814 23221 26841 54055 10143 32860 17977 84582 104060 37338 181523 105558 124754 147273 204226 281589 526823 526823 831820
