10 11 21 22 23 33 34 35 45 46 47
930 273 1218 10226 4333 3957 32856 12137 3073 23188 7803
10503 2688 15493 138685 70758 21708 175245 60673 5860 42539 13433
626075 157511 9027204817 199317434714 948033380849 53918736916079891 491542991694747610 203058419683750593 448294516702484 1955089512663212 238571902181557
10 11 21 22 23 33 34 35
113 34 56 368 171 20 105 35
398 96 138 826 377 22 114 40
15804 2466 2037103 5404196 13192989 3642944 8195309 1774314
3 4 5 6 7 8 9 10 11 12 13 14 15 16 17 18 19 20 21 22 23 24 25 26 27 28 29 30 31 32 33 34 35 36 37 38 39 40 41 42 43 44 45 46 47 48 49 50 51 52 53 54 55 56 57 58 59 60 61 62 63 64 65 66 67 68 69 70 71 72 73 74 75 76 77 78 79 80 81 82 83 84 85 86 87 88 89 90 91 92 93 94 95 96 97 98 99 100 101 102 103 104 105 106 107 108 109 110 111 112 113 114 115 116 117 118 119 120 121 122 123 124 125 126 127 128 129 130 131 132 133 134 135 136 137 138 139 140 141 142 143 144 145 146 147 148 149 150 151 152 153 154 155 156 157 158 159 160 161 162 163 164 165 166 167 168 169 170 171 172 173 174 175 176 177 178 179 180 181 182 183 184 185 186 187 188 189 190 191 192 193 194 195 196 197 198 199 200 201 202 203 204 205 206 207 208 209 210 211 212 213 214 215 216 217 218 219 220 221 222 223 224 225 226 227 228 229 230 231 232 233 234 235 236 237 238 239 240 241 242 243 244 245 246 247 248 249 250 251 252 253 254 255 256 257 258 259 260 261 262 263 265 266 267 268 269 270 271 272 273 274 275 276 277 278 279 281 282 283 284 285 286 287 289 290 291 292 293 295 297 301 305 306 307 308 309 310 313 319 320 321 322 332 334
194 906 2992 5066 9572 10984 16174 16083 19316 16810 19193 15564 17355 13853 15743 12396 14073 11004 12977 10181 11689 9178 11048 8566 10077 7937 9575 7512 8821 6827 8095 6372 7536 6014 7161 5504 6487 5179 6139 4709 5683 4462 5314 4148 4914 3740 4669 3449 4212 3404 4140 3121 3828 2988 3568 2730 3321 2495 3059 2429 2894 2232 2725 2037 2484 1896 2399 1927 2228 1641 2214 1623 1934 1449 1906 1425 1741 1275 1701 1283 1442 1091 1507 1134 1321 972 1278 993 1112 889 1170 891 1016 771 958 844 848 677 866 777 821 604 844 677 786 517 690 597 676 473 647 526 606 416 545 488 583 380 500 438 477 342 432 377 495 285 387 313 402 232 373 280 399 230 306 262 319 189 270 224 333 170 247 218 282 147 240 193 265 135 224 160 251 133 219 145 221 132 202 138 184 101 174 118 193 83 179 92 175 94 150 80 152 75 123 71 130 66 120 59 124 60 91 62 80 61 94 53 76 42 78 48 60 43 62 40 53 49 52 34 38 37 57 39 40 38 47 43 27 40 36 36 27 32 34 35 33 27 33 24 31 26 32 20 24 11 24 12 21 14 21 6 12 12 14 6 18 9 14 3 4 9 21 7 14 5 13 3 4 1 14 3 7 2 11 6 4 2 10 6 4 6 4 4 2 9 3 7 1 8 1 3 2 8 1 3 5 1 2 1 5 1 3 6 1 2 2 9 2 6 3 4 2 1 1 3 1 1 1 2 1 1 1 1
194 974 3856 9159 25431 41279 95231 139255 266936 333863 601878 690155 1177391 1258035 2142726 2214867 3615554 3586629 5935938 5850898 9220529 9051351 14875186 13995492 22211283 21001880 33572870 31354864 49061905 44796190 69612663 63668069 98502876 91050267 139085390 125587187 185683117 171229727 263793906 229371559 349332006 312074008 472949767 418727274 606910395 533427680 870079407 694818481 1040285406 950356073 1423435501 1225805061 1777084675 1592693315 2392993069 1970954445 2910576985 2469355927 3656433460 3308399585 4559247104 3873542378 6065182763 4911318544 7030273559 6067641956 9284741970 8085984014 10994433567 8884486120 15164564080 11769069090 16530770560 13830849491 22173747080 17522375069 25786017155 20307080450 34170124892 26406511697 34693814127 28446904533 49187759510 38701267309 53563338568 41599399606 69249500297 52893490271 75502105397 64450508080 103223372679 81039790798 111039214659 86653684252 138099614426 123215850995 146929354544 122499628880 196138632419 181399372609 223979477640 177251227434 300646633376 243769351011 328250690803 238100845863 380744728321 356361943743 437488425211 338112901269 558405913383 475266100547 651341864264 461661216438 715467636374 691126308856 965032173202 651578464466 1038230645621 969154613415 1186222685565 897863192688 1353591268246 1296101610196 1873225931600 1164603791765 1839727426317 1524888530859 2256641832163 1433264709978 2568332648808 2077961243689 3429426971279 2050551214918 3399844263001 3034032268137 4109279022053 2629119280609 4005032982534 3944112935991 6644238435700 3344508692988 5752449942659 5255550014388 8442005131949 4291005159832 8239953483611 7000866514098 11522439722505 5520638310807 11448610723966 8058682663987 15523932696718 7910429140073 15821267930162 11270644466017 19937366101671 12421945845400 20280585650863 14861222423165 25016019942034 14043173586591 26018196759018 18471562075003 35950755725040 16714658969575 39488188660065 21226953853562 47715950897213 28117380531672 48438991431452 27436096588192 59662864134225 33051010482140 57514394997476 32366493456108 74359499341927 36256800293335 80822337309805 38007937431260 98211427124925 48212630961009 92172611370374 55094480428810 94505183671093 74049264471819 137640521607393 72693723881175 116564199018434 80676908645380 163197258947337 90266081741925 134548854681607 101508171091583 177878953362730 99596481239596 159220567219029 160979054659876 202955182644457 125902511065836 152552790075435 160173689319189 322614282560457 205947455621209 237950030125346 250181135786558 362686185921492 310536162674355 225030197229165 362493962376423 357355355125921 379342123737417 299109790159374 433077600088188 463233054442129 500239751334559 526376228816384 451039969574714 665424139583463 529075485146648 625718967938402 618555719386126 862636269699929 543826696117164 794360551217196 344435734974732 860827343028745 475069159021106 836106583053890 630862081287414 1076796267836952 354477720724255 762298383427841 761348244553324 982356448010391 503532124421558 1272570140179254 688871326823015 1351031967334445 264434783263505 407490360852636 962238183146059 2647144337391000 973154685313038 1898274114015474 847427288675556 2401993299827841 521567334637134 731895559416104 197726516681672 3110337609880760 692380663094043 1997218315908756 540018409084671 3429253055183805 2104583805584443 1382312359616822 704603831119462 4319692227332624 2558001764741456 1874379186106871 3665059184064737 2306690699788672 2535960372589015 1340896246120340 7179273551515111 2280862212814706 5942430490517244 839611730366814 8638649664603322 974834369944625 3480851357721545 2530426150660548 10697809935244190 1520980492851175 4679254955039521 8945677835820660 1762278433057269 4391572623365032 2040825852575075 12168562616104529 2362219145337711 8404676161024625 19198273347731758 3397584011986773 7851844322978844 8145310690076517 38604225953911437 10106409126225756 33737956151703630 22438695235531752 39723889569614004 22092873310370943 12269218019229465 12269218019229465 39486653685173112 14118662665280005 17414180133147295 28305020340996003 58631202330838967 32488293351466654 34800954869440830 64325374609114550 73653287861850339
3 4 5 6 7 8 9 10 11 12 13 14 15 16 17 18 19 20 21 22 23 24 25 26 27 28 29 30 31 32 33 34 35 36 37 38 39 40 41 42 43 44 45 46 47 48 49 50 51 52 53 54 55 56 57 58 61 62 65 69 73
1 27 61 116 101 135 128 170 110 118 117 112 81 77 73 59 37 37 35 33 23 31 26 26 14 17 28 12 16 14 12 15 7 16 10 6 9 6 13 10 3 7 5 4 3 2 5 2 2 5 4 1 3 2 8 1 7 1 3 3 1
1 35 91 319 304 677 1009 2281 1804 3282 4224 6875 5958 8969 10677 12993 10247 13901 15171 22642 18537 35567 29316 41901 25316 34838 66687 51739 62596 82536 62537 144684 60278 203609 139929 118773 169599 177586 377289 389022 131258 352903 275066 337854 239516 201697 527790 316674 356536 1145305 816904 408452 910228 959772 3089240 386155 5006540 1430440 3900468 6970560 4087968
