29 41 53 65 77
8713 41553 29697 18781 1252
804048 651264 165513 43271 1280
4510219725387972100 13250771964019152202 5000707235877359476 22710971928375155 29350574
29 41 53
677 373 29
3337 739 33
132941730 6820815 5974
3 4 5 6 7 8 9 10 11 12 13 14 15 16 17 18 19 20 21 22 23 24 25 26 27 28 29 30 31 32 33 34 35 36 37 38 39 40 41 42 43 44 45 46 47 48 49 50 51 52 53 54 55 56 57 58 59 60 61 62 63 64 65 66 67 68 69 70 71 72 73 74 75 76 77 78 79 80 81 82 83 84 85 86 87 88 89 90 91 92 93 94 95 96 97 98 99 100 101 102 103 104 105 106 107 108 109 110 111 112 113 114 115 116 117 118 119 120 121 122 123 124 125 126 127 128 129 130 131 132 133 134 135 136 137 138 139 140 141 142 143 144 145 146 147 148 149 150 151 152 153 154 155 156 157 158 159 160 161 162 163 164 165 166 167 168 169 170 171 172 173 174 175 176 177 178 179 180 181 182 183 184 185 186 187 188 189 190 191 192 193 194 195 196 197 198 199 200 201 202 203 204 205 206 207 208 209 210 211 212 213 214 215 216 217 218 219 220 221 222 223 224 225 226 227 228 229 230 231 232 233 234 235 236 237 238 239 240 241 242 243 244 245 246 247 248 249 250 251 252 253 254 255 256 257 258 259 260 261 262 263 264 265 266 267 268 269 270 271 272 273 274 275 276 277 278 279 280 281 282 283 284 285 286 287 288 289 290 291 292 293 294 295 296 297 298 299 300 301 302 303 304 305 306 307 308 309 310 311 312 313 314 315 316 317 318 319 320 321 322 323 324 325 326 327 328 329 330 331 332 333 334 335 336 337 338 339 340 341 343 344 345 346 347 349 350 352 353 354 355 358 359 362 365 374 389
308 1418 3964 8953 15538 24056 30107 36900 40194 41874 40894 40975 40339 38712 37521 36723 35048 33696 33115 31205 30890 30327 28971 27802 27302 26057 25059 25182 23830 23453 22668 21996 20949 20683 19678 19408 19026 18534 17556 17374 16871 16220 15928 15274 14928 15105 14047 13849 13337 12939 12140 12322 11791 11755 10977 11132 10429 10402 9886 9879 9355 9533 8970 8904 8470 8200 8009 7984 7301 7612 7106 7062 6933 6583 6159 6444 6037 6047 5711 5812 5223 5354 5272 5079 4752 4977 4539 4584 4399 4361 4081 4236 3784 4057 3864 3865 3515 3710 3363 3502 3295 3274 2922 3189 2844 2982 2806 2826 2596 2787 2430 2467 2516 2389 2186 2366 2133 2244 2041 2145 1900 1955 1744 1930 1738 1864 1650 1798 1558 1650 1587 1644 1481 1560 1354 1399 1283 1379 1217 1370 1177 1296 1265 1263 1093 1211 1024 1112 1023 1042 842 997 856 905 789 869 715 896 741 815 740 775 653 738 635 727 618 674 558 606 531 566 514 614 487 573 467 527 446 477 458 487 412 407 377 408 360 465 369 402 363 383 295 361 264 295 283 365 253 276 228 303 280 283 220 273 215 223 205 230 171 218 173 218 173 205 141 185 115 178 131 178 143 178 114 149 120 135 132 164 120 129 100 122 90 119 89 129 135 119 106 88 73 77 68 87 83 82 57 75 66 71 49 78 74 55 58 58 53 55 41 41 44 45 37 33 35 51 28 39 30 35 24 29 30 25 20 23 23 19 24 18 19 17 8 25 17 21 16 14 18 13 15 18 14 19 12 8 13 12 9 19 4 16 7 12 9 6 5 11 11 12 6 11 9 5 2 8 6 9 3 3 7 2 2 5 4 6 4 2 5 3 3 3 5 2 4 2 3 4 1 1 1 2 3 1 1 1 1 1 2 5 1 1 1 1
308 1531 5710 16727 39875 89080 161376 308752 497128 803890 1175829 1793182 2526089 3547744 4866621 6676969 8698785 11686908 15081283 19154522 25071354 31611908 39298629 50008720 61650612 75198074 92578868 116621606 138676026 170148715 202083701 246793102 290227548 348165843 405682354 498473659 593812973 686502685 806724971 955284090 1103597327 1317546973 1510811623 1750781631 2080830788 2405901677 2679009935 3212374213 3552090272 4063900236 4643917841 5482126756 6154031956 7142251744 7886084161 9166340345 10322767980 11906964733 13084508963 15652067518 16961408475 19383623703 22208083097 25099656793 27177134366 31886184292 34498356568 39712748668 43009526122 49196390972 52921602654 63352448395 69615279703 73002621099 81732053387 97135399156 103015709207 114732340441 126638050805 143654162986 149819278192 174858888042 187738629810 211316189469 227614236875 255448476713 277096067894 319693477389 339928822953 393094022899 405990238160 458480368288 483841085084 573062104746 605178191629 713472621415 730968479854 848610230197 877067523139 1008762308977 1071002878687 1188983564969 1212468781622 1444850482259 1432608279099 1748365974691 1786620988695 2050479784302 2128167155449 2453128321427 2427679112462 2806345514760 3072754438092 3358800028340 3406456756533 3952129560019 4268820570765 4854443382880 4851534738142 5900959620973 5589124992241 6306749097741 6258880983530 7819913526805 7673731175864 9281361503358 9141586694281 10873960451045 10506864336137 12379648226562 12714615504802 15822087512430 15258393063767 17362284792971 17043975605845 19569341599860 19343124901059 23696273701797 22233198350701 27553174531382 27244852576288 32019154681048 34886286782557 39736558266839 36873213488760 43582288396687 41747440414340 50016492156988 49072277169735 56813563355631 51402457391363 65147694721007 60289669969337 72724252266272 68618593546948 85702946499258 74861545951615 98979024989733 97257307932212 117706914460478 112387746086438 132513034247346 125520636466836 143433060894712 142838574568071 176387199910739 164832797154071 206852839721806 178232673822400 206982852472620 204286922133376 247995284991657 239810169496460 312678891458183 269522605898469 330735802026781 301152613765888 388320848349679 349872722212975 409335249687445 417714553011598 478364126350052 521391471560811 491805100468734 480723183883494 581082459190729 578118609458933 737329112938285 713372375949115 737492641615293 792116765721011 919781359990764 746234681694669 986020856833601 830119243397077 1017464264922470 1099039231506858 1411176500251282 1122961424791546 1220876858730670 1152270177766646 1576040229481076 1624830403343917 1836214609806047 1533553738117847 1954669983921528 1906304877819546 2043314806804589 2120810472441550 2497740521642337 1973962552853389 2750413495960667 2426911643429477 3200993659527494 2917990050461580 3865889888186176 2596373493703883 3748576404491961 2557881164539561 4329604839260644 3239478562745528 5330960317185542 4387902680221404 6198144158714679 4087173769022291 5762299648249595 4990098719526829 6219500413817127 5761776752713909 8964909406651440 7337889136239988 7794953179556353 6793650998412549 9397739957223705 6931246603786934 9698219948387509 8951462983986038 13199593157138310 16459993647713091 14528396946693957 12438480366707706 12087148634129453 9855459508963933 12215222749669631 11645796154703975 16333601180362614 15480779501691228 17036022381734663 13044104955340986 19179000513470538 16985426816413848 22349947836326661 14116104248183592 26323995777944100 27106766236347615 22362466307876061 24310236733358414 26414915232303480 23942299682749535 27540500011579201 27034244869281013 25140934009122874 30798570987560631 33047529380486461 25442910208638509 27271234381271724 34434324626738946 49724243494858659 29647934948028228 46114632916316001 36525422831735446 41564734463512965 32860770101303716 42253214250486105 48255450586936663 47806723556030495 40581896510250997 48696920110341656 62497955121186202 45845966297961702 57960721008135105 53100571394977298 52541923364711979 52889739800804947 34787941045870973 99541802698515674 64454940353642156 90155913438739066 59023165030641764 63695153685123771 78467910301078038 69702721551369280 84636312026433368 102950644925092165 86428746329983625 134662446386035622 80235969610532771 71199646244902569 101089129165664784 107344468456869445 81379986446736687 190484774379911232 42629324930195356 237574130497167518 84217174251791533 163964833629124240 148610175926523948 101903508877691602 95245051621033040 199575012819226484 200357138629791728 237517244224970178 125867237674565454 249916251974091815 220200855862131257 125016232236888286 54720827974562329 317418708697496916 186281314662305164 301645286235096590 111823217330244231 189017188633992299 293579521233773462 88520436579532724 98011287270475750 251941019363370907 217237292683405860 461099060083371077 257301498436458200 137669771892147700 422646119507996078 226107831026367293 252902446908675357 427378697525450099 469701200537707526 206302932643470650 434075047597613641 235898983092227944 378325553501389065 576471746111495328 154043597379576030 164637479165761044 175943559810422753 376017294104585960 643854899229858897 229272286871217150 261578907351144125 279363328483702152 298330063062758076 318555973788329084 775265065838058446 2068830904666711810 502957566506000020 610898403751884101 1089657644424399782 2816759503217942792
3 4 5 6 7 8 9 10 11 12 13 14 15 16 17 18 19 20 21 22 23 24 25 26 27 28 29 30 31 32 33 34 35 36 37 38 39 40 41 42 43 44 45 46 47 48 49 50 51 52 53 54 55 56 57 58 59 60 61 62 63 65 66 67 68 70 72 74 75 76 77
5 40 30 139 101 302 183 332 196 292 157 258 122 186 119 155 93 154 83 102 57 99 67 104 64 63 45 50 40 41 33 43 25 28 22 22 18 22 8 20 20 18 8 11 7 7 3 17 17 8 4 9 5 3 3 6 3 3 3 11 3 1 7 1 2 1 1 3 1 2 1
5 49 52 347 290 1613 1260 4270 3107 8547 5884 16614 8620 25619 18874 36742 24646 70336 39048 75187 48704 130405 101585 216775 135600 179178 141773 273229 187617 329987 279036 584393 289616 398392 338826 395952 412910 888671 221057 1193196 906409 1323401 438260 1255719 529166 990135 575742 4015538 1670108 1868729 762617 3335233 1715230 1669525 997675 3227287 1721643 1429375 1856197 11101954 3373968 1932934 13552512 2600312 12142878 3483260 5359378 22393316 4087968 16178349 6185689
