18 30 31 42 43 54
1232 1634 72 244 13 2
8052 2939 117 272 13 2
690740 644545 27787 21679 142 6
18 30 31 42 43 54
1232 1634 72 244 13 2
8052 2939 117 272 13 2
690740 644545 27787 21679 142 6
3 4 5 6 7 8 9 10 11 12 13 14 15 16 17 18 19 20 21 22 23 24 25 26 27 28 29 30 31 32 33 34 35 36 37 38 39 49
60 371 698 1070 1322 1351 1174 1027 869 629 474 429 362 301 216 187 163 118 117 88 100 55 41 35 35 26 13 12 14 6 8 9 6 4 1 2 1 1
60 439 1050 2384 4247 6659 9220 12200 15613 17280 18530 25486 27104 34290 33593 33868 44404 39047 49772 49468 65849 53747 53662 59653 69018 65537 25687 50764 68916 22620 56617 89830 73707 44113 12310 24620 17977 105558
3 4 5 6 7 8 9 10 11 12 13 14 15 16 17 18 19 20 21 22 23 24 25 26 27 28 29 30 31 32 33 34 35 36 37 38 39 49
60 371 698 1070 1322 1351 1174 1027 869 629 474 429 362 301 216 187 163 118 117 88 100 55 41 35 35 26 13 12 14 6 8 9 6 4 1 2 1 1
60 439 1050 2384 4247 6659 9220 12200 15613 17280 18530 25486 27104 34290 33593 33868 44404 39047 49772 49468 65849 53747 53662 59653 69018 65537 25687 50764 68916 22620 56617 89830 73707 44113 12310 24620 17977 105558
