20 32 44 56 68
4621 15775 41618 24413 13563
2026198 871424 458760 114316 25026
165872281304 7427396599267395188 3590908210051885143 2267908738106164656 1129264570930396
20 32 44 56
1334 855 246 7
45056 2733 403 7
781244281 128205110 2797352 103
3 4 5 6 7 8 9 10 11 12 13 14 15 16 17 18 19 20 21 22 23 24 25 26 27 28 29 30 31 32 33 34 35 36 37 38 39 40 41 42 43 44 45 46 47 48 49 50 51 52 53 54 55 56 57 58 59 60 61 62 63 64 65 66 67 68 69 70 71 72 73 74 75 76 77 78 79 80 81 82 83 84 85 86 87 88 89 90 91 92 93 94 95 96 97 98 99 100 101 102 103 104 105 106 107 108 109 110 111 112 113 114 115 116 117 118 119 120 121 122 123 124 125 126 127 128 129 130 131 132 133 134 135 136 137 138 139 140 141 142 143 144 145 146 147 148 149 150 151 152 153 154 155 156 157 158 159 160 161 162 163 164 165 166 167 168 169 170 171 172 173 174 175 176 177 178 179 180 181 182 183 184 185 186 187 188 189 190 191 192 193 194 195 196 197 198 199 200 201 202 203 204 205 206 207 208 209 210 211 212 213 214 215 216 217 218 219 220 221 222 223 224 225 226 227 228 229 230 231 232 233 234 235 236 237 238 239 240 241 242 243 244 245 246 247 248 249 250 251 252 253 254 255 256 257 258 259 260 261 262 263 264 265 266 267 268 269 270 271 272 273 274 275 276 277 278 279 280 281 282 283 284 285 286 287 288 289 290 291 292 293 294 295 296 297 298 299 300 301 302 303 304 305 306 307 308 309 310 311 312 313 314 315 316 317 318 319 320 321 322 323 324 325 326 327 328 329 330 331 332 333 334 335 336 337 338 339 340 341 342 343 344 345 348 355
356 1879 5828 12691 22586 37730 55561 77402 95774 121889 158399 164286 162732 149462 142086 132659 123314 113003 107851 98251 92342 86303 80359 75263 71347 65388 61607 58265 53912 50214 47642 44225 41860 39113 36596 34616 32717 29848 28413 27092 25434 23851 22682 21077 20178 19015 17781 16883 16582 14964 14692 13892 13252 12568 12079 11270 11419 10620 10183 9674 9758 8932 8810 8507 8614 7946 7991 7420 7303 6998 6827 6562 6737 6069 6037 5830 5863 5470 5513 5229 5111 4763 4859 4587 4719 4372 4335 4154 4196 3850 4028 3704 3887 3474 3585 3451 3479 3042 3262 2951 3137 2812 2851 2746 2774 2538 2644 2478 2476 2344 2360 2237 2373 2090 2182 2027 2037 1934 1898 1823 2013 1703 1665 1620 1609 1577 1593 1414 1483 1300 1334 1319 1303 1169 1222 1176 1218 1076 1081 1057 1121 974 976 952 957 843 930 862 860 859 811 785 787 729 698 709 712 596 694 588 648 555 598 510 548 553 587 523 554 428 490 443 456 388 440 375 402 376 334 323 379 344 366 313 307 307 318 258 290 265 269 332 267 245 227 241 236 232 219 209 201 206 176 191 210 190 163 162 187 157 164 145 132 170 139 138 140 119 108 132 111 109 112 102 103 93 92 107 101 75 83 98 96 80 75 77 71 88 68 60 80 64 55 66 51 64 68 49 48 63 47 43 58 49 43 102 50 43 38 38 43 30 31 30 41 33 23 35 21 39 25 18 24 26 24 18 21 28 15 20 32 24 18 21 18 17 19 18 22 11 8 24 13 11 8 6 7 9 4 11 12 12 8 2 17 5 6 8 5 9 4 4 12 10 1 48 4 5 4 1 6 5 5 1 3 6 1 3 6 3 2 4 1 5 3 1 6 2 2 4 2 2 3 1 1
356 2110 8648 24554 60597 142299 292838 591741 1061070 1986560 3607029 5575828 8437971 11791473 16783710 22544387 30469041 38891847 51880271 64609867 82847879 102002092 128789826 156116492 195967875 230251605 285333890 336834286 403474826 471521433 560959117 650552346 767550281 885134014 1036549548 1195959749 1375508778 1538717366 1794139286 2039493110 2307517475 2633147535 3004193538 3320146407 3791454514 4184562862 4640796190 5169607648 5828067493 6266978981 7325263537 7808913141 8898947899 9687100117 10749426903 11491148823 13651341226 14554625468 16848994988 17889052900 20577390260 22041094672 25283942277 27368323173 31837935776 33633513534 39578196168 41391150591 47021026141 50498162191 56758861307 61166973208 72958606908 74189262888 85842564800 91678245282 104407717745 110577019248 126685033101 132335112814 148855076957 157555998257 187732891242 191357562062 226015562455 234036697703 271876687328 290187467406 331684149985 338505063828 419948354625 414948383324 505429010326 494190398759 600076808579 633386011736 721462774302 710408591635 893797726657 858070673947 1059881298285 1057322475688 1189320095934 1241120776522 1476720373981 1466969118770 1817408844574 1808104035596 2061776073783 2162682164329 2485232415761 2587138113567 3055078296934 3018328056867 3590947486529 3601074690179 4183331226267 4280990289165 4858890723288 4954253614009 6181639282374 5815204668917 6590084442110 6819181742505 7630265100167 8103919432262 9320648373840 8885615197049 10877030518752 10556703645207 11693843379778 12808282031256 13925607933728 13766590157386 15951980939210 17065779332899 18679796432331 19324006475202 20799457580238 23013457033771 27228533776083 25671223994534 27923427783478 30246223512163 31805554093822 30796645996734 39745843635845 40077001198342 43079326845442 47770741849801 48023594229558 50344233661005 58221733472332 57037105278626 62416673616914 69502505592693 73270389010460 69372979693282 91648403959460 81949714317800 98358083899275 89993095962048 107408121412193 103011819814409 129919823826956 138021281293207 153242435142553 153881120188079 177650132262788 144831305625241 194353989611893 186681281856132 207455200308597 199482692385790 239765502443425 214465492905119 274084373168361 263539015292152 271921116394550 282247542527270 348568710456973 350494522812993 432332858356577 382967780975972 404254376654974 455885176798479 504890137004708 436895692739268 543343055462575 566738440814319 607187647372136 806055871331113 644124155479087 712161588913873 692712149474411 834333420089035 856204826868492 939385516449499 967066506164988 977299562903491 1059056302322831 1193813804661464 1047836592051682 1250587822092606 1386446355639970 1516599955291487 1314980705928925 1451672428012910 1711587474340382 1686672772528051 1860633432296708 1719055604017969 1778393340160196 2603066873874381 2240867892550205 2356700900046455 2529259388155877 2537839693874708 2579924339474910 3063704832412394 2789816139846615 3127518187296414 3289050762192567 3442756520732808 3797750169677838 3625533103369509 3863467212504513 4731658676239773 4710779761146175 3683087643118186 4984596051325027 6110276881651675 6525974387850594 5897390266200079 6026594104631140 6529421933983127 6500746710881891 8696042476576175 6920039538229985 6846948486669192 10175576620767841 7480514159706434 8903808960524493 10151855097875979 8644900001631543 11481829737361261 14188720989254724 10326408047207554 11625903237607604 14532018689965073 12984411504768652 12433803367058704 16865164122360518 15441559037528213 15998562409808987 36238565520939708 19571095501776163 19736054151374964 17972352741409789 19383084344368854 25597500914203429 18790793646808134 24059018509429194 23717608580111327 31220105923474832 30466536504681968 22232129849055061 31607310012783469 24237723406709664 42698354799876483 30051953550264396 20764162448766113 34066954787351573 37802312870505098 41941122368844469 30440423689027505 39485757179302451 57964895194337883 35569947243099312 48329553475936426 81018948512766744 61883716641707362 49513972884753488 59811728023151613 58669084567430904 65159477464238782 66052111081033252 76275929208214686 88242611719210188 47737948755427018 42823614482498532 126140468651607100 66597491853671384 74835681465339140 47901339866619210 43619077909619324 46844246940903845 63720081166391985 31019626926907248 116555212622856455 106608888611873185 113070663607722921 93010545732358199 22871084155644208 223111031068471503 86777526010434494 106254187930683933 119095041763703174 79005265085203377 182160832686079189 72171336865495318 76031891661378037 244531128975251178 260580973684503584 24650106150830490 1336611980415467610 133968250875261307 202177465684665943 181957091939057784 34800954869440830 350482999601715547 186372028883740385 208083365161864070 42748078035954696 147016930905713625 398957950269084532 52462044228828641 168469806338622867 480842798717332352 192976123827343650 275339543784295400 315205021210666460 84300815636225119 427378697525450099 276800980153302006 103151466321735325 839524518780997494 220615720850585544 252217035667592710 539276722493206080 288235873055747664 308087194759152060 493912437497283132 200882556287683159 318555973788329084
3 4 5 6 7 8 9 10 11 12 13 14 15 16 17 18 19 20 21 22 23 24 25 26 27 28 29 30 31 32 33 34 35 36 37 38 39 40 41 42 43 44 45 46 47 48 49 50 51 52 53 54 55 56 57 58 59 60 61 62 63 64 65 66 67 68 69 70 71 72 73 75 76 77 78 79 80 84 87 88
24 147 310 935 1160 2398 2361 4025 3007 4038 2774 3468 2319 2698 1744 2299 1347 1739 1018 1555 790 1068 629 955 449 649 340 559 254 412 163 423 137 256 111 232 82 167 85 177 75 125 48 98 34 71 28 67 20 33 21 22 19 26 19 18 9 12 9 5 12 20 9 6 8 4 5 6 7 12 4 9 7 5 2 7 6 4 2 1
24 202 469 2266 3258 11713 13629 41715 38116 99160 79836 188120 156342 321997 236159 524281 369340 760455 525012 1291327 699320 1520231 976746 2130433 1191729 2296944 1256626 3192832 1507783 3591362 1591708 5522170 1848822 5064752 2048338 7044011 2170692 6830621 3144048 11154238 4000628 10217591 4064550 12227323 3868519 11815732 4253662 13273935 4008187 8638529 5610524 9131685 5355431 10785186 10463304 12694262 6170702 11137460 8206376 6597604 18742306 28100243 17360146 12719109 18925265 9094570 19675520 27830086 15953678 51716151 25635100 54015012 58189321 44728076 13275189 64834264 68742719 63185904 41012510 26543660
