0 1 2 3 4 5 6 7 8 9 10 11 12 13 14 15 16 17 18 19 20 21 22 23 24 25 26 27 28 29 30 31 32 33 34 35 36 37 38 39 40 41 42
4 13 28 30 14 35 22 50 61 64 89 75 118 83 123 122 131 119 125 115 114 116 92 100 98 87 82 62 57 46 37 26 19 13 10 7 8 4 6 7 6 5 4
110 51 153 238 25 298 49 304 186 257 313 179 378 155 343 268 327 252 180 157 135 127 107 106 105 88 82 62 57 46 37 26 19 13 10 7 8 4 6 7 6 5 4
11868 721 2762 9971 530 9733 963 7409 7183 4939 10724 5372 16423 8182 25649 43177 76118 231776 219760 934918 1861764 324685 245208 283062 811920 62267 245221 41506 143507 14478 14127 66100 8342 49389 34906 23979 26602 8184 8092 4170 1015 191 26
0 1 2 3 4 5 6 7 8 9 10 11 12 13 14 15 16 17 18 19 20 21 22 23 24 25 26 27 28 29 30 31 32 33 34 35 36 37 38 39 40 41 42
4 13 28 30 14 35 22 50 61 64 89 75 118 83 123 122 131 119 125 115 114 116 92 100 98 87 82 62 57 46 37 26 19 13 10 7 8 4 6 7 6 5 4
110 51 153 238 25 298 49 304 186 257 313 179 378 155 343 268 327 252 180 157 135 127 107 106 105 88 82 62 57 46 37 26 19 13 10 7 8 4 6 7 6 5 4
11868 721 2762 9971 530 9733 963 7409 7183 4939 10724 5372 16423 8182 25649 43177 76118 231776 219760 934918 1861764 324685 245208 283062 811920 62267 245221 41506 143507 14478 14127 66100 8342 49389 34906 23979 26602 8184 8092 4170 1015 191 26
2 3 4 5 6 7 8 9 10 11 12 13 14 15 16 17 18 19 20 21 22 23 24 25 26 27 28 29 30 31 32 33 34 35 36 37 38 39 40 41 42 43 44 46 47 48 50 52 58 66
24 21 114 149 379 301 700 474 655 416 592 232 271 129 176 74 102 46 74 34 44 23 43 15 26 12 25 11 18 9 10 8 18 7 5 6 7 7 3 5 4 4 2 3 1 3 4 2 1 1
24 22 171 318 1299 1438 5011 5359 11383 10510 23445 14081 23149 15783 32877 14267 28859 16455 33161 19739 31998 22141 53358 19732 46094 23759 69127 29750 76546 38462 62698 51830 157461 66099 67749 79669 153347 131440 61251 142956 137046 174384 119259 201697 75175 253443 566573 468071 526823 1741630
2 3 4 5 6 7 8 9 10 11 12 13 14 15 16 17 18 19 20 21 22 23 24 25 26 27 28 29 30 31 32 33 34 35 36 37 38 39 40 41 42 43 44 46 47 48 50 52 58 66
24 21 114 149 379 301 700 474 655 416 592 232 271 129 176 74 102 46 74 34 44 23 43 15 26 12 25 11 18 9 10 8 18 7 5 6 7 7 3 5 4 4 2 3 1 3 4 2 1 1
24 22 171 318 1299 1438 5011 5359 11383 10510 23445 14081 23149 15783 32877 14267 28859 16455 33161 19739 31998 22141 53358 19732 46094 23759 69127 29750 76546 38462 62698 51830 157461 66099 67749 79669 153347 131440 61251 142956 137046 174384 119259 201697 75175 253443 566573 468071 526823 1741630
