4 5 16 17 28 29 40 41 52 53
44 55 666 886 15667 18060 30234 32301 1425 631
187 212 2096 2391 91839 101288 87406 87656 1476 631
4672 6311 1208839 1281385 16380166660925101 46969161953976425 1641193373383952361 1225536599858841810 387470295 2488449
4 5 16 17 28 29 40 41
4 1 22 33 161 183 7 3
5 1 38 60 239 257 8 4
16 20 6641 111747 911337 576675 2318 785
3 4 5 6 7 8 9 10 11 12 13 14 15 16 17 18 19 20 21 22 23 24 25 26 27 28 29 30 31 32 33 34 35 36 37 38 39 40 41 42 43 44 45 46 47 48 49 50 51 52 53 54 55 56 57 58 59 60 61 62 63 64 65 66 67 68 69 70 71 72 73 74 75 76 77 78 79 80 81 82 83 84 85 86 87 88 89 90 91 92 93 94 95 96 97 98 99 100 101 102 103 104 105 106 107 108 109 110 111 112 113 114 115 116 117 118 119 120 121 122 123 124 125 126 127 128 129 130 131 132 133 134 135 136 137 138 139 140 141 142 143 144 145 146 147 148 149 150 151 152 153 154 155 156 157 158 159 160 161 162 163 164 165 166 167 168 169 170 171 172 173 174 175 176 177 178 179 180 181 182 183 184 185 186 187 188 189 190 191 192 193 194 195 196 197 198 199 200 201 202 203 204 205 206 207 208 209 210 211 212 213 214 215 216 217 218 219 220 221 222 223 224 225 226 227 228 229 230 231 232 233 234 235 236 237 238 239 240 241 242 243 244 245 246 247 248 249 250 251 252 253 254 255 256 257 258 259 260 261 262 263 264 265 266 267 268 269 270 271 272 273 274 275 276 277 278 279 280 281 282 283 284 285 286 287 288 289 290 291 292 293 294 295 296 297 298 299 300 301 302 303 304 305 306 307 308 309 310 311 312 313 314 315 316 317 319 320 321 322 323 324 325 326 327 328 329 330 331 332 333 334 336 337 338 339 340 341 342 343
309 1147 2407 4165 5616 6991 8121 8434 8667 8669 8575 8085 8128 7739 7489 7201 6871 6640 6492 6332 6215 5951 5980 5705 5674 5497 5378 5110 5165 4968 4844 4612 4433 4241 4191 3987 4078 3877 3844 3715 3691 3548 3561 3431 3408 3271 3249 3070 3070 2967 2880 2736 2707 2704 2554 2394 2455 2423 2449 2252 2325 2243 2178 2117 2055 2011 1904 1832 1736 1680 1682 1601 1674 1647 1648 1572 1566 1539 1504 1423 1390 1369 1323 1256 1204 1166 1142 1158 1111 1082 1080 1076 1020 1014 988 1000 922 948 888 849 843 781 782 708 740 724 726 682 702 679 634 646 596 618 591 583 592 589 515 484 486 518 516 463 469 466 435 424 431 419 428 378 379 382 369 313 327 331 345 336 314 301 314 289 274 287 282 244 259 242 237 220 193 204 192 207 222 195 193 186 167 180 187 173 148 159 153 135 132 120 119 122 135 130 130 126 114 132 118 124 120 113 119 107 87 92 88 86 89 97 95 87 71 86 83 78 72 69 63 64 64 57 52 54 54 49 59 49 52 44 53 44 46 47 40 49 44 36 43 28 36 29 31 34 32 26 21 30 28 20 25 26 25 22 22 22 17 20 23 16 21 19 12 14 19 17 16 15 14 18 19 16 14 14 11 12 13 12 10 10 8 9 9 10 9 9 10 7 8 7 8 9 7 7 7 7 5 6 8 7 6 4 5 4 3 4 5 4 3 4 3 2 4 1 1 4 2 1 1 2 2 2 2 1 1 1 1 1 2 2 2 2 1 2 2 2 2 2 2 2 2 2 1 1 1 2 1 1 1 1 1 1 1 1 1 1 1 1 1
309 1237 3508 8704 16991 32004 55880 89288 138568 208186 304831 418888 599228 805108 1088419 1432824 1851155 2401944 3054646 3936035 4994531 6270533 8127234 9843182 12499675 15300538 18738211 22375326 28454095 34023995 40589388 48020236 56952222 66743414 80382885 92766256 112807871 130086996 157237539 184473376 221926576 253411164 303555703 345544315 411126164 468886182 545152494 618413773 736397598 854092206 968303171 1097345237 1243745199 1419968208 1588143265 1742955865 2102174855 2412435248 2852567824 3060007843 3630649166 4029394295 4577846110 5098441262 5738213050 6513804611 7153938092 7929655318 8716463392 9249395819 10668982801 11733322513 14363823548 15818892955 18319828153 19981972046 22931688972 25193716218 27921862492 30911313949 34019160104 38187699947 42743616519 45200911352 50438063186 54529301036 60291260082 68026988073 75331345331 82042743588 93161835514 102583550930 113266813289 125167578568 135457967917 159346381589 164164262777 191994871162 195983654736 215710623820 242207158489 247121197135 281010115659 279148947740 329431771131 358193703437 403870321931 420911408416 484949431847 525136279410 542893065189 626937045208 641098960199 768094561030 817668576609 874411502774 985760219693 1104784665053 1085850182468 1132142946959 1197409513047 1491391017130 1678537026565 1630077054673 1827306478259 1990447938770 2097414683274 2271706960719 2593421339340 2765765669414 3209854631556 3049866929351 3332045621165 3700368174613 3984305832411 3758429684250 4518060990748 4875659745179 5606045779310 6129988997469 6185444253765 6371614565157 7382879914697 7744364898342 8309255867460 9687913235449 10128068732009 9466274763628 10849027416909 11001157026682 12168757682862 12340835290751 12181528575078 14016529646388 13935847760012 17416734774225 19688513395442 19620604155728 20457668580403 22569307341164 22558765225187 26610372881038 29911744706279 30091214201366 27947388952084 33064216083388 34196739933419 34148542192446 36989912901875 37435811711889 40838737854836 43470177507979 54443157695911 56540466033392 61741855178677 64244295653066 66724496066440 85507591907185 79808299940260 91448706050400 95079555986655 102166759255201 108435959371476 112126894842713 101094818439929 115130400135269 119890397088646 131174420500607 138776325396111 174050880825881 183292986468092 182950522821493 161344072018119 214009457716699 226304906942711 233048209419163 225233580838641 243964962827529 248623734215263 264163858921194 285485675474828 288245331338651 275670191381591 306608864967166 327107105090566 311692803808548 416684135686318 381060952369910 417479349395383 375841417607556 522595944345774 496391194607494 549091731351929 597522401456544 556043113877353 749223810805909 714151745103891 682879032848304 863728855541279 601469985335190 877345249151835 720066825835854 827653050882060 992190132948582 1012599188399946 901959742590119 740980036752155 1190423410540606 1246786959453358 903658907164154 1288355455785813 1352318178088644 1473849074602883 1372055061680226 1481038907705936 1609329657060612 1253413103793774 1719299288839405 2138178797308571 1560805273057837 2202286857562518 2285416295611842 1490409340577326 1920350059251475 2643591825916885 2701624225188018 2763939491883946 2790810563039696 2847876735603912 3931818251480251 4444304741853060 4034477805022845 4128251969285084 4415194503358929 3581383628555556 4205407251696720 4851540909969928 4899614918243041 4404379258716925 4718876594542235 3857346925150255 5113311860199512 4980266014331717 5992550457283915 5742368868238200 6295597260692540 7565347592134490 5756159910958404 6977487354732696 6613617804727580 8100127439502968 9938023493424987 8180077065287423 8903330252797859 9486455898785210 10322170666925050 7837529417227867 10448686134623516 14769655817129727 13997257470058543 13019757410987655 9282443747695649 12526029505520503 10739572140688303 8816789381788665 12419343395376546 16750473915096089 14354876520199932 11504275159049897 16584087747250707 13287894782388867 9406291183372970 20575151265733100 5622992691950605 6039763882095515 25946696508316352 13931700288391662 7479565078510584 8030248384943040 17240992550930050 18506165873447204 19861944784807002 21314662465097678 11435542077822104 12269218019229465 13162217895057704 14118662665280005 15142952738857194 32479573071659326 34828360266294590 37342976599200728 40034853525153890 21458096037352891 46000013310974674 49300212301660980 56610040681992006 60652363979685928 64976586702933308 69601909738881660 74548811553496154 79839131053999982 85496156071909392 45772358543578028 49005643635237875 52462044228828641 112313204225748578 60105349839666544 64325374609114550 68834885946073850 73653287861850339 78801255302666615 90175434980549623 96450110192202760 103151466321735325 110307860425292772 117949491546113972 126108517833796355 134819180623301520 144117936527873832
4 5 6 7 8 9 10 11 12 13 14 15 16 17 18 19 20 21 22 23 24 25 26 27 28 29 30 31 32 33 34 35 36 37 38 39 40 41 42 44 47 53 55 58
15 17 37 25 42 41 46 49 35 34 18 28 24 19 17 16 16 13 20 19 11 7 4 11 5 6 3 5 3 5 1 3 2 2 1 3 1 2 1 1 1 1 1 1
19 26 95 92 220 289 544 752 943 1302 1181 2004 2910 2680 3416 3697 6006 5704 12764 14690 11459 9998 7272 19904 10990 15331 11748 20292 19476 30200 11208 24903 21714 15191 24620 61550 35954 65720 52030 37338 75175 173525 408452 386155
