1 2 11 12 13 14 23 24 25 26 35 36 37 38 47 48
9 24 25 149 210 133 142 376 363 203 19 42 29 8 1 1
162 520 52 438 575 373 210 548 527 276 19 44 30 8 1 1
1652 4621 261 2955 4287 3392 41144 50297 81215 46913 454 658 2133 51 1 30
1 2 11 12 13 14 23 24 25 26 35 36 37 38 47 48
9 24 25 149 210 133 142 376 363 203 19 42 29 8 1 1
162 520 52 438 575 373 210 548 527 276 19 44 30 8 1 1
1652 4621 261 2955 4287 3392 41144 50297 81215 46913 454 658 2133 51 1 30
3 4 5 6 7 8 9 10 11 12 13 14 15 16 17 18 19 20 21 22 23 24 25 26 27 28 29 30 31 32 33 35 37 39 42
44 177 283 480 605 496 418 377 335 150 83 70 41 38 27 30 21 22 18 12 7 9 15 5 6 3 2 1 1 1 2 1 2 1 1
44 210 452 1136 2044 2438 3437 4484 6202 4185 3393 3817 3066 4446 3898 5820 4772 6365 6358 5546 5667 6496 16944 6141 8666 4405 5491 3010 3010 4565 11208 13684 32596 14883 31185
3 4 5 6 7 8 9 10 11 12 13 14 15 16 17 18 19 20 21 22 23 24 25 26 27 28 29 30 31 32 33 35 37 39 42
44 177 283 480 605 496 418 377 335 150 83 70 41 38 27 30 21 22 18 12 7 9 15 5 6 3 2 1 1 1 2 1 2 1 1
44 210 452 1136 2044 2438 3437 4484 6202 4185 3393 3817 3066 4446 3898 5820 4772 6365 6358 5546 5667 6496 16944 6141 8666 4405 5491 3010 3010 4565 11208 13684 32596 14883 31185
