32 44 56 68
16130 43665 25558 14642
952807 496342 121198 27482
1971139011508071648 19023451847274050772 1528182797019046504 1500203629925647
32 44 56
786 290 9
3146 494 10
84013758 2040479 296
3 4 5 6 7 8 9 10 11 12 13 14 15 16 17 18 19 20 21 22 23 24 25 26 27 28 29 30 31 32 33 34 35 36 37 38 39 40 41 42 43 44 45 46 47 48 49 50 51 52 53 54 55 56 57 58 59 60 61 62 63 64 65 66 67 68 69 70 71 72 73 74 75 76 77 78 79 80 81 82 83 84 85 86 87 88 89 90 91 92 93 94 95 96 97 98 99 100 101 102 103 104 105 106 107 108 109 110 111 112 113 114 115 116 117 118 119 120 121 122 123 124 125 126 127 128 129 130 131 132 133 134 135 136 137 138 139 140 141 142 143 144 145 146 147 148 149 150 151 152 153 154 155 156 157 158 159 160 161 162 163 164 165 166 167 168 169 170 171 172 173 174 175 176 177 178 179 180 181 182 183 184 185 186 187 188 189 190 191 192 193 194 195 196 197 198 199 200 201 202 203 204 205 206 207 208 209 210 211 212 213 214 215 216 217 218 219 220 221 222 223 224 225 226 227 228 229 230 231 232 233 234 235 236 237 238 239 240 241 242 243 244 245 246 247 248 249 250 251 252 253 254 255 256 257 258 259 260 261 262 263 264 265 266 267 268 269 270 271 272 273 274 275 276 277 278 279 280 281 282 283 284 285 286 287 288 289 290 291 292 293 294 295 296 297 298 299 300 301 302 303 304 305 306 307 308 309 310 311 312 313 314 315 316 317 318 319 320 321 322 323 324 325 326 327 328 329 330 331 332 333 334 335 336 337 338 339 340 342 343 344 345 346 347 349 352 354 356 360 362 363 364 366 367 370 372 373 379 384 385
236 1375 3853 8723 15216 22538 30738 34471 39086 38613 40401 37693 38443 35960 36237 33392 34630 31561 31946 29179 29813 27631 28627 25947 26685 24585 24875 22681 23749 21745 22427 20512 21269 19442 19645 17868 19017 17488 17412 16403 16878 15608 15752 14416 14897 13731 14117 13017 13481 12559 12889 11513 12020 10776 11418 10565 10772 10189 10173 9196 9427 8815 8808 8383 8711 8111 8243 7624 7562 7071 7141 6778 6967 6570 6371 6010 6192 5672 5866 5482 5512 5318 5177 4875 4997 4752 4505 4561 4425 4333 4266 3980 4020 3741 3723 3578 3632 3494 3380 3330 3085 2998 3153 3067 2883 2856 2592 2586 2558 2436 2390 2456 2342 2455 2265 2141 2030 2055 1914 2113 1901 1897 1852 1798 1621 1689 1587 1608 1464 1532 1346 1499 1349 1337 1252 1407 1123 1263 1174 1147 1131 1097 1004 1050 1002 966 884 996 859 893 855 898 865 825 747 758 749 716 655 677 627 682 656 618 557 540 511 568 556 523 452 448 427 438 451 389 376 409 353 353 394 338 327 353 299 317 275 291 295 277 277 312 258 348 241 251 219 224 226 234 253 212 181 187 232 205 171 183 151 184 149 147 157 137 121 152 137 141 131 100 120 97 122 106 100 115 85 85 108 85 91 82 78 81 73 52 79 72 60 60 59 55 65 45 44 38 35 74 43 45 27 34 42 52 50 34 44 36 35 28 26 37 28 21 28 27 21 21 18 27 26 18 18 24 16 18 17 13 17 14 17 13 12 19 19 19 14 14 13 19 13 14 7 9 10 7 7 7 8 6 8 5 7 6 6 3 8 2 1 8 4 5 5 4 1 3 2 3 3 5 2 5 4 2 2 3 3 2 2 3 3 1 2 2 1 1 3 2 1 1 3 3 1 1 1 1 1 1 1 1 1 2 2 1 1 1 1 1 1 1
236 1509 5328 16438 39854 86040 167773 291465 497756 760854 1190507 1678416 2475350 3376951 4781891 6186139 8769418 10895345 14716175 18228530 24464313 29428424 39504827 46330659 61259267 71605048 93244090 106638271 139698986 158781113 202954046 231677252 299578217 331721713 411723127 458787590 591643116 653360232 795647681 896448789 1137671533 1242677865 1502367787 1664664003 2051838517 2240219580 2740406842 2952022749 3682936857 4013415322 4909723270 5208159332 6370540104 6556957512 8319918661 8857870923 10709640146 11626241974 13951591076 14061025349 17282126982 18406725493 21719130783 23477149317 29250002048 30653479282 36066173760 37601531924 44419977953 47006945184 54614154048 57330581597 70284815283 75062199813 84720097724 91654225616 109058618769 113677652480 131806620633 134897749614 161404723800 176886556954 196443857962 210855901134 244339665870 260147961465 277126412925 316921191838 354961316263 391755889094 446328732604 462636504101 526709192649 565104117774 618720768049 653248659941 758551646366 832589638142 890565821754 1015179599345 1025032483835 1161661205827 1325000616521 1445512958170 1502567537660 1706824333484 1710783116806 1936979932595 2170486026997 2268402533847 2453136121972 2784599855574 3011199626842 3568287023755 3626281598755 3861346337227 3927501508030 4724696168736 4651983159390 5830456010369 5615335923262 6569105394304 6910817505354 7796138025337 7308750237256 9127447339706 8985235180069 10413903252543 9878957984127 12079739044962 10878014774268 14867833195422 14334751664314 15982647863055 16167464407780 20364991343297 17745896442813 22905535027801 23011840985841 24971315264007 25256502449961 29653041882802 28136795842952 34160236691336 34201168431812 36777514976559 36325257185162 46761194684345 42643500156536 52629192497201 51752542676971 59635304433029 62425404152586 69743605969600 65621655070322 76199607874177 80327559295157 86696697786498 85475960274981 100161669974778 103676014465996 118093196414402 123497142047607 135136578641990 124656334668674 137038639914376 133293534418846 172866827427358 185761177161190 188326898222141 176988651965235 187164508996395 198619854678870 218942200750659 249242129293430 234977117950687 249021021640683 294381212914190 266115419326665 316138429476530 383028894522747 349323837074999 371754400178840 426647775317693 403241492766018 465472431021026 421708548118241 500484403230092 537759117276704 604840241911989 634470042652809 763788388221606 657550095313636 1030322939969779 698346908692290 893783903780972 782403972436031 927631408415246 972102500983494 1121959005251299 1155791397742222 1250786519941366 1040680494121813 1226086733513465 1629756619202054 1526045063924800 1380700195477753 1711295515474129 1380972496840332 2063406474015698 1667038100363739 1944958256742752 2003819955071917 1941686689400109 1784012924869825 2557526215543010 2453846327103392 3050428904196027 3090626827453990 2321746084471574 3104386317325047 2760613127351774 3623141182757528 3454289405882385 3575834400506562 4573367562674660 3300933780189223 3840154409085893 5257415944974781 4488585740826967 5466942231470815 5145101103433968 5065302391987900 6515089250264731 5896573222562796 4072891113334738 6998832658151303 6797806624172316 6271896181872243 7292431673109353 7508488979446381 7418139312506390 9780529764909986 6863167462173835 7070768781418572 6998850076505555 6421662861431676 14750256951558851 10353692286331264 11295706748285265 7356240125635766 10474070119362501 12488701200109084 16355175418024102 18902490435516067 12935671345420453 17774228550842740 16105453785289246 17022209887689742 13641874992525992 15575414811086276 21762468311537618 18113099776189838 15228934645010267 20978806893700938 20498144126614749 18157128280063839 18056372381270543 16413248799761187 28693009363497702 33332116826597823 21501551670709268 24128931293926586 32440235913860024 25446513664064966 33359087420411150 27027885692138206 24818049454731863 35935599427445389 27138920524665316 36088683625743244 31739605365486394 29419030412300454 49429622771879284 61018116563974765 69586257919354743 45904053153950390 52747687948391555 52774979657504956 84205163593863900 57685832256456354 79109012734742250 40425636504903024 59521189878275057 64770317942471025 49658841791714839 47802598975137331 51329525680944582 70620185545189992 51132729762268165 90000482722201712 48299083050657707 70969524427115183 76157740318388403 70280604349747346 49076872076917860 111036411781795438 42355987995840015 16239786535829663 135790260273225464 74685953198401456 97395256886931563 144443995162366453 88916205385680456 24650106150830490 77481721417963142 56610040681992006 143546263353826976 125628950682619236 199555083144748276 72075360646188907 194307508134496127 170992312143818784 131268514615487420 94778002178815903 153929732092895157 164775248454577219 120210699679333088 128650749218229100 201995146501262250 220959863585551017 73653287861850339 168601631272450238 180350869961099246 96450110192202760 192900220384405520 330923581275878316 228257351971406744 134819180623301520 144117936527873832 462130792138728090 493912437497283132 175943559810422753 188008647052292980 214618299743286299 261578907351144125 298330063062758076 340122810048577428 441622981929358437 502957566506000020 536679070310691121 1145224117796075118 1303377759994413918 695143713458946040 843250788562528427 958728697912338045 1022141228367345362 1498478743590581081 2056513475336633805 2190401332423765131
3 4 5 6 7 8 9 10 11 12 13 14 15 16 17 18 19 20 21 22 23 24 25 26 27 28 29 30 31 32 33 34 35 36 37 38 39 40 41 42 43 44 45 46 47 48 49 50 51 52 53 54 55 56 57 58 59 60 61 63 64 69 71 76 81 87
8 30 48 134 113 219 192 278 194 241 156 187 116 149 131 142 99 109 79 99 47 78 67 83 45 71 47 41 41 40 56 38 22 24 15 30 17 20 10 10 16 7 5 12 7 8 7 9 2 7 16 2 4 3 2 5 2 2 1 1 1 1 1 1 1 1
8 35 73 338 313 1203 1321 3591 3123 7054 5807 12035 8806 19878 18407 36350 25619 45219 35657 74198 37559 98770 87169 180744 86525 201237 158848 188148 210513 256746 287943 463358 202176 429796 221401 746017 354984 839682 403525 542767 904635 502074 283101 972934 630892 988175 903230 1666909 255908 1897112 3151378 1586636 1957316 2323849 949333 4457194 1544620 1667800 1053646 1228308 1663640 2012558 3087735 5392783 12132164 26543660
