10 22 34 46
406 8617 46462 44482
1825 105669 242707 85142
78763 67825066207 6139859538181746850 28867806487096725
10 22 34 46
24 317 160 1
50 611 188 1
1081 21415242 5956661 22
3 4 5 6 7 8 9 10 11 12 13 14 15 16 17 18 19 20 21 22 23 24 25 26 27 28 29 30 31 32 33 34 35 36 37 38 39 40 41 42 43 44 45 46 47 48 49 50 51 52 53 54 55 56 57 58 59 60 61 62 63 64 65 66 67 68 69 70 71 72 73 74 75 76 77 78 79 80 81 82 83 84 85 86 87 88 89 90 91 92 93 94 95 96 97 98 99 100 101 102 103 104 105 106 107 108 109 110 111 112 113 114 115 116 117 118 119 120 121 122 123 124 125 126 127 128 129 130 131 132 133 134 135 136 137 138 139 140 141 142 143 144 145 146 147 148 149 150 151 152 153 154 155 156 157 158 159 160 161 162 163 164 165 166 167 168 169 170 171 172 173 174 175 176 177 178 179 180 181 182 183 184 185 186 187 188 189 190 191 192 193 194 195 196 197 198 199 200 201 202 203 204 205 206 207 208 209 210 211 212 213 214 215 216 217 218 219 220 221 222 223 224 225 226 227 228 229 230 231 232 233 234 235 236 237 238 239 240 241 242 243 244 245 246 247 248 249 250 251 252 253 254 255 256 257 258 259 260 261 262 263 264 265 266 267 268 269 270 271 272 273 274 275 276 277 278 279 280 281 282 283 284 285 286 287 288 289 290 291 292 294 295 296 297 298 299 300 301 302 303 304 305 307 308 310 311 312 313 318 319 320 321 322 324 325 328 330 331 333 336 338 339 340 345 346 349 369 378 379
254 1088 2530 4441 6415 8285 10120 10984 11405 11371 11262 10587 10682 10127 9898 9384 9398 8726 8643 7961 7822 7358 7466 6904 6957 6567 6448 6320 6087 5694 5673 5305 5240 5102 5040 4713 4792 4671 4496 4314 4191 3954 3862 3827 3675 3560 3522 3214 3368 3312 3130 2983 2956 2769 2732 2719 2578 2458 2540 2372 2334 2238 2222 2132 2141 2028 1931 1827 1785 1719 1785 1712 1744 1590 1634 1525 1514 1438 1414 1433 1398 1291 1341 1259 1239 1183 1164 1146 1129 1062 1100 1027 956 998 969 909 871 887 856 870 799 805 788 765 786 759 741 698 716 712 640 667 619 600 582 590 549 554 503 524 501 478 482 445 433 433 439 440 407 415 406 400 386 358 361 349 325 368 349 331 338 317 316 294 300 258 268 260 274 239 251 227 215 226 216 196 232 200 193 198 194 180 163 188 161 172 156 179 149 135 147 131 142 140 133 144 122 125 113 133 103 117 114 98 96 103 83 99 75 83 83 86 83 74 75 75 82 71 74 72 70 63 56 64 60 52 57 58 49 43 42 39 40 31 40 33 41 41 38 45 28 38 32 24 32 22 33 24 33 26 21 20 20 24 15 16 19 26 20 24 17 20 18 20 18 19 13 17 21 20 14 21 16 18 16 15 10 12 11 11 6 11 10 5 9 5 6 10 6 13 8 9 4 4 6 3 6 9 5 2 3 1 2 1 2 3 5 4 2 3 3 1 2 3 3 1 2 2 2 4 1 2 4 2 2 1 3 2 2 1 1 3 3 1 1 2 1 1 1 1 1 1 1 1 1 1 1 1 1
254 1191 3642 8910 18726 36707 66299 110608 172253 261908 384254 536793 768958 1048202 1410908 1862821 2557108 3151591 4182508 5007716 6474772 7891125 10231860 12437276 15608505 18826186 23415962 28703551 34368856 40433389 49128937 57171492 68449757 80510756 99064886 113037154 141444122 167681586 193657489 223993621 257382630 297949658 338102105 400521636 445430610 525953850 611318130 673298216 834933292 959871667 1070588817 1234458187 1397893679 1526888090 1742387954 2075440478 2281041937 2521187199 2994572125 3322293015 3727259634 4161041493 4866775307 5187026175 6121229422 6756558702 7436025954 8155366348 8906445123 9940591837 11981169845 13002519480 14935267690 15970231452 18268662533 19652790314 22582598488 24525477548 27776050402 31426061909 35325465843 36695430147 43347744579 45830862034 52268058251 56411716510 63184831476 70556684969 76762997733 82979193825 98292517895 102056431127 106955230437 123315220155 132757041059 144137652523 158387854811 175453228551 197207317616 217599909146 229276955181 256857069497 278785755783 298110711997 349825446498 372891902832 420291401230 448633388905 513004608998 571416627857 559778317277 657392627436 668052488005 757751731663 803419083183 868107087586 945815829274 1056598191368 1135618044555 1245462547724 1304359045041 1436159917736 1600476575356 1639047172830 1768083041445 1899261110806 2048950454213 2337391828076 2603822911721 2762786950848 3092207633167 3290400089090 3637546253772 3678308293320 4115467776716 4239878892334 4617415390216 5452881239888 5962945111434 6411389801667 6975730231831 7148234239623 7484450163569 8151766967015 8885141173653 8783629332098 9821545854755 10430276076581 11763211116547 11344967232103 13229499780350 12967037924816 13675371073555 15774411275789 17502578906631 16302787286623 21354365466479 20704576830077 22189911250509 24459765780554 26032365785275 27830713606224 27205082325840 32502142406149 31123952604505 38391903208430 39003761754527 49020793588285 45901519396247 43025450580240 52580507771878 50471773449408 59840336569045 65302839121071 63129679960361 80070431447070 71594758026439 80031526675890 76286228196005 98754078122220 83359377751259 107454591189029 120294140978587 114694631695128 120610547357097 133057005294173 113920846613441 160092532282225 130208385099323 165277456330545 156063664164854 199621240872878 198727159934770 211451352099163 205184713723189 226365856490118 258073815256031 245248286637787 292233199610387 295288250123150 332121173053775 302246579274222 321233328374527 405277009649405 415783808085668 366818672138220 434941541690600 541342655292160 467771052214082 436566806095921 454292527533641 468161133874090 506252899868545 393298572717019 536003421665675 506600589342324 700927027766555 763721708673735 847683324898660 944643123966367 856753396912565 894762336432298 1013370671736675 723748480506675 1138900554581151 901362057951756 1326101279414928 1103706002300176 1571919584889420 1309230260665588 1153098647085699 1235942184703384 1215073100148766 1537875255340863 1026983001439360 1210101291546719 1684165419576525 2423734672448503 2331575207724953 2656225234577519 2196047201496510 2571625108514606 2861752682934805 3008045629117551 2614121993997926 3640333327482178 2511460139439778 3498348360327448 4162501055698082 4893261133855933 3524869218609645 5853219282151291 4994489143052032 5519831591350830 5421747063068480 4958002599020125 3888768722468092 4905851339730460 4745625311741980 6300174559448983 3544498857704976 7338648243818545 6013707495891968 4088287725240399 5839590281339310 4022688738361020 6512802273696534 9305132153672765 4921135457736489 13586179275781557 9688847154534439 10907179969348615 4699225707565878 5154529752292978 7973008569254525 4454710550875800 9474823386565038 16515266131560012 8695708908380464 5565382718689613 8029740371440759 2362219145337711 4903171735383409 2732873183547535 5671802977477090 8816789381788665 19435719492569534 17242766884018145 11230783833631528 11777766484468266 14278329239845054 5234371069753672 11245985383901210 17702520456141635 24605965773365633 6965850144195831 21411265366902246 15509813463453624 16060496769886080 35747158424377254 9930972392403501 30519276017355841 59678738213332603 26324435790115408 42355987995840015 30285905477714388 49893753204806621 36085668432747659 52831615267132652 28305020340996003 28305020340996003 90978545969528892 99777541572374138 39919565526999991 42748078035954696 104924088457657282 56156602112874289 60105349839666544 73653287861850339 90175434980549623 103151466321735325 110307860425292772 117949491546113972 164637479165761044 175943559810422753 214618299743286299 790738119649411319 1406207446561484054 1498478743590581081
3 4 5 6 7 8 9 10 11 12 13 14 15 16 17 18 19 20 21 22 23 24 25 26 27 28 29 30 31 32 33 34 35 36 37 38 39 40 41 43 44 45 51 52 55 56 65 68 73 76 78
1 16 22 64 58 72 56 63 49 57 33 34 31 26 17 20 23 24 22 12 15 15 11 9 5 6 10 4 15 5 6 9 7 3 2 2 1 3 3 7 2 1 1 1 1 1 1 1 1 1 1
1 23 35 165 204 414 451 919 776 1729 1422 2117 2377 3291 2525 4767 6182 8425 9912 7568 10974 16515 13207 15576 8521 16709 27766 25380 65202 22046 43835 98976 79263 50322 33624 36930 12310 134434 91316 322584 89368 31185 211116 294546 281589 281589 1300156 1741630 4087968 10785566 7089500
