9 21 33 45
341 5577 44663 49387
1550 38363 232338 98347
59271 441008134 3532253852994544738 88329161665674945
9 21 33 45
15 232 199 1
27 447 256 2
213 5993920 758057 2447
3 4 5 6 7 8 9 10 11 12 13 14 15 16 17 18 19 20 21 22 23 24 25 26 27 28 29 30 31 32 33 34 35 36 37 38 39 40 41 42 43 44 45 46 47 48 49 50 51 52 53 54 55 56 57 58 59 60 61 62 63 64 65 66 67 68 69 70 71 72 73 74 75 76 77 78 79 80 81 82 83 84 85 86 87 88 89 90 91 92 93 94 95 96 97 98 99 100 101 102 103 104 105 106 107 108 109 110 111 112 113 114 115 116 117 118 119 120 121 122 123 124 125 126 127 128 129 130 131 132 133 134 135 136 137 138 139 140 141 142 143 144 145 146 147 148 149 150 151 152 153 154 155 156 157 158 159 160 161 162 163 164 165 166 167 168 169 170 171 172 173 174 175 176 177 178 179 180 181 182 183 184 185 186 187 188 189 190 191 192 193 194 195 196 197 198 199 200 201 202 203 204 205 206 207 208 209 210 211 212 213 214 215 216 217 218 219 220 221 222 223 224 225 226 227 228 229 230 231 232 233 234 235 236 237 238 239 240 241 242 243 244 245 246 247 248 249 250 251 252 253 254 255 256 257 258 259 260 261 262 263 264 265 266 267 268 269 270 271 272 273 274 275 276 277 278 279 280 281 282 283 284 285 286 287 288 289 290 292 293 294 296 297 298 299 300 303 305 306 307 310 311 314 315 317 318 319 322 323 324 328 330 337 341 342 343 354 355 367 368
237 1026 2314 3988 5783 7215 8325 9127 9298 9201 8868 8737 8480 8251 7750 7541 7301 7005 6746 6577 6374 6034 5824 5660 5465 5342 5229 4885 4912 4628 4622 4402 4335 4096 4069 3953 3844 3711 3717 3458 3458 3315 3228 3162 3134 3115 2931 2957 2864 2747 2686 2521 2564 2396 2406 2290 2355 2230 2155 2171 2173 2087 1952 1874 1838 1822 1728 1709 1750 1608 1621 1567 1663 1535 1484 1435 1440 1324 1394 1326 1285 1214 1251 1252 1245 1244 1141 1108 1138 1002 1059 1028 997 926 921 913 912 874 865 886 827 821 774 781 792 703 671 649 664 701 637 630 630 632 584 591 578 563 532 490 486 471 483 457 461 438 432 418 400 414 376 361 372 360 366 343 386 322 355 330 316 316 287 288 280 277 279 281 259 241 230 246 250 240 209 209 226 193 208 195 184 164 177 183 189 179 148 152 162 140 140 117 143 117 142 128 125 133 113 131 106 113 112 94 88 84 82 108 86 89 90 92 76 71 77 65 65 64 56 67 77 55 71 69 75 54 56 47 61 46 42 41 44 47 39 43 53 40 37 40 37 35 36 33 29 25 21 28 26 28 31 15 19 20 20 22 18 12 14 11 11 12 22 16 13 12 14 14 9 17 10 15 14 10 14 18 13 8 12 14 16 13 15 9 15 6 9 11 8 8 4 11 3 8 3 6 5 6 7 3 3 3 5 3 5 1 3 3 2 1 1 3 2 4 3 2 1 1 2 2 3 3 1 3 1 2 2 1 1 1 1 1 1 1 1 1 1 1 1 1
237 1110 3319 8094 17362 32723 56784 95926 146073 221193 314598 450126 625412 872627 1128269 1509333 1977515 2572620 3291930 4136680 5193372 6438563 7930171 9751057 12078909 14953813 18740813 22009064 27220908 32241484 39269171 45765464 55295129 64235352 77352284 92085089 108034984 128230628 155874893 173388414 209554209 241440850 275266301 317166695 378537263 443300995 496810379 607311702 669569360 779589926 889063905 983502838 1184041378 1290936941 1531917526 1699663118 2006160430 2196580068 2491545603 3007083330 3431045257 3880805187 4060633924 4610009378 5268356452 6095159664 6411262898 7443916396 8527116025 8989896386 10541757133 11957268300 14206983757 15359790637 16914795969 18685282414 21043853859 22758330213 27162098411 29209518188 32540859629 35948398028 40506902524 45643023141 51922568958 59077051503 62149134186 67082205260 74928138364 75133030459 91870419164 101474803964 110024021772 117399658963 133892005724 141016158698 162605778891 179355034144 199086356986 226832328601 233516566771 254246903814 276526965226 313258137387 349789444042 349376282337 386891005269 410226955670 462300261289 579372832641 576163676185 666963423920 693263633182 806069278617 798592663198 928283855169 995264848342 1065687967353 1132505080515 1183386678433 1334709966321 1390726860405 1650202036727 1645847863212 1814501341532 1879504665367 2007171173261 2227636308490 2380256941724 2859241845729 2735761184184 3094320923387 3615736099094 3855653229928 4168081947507 4401478410236 5411701150415 4906252301665 5941307696590 5898873698542 6374930291772 7402389908558 7230727124350 7653254950172 7932678554723 9522438141023 10465374641741 11155900798667 12038839530804 11597910174228 12022192898711 14262767345830 14914945179010 16202322588724 16553433685187 18085955654642 20196787419631 19568020366039 25192396738685 24799986597979 24157864913373 25193335547614 27693075022796 32365830461236 37741763673388 39021707804648 36191613401548 40871219948039 48360602802546 43249131554778 49241262370540 45945745894981 59155531654430 48445766301940 68865209671088 66977139835650 70882505643078 89099507838600 80867928852505 101362610591450 91964681647224 111088574760569 117693272210393 99092390707100 106669203448614 104077559199389 113464313358612 165427645687494 141255013325925 173829846023588 181984643196551 205852961020231 189918836014445 202820160980071 227026969380902 203296745198084 217831071494399 220387951739555 202574386844504 269995063877048 353943017594936 275008160087166 412787825029785 429854260771243 467012499102788 405158092028642 429839272493881 393234315731485 555619951133348 438712062603020 396435305779215 435442159413257 519291099899948 654995364668229 565490860419422 690321845356827 918736394664320 723675386290013 757410302569136 860777140137446 855107419604957 931545978235051 1125512201526359 1026268860461874 979769597380343 909163445407633 813372814767465 1262811541479639 1150161411881530 1393683158512831 1602649906465895 825628526421270 1195104039684806 1174110827860142 1285721358553078 1822251810374118 1607376675925711 1219826681739243 1546375334084528 1177880348861909 1305481828191957 1388324469281619 3177332661021256 2531186973856957 2394627503208438 2356580387557399 2294084254300108 2976781025690314 1890900324581192 4618298154102110 2801913980642799 4071473598630601 3669551567116006 2758362789095902 4460247609211972 6336750569774640 5533115497827462 4002586354443919 5294160729197908 6299189842124174 7823282403237023 7681075565641636 9846597128110941 6491722167201741 10338284316558280 4954701014572200 6569091949568329 9547376556891353 7826273639389308 7588452174672205 3904626338136727 11882014339293240 3655123049532999 11340078952486525 4238248695520350 10105708811569600 8186469846685855 10073732743463222 12738806043003828 5833954059758243 6587358935047548 9116010914040454 14530781761442240 7814778363638931 17015408932431270 3160137867148997 12877997613433764 10957292508213159 8438777057174190 4534253126900886 4534253126900886 16868978075851815 12079527764191030 30645729655461148 19939198398354007 21411265366902246 9253082936723602 10657331232548839 22092873310370943 23704760097051569 43380278069417204 46525692013544051 20017426762576945 64374288112058673 24650106150830490 51065913784396816 54720827974562329 34800954869440830 37274405776748077 39919565526999991 52462044228828641 60105349839666544 96450110192202760 126108517833796355 134819180623301520 144117936527873832 298330063062758076 318555973788329084 695143713458946040 741433159884081684
3 4 5 6 7 8 9 10 11 12 13 14 15 16 17 18 19 20 21 22 23 24 25 26 27 28 29 30 31 32 33 34 35 36 37 38 39 40 41 42 43 44 45 46 50 51 52 55 62 74
1 5 19 39 36 56 45 55 46 46 26 25 36 23 21 23 21 16 30 19 15 10 16 8 10 11 7 6 5 4 6 6 6 2 6 2 5 3 2 1 2 2 2 1 1 1 1 1 1 1
1 6 28 87 117 308 319 775 709 1421 892 1371 2632 2487 2696 4581 4616 4716 10833 11809 10892 11255 20659 11224 18372 23983 17166 17914 14560 15318 30909 52022 56648 27906 91134 41318 121603 103171 79228 26015 83215 89368 119259 53174 211116 124754 147273 281589 715220 4087968
