1 2 3 4 5 6 7 8 9 10 11 12 13 14 15 16 17 18 19 20 21 22 23 24 25 26 27 28 29 30 31 32 33 34 35 36 37 38 39 40 41 42 43 44 45 46 47 48 49 50 51 52
3 10 8 34 59 58 78 115 113 108 141 189 199 201 90 147 163 224 337 584 1012 1643 3146 5393 7139 8009 3423 6337 6529 6430 5912 5141 4343 3796 4416 5095 4219 3441 1406 1506 1333 1179 1078 1052 925 781 776 798 527 306 17 31
14 26 24 85 160 133 160 208 227 259 312 340 333 322 139 231 262 421 765 1566 3235 5786 11182 18954 24389 25296 9486 17265 16077 14324 12685 10741 9292 8289 9212 10338 8622 7175 2765 3312 2995 2542 2156 1787 1310 1017 912 892 545 306 17 31
232 332 301 714 1578 1247 1628 1479 1884 2474 3163 3778 3653 6938 5217 28034 182296 20140 119886 1112934 13894072 449265090 25427270318 2779546515954 197346031835985 3770034366340379 11280060890053754 41831479377021081 18481117592574649 25866822968766231 15130201306944770 22523969669639354 13291680760678729 3412429968189792 2127537442168989 1022387213044576 7415183965298604 9567309192010754 61281933342868 57187460766777048 57524145198265091 29682141045273186 13757580519499369 4316988763991626 1196533865201042 243489349284866 39405047246908 6131075698340 492048566401 21585488082 169955 164325
4 5 11 16 20 24 34 37
1 1 1 1 1 5 1 1
1 2 1 1 2 5 2 1
2 3 1 44 138 8 24 11
3 4 5 6 7 8 9 10 11 12 13 14 15 16 17 18 19 20 21 22 23 24 25 26 27 28 29 30 31 32 33 34 35 36 37 38 39 40 41 42 43 44 45 46 47 48 49 50 51 52 53 54 55 56 57 58 59 60 61 62 63 64 65 66 67 68 69 70 71 72 73 74 75 76 77 78 79 80 81 82 83 84 85 86 87 88 89 90 91 92 93 94 95 96 97 98 99 100 101 102 103 104 105 106 107 108 109 110 111 112 113 114 115 116 117 118 119 120 121 122 123 124 125 126 127 128 129 130 131 132 133 134 135 136 137 138 139 140 141 142 143 144 145 146 147 148 149 150 151 152 153 154 155 156 157 158 159 160 161 162 163 164 165 166 167 168 169 170 171 172 173 174 175 176 177 178 179 180 181 182 183 184 185 186 187 188 189 190 191 192 193 194 195 196 197 198 199 200 201 202 203 204 205 206 207 208 209 210 211 212 213 214 215 216 217 218 219 220 221 222 223 224 225 226 227 228 229 230 231 232 233 234 235 236 237 238 239 240 241 242 243 244 245 246 247 248 249 250 251 252 253 254 255 256 257 258 259 260 261 262 263 264 265 266 267 268 269 270 271 272 273 274 275 276 277 278 279 280 281 282 284 285 286 287 288 289 290 291 292 293 294 295 296 297 298 299 300 301 302 303 304 305 306 309 311 312
404 1943 3282 4792 6222 6107 7278 6780 6225 6183 6108 5097 5841 5209 5019 4869 5162 4255 4695 4265 4133 4209 4175 3433 3956 3587 3468 3364 3396 2874 3328 2929 2936 2763 2852 2393 2815 2449 2405 2306 2383 2106 2393 2090 1990 1931 2095 1760 1983 1769 1752 1736 1803 1438 1627 1415 1441 1422 1475 1233 1433 1345 1272 1159 1258 1058 1270 1105 1032 995 1109 871 1053 910 906 861 901 806 845 782 739 756 806 613 745 604 658 644 665 520 617 547 565 518 531 489 570 519 471 409 472 393 494 406 419 364 425 346 379 335 334 337 355 260 305 293 311 270 298 257 280 253 233 224 255 200 255 224 189 187 203 200 217 174 176 164 199 147 159 145 147 149 161 112 125 114 143 122 141 103 112 124 116 92 102 85 107 106 89 82 99 84 80 85 85 75 93 68 62 61 66 71 61 55 63 52 58 57 48 43 53 50 53 39 52 44 50 38 44 34 41 52 43 36 35 31 40 28 35 34 37 31 29 22 21 25 32 25 20 21 17 26 21 20 22 24 22 18 21 18 17 19 13 14 14 14 15 18 13 14 12 10 12 8 10 7 16 11 12 8 7 9 8 8 8 7 10 7 9 3 4 6 5 7 4 4 6 4 5 3 4 5 3 5 3 1 3 5 3 1 4 3 3 5 3 2 1 1 2 2 3 3 2 3 1 1 2 1 1 1 1 2 1 1 1 1 1 1 1 1 2 1 1 1 1 2
404 2044 4561 9164 18482 27980 49075 71751 98514 139650 205985 244396 380133 475932 631751 799700 1166172 1273792 1800389 2178011 2726380 3482691 4488532 4719480 6799060 7875039 9620925 11219967 14461256 14824256 21049028 22966708 28680241 32215460 41535718 42283459 59370924 62351970 75431479 83601752 106063695 111535195 148175468 156959936 182333211 200236432 267193403 267023842 347930397 372041970 435400427 493298554 609427455 586138835 738832285 774972139 919858083 1001194538 1277317258 1240860680 1625233960 1798367559 2020478050 2094727516 2654981065 2532038359 3458030755 3480811050 3847272168 4182736582 5358884779 4870867243 6616245034 6692421570 7732464770 7878963214 9632163431 10237584203 11969560235 12623363058 13730550421 15688028821 19321507622 17105720766 22764229584 20427439403 25941570089 28690141394 33933521435 31716174646 39432618292 40297585309 47856488594 48227472993 54508251753 59231915989 76159745240 77741656298 81784381513 79490969566 97353192145 97757324171 128307981559 122302142747 147550840086 138141326881 181365714808 169773693975 207207217044 203541821574 224700504470 253660354106 289311493963 244385616768 315404765178 329295006724 411350550650 398054649438 481451555318 461629946271 536316760724 553785578182 578939292592 594520677127 740585787495 665830968970 956581607854 943078707992 862866136504 950999815597 1149616832650 1306312724574 1511506114529 1311647963407 1481677799709 1566478702976 2111345895803 1725801124830 2071525123229 2004180973076 2341171050290 2572707325511 2973551883041 2375852446089 2953568538784 2809925088343 4030058634404 3771234923384 4872892629750 4032054965887 4498564987177 5697855286987 5926203413580 5281649576477 6343644968107 5708066581705 7829063987629 8852999782082 8265780432596 8247811655987 10655737590006 10150331047902 10611500361239 12665462293861 13014782332460 12871349030097 18249047948036 14310276104803 13755680612155 15299110152960 17896486442072 21606189932984 19638779156051 19621240763728 25520678219529 21716824411685 26889238567500 31365799572305 27019264502805 26507401184010 34667963011063 36671682194308 43636908285778 34876518409544 50054584263809 48051655509750 55999168546300 48530830102640 63438975181951 51144403764654 64877000406527 96411913892648 84484594101613 76808322662734 85038154829790 78522776698456 110059429281997 85456970120545 114692748847287 133092458040969 141142505485458 131457220555516 136508880420353 112664857573263 112377141342653 145772759463041 202879267842050 182169318532360 148573535767329 179427798293985 152451094870175 256605411894490 222330079435011 238158974404699 275601378163137 327696083906135 324127271974642 290930084785854 368605741988792 338418348100344 344476514677019 427293999316239 313552343363871 367374513965586 391644430039285 437282106728570 506163216705975 658592360925954 513550176931746 600786732095105 551755047781050 498231457923160 647749203057954 472445123204486 628243156511074 482771499970501 1193892332576041 900076509397504 1071490604539912 753199093489608 725137101020835 1013550685316732 972412427569630 1051646442223846 1126273240516889 1084578167664121 1642253984461108 1267140061515710 1750033396479756 625000356322922 888860948370612 1458752913403598 1346163506262895 1992100192085718 1209237898445554 1330454784052705 2194497401224692 1578894706621428 2098456014292781 1378637251346025 1946771554731213 2634602186395282 1730018024841504 3109187082548075 2011344369180510 722760953690372 2337151888686501 4198058651834070 2714280324949080 974834369944625 4200789959724468 3393715511815818 3655123049532999 6560259004081075 4238248695520350 3041960985702350 1637293969337171 1762278433057269 3793128207183168 4081651705150150 7086657436013133 7622857770137094 5465746367095070 8816789381788665 3160137867148997 3397584011986773 7304861672142106 3925922161489422 4219388528587095 4534253126900886 4872038056472084 10468742139507344 5622992691950605 6039763882095515 6486674127079088 6965850144195831 7479565078510584 8030248384943040 8620496275465025 9253082936723602 19861944784807002 10657331232548839 11435542077822104 14118662665280005 16239786535829663 34828360266294590
5 6 7 8 9 11 13 18
5 3 2 1 1 1 1 1
6 6 4 3 11 22 44 135
