1 2 3 4 5 6 7 8 9 10 11 12 13 14 15 16 17 18 19 20 21 22 23 24 25 26 27 28 29 30 31 32 33 34 35 36 37 38 39 40 41 42 43 44 45 46 47 48 49 50 51
5 11 15 42 57 113 131 113 109 148 146 162 205 195 206 242 361 667 662 432 528 687 918 1129 1327 1431 1539 1538 4403 12133 10308 2734 1706 1337 1103 1026 999 891 728 557 6917 23501 16382 1743 99 85 71 60 46 27 10
33 61 58 160 184 284 335 270 263 380 354 399 443 492 518 596 904 1356 1361 1061 1442 1911 2619 3560 4347 4651 4990 4784 15745 44183 36117 6822 2861 2257 1870 1610 1491 1238 1031 811 15435 49576 31389 3098 130 105 86 72 46 27 10
347 523 1173 3804 2760 3200 5143 3449 3312 5707 4282 6628 9964 9704 53564 116280 390131 1776577 4357283 4268637 9793492 497229135 13548767865 256292896910 66761100110392 11701756128304223 156918451749827792 80836654952213716 50228033364913862 25267180114281940 46393749572992611 144704092752644343 114119727389635607 58839510000456092 90105822205133665 51353848099094622 22758783474217256 8030590102225931 6195690721096294 4678373676151709 103673381394978972 299312703260182746 86034144445522514 5057912171752051 24039454599589 3527073366352 365028879036 16456204358 446855577 7246009 20536
1 2 3 4 5 6 7 8 10 11 12 17 18 19 20 21 22 29 30 31 32 41 42 43
1 1 1 2 2 1 3 2 4 2 2 3 13 13 6 2 2 10 37 17 1 1 1 1
1 1 2 3 4 2 5 5 6 3 2 6 22 23 13 3 2 14 39 18 1 1 1 1
2 4 6 12 8 4 18 23 25 7 16 114 109312 3825 53746 26 8 456 7349 13779 270 385 135 11
3 4 5 6 7 8 9 10 11 12 13 14 15 16 17 18 19 20 21 22 23 24 25 26 27 28 29 30 31 32 33 34 35 36 37 38 39 40 41 42 43 44 45 46 47 48 49 50 51 52 53 54 55 56 57 58 59 60 61 62 63 64 65 66 67 68 69 70 71 72 73 74 75 76 77 78 79 80 81 82 83 84 85 86 87 88 89 90 91 92 93 94 95 96 97 98 99 100 101 102 103 104 105 106 107 108 109 110 111 112 113 114 115 116 117 118 119 120 121 122 123 124 125 126 127 128 129 130 131 132 133 134 135 136 137 138 139 140 141 142 143 144 145 146 147 148 149 150 151 152 153 154 155 156 157 158 159 160 161 162 163 164 165 166 167 168 169 170 171 172 173 174 175 176 177 178 179 180 181 182 183 184 185 186 187 188 189 190 191 192 193 194 195 196 197 198 199 200 201 202 203 204 205 206 207 208 209 210 211 212 213 214 215 216 217 218 219 220 221 222 223 224 225 226 227 228 229 230 231 232 233 234 235 236 237 238 239 240 241 242 243 244 245 246 247 248 249 250 251 252 253 254 255 256 257 258 259 260 261 262 263 264 265 266 267 268 269 270 271 272 273 274 275 276 277 278 279 280 281 282 283 284 285 286 287 288 289 290 291 292 293 294 295 296 297 298 299 300 301 302 303 304 305 306 307 308 309 310 311 312 313 314 315 316 317 321 322 326 327 331 335 339
296 1153 2656 3940 5269 5795 6396 6299 6331 5962 5914 5295 5380 4782 4871 4443 4652 4135 4258 3942 4026 3764 3961 3530 3571 3344 3447 3208 3311 2941 3070 2866 2973 2708 2814 2581 2665 2449 2538 2355 2449 2205 2323 2100 2161 1931 2086 1872 1940 1799 1900 1749 1923 1679 1750 1597 1654 1556 1656 1448 1495 1375 1463 1317 1368 1197 1271 1229 1217 1137 1170 1132 1158 1007 1076 983 1032 889 969 868 929 865 972 873 863 794 858 773 779 707 733 674 730 648 677 585 631 557 604 549 591 537 581 524 491 478 513 461 469 427 474 457 501 411 411 388 415 365 392 357 365 364 359 319 333 293 325 292 284 276 272 270 266 251 277 249 270 232 235 214 225 222 237 202 191 185 206 203 199 179 190 178 189 174 164 162 174 149 154 122 147 131 139 112 125 112 128 120 132 114 105 109 114 83 92 81 104 88 89 84 84 82 103 82 78 68 83 70 74 61 70 67 71 48 65 59 64 54 66 41 43 44 52 46 41 37 48 39 46 41 48 34 40 37 29 35 32 36 40 32 23 26 34 25 26 23 26 30 22 22 21 22 22 18 20 16 16 17 18 21 20 17 19 14 15 12 17 13 15 12 10 13 10 8 11 7 8 10 10 4 7 7 6 8 6 5 8 5 6 7 6 5 4 5 6 7 4 5 9 6 6 6 4 5 3 3 2 5 3 3 1 3 2 2 2 1 2 1 2 3 1 1 3 2 2 2 3 2 2 1 1 2 2 1 3 1 1 2 1 1 1 1
296 1216 3688 7720 15693 25831 43901 65686 100242 139380 205018 262479 375103 463962 647127 795781 1126067 1330633 1798276 2201866 2899954 3465092 4691851 5422362 6895153 8183296 10372470 12191067 15427606 17251465 22141212 25866214 32629195 36639271 46368219 52165291 64174620 71902381 88908269 99628867 123899748 134531117 166766904 179855346 222568400 234636839 304998682 323957142 387984394 437105246 543230850 576717950 733143803 762180494 934785485 999097530 1196001919 1323795631 1615424970 1664796487 1950121240 2111571320 2646124764 2688807830 3276067002 3349257138 4011208985 4471142301 5003630232 5600143619 6381280750 7229878355 8156758456 8429577169 10478509218 10703642466 12627390439 12760308069 15472020756 15986864621 19723179024 20509156383 26288755910 26779938857 30556239898 32197122613 39299654737 39804719932 44178032745 46001165848 53277519967 55625514805 68307665762 67960243606 81957703311 77090954474 93965887956 93969889382 113069377797 114470881931 142610683377 141526854435 171916960837 176970120558 182688554636 204600543638 240436320190 249578975223 280506745011 297481840161 360965017507 379563627346 466369801101 424456563291 477516737787 505084005033 612259930184 584086347698 694777856690 719738793506 807370399565 899980539522 970004421328 955720693642 1108309874524 1118879342360 1357110970032 1390257165491 1444388026260 1543276471070 1680313871830 1856998295559 1993360643972 2097461927511 2605439212908 2523049054488 3155807783567 2912241715469 3212451771052 3368604843058 3819100706364 4189562388179 4872090211064 4654098016460 4899902123087 5139658342797 6283326653633 6824534740730 7364502910269 7442294651867 8607251383177 9029124178733 10318554325805 10284511879529 10856498433448 12061111386229 14372655982122 13592689731244 15311360906289 13587762321861 17111034707192 17296387591772 19637594820758 17390405792356 21916793600920 20279389902764 25968910453359 26422110402090 33494103130519 29660496191745 29740092703050 34530557238636 38831495199609 30313752898483 37121205196413 35679154558176 51543712989070 47756541921100 55192654909710 55861032771255 59579223759382 62705026778951 86980676520119 73961439574741 80625164788923 74147776138724 100359112134359 91775821958463 105755792560961 94910768557000 114666935775124 124190808995929 151719838515552 108323920355637 158521093628414 151898847575524 185589105038015 169182181000275 225696865443507 151661121701022 174138137980995 187342261298459 250593459366104 237002278375832 233681099382715 226236490457597 317636465005505 280378247229730 374821401514591 357335854529730 445526136636329 350722233231571 445354882277697 445665102696655 389922879712224 502535833479638 491947526368496 612223784934672 735708034968953 631625378536219 483167930653256 574357529533586 856511447988870 672263134576410 749703311372555 702562755942592 889929694803769 1095690596620580 864228099354044 933360983627787 960031376324340 1084428278383703 1240333111663290 1043512473383867 1271622664617986 1091793572336908 1199784039724634 1363725369492342 1586608699581030 1966558837649891 2029432491244032 1860608659098596 2316490184371037 1795719358430808 2118568221688890 1785415190083344 2789296111611162 2310274730789978 2906887242914496 2468180619013782 2256465640014642 3148299381171877 2672385762441770 2282827150001830 3406481837592209 2272130757972700 2818415324477848 3831340327415270 4165702620831563 1804570335755381 3397801174701580 3626086055916974 3418078437644449 4884369848952026 3925467325259910 3509179107191456 6176115360625541 4137497551029423 5428560649898160 6753766327984110 6075095579627226 5575151505685541 4873497399377332 6466581553109193 8476497391040700 10322170666925050 6432862400862688 8811392165286345 17069076932324256 12100693366466959 12864796951880214 14006882038371071 10163810360182792 13472445324235838 8610732771406645 9259205528227549 6795168023973546 18007307356270985 11504275159049897 12364699218663612 4534253126900886 14278329239845054 10468742139507344 11245985383901210 12079527764191030 6486674127079088 13931700288391662 7479565078510584 16060496769886080 25861488826395075 9253082936723602 9930972392403501 31971993697646517 22871084155644208 24538436038458930 26324435790115408 42355987995840015 30285905477714388 32479573071659326 17414180133147295 18671488299600364 40034853525153890 42916192074705782 23000006655487337 73950318452491470 32488293351466654 34800954869440830 91544717087156056 49005643635237875 64325374609114550 84300815636225119 110307860425292772
4 5 6 7 8 9 10 11 12 13 14 15 16 17 18 19 21 22 23 25 26 27 28 29 30 37 40 42 43 47
6 11 12 30 21 20 5 13 8 8 2 4 3 6 2 3 6 1 2 2 1 2 1 3 1 1 1 1 1 1
8 17 25 77 110 139 47 187 198 289 60 251 256 673 266 848 2024 385 1364 2256 1002 3258 2004 7590 2436 12310 24620 52030 21637 53174
