14 26 27 38 39 50 51 62 63
1307 8626 9198 22735 22986 13126 13088 4443 4481
40516 391572 382363 183784 181189 42940 42919 6300 6406
10127194 189760147657059265 3362001450939575047 3898970978359203859 9850640799224176772 856851558848624940 824721761410793361 29197478149583 24886998104967
14 26 27 38 39
304 404 469 103 108
3478 1365 1635 155 163
670620 44195234 20174859 1207540 1335671
3 4 5 6 7 8 9 10 11 12 13 14 15 16 17 18 19 20 21 22 23 24 25 26 27 28 29 30 31 32 33 34 35 36 37 38 39 40 41 42 43 44 45 46 47 48 49 50 51 52 53 54 55 56 57 58 59 60 61 62 63 64 65 66 67 68 69 70 71 72 73 74 75 76 77 78 79 80 81 82 83 84 85 86 87 88 89 90 91 92 93 94 95 96 97 98 99 100 101 102 103 104 105 106 107 108 109 110 111 112 113 114 115 116 117 118 119 120 121 122 123 124 125 126 127 128 129 130 131 132 133 134 135 136 137 138 139 140 141 142 143 144 145 146 147 148 149 150 151 152 153 154 155 156 157 158 159 160 161 162 163 164 165 166 167 168 169 170 171 172 173 174 175 176 177 178 179 180 181 182 183 184 185 186 187 188 189 190 191 192 193 194 195 196 197 198 199 200 201 202 203 204 205 206 207 208 209 210 211 212 213 214 215 216 217 218 219 220 221 222 223 224 225 226 227 228 229 230 231 232 233 234 235 236 237 238 239 240 241 242 243 244 245 246 247 248 249 250 251 252 253 254 255 256 257 258 259 260 261 262 263 264 265 266 267 268 269 270 271 272 273 274 275 276 277 278 279 280 281 282 283 284 285 286 287 288 289 290 291 292 293 294 295 296 297 298 299 300 301 302 303 304 305 306 307 308 309 310 311 312 313 314 315 316 317 319 321 322 323 324 325 326 327 328 329 330 331 332 333 336 337 339 341 343 345 347 352 353 354 357 359 360 361 373 377 378 379 381
248 1207 3792 7389 15073 18953 30066 29725 38660 33845 39412 32412 37196 29023 33336 26575 29839 23847 27658 21617 25644 20076 23793 18242 22429 17072 20957 16390 19567 15267 18549 13880 17088 13660 16281 12912 15555 11869 14530 11207 13423 10606 13101 10112 12562 9518 11342 8813 11036 8336 10302 8134 9684 7663 9650 7060 8621 6814 8424 6656 8015 5895 7611 5900 6900 5473 6647 4974 6444 4866 5988 4421 5666 4139 5418 4162 4914 3931 5043 3604 4494 3403 4361 3319 4261 3028 3978 2818 3622 2824 3500 2620 3294 2466 3075 2332 2852 2229 2860 2247 2553 2031 2502 1876 2295 1803 2279 1766 2155 1627 2036 1468 1821 1435 1825 1420 1604 1288 1571 1186 1551 1106 1512 1196 1340 1115 1389 999 1234 980 1223 926 1222 906 1087 791 992 768 992 724 905 687 933 644 849 628 818 664 753 605 729 544 687 551 641 472 590 481 574 430 508 379 536 352 455 336 427 327 431 315 402 284 366 282 337 263 285 252 293 222 290 210 275 205 232 184 271 172 213 169 254 154 189 162 193 156 166 131 176 134 160 129 163 115 129 133 131 107 101 82 173 103 95 87 136 67 99 59 81 79 89 61 93 60 47 70 88 63 76 64 59 67 65 42 79 52 50 57 59 31 53 43 35 41 46 25 45 29 30 42 41 27 32 29 27 36 33 21 41 22 33 24 29 12 31 25 11 25 22 18 26 22 15 19 22 15 24 20 8 23 9 6 14 12 7 14 8 4 8 9 9 8 6 3 13 5 5 12 11 3 4 2 4 4 3 1 3 3 2 8 7 2 3 5 6 3 6 1 1 3 6 3 3 4 5 4 4 4 4 5 2 1 1 2 2 1 2 1 1 3 2 3 2 1 1 1 1 1
248 1305 5137 13325 38577 70871 164558 245862 490888 648007 1163440 1415457 2402469 2708833 4419334 4872668 7578877 8070451 12544244 12818382 20254910 20243171 31988805 30390748 48935352 46315959 74269776 69862253 109535372 102708943 160656142 143776592 227348800 214124285 322630014 304354379 458399745 416359137 649490713 573485418 871409659 783679841 1197203537 1077153658 1673183972 1443095791 2161732007 1894904438 2894704991 2520494821 3809381546 3378610788 4994597725 4471565595 6804974500 5653328704 8413198875 7376946667 11117184006 9845781813 14250025657 11974176997 18516731914 16154626381 22228702019 19869818592 28257501262 23627021828 37018809273 31155960061 45042411886 37322138634 56183481833 45073910614 71574997054 59646182251 82224497424 73569664897 110247280403 87711532219 131242364533 104881191686 156534911920 133334855033 200528788029 162126617965 242846687061 191621451105 280391393136 251897324276 348824632552 279887272917 417516199331 347961769010 490845506838 423817078606 585731459278 476371241040 730701178543 614352813766 834378434256 703986129325 990669471642 817569986411 1184538603484 1027007789712 1397167760625 1274491671453 1675110881793 1439385385731 2039252090783 1578089909573 2172069781794 2043373038774 2740517832845 2351018283364 3040704741652 2660457359080 3603057355726 3067118959293 4533442733061 3422825526998 5332559041000 4509286524161 5871331925519 5489454392575 7378202004432 5826654724167 8182528881009 7161028342513 9655897210405 8320375577258 12143412486649 10099604625860 13414811209444 10346181416568 14153262599179 12614095817405 17693568969768 13663588228422 19956055773753 17078871368198 25103329644699 20223152030303 26850380236347 21997990454008 32167869007846 28036091999643 36271626951263 31767248652174 40976948999086 34305468036759 48165627992661 42097327911938 55142256069460 44494144961648 61427216515808 52583691105903 75164842924380 57257608256548 76197835829810 65559814929460 100164559651453 69075493103532 102418498211565 79290802112208 117760003451281 98692654384500 135149647019532 108630733509742 151948814215406 119037363422475 169409554984133 141539374020217 177231330220864 150433594196741 187145174307963 182098336989297 225792614048705 185492348550550 254493600377562 198986403468876 289602135640958 244778260298163 286549759035962 268262038143425 387448668319292 282723744160479 369614430850886 317381624313363 503488189516065 358650919425367 433966494303598 462960162905745 565340768537401 486825264549638 611542059701575 527888881681073 696272920072539 575557598028527 819281743540719 684970017664762 921538485384020 741701369920761 827810962633142 1035452887295465 1027352181913568 863832695091700 981721942121391 834268061698488 1745777398011423 1181985805904730 1129372452308494 1186477016376000 2077442396985861 1180687295081122 1772562107003079 1308790957261070 1811271683313636 1685241622436350 2304086957452938 1649286362649464 2611611058139922 1876884845637618 1626795204826811 2388269127417258 3493120919014434 2707070744808881 3470319161348386 3158642677066972 3252954762806583 3704125454029950 4284696034864823 3135808632461212 5740913058403293 3991614767748463 4286886732439714 4984067138908385 6141349502224912 3080906489949820 6138465040374483 5634896006157705 4850184925743120 5690708281945346 7004880409708217 4576458569136506 8572899382575237 6117832155717386 6912995788198936 9872178645206777 10722005312855881 6379118874010432 9299643002607598 9254544339140676 9750964539773277 13016115763270126 13224029045559860 9133474326447232 17461554759915642 11496404429761942 16206277982522538 14819304281050182 18550006399970460 10543618962658378 23157131425095209 18551706657409867 8231818869953067 24275501160192064 26635436396200812 19588832260569628 27052087320444029 33554459838034466 19417515922564232 26990063105683245 31344010197957514 23837946569195650 41753936573644184 42389042173199066 16147679652212485 54100263624212435 22491879218821625 15060583263562730 41749283503066783 38881094142445148 19954338726360825 47525898700661452 31903777102801082 14100029696115652 35542210067041588 41837662190971101 39233955150539019 43453343679126114 29281324506253284 16091734831457949 83680245406657117 31092639900444721 33391722669628926 96187990718985435 85579315702211160 24680993045351105 35747158424377254 18506165873447204 42629324930195356 44963957466015151 35140302174873673 12269218019229465 40443098455395413 43380278069417204 32479573071659326 138139047467860728 129443109930749479 38688915062177309 62933618837282727 113458122659302239 147900636904982940 84915061022988009 194929760108799924 34800954869440830 37274405776748077 117113536830748059 256488468215728176 137317075630734084 143783645814053778 209848176915314564 280783010564371445 236472651631873921 257301498436458200 275339543784295400 294613151447401356 450877174902748115 192900220384405520 110307860425292772 126108517833796355 288235873055747664 329274958331522088 188008647052292980 523157814702288250 279363328483702152 298330063062758076 1089352536144330015 827532361866684724 1324868945788075311 942628128536797560 1022141228367345362 1319510599727473500 1406207446561484054 1498478743590581081 1701169427975813525
3 4 5 6 7 8 9 10 11 12 13 14 15 16 17 18 19 20 21 22 23 24 25 26 27 28 29 30 31 32 33 34 35 36 37 38 39 40 41 42 43 44 45 46 47 48 49 50 51 52 53 54 55 56 57 58 59 60 61 62 63 64 65 66 67 68 69 71 73
6 61 55 269 173 471 312 647 372 705 369 577 263 391 207 289 144 246 119 147 65 117 60 66 43 64 52 53 24 41 27 26 12 31 16 31 15 28 6 40 7 24 12 26 4 7 6 5 3 7 4 6 5 3 2 6 1 3 4 3 4 4 1 3 2 1 1 1 1
6 77 78 670 497 2468 2186 8042 5390 18086 12077 36645 19957 49030 32214 80011 44989 114528 64420 112323 58097 166607 96470 124254 83946 169189 162344 258238 114097 208267 235979 247100 124055 404407 282629 538764 338439 825090 133296 1715368 293452 1469500 579415 1859495 334797 617404 708306 1237970 441428 1543238 680479 2125825 1338436 1174698 772310 4345292 1158465 2194623 2596936 4369552 3692700 5953840 966467 5611310 4105811 1741630 2012558 2679689 4087968
