1 11 12 13 23 24 25 35 36 37 47 48 49
1 810 981 428 9948 13358 5370 25866 24255 8124 5705 4042 1110
2 4212 4671 1803 89201 112632 41718 78517 69394 22450 7660 5167 1368
42 150625 176136 75601 833086982294 39537163763859 199942710959422 3426480664879715464 1932041908795973694 1499783575497989321 1556126972690613 276755258895940 22577817874921
11 12 13 23 24 25 35 36 37
18 23 10 46 40 13 8 4 1
38 49 17 76 70 23 8 8 1
403 551 96 314436 35515 11517 769 1414 1
3 4 5 6 7 8 9 10 11 12 13 14 15 16 17 18 19 20 21 22 23 24 25 26 27 28 29 30 31 32 33 34 35 36 37 38 39 40 41 42 43 44 45 46 47 48 49 50 51 52 53 54 55 56 57 58 59 60 61 62 63 64 65 66 67 68 69 70 71 72 73 74 75 76 77 78 79 80 81 82 83 84 85 86 87 88 89 90 91 92 93 94 95 96 97 98 99 100 101 102 103 104 105 106 107 108 109 110 111 112 113 114 115 116 117 118 119 120 121 122 123 124 125 126 127 128 129 130 131 132 133 134 135 136 137 138 139 140 141 142 143 144 145 146 147 148 149 150 151 152 153 154 155 156 157 158 159 160 161 162 163 164 165 166 167 168 169 170 171 172 173 174 175 176 177 178 179 180 181 182 183 184 185 186 187 188 189 190 191 192 193 194 195 196 197 198 199 200 201 202 203 204 205 206 207 208 209 210 211 212 213 214 215 216 217 218 219 220 221 222 223 224 225 226 227 228 229 230 231 232 233 234 235 236 237 238 239 240 241 242 243 244 245 246 247 248 249 250 251 252 253 254 255 256 257 258 259 260 261 262 263 264 265 266 267 268 269 270 271 272 273 274 275 276 277 278 279 280 281 282 283 284 285 286 287 288 289 290 291 292 295 296 297 299 300 301 302 303 304 305 306 307 308 309 310 311 312 314 317 318 319 320 321 323 324 326 327 329 330 354 356 357 359 365 366 369 371 372
543 2135 4323 7246 9606 11528 12780 13221 13218 12973 12594 11722 11388 10430 10055 9553 9565 8904 8629 8260 8042 7539 7672 7068 6910 6745 6480 6208 6162 5874 5603 5529 5239 5081 4952 4742 4640 4506 4193 4110 4026 3878 3740 3702 3434 3398 3415 3296 3064 3030 2884 2883 2812 2703 2566 2456 2422 2306 2302 2152 2040 2044 1948 1866 1870 1885 1720 1800 1632 1519 1543 1535 1409 1479 1330 1288 1378 1281 1126 1165 1123 1126 1195 1068 938 997 939 875 902 876 830 830 833 741 760 682 723 730 674 582 648 648 581 563 570 515 591 560 489 455 468 424 491 448 393 384 424 379 396 377 347 351 331 326 346 297 301 294 298 261 257 278 236 226 251 226 252 238 199 219 172 206 218 187 186 169 194 182 169 157 146 171 158 144 158 130 161 135 132 106 121 132 119 95 104 92 117 121 102 86 83 99 106 92 72 69 86 74 65 82 64 74 80 68 59 61 64 78 60 39 58 67 53 43 47 41 47 47 42 36 32 37 38 38 25 28 35 24 36 33 28 32 33 23 34 20 23 37 18 19 23 25 17 21 33 15 32 21 24 23 18 18 28 11 11 20 14 10 16 11 12 18 10 13 11 6 10 13 7 11 6 8 5 9 4 10 11 6 6 3 3 5 5 9 5 6 9 8 3 10 7 9 8 10 2 6 9 7 9 4 1 4 6 4 6 3 5 6 4 3 6 5 2 4 1 4 2 1 2 2 2 3 1 3 2 2 1 1 2 1 1 2 3 1 4 2 2 1 1 1 1 1 1 1 1 1 1 1
543 2267 5996 14195 28035 51199 85719 137154 206209 299641 430532 582623 797199 1038225 1362518 1739405 2409024 2951252 3794086 4748260 6016375 7194040 9594311 11219862 13763127 17120468 20666232 24882720 31077879 37036800 42675560 52435829 61534687 72339330 86884135 101189877 119115808 141484326 155563849 185666815 215944951 249592619 288435610 347295917 375320137 438418978 528693309 609781178 670910239 764608267 871588024 1006016734 1178710666 1328879665 1464603738 1606873303 1913013042 2083578479 2495524446 2691475732 2843213998 3379952684 3692017405 4185975339 4806492573 5523976782 6013210693 7027005146 7764604455 8061484912 9118849460 10625193408 10849208020 13609540307 13435426190 15316023835 18571813636 20629065541 19956502245 23528520391 25291147153 28813279614 34216505129 38037030014 35874096670 41583586206 43879848927 47480418530 56505732167 61243348149 66414008432 72769191189 81385743537 82800931403 93069973428 95845466715 114997848461 131181232998 138582682237 132745187661 163938612140 177365393624 187982895554 201511609305 230257816517 225916434954 304332026442 330849100014 301637030831 328701394189 374088729886 353004222604 487969934160 507865801199 486741782563 495733319297 635092182610 648584684448 729827097095 771434703473 778273196347 872243313375 909612023227 991710870155 1194678788323 1105331287530 1287685880822 1454723217750 1565605226011 1540775526679 1573152887550 1978531452791 1790983833889 1988699144562 2467361704923 2258755846082 3007471384924 3424903218586 2824236338164 3386671671282 2998523982951 4020899820948 4656392713685 4788781321781 4938520686281 4748734102085 6420978008728 6831146655949 6549780952437 7000748189122 6881761713969 8876511910459 9459476901887 9327586290749 11481057690824 9684873538853 13705976172619 12833259021974 13501345144877 12126412284289 14158847366631 17752490144955 17166035108356 15856681570064 19717201231854 17721484516393 26194468854021 29418869851441 26409404097965 24251826380112 24693492750205 36510758259189 40017226675944 39626328814512 33669799040300 33024104797665 47584050441490 45361471062470 42777149996750 60449161323855 45092342077925 60144229439689 77971306091653 66006185299009 63479846433793 65886328562999 79724001977126 108625595591338 96512185846588 62193273058819 105344014788578 145881386092682 115212390252364 101702565234767 125737064823774 107583084439452 141910725585112 154170748641583 150306192354856 135353087568831 137331542204657 164747985403644 191000784836469 224410894691066 147761639669384 168133112733021 259232748251750 185473662848380 301000670814039 286923980093482 262289407548724 324580294163762 377406989207931 288721659851694 452686970621063 275822385416267 353671280474014 604735473532550 319037903234978 387255011585411 470291765884999 549482066195255 431427343506498 567906569204958 928435074621816 454656852374829 1087206405105390 739620225080481 999882597384069 1029485910515234 853855849457049 985683508492452 1550929137956119 696997717888274 740519453852968 1371557714851940 1094007826526055 947340362204285 1469689965901603 1122372546199644 1313501141211105 2170875411058804 1210841755199927 1891565125935404 1642006645361183 1027547141266504 1762692647062444 2806485445699896 1339827736288766 2470496171636396 1367604691644030 2311959330426276 1500078766851780 3050642753591527 1209237898445554 3290490790270202 3969454630334398 2649248104611672 2493179690948138 1345024585306706 1451029619970367 2595629058247519 2799448150658722 5373920170298188 3352240615300850 4336565722142232 6790273807813916 6600043066258070 2649131946999534 10372806761249550 7130581927916570 11069261997363593 9746994798754664 12839485655246504 2825499130346900 8692959246396150 14503018771062547 13723274073297858 18562784024312895 8019041661316809 2195786311682516 11478230059378165 15245715540274188 13280524730734001 20160395336742845 9480413601446991 19910611782245086 21914585016426318 15703688645957688 12658165585761285 35553598448430940 27726341837556092 12079527764191030 27384224559666581 7479565078510584 31570310233339704 16650744660408065 8620496275465025 19861944784807002 21314662465097678 22092873310370943 35973978116281034 12269218019229465 41399543225617714 29261615404137199 31382739274686857 17414180133147295 18671488299600364 47650112806317827 24650106150830490 28305020340996003 60652363979685928 95302768692776272 34800954869440830 157033102357748050 91544717087156056 98011287270475750 56156602112874289 60105349839666544 298330063062758076 340122810048577428 363117512048110005 413766180933342362 610898403751884101 651688879997206959 790738119649411319 899175348396088349 958728697912338045
3 4 5 6 7 8 9 10 11 12 13 14 15 16 17 18 19 20 21 23 24 25 26 28 29 30 31 34 36 41 42 46 51
3 4 14 30 24 37 29 27 25 17 23 7 7 6 5 4 5 3 3 2 1 1 1 1 2 1 1 1 1 1 2 1 1
3 5 19 78 72 222 203 345 297 488 689 460 578 652 751 736 948 677 1111 1364 770 980 1584 1575 4725 3150 3718 6842 10143 17977 103093 53174 147273
