9 21 32 33 44 45 56 57
233 1410 123 1257 15 260 1 13
8491 7036 171 1916 17 291 1 13
100655 2037239 40660 737477 474 32696 2 28
9 21 32 33 44 45 56 57
233 1410 123 1257 15 260 1 13
8491 7036 171 1916 17 291 1 13
100655 2037239 40660 737477 474 32696 2 28
3 4 5 6 7 8 9 10 11 12 13 14 15 16 17 18 19 20 21 22 23 24 25 26 27 28 29 30 31 32 33 34 35 36 37 38 39 40 41 42 43 44 45 46 47 50
55 347 856 1426 1852 2584 2425 2270 1697 1345 816 424 325 250 228 147 156 128 90 87 70 68 36 37 35 29 29 16 19 19 8 5 11 8 7 1 8 5 4 2 1 4 1 1 3 1
55 385 1309 3137 5734 12269 17113 25641 28238 36133 34161 24556 26073 27360 34020 27517 41347 45374 40865 51119 46966 74666 42888 50903 64609 69758 76812 55162 80620 116626 64954 61014 84573 84638 136372 14883 143816 154209 241739 52030 37338 171087 53174 63261 213611 211116
3 4 5 6 7 8 9 10 11 12 13 14 15 16 17 18 19 20 21 22 23 24 25 26 27 28 29 30 31 32 33 34 35 36 37 38 39 40 41 42 43 44 45 46 47 50
55 347 856 1426 1852 2584 2425 2270 1697 1345 816 424 325 250 228 147 156 128 90 87 70 68 36 37 35 29 29 16 19 19 8 5 11 8 7 1 8 5 4 2 1 4 1 1 3 1
55 385 1309 3137 5734 12269 17113 25641 28238 36133 34161 24556 26073 27360 34020 27517 41347 45374 40865 51119 46966 74666 42888 50903 64609 69758 76812 55162 80620 116626 64954 61014 84573 84638 136372 14883 143816 154209 241739 52030 37338 171087 53174 63261 213611 211116
