4 15 16 27 28 39 40
47 270 162 357 226 34 12
340 745 506 463 270 34 12
2476 10014 9870 60219 11739 6377 138
4 15 16 27 28 39 40
47 270 162 357 226 34 12
340 745 506 463 270 34 12
2476 10014 9870 60219 11739 6377 138
3 4 5 6 7 8 9 10 11 12 13 14 15 16 17 18 19 20 21 22 23 24 25 26 27 28 29 30 31 32 39
28 120 206 331 334 370 277 215 136 100 71 50 27 22 23 17 10 3 7 4 4 2 2 3 2 1 1 1 1 1 1
28 134 311 729 1131 1851 2130 2787 2596 2822 2617 2767 2015 2498 2922 3241 2772 638 2788 2074 2129 1584 2838 4514 2830 1958 3916 3010 4872 4565 29766
3 4 5 6 7 8 9 10 11 12 13 14 15 16 17 18 19 20 21 22 23 24 25 26 27 28 29 30 31 32 39
28 120 206 331 334 370 277 215 136 100 71 50 27 22 23 17 10 3 7 4 4 2 2 3 2 1 1 1 1 1 1
28 134 311 729 1131 1851 2130 2787 2596 2822 2617 2767 2015 2498 2922 3241 2772 638 2788 2074 2129 1584 2838 4514 2830 1958 3916 3010 4872 4565 29766
