22 34 46 47 58 59 70 71
3302 19318 41790 2413 21488 1404 9483 794
1610161 896144 346824 20521 81048 5572 14084 1191
3802861379840 1358668240629577321 4629387611128459885 24298494770410295 778570201193162728 12844047715215740 28148304691096 2779844758302
22 34 46 47
639 617 161 10
9801 1754 252 16
305542067 31328784 222980 10918
3 4 5 6 7 8 9 10 11 12 13 14 15 16 17 18 19 20 21 22 23 24 25 26 27 28 29 30 31 32 33 34 35 36 37 38 39 40 41 42 43 44 45 46 47 48 49 50 51 52 53 54 55 56 57 58 59 60 61 62 63 64 65 66 67 68 69 70 71 72 73 74 75 76 77 78 79 80 81 82 83 84 85 86 87 88 89 90 91 92 93 94 95 96 97 98 99 100 101 102 103 104 105 106 107 108 109 110 111 112 113 114 115 116 117 118 119 120 121 122 123 124 125 126 127 128 129 130 131 132 133 134 135 136 137 138 139 140 141 142 143 144 145 146 147 148 149 150 151 152 153 154 155 156 157 158 159 160 161 162 163 164 165 166 167 168 169 170 171 172 173 174 175 176 177 178 179 180 181 182 183 184 185 186 187 188 189 190 191 192 193 194 195 196 197 198 199 200 201 202 203 204 205 206 207 208 209 210 211 212 213 214 215 216 217 218 219 220 221 222 223 224 225 226 227 228 229 230 231 232 233 234 235 236 237 238 239 240 241 242 243 244 245 246 247 248 249 250 251 252 253 254 255 256 257 258 259 260 261 262 263 264 265 266 267 268 269 270 271 272 273 274 275 276 277 278 279 280 281 282 283 284 285 286 287 288 289 290 291 292 293 294 295 296 297 298 299 300 301 302 303 304 305 306 307 308 309 310 311 312 313 314 315 316 317 318 319 320 321 322 323 324 325 326 327 329 330 337 351 355 357 369 376
242 1352 3913 9426 17529 29129 43840 61917 80928 99120 104365 102953 100847 96783 92543 86734 84105 79443 76928 73905 70566 67334 64800 59770 58262 55398 53315 51717 50035 47347 45234 42079 40871 39454 37825 36403 35523 33707 32073 30170 29022 27880 26735 25533 25053 23648 22405 21342 20744 19557 18699 18289 17545 16801 16163 15072 14619 14038 13476 13042 12595 11773 11448 10950 10541 10239 9619 9220 9258 8656 8115 7870 7703 7414 7045 6897 6595 6416 6226 5818 5836 5538 5307 5364 5093 4904 4800 4559 4358 4411 4234 3934 4037 3800 3616 3600 3466 3435 3270 3249 3055 2993 2964 2812 2687 2815 2648 2597 2501 2591 2516 2289 2352 2299 2237 2035 1959 1995 1985 1783 1867 1777 1739 1671 1626 1593 1559 1460 1606 1467 1413 1379 1439 1284 1303 1167 1184 1123 1202 1065 1085 1066 1046 922 974 987 920 855 896 809 869 749 803 771 761 711 746 689 765 643 678 665 641 568 583 553 530 500 528 463 479 443 484 447 472 406 412 408 442 361 417 362 328 351 304 435 331 287 288 278 260 255 294 271 250 244 227 189 205 193 188 207 164 178 183 137 149 137 138 131 146 185 113 142 112 113 121 107 103 113 95 81 103 96 96 91 78 66 97 76 77 60 62 72 72 70 73 61 56 45 58 51 50 61 57 40 56 42 34 51 36 26 38 25 108 31 24 23 25 23 22 28 25 26 18 26 20 17 16 17 18 21 8 17 14 12 16 11 8 14 3 5 10 9 11 8 15 7 6 7 9 8 4 5 7 7 5 6 6 5 7 4 3 4 4 3 12 6 2 3 4 1 3 6 5 1 1 3 3 1 1 5 3 3 5 2 1 1 1 1 1 1 1
242 1496 5521 17501 43727 103218 214114 442341 819641 1464934 2285941 3498764 5140200 7426582 10302164 14037256 18978729 24858421 32594174 42412886 54068607 68033778 86449152 104986730 132529928 159516943 195908956 239955418 294863217 352513007 423833295 496381728 601235251 708720606 838895446 990562676 1174864186 1378883262 1604318338 1857864072 2128331581 2475087810 2823449911 3253353290 3862132857 4337022403 4890176345 5668436901 6411335429 7266893010 8126333993 9285899011 10531890920 11993528410 13552660064 14998841901 16938388176 18809114279 20916207613 23514928739 26379253137 28599916111 32368358594 35881963696 39688123759 45093131976 47476858074 52757934905 59841926047 64416466936 69382528277 78778987525 85765960765 95486323042 101552360708 112523429642 123144406446 136840023456 151309699662 163581613587 182835537847 196306177287 214285178271 247837715231 261236161257 291567757016 320674418224 344103234805 371161141349 425709310521 445840441166 479835211345 552586473422 578922069558 617785130681 702625137163 737301774089 836470745160 859994367362 989834617893 1017203589042 1161362142822 1254376091913 1334079873706 1417343406554 1700672648679 1723580203474 1994952396775 2123620561470 2403188662008 2542812880988 2640064267325 3016175461463 3323550463880 3639216050249 3712421409801 3827590493726 4429244782283 4882412336293 5122668271216 5691584792303 6015356945598 6379624757515 6964479116957 7355472926753 8492550897092 8328948134466 9074593575947 10787485544934 11114977968795 11966700722648 13157841094892 15273061447291 14599048901871 16501818811531 16487131281514 18796865630423 19630907604221 22316526513147 21916415968769 25215101630000 27888646988120 29120465277549 30392487244482 34894292202964 37549824221716 37879788318575 40298281787906 45047343150467 47407273822210 54687346005046 50779919604184 64027917981283 62404794035191 69838005603776 72741651512590 84574632937301 82470424478171 100398965997178 96872847761802 107131702305782 121779664418088 124333174569488 118032289114909 135314598176227 140237336862202 144513578524242 161656574858871 183947969628653 160468518116006 186241306648642 187798308214954 231332909586976 240743249709191 258462792105402 248761580555003 266818460332335 296780167378100 348136227322065 333771747255575 388575788529626 378561655309601 384426466695861 442872650899361 407821719561379 635515008338097 537544419979042 504540291281497 552386923817241 568726739378892 577470864249545 664511518011215 782705928151520 799627832881726 770157107785585 842650882062787 843738497428827 776436588756991 929779925432530 956724225151656 934160221223537 1181194554074574 976615952740251 1322579476107433 1260050841819789 1058183558600563 1358980120538581 1374416272434364 1342572156135585 1485423306776970 1677308977098922 2301143616396978 1562933002713674 2298748552823538 2007882418655453 2235592142180626 2240528261482981 2325112976172707 2185058051901201 2635994565955378 2658874232392935 2695135302215295 2956893816709210 3349525617529803 3796816827947551 3913829082563264 3120057572685630 2829085451352864 4951324632993793 3977574488918258 4435264778094674 3731740899839284 4275743448406033 5709860283082103 5773281551665824 6159839224346921 6813175906480819 6011284661155817 5597915106696806 5421989723443124 7381472027895546 7348613962034750 6868627414440328 9763249383030586 9700257732572429 8160910614322906 11369191746038718 8296845093706634 8133571244188290 11967115903821473 9183615172615334 8257568226899823 10983069206971357 7258659723212691 34181920503802918 12068882190326503 10054347770510934 10311408934925884 10459013231440972 12208028700527929 10822925550504722 18250524696228341 15524643727694437 17400131120111598 12061410411423568 24492220475929934 17931969576576659 15000730963826522 15187334078841996 17205219709046997 20783551965499547 25065369306415818 11324574703182536 26147926052562285 20090588383057518 22727290297093905 29388130916541122 23986513144861687 18034942548989852 34302367770530355 8318263869407741 11478230059378165 26354178099183587 23828176277920467 31297944681315005 23953854497875324 49301637165937163 25057322204328811 26387489828752478 28948786965914319 38604225953911437 46018101128151256 20575151265733100 37417840732669570 39777720033799145 55251695428826781 39878396796708014 43849960602433998 46529440390360872 49952233981224195 72759490171271662 38368110658254206 39723889569614004 63943987395293034 49076872076917860 49969871952746099 190009719152141662 88809136285988786 32479573071659326 82373326276465947 72171336865495318 18671488299600364 62933618837282727 156374314734008021 123250530754152450 26415807633566326 26415807633566326 90978545969528892 95302768692776272 34800954869440830 37274405776748077 194307508134496127 128244234107864088 137317075630734084 245028218176189375 112313204225748578 60105349839666544 96450110192202760 244904537455382406 318555973788329084 363117512048110005 790738119649411319 1238057794119125085
3 4 5 6 7 8 9 10 11 12 13 14 15 16 17 18 19 20 21 22 23 24 25 26 27 28 29 30 31 32 33 34 35 36 37 38 39 40 41 42 43 44 45 46 47 48 49 50 51 52 53 54 55 56 57 58 59 60 61 62 63 64 65 66 67 68 69 70 71 72 73 77 78 79 82 84 85 86 88
7 49 73 227 261 629 426 1071 464 980 528 927 452 772 360 616 264 409 232 416 187 278 147 251 107 194 93 143 85 125 62 133 50 83 49 70 37 66 34 65 21 42 25 33 17 24 22 38 16 27 21 11 4 14 11 11 3 8 5 7 3 4 4 5 2 6 3 1 2 2 1 1 1 1 1 1 1 1 1
7 65 113 561 747 3337 2587 13179 6892 28273 17022 59668 32126 109282 51757 172358 75464 205053 107195 321549 169930 367565 181956 589254 227960 684346 296893 878930 432512 1028376 429891 1456798 567872 1412224 761908 2312773 902656 2520929 955287 4378642 1057838 3338068 1394521 6553718 1413470 4477064 2882502 11195037 2780201 9815754 5862903 4294854 1633808 6210666 4376743 7909377 2843753 4986894 3876158 7965346 3576100 6457454 6765269 9066492 5200624 12167144 9290040 4647040 4647040 6175470 3087735 7089500 7089500 7089500 24264328 15796476 20506255 41012510 26543660
