0 12 24 36 48
1 279 1817 995 170
2874 4233 5712 1407 183
103547 61690 2268024 376094 13785
0 12 24 36 48
1 279 1817 995 170
2874 4233 5712 1407 183
103547 61690 2268024 376094 13785
3 4 5 6 7 8 9 10 11 12 13 14 15 16 17 18 19 20 21 22 23 24 25 26 27 28 29 30 31 32 33 34 35 36 37 38 39 40 41 42 43 44 45 46 47 49
51 319 573 1009 1402 1966 1478 1568 1515 1348 636 567 501 397 170 138 103 77 86 90 67 77 47 41 37 21 16 19 12 7 10 5 15 2 9 4 7 3 2 1 4 1 1 3 2 2
51 364 887 2180 4243 8996 10875 17222 25666 37201 27304 35222 46556 58451 22761 26468 26552 27168 38218 47214 47213 70571 53917 59208 69765 51693 46934 62998 64740 33779 71868 32983 141468 20286 237306 56959 113463 102806 47652 26015 174384 74676 53174 232870 201697 211116
3 4 5 6 7 8 9 10 11 12 13 14 15 16 17 18 19 20 21 22 23 24 25 26 27 28 29 30 31 32 33 34 35 36 37 38 39 40 41 42 43 44 45 46 47 49
51 319 573 1009 1402 1966 1478 1568 1515 1348 636 567 501 397 170 138 103 77 86 90 67 77 47 41 37 21 16 19 12 7 10 5 15 2 9 4 7 3 2 1 4 1 1 3 2 2
51 364 887 2180 4243 8996 10875 17222 25666 37201 27304 35222 46556 58451 22761 26468 26552 27168 38218 47214 47213 70571 53917 59208 69765 51693 46934 62998 64740 33779 71868 32983 141468 20286 237306 56959 113463 102806 47652 26015 174384 74676 53174 232870 201697 211116
