30 42 54 66 78
11462 43664 27630 16953 291
832604 541877 142744 34908 291
1345817036679552398 22332546430373829129 2928342407583858816 5688464830278000 41195
30 42 54
592 309 17
1813 550 18
90459062 4605568 210
3 4 5 6 7 8 9 10 11 12 13 14 15 16 17 18 19 20 21 22 23 24 25 26 27 28 29 30 31 32 33 34 35 36 37 38 39 40 41 42 43 44 45 46 47 48 49 50 51 52 53 54 55 56 57 58 59 60 61 62 63 64 65 66 67 68 69 70 71 72 73 74 75 76 77 78 79 80 81 82 83 84 85 86 87 88 89 90 91 92 93 94 95 96 97 98 99 100 101 102 103 104 105 106 107 108 109 110 111 112 113 114 115 116 117 118 119 120 121 122 123 124 125 126 127 128 129 130 131 132 133 134 135 136 137 138 139 140 141 142 143 144 145 146 147 148 149 150 151 152 153 154 155 156 157 158 159 160 161 162 163 164 165 166 167 168 169 170 171 172 173 174 175 176 177 178 179 180 181 182 183 184 185 186 187 188 189 190 191 192 193 194 195 196 197 198 199 200 201 202 203 204 205 206 207 208 209 210 211 212 213 214 215 216 217 218 219 220 221 222 223 224 225 226 227 228 229 230 231 232 233 234 235 236 237 238 239 240 241 242 243 244 245 246 247 248 249 250 251 252 253 254 255 256 257 258 259 260 261 262 263 264 265 266 267 268 269 270 271 272 273 274 275 276 277 278 279 280 281 282 283 284 285 286 287 288 289 290 291 292 293 294 295 296 297 298 299 300 301 302 303 304 305 306 307 308 309 310 311 312 313 314 315 316 317 318 319 320 321 322 323 324 325 327 328 329 330 331 332 333 334 335 336 337 338 339 341 342 343 344 346 347 350 351 352 353 355 359 362 363 364 367 369 370 374 379 383
227 1267 3557 8116 14295 21709 27896 33923 36741 36018 37183 35284 35956 33715 33286 31792 31425 29969 29274 27725 28261 26389 26488 24824 25143 23528 23928 21891 22331 21267 21077 19839 20420 18675 18847 18167 17786 16943 17024 15754 16254 15415 15496 14172 14756 13624 13849 13247 13333 12057 12634 11805 12118 11268 10801 10592 10756 9990 9979 9477 9752 8914 9406 8446 8734 8357 8253 7784 7956 7311 7598 7046 7207 6525 7013 6446 6698 6122 6014 5567 5937 5204 5701 5088 5223 4961 4953 4569 4636 4375 4473 4080 4499 3832 3905 3663 3828 3656 3736 3384 3612 3294 3252 2899 3116 2881 2892 2835 2766 2566 2751 2400 2579 2296 2352 2271 2354 2146 2050 1989 2032 1832 2032 1749 1797 1821 1647 1567 1547 1570 1447 1396 1451 1287 1287 1237 1322 1163 1159 1082 1114 1024 1115 985 950 964 947 911 869 810 796 776 772 741 727 709 678 716 635 645 654 616 599 593 559 538 501 534 526 520 474 436 452 451 411 438 381 415 361 355 311 333 306 299 265 309 270 290 235 263 232 244 205 242 237 226 208 196 165 201 159 202 156 186 180 175 145 159 160 171 137 154 114 143 109 134 165 160 110 121 110 141 92 92 85 99 89 89 84 97 67 80 78 73 75 81 74 76 55 67 53 69 46 51 56 41 44 36 45 51 34 39 51 34 41 32 34 40 38 29 28 19 30 33 21 37 21 35 23 19 33 23 19 37 19 20 15 7 19 25 8 12 11 13 15 12 13 13 6 18 19 9 5 8 17 16 7 17 7 12 13 7 11 8 6 7 4 5 6 1 9 3 1 6 2 1 6 2 5 7 5 2 2 2 1 5 1 1 5 2 5 2 1 35 2 2 1 1 2 1 3 1 1 2 6 2 1 3 1 1 2 2 1 1 2 1 1
227 1386 4993 15167 36877 80350 150636 278422 456831 689556 1076023 1527804 2239132 3057144 4271113 5615996 7709476 9882515 12973581 16411226 21979763 26676216 35326579 41955130 54443932 64958546 84186720 94913918 123154665 147534331 182556538 211927176 271692393 299806239 371950359 432032109 516519478 598160704 757754275 818254930 1037859731 1181048357 1407500997 1554046111 1948019073 2106639526 2615632327 2919069608 3483628631 3701624293 4654650548 5098484216 6116037839 6737169676 7566213217 8768105459 10524829305 11031353507 13167245050 14299317815 17214992804 18281837175 23008619708 23385220929 28240652979 31056444970 35539877425 38394351107 45621849917 47554927485 58063979548 63255533907 71680099841 74973351713 94239053555 95132008080 118147562690 119313534137 136373908578 143798054197 181647308212 169302079271 220249319451 217378271463 247900920915 274504861120 321797685102 333544611940 385378301170 402814459436 477845393572 476270021822 611481399068 559159028041 688671830042 722628467286 834043166124 885248042089 1060777555930 1018626729246 1250046317394 1294495401533 1446813743570 1466420353579 1775862215978 1738904966465 2050798354675 2204460714474 2440977064562 2439717683014 3179791492271 2885774810868 3687322147071 3407911434780 3901111970409 4107275899048 4933299281352 4924491468356 5437046109616 5950806082027 6763281400671 6250120503563 8269449004744 7382987449728 8859349251627 9929694118800 9917343245292 10282241567739 11651390312850 12076491915303 12678732563442 13521101081217 15738611089764 14616187296886 18041119413286 18046241940295 20624110264534 20967698348523 22582728855707 22437874051743 27897263170359 25975189234106 32503196675584 33413083351623 36045667529614 36873046392936 42767913869025 43733920177032 44779991276565 46492822393744 51144437367143 51527343814080 65537993266018 60726998923198 66805958927146 71449652783894 74858502406065 89803532329916 88710985953681 92931290746228 110309061093201 109872015083905 122631788532463 124756686500357 131867948009119 131351793868135 145105146991264 164833388600145 180519830673978 180031714329322 198250635380640 191587080271697 206603883899120 221972117713791 236792653868300 248695571410518 257520040143003 289201445147892 280328495860735 284550539762855 270208647409195 319387507471980 358152166540924 342960151349946 336362488200863 437144881637647 417691665927138 494477677804706 449907290330571 549462890158007 524000647791314 602538607095853 556436854594247 668553970392110 744014651869762 737439365903300 696572517783627 793082922503449 702132149834777 944084899782941 786969097304605 1131410576061659 938560095460512 1242821949916378 1326083441419463 1322983774646254 1212085707051449 1498753176229650 1588251081106213 1802246200959862 1529841745515385 1772524771726905 1492655303919421 2198556663226805 1778483455455061 2318115296555121 3378225003690572 3134001756621865 2336604418279183 2833629592923967 2704584845337713 3544654372392143 2656130201581389 3142071724048392 2962792896064716 3969640131884909 3624349535199974 3816401132915503 3911106172905214 5077598321284315 3742523930177467 4903819407023452 5307712604572636 5427764062405349 5463791923743584 6414076560676509 6615360419515017 7607140005772095 6016231150806748 7584824616047817 6732888602655362 8950264302975070 6527661740003262 7407033614573462 8457422293290432 7256778448923718 8806339902235374 8701025995707676 10231013549917426 12048021132284998 8246347305411481 10932018740434095 16450834953237199 10264760956897639 14843782620991912 10759795200112889 13550471623486142 18081150975728504 17582099660693280 14503354194485984 14439816776834040 11109519036984203 19269429609974970 22951503127135686 15705551392344472 31128092682476359 18370356447826240 34372960201002811 22225382534379339 21724094366950078 39046263381367270 26752539120364853 30891982989965270 55683026011874233 26959960993595651 29899269050638880 28598184227563963 11711026712800393 39325870623025612 57101041327426067 17566290493460128 27514465575776557 29252597578645259 38524504335276844 42655686653149368 39754543833620309 48621774874660503 44950533307327393 22735058992681425 84498629960961573 83631892624606506 42159417860392766 25084856308923596 43040833424620175 103297724405835440 107145088445459485 60296771212178764 136974587148553566 56211738694601280 116555212622856455 118392318193631095 68838917291144608 135639870662553555 99028824474032611 72781632173969429 91242525389575689 55518205890897719 74690473620708781 96341885418005509 32479573071659326 166786086529950207 57360403361777673 20017426762576945 133374308078520684 49300212301660980 24650106150830490 169830122045976018 86936222671834970 190605537385552544 238981361050137458 183898577976433138 77193971303748068 85496156071909392 98011287270475750 52462044228828641 280783010564371445 112313204225748578 64325374609114550 344174429730369250 142488173807924189 388858309072516799 168601631272450238 90175434980549623 3375753856727096600 206302932643470650 220615720850585544 126108517833796355 134819180623301520 288235873055747664 154043597379576030 527830679431268259 188008647052292980 229272286871217150 489809074910764812 1569473444106864750 558726656967404304 318555973788329084 1241298542800027086 502957566506000020 536679070310691121 1145224117796075118 1390287426917892080 790738119649411319 843250788562528427 2179315288848799564 1498478743590581081 1930656072350465812
3 4 5 6 7 8 9 10 11 12 13 14 15 16 17 18 19 20 21 22 23 24 25 26 27 28 29 30 31 32 33 34 35 36 37 38 39 40 41 42 43 44 45 46 47 48 50 51 52 53 54 55 56 60 62 63 64 65 67 70 72 76 78
8 31 40 97 76 168 99 200 133 195 117 140 80 131 66 75 46 71 52 55 46 64 43 35 24 33 25 18 18 17 13 19 12 17 5 6 7 13 5 6 7 10 4 3 1 7 2 5 3 3 3 2 2 3 3 1 3 2 1 4 2 2 2
8 39 59 253 223 984 627 2631 2171 5780 3979 8952 6175 18353 9595 15670 14754 31584 23894 37738 35369 75710 57639 69062 50000 94506 61262 83841 82292 118896 93207 180123 136337 258922 88110 138966 139316 344991 168248 272455 369396 767426 196373 218362 63261 1026792 316674 1043219 634149 818854 816904 816904 1098493 4142886 3576100 831820 4793814 2764754 2600312 13941120 12350940 10785566 28358000
