29 41 53 65 77
13078 38658 28779 18095 1382
1457133 651413 161848 42480 1418
99667541703091826286 18992933330898471217 2363001453696992632 22722570093184090 55861346
29 41 53
994 385 38
4899 784 47
203029021 4532246 9650
3 4 5 6 7 8 9 10 11 12 13 14 15 16 17 18 19 20 21 22 23 24 25 26 27 28 29 30 31 32 33 34 35 36 37 38 39 40 41 42 43 44 45 46 47 48 49 50 51 52 53 54 55 56 57 58 59 60 61 62 63 64 65 66 67 68 69 70 71 72 73 74 75 76 77 78 79 80 81 82 83 84 85 86 87 88 89 90 91 92 93 94 95 96 97 98 99 100 101 102 103 104 105 106 107 108 109 110 111 112 113 114 115 116 117 118 119 120 121 122 123 124 125 126 127 128 129 130 131 132 133 134 135 136 137 138 139 140 141 142 143 144 145 146 147 148 149 150 151 152 153 154 155 156 157 158 159 160 161 162 163 164 165 166 167 168 169 170 171 172 173 174 175 176 177 178 179 180 181 182 183 184 185 186 187 188 189 190 191 192 193 194 195 196 197 198 199 200 201 202 203 204 205 206 207 208 209 210 211 212 213 214 215 216 217 218 219 220 221 222 223 224 225 226 227 228 229 230 231 232 233 234 235 236 237 238 239 240 241 242 243 244 245 246 247 248 249 250 251 252 253 254 255 256 257 258 259 260 261 262 263 264 265 266 267 268 269 270 271 272 273 274 275 276 277 278 279 280 281 282 283 284 285 286 287 288 289 290 291 292 293 294 295 296 297 298 299 300 301 302 303 304 305 306 307 308 309 310 311 312 313 314 315 316 317 318 319 320 321 322 323 324 325 326 327 328 329 330 331 333 334 335 336 337 338 339 340 341 342 343 345 346 348 349 351 353 354 355 356 357 359 360 361 362 363 364 366 367 369 372 375 376 377 378 382 383 384 385 387 388 390 391 393 396 399
322 1445 4326 10469 19992 28894 42654 49555 57078 57543 62219 58392 58213 54987 55326 51289 51659 47338 48751 45512 44239 41929 42706 39334 39929 36480 37691 34786 34449 32487 33434 30795 30892 27965 29572 27116 26829 25396 26094 24153 24016 22147 22963 21568 21190 19933 20524 18950 19018 17304 18349 17020 16572 15773 16081 14919 14972 13898 14105 13551 13170 12557 12734 11982 11908 10963 11420 10982 10257 9715 10329 9437 9251 8742 9192 8523 8150 7762 8220 7608 7835 6986 7169 6878 6579 6331 6669 6261 6011 5622 5755 5490 5402 4881 5298 5089 4838 4449 4771 4360 4389 4151 4197 3959 3964 3520 3719 3572 3452 3300 3617 3190 3120 2970 2932 2825 2937 2567 2756 2664 2533 2329 2478 2217 2251 2131 2106 2069 2088 1887 1851 1890 1755 1755 1816 1704 1638 1616 1453 1408 1567 1341 1386 1449 1358 1268 1340 1167 1162 1202 1114 1056 1073 971 966 978 871 865 907 818 873 780 796 726 812 701 720 706 679 606 648 549 600 580 568 485 624 486 494 504 534 424 501 436 451 443 417 357 450 358 376 404 368 333 318 335 245 329 290 288 303 282 234 256 258 194 217 198 178 222 229 176 183 213 155 191 157 177 148 158 136 168 138 122 157 150 107 156 121 139 147 110 86 100 97 98 100 103 92 91 107 82 118 71 70 92 71 50 79 90 49 75 58 47 50 62 58 59 50 50 50 60 28 44 50 39 42 45 46 33 33 23 45 45 15 46 40 31 23 21 21 24 18 21 25 22 7 13 20 25 20 17 15 26 15 10 18 22 5 14 17 18 11 10 6 10 9 7 2 14 8 4 6 9 5 9 8 2 4 2 8 10 3 5 7 5 6 5 5 2 1 3 5 1 2 8 7 4 4 1 4 2 3 1 10 2 2 4 1 1 3 2 1 1 2 2 2 5 3 3 6 2 3 1 2 2 2 1 4 1 2 2 2 2 3
322 1591 6047 19059 50159 106981 222423 393600 691354 1063422 1725102 2430233 3596349 4943562 7085311 9121381 12807115 16236994 22457702 27412249 36131837 44769522 59291027 70450487 92135715 107525354 142338431 162018315 204782603 244633844 309815976 350323565 443414103 496265929 640834913 697562403 871335545 999010313 1242674322 1373873966 1666191614 1861154258 2332957398 2523174222 3077404646 3378856994 4140277759 4484955000 5417960757 5855875471 7356313706 7780698425 9082035031 10417348207 12105800127 12966603529 15329410831 17054112735 20151491623 21763103069 24743354581 28070064660 32803932459 34959248086 40714635612 44627838296 52778936304 57108495120 61786177779 68859862588 79604398262 87319943152 96013012193 107340146605 125631459517 130729897905 140057472216 162773078786 190989669918 198942883527 231178687028 239742185565 283522952303 303490432210 320242083388 366701479443 432068087772 450520577192 500396549498 551453835307 612443100665 646381262964 713943965922 753027849003 893728707091 987812368451 1047052286535 1102233082583 1321025364167 1310982338448 1490690616499 1672938104101 1823764403516 1959232249287 2160777758260 2107832743493 2627655048163 2760928947714 2989854973100 3267134179678 4022970985680 3770793427646 4071942213258 4733885354015 4997358178354 5201474304781 6356940773872 6018635020955 7070606539098 7751428505233 8207955474040 8406009734631 9862931371313 9811173989421 10732368956241 11814641972937 12520856887254 13591161958299 15218956659890 14957934359197 16622913537814 19035309236342 19291515776566 21417980654563 24650992519538 25272322613805 26523457922526 30130024454602 29096536910676 30394471291827 36732050362264 34748662613852 39184744623249 47758321161918 47754305525634 50902571595914 57117387189406 54943724536992 60828295973000 67296264515885 69081376874085 73757143319920 85024953522590 81693844210634 87256882295348 100720229699396 103959928617470 106337549813984 121339213917411 120954376026134 145950740059535 138711312813961 155198188952460 154802545393062 202978272441568 175890418604220 196563476248116 208030640577728 247466180360045 216985523713465 270584998022098 240412127384887 291344855252170 289475868937837 326151334162532 292675428219997 451906983510410 351768371783805 429634768070055 450763382959825 583754525495595 431626300285846 589403624353855 569442994483395 618580384970741 651653232866563 785033225356618 640434887321300 866854916118130 704044921124635 887920357492989 978531950450169 1093626922829636 939407756438868 1067406506141628 1171201260084031 923332360109032 1363387059316526 1266245272330776 1336916965214917 1698520186372847 1533720000950078 1395931430809275 1645044384954224 1820294105722849 1424738800764736 1824697239852833 1866559055896711 1701352770576816 2583815278114235 2561553420551465 2262171476890438 2527364986838803 3029403900262765 2456170511876585 3360090170798174 3024100860345030 3462874724074324 3279312231425385 4090598928530931 3357271110671867 4725825990999852 4348704512046706 4154592566406432 5507982849434112 6218672208254104 4382548196119248 7028142405888918 6303380923996973 6768191286904091 8625761868692481 7020177578234659 6389928327870368 7227114941938208 8113431054900202 8783333677750129 9330901295410833 10579547421746302 9980071807987249 10083051340955160 14726652762560490 9941040049356497 17005958322501106 10559344065385184 11345759924402211 16280544260840711 13823944893752448 9537114084066594 17754808105567946 22314495034543812 13342890403558219 20039630193000128 17494997933459865 15717682175782085 17367497133663478 24234350754056626 24530078721937280 24960100874219421 22572929638528404 25034053448559848 25816590965831167 35476146282458411 17474607306371650 31052937165318051 37827470796891827 32500093618340360 36711209994312059 43994011302464827 46768641350944623 33874474743461469 41280601591634949 29881211718215442 65594499673146037 66927900020553031 24978126409205556 76091847512781455 67493468725903207 66151365041023738 48049483151848727 53287960963344547 54877966782303743 64222991037949565 53751413285516117 74660415227628277 70410667726268941 78999597066683633 31428884813125530 52017948834631723 87534004750959615 111119661031773812 94150200715819608 91429393390932337 76341567966615552 141769217723376767 97370558795531833 72090534449839933 133119980433532131 191777575185084738 38499192005417832 116004529316423999 156037236601784080 199737857316634834 124982539430004716 122678119474950084 72781632173969429 126264179695607606 137360847571910846 104976379098423169 31382739274686857 300536912826157358 149371906396802912 80069707050307780 127307906949341400 223832424082335586 121600431258809297 258860971887455752 222661737313108670 58631202330838967 158117244034085890 67289248220907484 295721795306677369 532422319875480734 128244234107864088 222813231702643476 343039505446665125 248484618769780141 336939612677245734 300526749198332720 317406848276124744 147306575723700678 73653287861850339 252902446908675357 607729567486549345 96450110192202760 206302932643470650 882462883402342176 810363178581155404 504434071335185420 539276722493206080 144117936527873832 658549916663044176 351887119620845506 602647668863049477 214618299743286299 2449045374553824060 558726656967404304 596660126125516152 1274223895153316336 340122810048577428 363117512048110005 1241298542800027086 883245963858716874 471314064268398780 502957566506000020 1073358140621382242 1145224117796075118 1303377759994413918 3475718567294730200 2372214358948233957 2876186093737014135 6969227009099777100 2476115588238250170 3958531799182420500 1406207446561484054 3624712999478945900 3861312144700931624 4113026950673267610 2190401332423765131 9937221177061672720 2645418340688763701 5997928895472904388 6385415036867065652 7235425527735208846 8722212341524568228 15760995373250925489
3 4 5 6 7 8 9 10 11 12 13 14 15 16 17 18 19 20 21 22 23 24 25 26 27 28 29 30 31 32 33 34 35 36 37 38 39 40 41 42 43 44 45 46 47 48 49 50 51 52 53 54 55 56 57 58 59 60 61 62 63 64 65 66 67 68 69 70 71 73 75 98
7 36 64 195 146 383 273 446 275 441 239 354 228 293 161 246 116 195 121 166 78 136 86 134 49 74 57 70 37 74 37 53 26 53 23 36 24 51 22 36 19 22 14 13 13 16 4 11 6 8 10 3 5 7 2 6 3 1 3 2 1 3 1 1 2 2 2 2 1 3 2 1
7 44 103 500 441 2228 1881 5475 4430 12860 8624 22179 17739 38020 24764 59445 34648 88478 56094 120659 68441 183172 121940 259158 113646 257290 201878 346236 185684 563595 297218 563235 320694 884302 483820 1114032 511858 1983851 737881 2865093 1183734 1589131 1060229 1558449 1290335 2692065 629318 1886706 945380 2016071 2268674 959728 2040608 3450205 563178 3564085 2107798 902552 1956198 2822512 966467 6457454 2243010 2600312 2600312 4341942 6966520 7326729 4647040 12350940 16351872 92669720
