33 45 57 69
19355 44719 23776 12148
981064 378694 99726 19706
7015695824748626642 6411930680924241731 1346764988393933818 190070000493442
33 45 57
735 225 3
2085 354 3
67961081 1626751 4
3 4 5 6 7 8 9 10 11 12 13 14 15 16 17 18 19 20 21 22 23 24 25 26 27 28 29 30 31 32 33 34 35 36 37 38 39 40 41 42 43 44 45 46 47 48 49 50 51 52 53 54 55 56 57 58 59 60 61 62 63 64 65 66 67 68 69 70 71 72 73 74 75 76 77 78 79 80 81 82 83 84 85 86 87 88 89 90 91 92 93 94 95 96 97 98 99 100 101 102 103 104 105 106 107 108 109 110 111 112 113 114 115 116 117 118 119 120 121 122 123 124 125 126 127 128 129 130 131 132 133 134 135 136 137 138 139 140 141 142 143 144 145 146 147 148 149 150 151 152 153 154 155 156 157 158 159 160 161 162 163 164 165 166 167 168 169 170 171 172 173 174 175 176 177 178 179 180 181 182 183 184 185 186 187 188 189 190 191 192 193 194 195 196 197 198 199 200 201 202 203 204 205 206 207 208 209 210 211 212 213 214 215 216 217 218 219 220 221 222 223 224 225 226 227 228 229 230 231 232 233 234 235 236 237 238 239 240 241 242 243 244 245 246 247 248 249 250 251 252 253 254 255 256 257 258 259 260 261 262 263 264 265 266 267 268 269 270 271 272 273 274 275 276 277 278 279 280 281 282 283 284 285 286 287 288 289 290 291 292 293 294 295 296 297 298 299 300 301 302 303 304 305 306 307 308 309 310 311 312 313 315 316 317 318 319 320 321 322 323 324 325 326 327 328 329 331 332 333 334 335 336 338 339 341 343 348 349 353 354 356 359 361 363 371 376 384
220 1355 3790 8558 14479 20836 27013 31230 34664 34278 35539 33246 33518 32347 31211 29882 30298 28032 28449 26621 25935 25232 25070 23968 23805 22362 22486 21228 21234 19936 20168 19091 18972 18050 18386 17031 17067 16425 15968 15578 15503 14280 14707 13708 13475 13352 13036 12266 12677 11723 12282 11200 11187 10923 10505 10217 10048 9359 9732 9247 8992 8946 8452 8152 8272 7533 7989 7326 7165 7130 6860 6587 6712 6361 6305 5864 5896 5650 5532 5327 5325 5071 5314 4800 4925 4843 4643 4390 4548 3958 4252 4002 3692 3795 3641 3507 3522 3251 3453 3176 3131 3052 2911 2897 2811 2646 2805 2453 2456 2644 2411 2308 2288 2085 2183 2072 1945 1932 1951 1846 1754 1681 1744 1758 1609 1540 1490 1494 1484 1474 1590 1400 1318 1426 1282 1211 1299 1167 1145 1163 1081 1131 1047 984 1109 1000 1038 905 944 880 851 972 884 792 874 743 765 731 737 677 773 587 675 627 670 597 627 556 608 527 567 533 525 480 476 434 514 416 506 431 428 449 398 387 417 337 397 349 349 345 323 275 353 317 358 294 249 227 211 251 252 225 232 190 186 215 195 187 202 162 194 166 151 159 161 143 141 129 135 103 143 179 140 108 137 104 125 97 94 124 91 75 87 66 73 70 73 64 62 74 60 44 65 47 52 48 50 33 53 43 55 39 36 34 38 27 40 22 31 31 25 39 37 24 24 30 26 27 19 27 28 27 28 14 24 11 22 21 16 22 18 10 10 8 18 46 8 7 7 10 15 6 5 9 7 5 3 6 5 8 7 4 1 7 5 6 2 3 2 9 4 2 6 8 3 2 1 1 1 2 3 3 4 2 5 5 2 2 2 5 3 6 2 1 3 1 1 1 1 1 1 2 1 2 1 1 1
220 1490 5264 15937 37976 79454 153572 267980 449994 680115 1058711 1493315 2184639 3025321 4138739 5481138 7606688 9680183 12977490 16270513 20941722 26497522 34460213 42434667 53747559 63983358 81575998 96724672 122363630 141752681 181312312 210259166 260229227 303716547 374054595 430682290 527499505 607289388 731058182 842296451 1014540253 1130793434 1386179360 1538869359 1842466420 2114711803 2500313659 2787263623 3412763448 3670743479 4539799557 4933481163 5844747885 6810775818 7604647770 8692848590 9926225850 10667388246 13002532614 14364146177 16307202209 18656770381 21184315173 23233574291 27149536198 29176743186 34802272576 37060893465 42952714023 48170662674 52808620150 58846143177 68673875127 73566910473 84591999471 89095507066 103237091854 113576769067 127546834853 138684317384 159023892503 168924538502 199399832289 207458241256 250081043661 270144113111 295717238535 314783136440 373626624576 369621572392 433448279669 455477367697 499129314007 558797621026 598884357269 670820166982 727166819777 758765271026 929882745129 935601587973 1044646244758 1166956144960 1240252704290 1352787876084 1496065000010 1536358241698 1844653779230 1790036146406 2043320137889 2365766605461 2546327185078 2715154830200 2867232336929 2973676429088 3461535078133 3534040301775 3982487928126 4166452358654 4804780705935 5090190633465 5344908566942 5413596336953 6404335655039 6879805426239 7265480793925 8007313059552 8282746946623 9201101094951 9917703568459 10807050640483 12980548159098 12449314976485 13931914760893 15829114474596 16367870953947 16673553814662 19904809874245 20175388489398 21232122762070 23147300828382 24641338605729 26733537591448 28640178997919 31653732798533 36864331857088 35709442329846 44332617042309 39096179297518 47115215478585 48588367659483 51614571766517 63291314930558 66442765916643 59795049291972 77178245199211 70125889534280 84665696284529 81031943498553 96280350375623 98705838468167 119959694266329 98880798526618 129685992029490 119192105942550 151006095481411 142114587595693 172366533651984 169474564266761 201089600919102 177988048758730 231887011288253 213530567914115 239920818523556 245271047334439 271996568130012 268377029724347 356219197653135 286832709191182 409698004990380 372916438651475 416754724894155 472575898105220 459457019672730 486380803953045 555318273917881 492005962941822 627776286375676 590201758046455 686104647542160 731974821264608 754562776550904 737064283366065 953842546165508 889231983172274 1288241181773826 1058582745301292 925498277237392 944630691611240 916644533137849 1245714412141708 1374988987267850 1313018757716562 1499822566324852 1274000648100675 1364845854893257 1771294831513538 1577000022052161 1839091921078036 2095952999015089 1932359377818699 2372534452624231 2206325437280366 1997448051277602 2365016471045969 2706487497894714 2610515941990789 2890434524491133 2762184451993282 2995960015776830 2680956114185408 3731739184620848 4920723949112219 4066792593492755 3998132117326341 5069814343186221 4147936631570123 5339469836654181 4233489841375383 4904722752978240 6074061410174643 5299750818660819 4969181241123393 5821038454044096 5497337394089527 5591520449395127 5806937375237642 7276803068488420 6696551682631264 6963045069018630 9102850938154694 7829709305606594 5943121740769342 9893439471989215 7120238569803082 9362357398612138 7902833870676420 10188074173549241 6930990055011624 12633746091617376 9718403036276565 14882800365306989 9710765692694288 10795233036581659 10020128525467619 13066457020530294 10149784532235726 17452465540518508 9100862426854039 14934930363244081 14898077871141341 14697686531046801 23670067693938773 25889078219772322 17996046572202094 17150560981542138 22978089544493915 23160165280024648 21834475583437476 19549657797901965 27013785902764074 31678611708296314 30894999642165820 40791629292670434 20999937905335462 40160683313168844 16297861710652025 41904915288808510 38175041124103529 34648549962987541 48443886989572389 44962361017395350 28734599634623411 26699344377546769 20519541313867421 53835644048362077 152634674758106433 30749022521848870 27962613247393528 30039920664823531 48284931406263756 69463598740924620 28241793881376317 26171855348768360 55064062052915251 41861575984523695 37132403782540236 26011228052582692 42308815799489739 39600558618282744 66602978641632260 71494316848754508 46943304139297909 9930972392403501 79270583699481463 58845062271925242 88563525762090972 28237325330560010 43380278069417204 46525692013544051 186858407075349717 74685953198401456 42916192074705782 134916218696655130 259600471191733319 102131827568793632 56610040681992006 30326181989842964 32488293351466654 34800954869440830 72075360646188907 117113536830748059 119758696580999973 183089434174312112 94778002178815903 307859464185790314 277088452680325797 128650749218229100 137669771892147700 147306575723700678 388858309072516799 252902446908675357 541052609883297738 206302932643470650 110307860425292772 378325553501389065 144117936527873832 200882556287683159 214618299743286299 279363328483702152 298330063062758076 340122810048577428 827532361866684724 471314064268398780 1073358140621382242 899175348396088349 1238057794119125085 2056513475336633805
3 4 5 6 7 8 9 10 11 12 13 14 15 16 17 18 19 20 21 22 23 24 25 26 27 28 29 30 31 32 33 34 35 36 37 38 39 40 41 42 43 44 45 46 47 48 49 50 51 52 53 54 55 56 57 58 59 60 61 64 66 67 68 72 73 77 82
9 30 35 108 93 145 160 166 123 144 103 109 92 114 83 89 52 81 44 62 42 43 46 43 38 32 25 24 25 27 23 26 24 22 12 12 18 3 8 8 8 8 7 6 6 7 3 3 4 7 1 3 1 5 4 4 4 2 3 4 3 1 1 1 1 1 1
9 34 54 302 299 763 1135 2150 2103 4366 3973 6490 7390 13201 12433 18900 15097 28935 18609 45762 33127 46425 61410 70561 63508 89298 94214 96270 131058 184151 174744 220397 244743 381580 184909 264235 492733 63713 218873 340151 362015 359056 636501 747930 382222 715093 337790 527790 847686 1242027 422232 1427692 204226 2627372 2369875 1930775 2976792 2107292 2295689 5798802 6500780 2600312 1741630 3087735 6175470 5392783 12132164
