26 38 50 62 74
9354 29281 36368 19919 5074
2699629 816789 220626 60116 6082
277134797218965425 26171561839156849696 4952516915557930064 174179541934575181 117161962736
26 38 50
1241 583 74
11375 1392 96
496619622 22060968 324665
3 4 5 6 7 8 9 10 11 12 13 14 15 16 17 18 19 20 21 22 23 24 25 26 27 28 29 30 31 32 33 34 35 36 37 38 39 40 41 42 43 44 45 46 47 48 49 50 51 52 53 54 55 56 57 58 59 60 61 62 63 64 65 66 67 68 69 70 71 72 73 74 75 76 77 78 79 80 81 82 83 84 85 86 87 88 89 90 91 92 93 94 95 96 97 98 99 100 101 102 103 104 105 106 107 108 109 110 111 112 113 114 115 116 117 118 119 120 121 122 123 124 125 126 127 128 129 130 131 132 133 134 135 136 137 138 139 140 141 142 143 144 145 146 147 148 149 150 151 152 153 154 155 156 157 158 159 160 161 162 163 164 165 166 167 168 169 170 171 172 173 174 175 176 177 178 179 180 181 182 183 184 185 186 187 188 189 190 191 192 193 194 195 196 197 198 199 200 201 202 203 204 205 206 207 208 209 210 211 212 213 214 215 216 217 218 219 220 221 222 223 224 225 226 227 228 229 230 231 232 233 234 235 236 237 238 239 240 241 242 243 244 245 246 247 248 249 250 251 252 253 254 255 256 257 258 259 260 261 262 263 264 265 266 267 268 269 270 271 272 273 274 275 276 277 278 279 280 281 282 283 284 285 286 287 288 289 290 291 292 293 294 295 296 297 298 299 300 301 302 303 304 305 306 307 308 309 310 311 312 313 314 315 316 317 318 319 320 321 322 323 324 325 327 329 330 331 332 333 334 335 337 338 340 341 343 345 346 352 353 358 359 362 364 365 366 368 370 373 380 383 385 388
275 1629 4575 11342 23405 40084 64647 84010 106414 109382 121923 113394 114966 107316 110285 98875 100163 91678 93744 84328 84514 77964 80065 72031 72689 66823 68612 60780 61919 57201 58746 53500 53932 48814 51026 45157 45605 42750 43465 39513 40143 36703 37770 33343 33492 31274 32663 29237 29454 27406 27505 24998 25214 23278 23922 22204 21843 20381 20933 18775 18717 17767 17862 16842 17006 15369 15802 14482 13907 13197 13770 12547 12613 11793 11584 10986 10740 10154 10441 9602 9484 9271 9004 8309 8210 7869 7943 7524 7353 6907 6985 6568 6101 6143 6110 5661 5741 5330 5076 5151 4755 4619 4836 4355 4185 4285 4001 3778 3750 3607 3545 3627 3452 3243 3314 3010 2867 2829 2920 2704 2851 2570 2380 2340 2278 2122 2346 2063 2236 2182 1917 1804 1865 1714 1667 1693 1662 1640 1644 1396 1380 1340 1365 1244 1362 1195 1120 1164 1042 996 1097 943 963 928 824 829 819 839 789 802 782 722 773 631 627 615 649 613 622 550 516 513 506 518 540 437 459 480 428 387 435 409 392 417 397 379 360 338 308 303 295 337 279 283 247 270 248 229 235 211 205 200 170 171 165 183 156 168 143 160 149 114 142 117 150 141 109 134 125 121 104 95 102 121 93 91 92 91 96 94 77 79 62 88 81 64 86 59 59 68 62 52 48 56 49 50 48 45 42 36 50 40 31 39 35 37 31 30 33 33 30 29 31 32 27 31 17 52 28 34 22 24 25 19 18 17 14 22 13 11 13 13 22 8 7 11 14 6 6 7 13 7 9 8 9 11 7 8 6 9 5 4 3 5 5 5 9 8 6 3 5 2 5 1 2 3 2 3 4 4 2 2 3 3 1 1 3 2 1 3 3 2 4 3 1 2 1 2 1 2 2 1 1 2 2 1 1 2 2 2 1 2 2
275 1770 6333 20471 56035 134848 300088 579007 1087226 1728060 2957641 4155024 6427399 8690009 13064139 16526053 23787021 29455633 42022942 50008735 68277310 81784192 111478805 127415391 170224298 197977338 262352335 290577534 381614826 429081132 568121508 623167852 796031357 884295644 1156838476 1220419870 1556678133 1721370340 2174463268 2349107189 2939821481 3146394034 4017595746 4160135942 5090474874 5535846488 7066370218 7168291920 8877321787 9646194123 11657285995 12229347528 14797817464 15627285467 19331835366 20611184193 23693015050 25968451165 31692893615 32092166209 37865467718 41328160968 48121850289 52025811616 61549744162 63676212752 77144342606 80435615319 89112285719 97882401583 117109522239 119306742103 138680653455 149263681089 168304376589 183907918948 207132972007 214971362869 259591314935 267968021591 301549794468 341718086815 378009094535 391144555616 447336709622 483476734234 550118606372 584427035055 653767485707 699994921054 817640478463 852702988578 892962281749 1025586069699 1121645963818 1162867711757 1316846490750 1388319405180 1470674020850 1736368958845 1728263526500 1916331522501 2148041273902 2184960215573 2344977383727 2786286208013 2838587672540 3039317441295 3302675936674 3606544456594 3925281955434 4544454431405 4710274993652 5009489554986 5892095479401 5924649508458 6335768391898 7034684572254 7654920495079 8080869708674 9473179630781 9567342389703 9735171511087 10752211455455 11713648819916 12296321040983 14716408801274 13799149010152 16889109964139 18596836821444 18160581094820 19213930219945 21766543704679 22226312337719 23654764542155 27523773734695 28886675955519 30412574124962 34923079817565 32442817830013 35657087874938 39670570279244 43556600328458 43057241771046 53567557378951 51254030677243 52522936346173 58959705641336 58141707162462 62065054346714 75590104074149 68615084526620 77918020362434 83320399745870 81640843534548 87285038020163 96512783527939 109477707494395 113869992431344 123602853949170 136803385946602 132714546252221 162370700182021 144318245171879 159192382209813 163230459479415 206905278154288 196922313230580 227584456925627 203089713321317 221786266745169 225753698705146 260763478108314 276728822941281 326878594196507 288914620525359 355691553961137 367715170965302 370327838914065 344283584839255 449573431403473 446297409338538 492639132420791 558902545451196 593065164757578 587696573777452 653310358966188 605005793051950 648598108404530 655816601985668 728445025412967 954314536237443 836601597200404 865221051951205 832854594316569 955336205688886 1017873492294920 966562898695737 1143487462567284 1053003395264010 1227976700854479 1189610716288794 1083408028201768 1188440659596876 1170940622072416 1519499637592970 1459138494381173 1680190294916914 1448097587845778 1806021766392562 1681465093841012 1503752810255391 2140166246882269 1751665119863534 2502807905759956 2751566180397544 2045873378171344 2777156183141700 2799575304366207 2800619800031054 3111005379718467 2982369863375252 3117189240995221 4311546172425894 3486239193169682 3506318979614811 4199726691876741 4247098617335902 4905037431952256 4791374811725823 5060124229899688 4965718806970163 4209882468076885 6738293470035999 5788743768907419 5255156157587740 12083383316756825 6098095436185356 6677391843212009 7910668588770881 7823349758668079 7113518997627810 7669024593041714 8705823261967397 8808702530968797 10216050874542755 10017733342306933 9841723686822986 9913059116652428 9203771211980746 15489968377669473 11369447317322785 10818378339300549 13671970259762359 12973796886968082 16037413269832549 15174535693505547 13644082165006007 15639690685170494 18348768245596788 18466442476925219 17919205149747618 19655425170044645 22399639911586643 20690588619385716 25712194867364797 14366500793513408 45517180010381626 27613588563364962 34760810726235319 25458078747054331 29009338234221068 34310077829374040 24668144165000771 29181273537799141 27383396376684175 28481870751077967 39321068225794410 25477612086007656 29025508549807724 33294452897878864 32238903866451979 53398688755093538 21287223687874769 20160395336742845 39312127687181425 46141499298788166 24292781732075971 22735058992681425 40139620716187239 70343997842217639 41821632930821568 46384673601219872 49052447738767713 53524332558569815 82092212427110279 54768449119333162 64747511035021491 54559688775303912 91874219577505350 52988150975307304 39046000113934105 31245634857501179 65500409085839564 60512414154739964 64918089599460281 133535068491021642 133213704428983179 97438719214977978 51068146802124253 106999697131789908 38688915062177309 104409141637212563 23000006655487337 70650119461805164 98600424603321960 52831615267132652 86936222671834970 123466839320995546 139203819477763320 74548811553496154 79839131053999982 128244234107864088 143783645814053778 56156602112874289 60105349839666544 192976123827343650 137669771892147700 73653287861850339 236403765907999845 252902446908675357 192900220384405520 412605865286941300 353848474638341916 126108517833796355 288235873055747664 164637479165761044 351887119620845506 261578907351144125 558726656967404304 775265065838058446 413766180933342362 502957566506000020 1145224117796075118 1221796807503768202 651688879997206959 741433159884081684 1686501577125056854 2044282456734690724 3193350548981513582 1930656072350465812 4380802664847530262 5290836681377527402
3 4 5 6 7 8 9 10 11 12 13 14 15 16 17 18 19 20 21 22 23 24 25 26 27 28 29 30 31 32 33 34 35 36 37 38 39 40 41 42 43 44 45 46 47 48 49 50 51 52 53 54 55 56 57 58 59 60 61 62 63 64 65 66 67 68 69 70 71 72 74 76 78 79 80 83 84 88
7 57 101 294 262 740 493 970 527 1010 555 868 414 727 375 595 327 539 249 394 194 366 141 271 152 255 115 220 82 178 73 116 68 139 62 99 43 86 53 75 29 68 36 54 27 51 16 32 15 30 15 27 14 31 6 8 7 27 5 14 8 7 6 10 3 6 1 1 2 3 1 1 1 1 3 1 1 3
7 66 156 722 807 4423 3293 12179 7970 29025 18544 57306 31305 94946 56787 157633 94144 250065 116454 337814 178641 494203 193044 658335 360890 940873 324057 1319721 453331 1701434 522981 1681271 749784 2980751 1058021 3417722 1037476 3929058 1722725 4266826 1774838 5529236 2529221 7843850 3081013 7082104 2380990 8780496 3302221 11184710 3428691 11955603 5428781 17204410 3387689 5028723 4308937 22509496 4741407 36050729 10846700 8486514 11597604 27440352 6500780 13436512 2012558 2323520 8447113 12350940 4697205 10785566 14179000 14179000 37156364 15796476 15796476 106174640
