31 43 55 67 79
17409 42283 25171 15023 109
1383256 498698 126161 29787 109
5820553840508982944 15070619668624634210 1828237731939292888 2876240373703820 790
31 43 55
1005 325 11
3629 563 11
174093913 3285792 231
3 4 5 6 7 8 9 10 11 12 13 14 15 16 17 18 19 20 21 22 23 24 25 26 27 28 29 30 31 32 33 34 35 36 37 38 39 40 41 42 43 44 45 46 47 48 49 50 51 52 53 54 55 56 57 58 59 60 61 62 63 64 65 66 67 68 69 70 71 72 73 74 75 76 77 78 79 80 81 82 83 84 85 86 87 88 89 90 91 92 93 94 95 96 97 98 99 100 101 102 103 104 105 106 107 108 109 110 111 112 113 114 115 116 117 118 119 120 121 122 123 124 125 126 127 128 129 130 131 132 133 134 135 136 137 138 139 140 141 142 143 144 145 146 147 148 149 150 151 152 153 154 155 156 157 158 159 160 161 162 163 164 165 166 167 168 169 170 171 172 173 174 175 176 177 178 179 180 181 182 183 184 185 186 187 188 189 190 191 192 193 194 195 196 197 198 199 200 201 202 203 204 205 206 207 208 209 210 211 212 213 214 215 216 217 218 219 220 221 222 223 224 225 226 227 228 229 230 231 232 233 234 235 236 237 238 239 240 241 242 243 244 245 246 247 248 249 250 251 252 253 254 255 256 257 258 259 260 261 262 263 264 265 266 267 268 269 270 271 272 273 274 275 276 277 278 279 280 281 282 283 284 285 286 287 288 289 290 291 292 293 294 295 296 297 298 299 300 301 302 303 304 305 306 307 308 309 310 311 312 313 314 315 316 317 318 319 320 321 322 323 324 325 326 327 328 329 330 331 332 334 335 336 337 338 339 340 342 343 345 346 348 349 351 352 355 358 360 363 372 384
250 1353 4185 9471 17488 26651 37620 43283 47871 48749 50295 49180 48870 46246 45526 43339 42795 40066 40807 38017 38384 36676 36057 34423 33928 31635 32384 30469 30335 28482 28638 26991 26498 25334 25142 23777 24218 23057 22870 21424 20971 19572 20303 18887 18995 18229 17806 17283 16944 15722 16169 15475 15080 14678 14393 13563 13785 12788 12943 12148 12293 11970 11565 11356 10591 10068 10201 9979 9748 9425 9132 8837 8783 8142 8218 7828 7677 7628 7500 7023 6669 6725 6563 6451 6213 6081 5959 5922 5511 5070 5475 5181 5096 5114 4705 4676 4676 4307 4456 4218 4029 4080 4020 3680 3639 3480 3621 3391 3417 3316 3148 3132 2900 2725 2980 2572 2654 2605 2593 2476 2399 2193 2358 2280 2051 2096 2229 2042 1896 1821 1784 1761 1687 1715 1596 1517 1566 1369 1538 1352 1379 1415 1249 1262 1137 1099 1205 1146 1088 1053 1067 1041 938 928 966 932 934 935 969 846 754 766 806 755 721 781 738 650 673 588 618 590 619 617 574 514 500 494 485 471 443 477 474 452 389 364 449 354 366 376 343 352 316 364 290 285 316 296 305 273 262 277 248 257 221 234 294 219 211 202 219 218 245 222 171 164 151 177 167 146 146 152 137 165 119 135 127 115 116 130 111 102 79 94 89 99 102 100 79 99 90 79 86 78 86 85 63 70 55 60 70 55 45 78 45 43 58 40 36 46 41 50 39 34 36 48 33 42 79 28 25 26 20 28 24 18 24 30 20 31 19 14 12 16 20 20 13 17 12 16 7 22 22 19 18 8 11 19 9 13 15 11 5 13 15 8 8 13 7 12 3 8 9 6 2 10 12 4 5 14 4 8 6 4 7 6 1 41 6 1 4 2 5 3 1 6 2 3 3 1 2 5 2 1 1 2 1 2 2 1 1
250 1497 5845 17538 44811 99585 200055 352613 593878 927798 1436292 2114028 3065057 4237983 5925603 7900307 10639641 13741416 18584834 23303258 31224954 38774531 49743954 61484442 77394915 93390406 120749944 141418461 180149883 212167927 264560990 307852178 371941160 437325612 532735786 622634132 767552482 891605394 1074156575 1211376474 1426925790 1635534485 1968562126 2232322089 2697915958 3056337581 3544325255 4079952363 4692224822 5259111573 6352923620 7132359598 8182665928 9443983011 10655502769 12056717823 13970520854 15225899807 17948948819 19852467922 23111746809 26186363228 29282897970 33566862379 35850191393 39947838284 45319332943 51506595219 58111070517 65496207198 71659907518 81673002866 89127646139 98680231802 112172080308 120495438562 134037135793 158152834494 167600699133 185735279067 194611694809 229921360253 251552620618 284464649128 305900834542 346863556718 375093776264 423634591880 445426140557 486928050310 564131944627 614321363383 685784389986 780960769682 783632244038 916026816703 987152215528 1063893811777 1212150148031 1336719360943 1394159358826 1603082057889 1702996993746 1829292889432 2006623356536 2156459749306 2441622363077 2705202021324 2903197379983 3221344218364 3295184985609 3706918756453 3958899485519 4195355385350 4991387304279 4706902173793 5519524304722 5919525214515 6615120624271 7154092806871 7565862315739 7947850302551 9161655315525 9862943105734 9780650916606 11469980126862 13276541746859 13252489011321 13945715897683 14263463950835 15929941210308 17452527575477 18413794505326 20959519863901 21303256518041 21921702184057 25645150628543 25016831215293 30269046787631 30150417592288 33340663369385 39023397752127 36322929144110 40581254288395 40947854531140 43279042297145 51844787363317 56004978611545 58144971209163 61389473814852 66727053949790 72112476672493 70334561610032 77549924917401 89008176626894 92290980766708 103840436556490 114913361197099 126953545075970 122811262246168 116599149898893 136613510036353 157024818533183 157061163383291 167565878458792 189984598989161 197390696819179 200805787384483 242460923625954 215757644522825 244650273616289 258187575612036 288082009783642 316425735544992 319526063486921 312884236556965 343950347813745 376420242880171 393060595608155 406448123280665 434953106705243 506577598077912 547304096286823 588776180924377 517525812117158 519791551768995 754312379113826 600928720776540 694116261230460 773642245841871 767666881705274 931282828612523 895148834327095 1095813596461741 894109323957569 1024176667584151 1189328591803064 1284493777479077 1450555380730938 1305811411346109 1344371375661040 1668396667431753 1436951935286116 1854010500866090 1618223314822544 1843968016375892 2685895714318323 2129332178993480 2108078262422228 2273317195068761 2714708194395191 2958896687273026 3066742062119939 3602419698929060 2526976337532560 3226393170560372 2816450742018852 3762214106695704 3612798629002945 3436816947779857 3520545770183357 4634635201390802 3859217743460621 5925695066628798 3855529664289822 5652314775460813 5395363581003725 5503847876817994 5210585556560174 7053391318135687 6182082588904479 6883817014311001 5206516221815737 7309238625067324 6697695253670699 8802283491462344 9130826353242784 11033476073614628 7831744470268809 12237333492282970 10614137929703708 10327882261381148 12184196151179217 12865953595356520 13142293873792706 17087738655531159 12165890835081350 16736688841954496 12017437442341802 16175061835641692 19365598981202677 16144322424281096 13803653398898417 26854072164071570 15798480047518380 16270467027490584 23622049548218743 19303878771810415 17648676090526224 23707237262255732 23488530566831708 28580183081892694 24836525792896769 22780465549457562 24953121051828127 37533505425615435 27160044089095887 38246557055181926 70797153416900358 33445456815506807 27849348490146079 30651876600143353 25335115979974443 45293372266448705 36266082303822450 27290231775647430 39918680890013351 56542886203504500 39478758707188361 73800576924282084 41447057598055214 35999162278839493 29597763857008441 42190606188745864 55509962146239146 68731728552151819 42506469141963617 63195286808436154 44649644009107743 65162485520612136 30795178093364829 128985797130651996 111895166415046492 108185015994845837 105381580356559990 50999572526665558 73270119466336940 159413282384085318 70620185545189992 131435213611698565 133735550760785414 121645857088766624 51833938482453519 144770992785321027 175701510874368365 113101961800549902 108167077471128535 233068633159520403 110388004359890234 247119978829397841 56014464898801092 192098636847909964 187360187237072235 130290486842251792 49300212301660980 251798165956512408 322657329725084943 145567425002673937 158117244034085890 480275383618249092 141677270385070567 383324696768488426 250831443197818766 262537029230974840 330106365080025737 300946662998608782 56156602112874289 2620942906584574406 360632099037999264 68834885946073850 304909086329033908 157602510605333230 590105709453575833 276800980153302006 103151466321735325 647534374344641738 220615720850585544 639253251958486940 413756297774476872 164637479165761044 351887119620845506 1004412781438415795 429236599486572598 244904537455382406 261578907351144125 637111947576658168 387632532919029223 883245963858716874 1073358140621382242 958728697912338045 2056513475336633805
3 4 5 6 7 8 9 10 11 12 13 14 15 16 17 18 19 20 21 22 23 24 25 26 27 28 29 30 31 32 33 34 35 36 37 38 39 40 41 42 43 44 45 46 47 48 49 50 51 52 53 54 55 56 57 58 59 60 61 62 64 65 67 69 80 92 94
4 33 43 172 137 263 176 324 191 300 145 227 165 229 125 179 103 130 83 121 58 107 69 81 58 77 37 62 41 59 34 47 15 42 20 24 10 14 17 17 11 20 12 15 8 10 8 11 7 12 2 8 3 5 1 6 4 5 2 2 2 2 4 1 1 1 1
4 41 69 458 433 1546 1169 4268 3029 8740 5319 14301 12367 30629 18043 52574 27915 53574 39224 90553 49930 132948 84755 162336 133656 278268 120857 269192 225410 475676 274883 545876 137031 750374 311338 607235 231615 652130 648763 887376 413805 2340894 900626 1412041 792737 1370164 1108522 2375144 1530068 3324030 294546 2696231 1140368 3140753 659862 3660769 1995896 3623998 2107292 6321876 6843265 1932934 8006279 2012558 9289091 44108109 56634173
