18 30 42 54 66
2372 29513 45115 19012 3987
116535 676662 245367 49948 4648
5416977742 9560565624620296565 8836179538181414729 323320072764738703 21406812987
18 30 42
498 835 74
5320 1892 88
49315496 88786045 57056
3 4 5 6 7 8 9 10 11 12 13 14 15 16 17 18 19 20 21 22 23 24 25 26 27 28 29 30 31 32 33 34 35 36 37 38 39 40 41 42 43 44 45 46 47 48 49 50 51 52 53 54 55 56 57 58 59 60 61 62 63 64 65 66 67 68 69 70 71 72 73 74 75 76 77 78 79 80 81 82 83 84 85 86 87 88 89 90 91 92 93 94 95 96 97 98 99 100 101 102 103 104 105 106 107 108 109 110 111 112 113 114 115 116 117 118 119 120 121 122 123 124 125 126 127 128 129 130 131 132 133 134 135 136 137 138 139 140 141 142 143 144 145 146 147 148 149 150 151 152 153 154 155 156 157 158 159 160 161 162 163 164 165 166 167 168 169 170 171 172 173 174 175 176 177 178 179 180 181 182 183 184 185 186 187 188 189 190 191 192 193 194 195 196 197 198 199 200 201 202 203 204 205 206 207 208 209 210 211 212 213 214 215 216 217 218 219 220 221 222 223 224 225 226 227 228 229 230 231 232 233 234 235 236 237 238 239 240 241 242 243 244 245 246 247 248 249 250 251 252 253 254 255 256 257 258 259 260 261 262 263 264 265 266 267 268 269 270 271 272 273 274 275 276 277 278 279 280 281 282 283 284 285 286 287 288 289 290 291 292 293 294 295 296 297 298 299 300 301 302 303 304 305 306 307 308 309 310 311 312 313 314 315 317 318 319 320 321 322 323 324 325 326 328 329 330 331 332 333 334 335 337 338 339 341 343 344 353 354 355 356 358 359 368 369 370 372 373 382
185 1073 3884 7097 14210 18365 26676 27539 34075 30909 35378 29757 33103 27338 29566 23954 26951 20971 24332 19442 21825 17510 20016 15843 18625 14583 17139 13451 16062 12394 15083 11546 14056 10644 13224 10193 12448 9493 11543 8919 11122 8073 10577 8055 9814 7562 9332 6931 8767 6764 8516 6379 8006 6155 7620 5764 7091 5547 6874 5279 6579 4950 6145 4663 5919 4302 5479 4037 5087 4115 5019 3727 4593 3586 4368 3439 4213 3249 3958 3080 3811 2881 3588 2716 3407 2542 3191 2439 3089 2292 2828 2216 2704 2126 2653 2040 2545 1866 2354 1855 2252 1673 2115 1565 2085 1579 1924 1480 1807 1362 1601 1273 1643 1140 1583 1145 1476 1049 1442 1088 1359 936 1215 953 1136 920 1110 845 1113 900 1022 822 970 695 888 678 909 656 860 642 752 562 744 568 680 577 681 497 644 538 558 448 544 432 488 418 507 350 474 358 508 347 419 351 388 327 390 291 367 309 353 233 341 220 317 231 312 210 281 231 248 207 235 181 248 177 235 179 215 161 201 152 150 162 176 155 163 153 181 141 176 128 146 121 124 108 130 78 138 121 104 105 124 83 99 86 97 93 107 75 62 69 71 57 58 71 80 58 63 53 77 44 70 53 71 39 52 47 55 37 46 45 48 35 60 39 54 39 52 45 39 29 35 33 35 17 39 22 45 18 34 20 27 14 23 25 34 24 17 18 14 15 19 18 25 18 23 15 20 8 12 19 18 12 16 6 19 6 5 12 12 7 12 14 16 10 13 8 18 15 5 7 7 1 4 5 1 8 8 3 2 4 1 6 2 6 5 3 1 1 4 2 1 1 6 2 2 2 1 1 2 3 3 2 3 3 1 1 1 2 1 1 1 2 1 1 2 3 1
185 1169 5384 12938 36549 70306 150144 236353 446864 613878 1077088 1346414 2208475 2624114 4104989 4547528 7121050 7496501 11663284 12052297 18179988 18435247 28254063 28003118 42119853 41487530 62903218 59266680 90884825 85517511 133285122 122518870 187898729 168415502 261545356 240868183 364717926 332302133 511650502 449017419 694553709 589938587 964726129 839405917 1279529313 1132000048 1754637000 1500973652 2234669246 2002823002 3082944101 2564118823 3977205967 3454909825 5239992959 4506279038 6674816889 5838605731 8775245419 7461121513 11323497605 9760942703 14604959959 12188437991 18490978077 15274612402 22575865515 18532081831 28570322631 25116713430 36684201757 30787291680 44189002450 39423702421 55637183241 47684243552 69208594831 60678701216 85650508348 72125667029 105492577653 90602581450 130901425206 106651723752 158481754151 130648312180 195555936073 164280660536 238601941412 195651811122 275059002884 230428589295 338661759788 286864507159 416470482840 356394979685 513619693976 408441541411 599983296699 507588059735 719689967543 592304884375 875862836450 675916167541 1026987887352 888953558581 1254385797039 1010476661806 1460555019427 1201337330394 1616212298088 1401627718271 2051953237848 1498518300707 2475819727821 1847492886853 2874361083711 2206877719860 3429441964284 2752460466834 3904491792587 2973093805978 4245034986403 3757359699456 4871940833330 4370023312698 6067874176285 5041205294992 7132390170599 6648291646234 8075947956243 7285060259910 9816242195656 7475427946088 10781599818435 8818799676635 13061165530904 10402844456355 16048019140499 12510647221512 16904043894304 13877056406618 20628702341504 16269515070420 21493663025124 19846006473113 26788129334808 21159040597268 30457145605088 28541759545941 31926352014168 28488554284418 37434317789759 32688276720779 40131502063907 38123099988135 52178673120259 37477113116676 59453330180797 48489784559414 74401223189612 53609016237568 76076752422418 67916877709922 80169082470673 75799656184877 100507984314482 77907284626501 112954299920151 100327229651583 133443220970427 98358233158512 145238731630971 103789828359461 164761889024515 139132767131158 187893469747463 138242553464328 206853201059180 188769129472315 227842931488076 190189023817525 239864337453009 205667731584722 306556017962204 232808771044919 355538588052717 278826077253729 377052702982431 301705049446231 413968233301745 315274951767876 380542196239624 435327600485518 509764025182780 485922330813602 581528876179849 514253445322136 730494593369391 578962956597828 840750135351852 612895640085792 791079005079790 772855149386090 825173984636196 788871960174412 1004926434840920 636437811910450 1206637116278593 1159575635929644 1075935431990558 1129748121695562 1531207157947265 1203022997669276 1543750428850290 1334252520666011 1704878244952439 1657208663712195 2185587661509497 1590351123054617 1456639068731157 1838727438594811 1924039757774609 2004643160822478 2006598914138726 2665615487039130 3072495221335622 2535413085898214 2990899985002496 2808251506918724 4293347224830215 2439127476763725 4699607401674170 3526104579655185 5289653381766001 3311812393589422 4311089219357140 4441794483387506 5223719057676432 4291848416362860 5308494857316834 5878327911805001 6598220514710859 5510467802475301 9653730968992569 7231677775092860 9990638061934150 8533353930217694 10755447475133482 10512688967464514 9779857707459277 8071057598031376 10624478487523304 11533390880087208 12479990774517010 7035992772480333 15039245672153161 8310895249026997 22026807384742390 7774843292342325 19452759309901207 13184516795683368 17104738207726481 8701669124817743 17595421523106797 19173544073919482 27897661281592854 22163507974992743 16563752035552389 17480590871881338 14578885579332245 15926400165023727 25052088254396308 23449769815156438 37932350455580001 30289974645599000 37640083903418101 24576751514525769 37045051921459517 17501862179274729 28769317235654291 45371127373438893 48020819740850128 31259113454555724 44550197378288640 18739619129674540 69652937650224606 21404891368257758 21970518520428585 58421749938221808 52836714531241677 32753126677019796 60300669827783338 81235917401683611 98175951607873676 62632190045873015 86722643737611859 59836520628084672 140139004477515072 126356204679365450 46265414683618010 67483138379784810 72422242107405859 11435542077822104 47409520194103138 74508307991205029 13162217895057704 116022171542971607 124434123301774959 52242540399441885 37342976599200728 76031891661378037 21458096037352891 141300238923610328 52831615267132652 164162483923686987 147588586651520898 93140657331152582 32488293351466654 37274405776748077 149097623106992308 85496156071909392 42748078035954696 52462044228828641 314772265372971846 120210699679333088 128650749218229100 128650749218229100 73653287861850339 78801255302666615 163102070938891734 289350330576608280 302753042835673410 220615720850585544 370166527213706682 432353809583621496 144117936527873832 279363328483702152 298330063062758076 637111947576658168 340122810048577428 387632532919029223 413766180933342362 1482866319768163368 790738119649411319 843250788562528427 1917457395824676090 3066423685102036086 1812356499739472950
3 4 5 6 7 8 9 10 11 12 13 14 15 16 17 18 19 20 21 22 23 24 25 26 27 28 29 30 31 32 33 34 35 36 37 38 39 40 41 42 43 44 45 46 47 48 49 50 51 52 53 54 56 58 59 60 61 62 64 66 68 73 77 93
1 59 54 285 150 568 316 667 389 716 334 550 212 433 172 333 144 305 134 234 74 147 61 109 44 109 59 89 42 87 17 58 21 59 24 27 11 21 15 21 10 25 1 17 3 8 5 11 6 8 1 7 6 4 3 8 3 8 4 4 4 1 1 1
1 72 79 648 436 2930 1870 7729 5257 19246 11084 32297 14502 53349 25164 71239 35691 129881 64616 162614 52763 170495 82126 223135 82924 313858 194329 372235 209790 586011 123874 615032 238914 832241 380441 617280 292672 761194 617582 903419 480992 1693477 93555 1482702 359855 1095818 600131 1908858 903522 1817045 204226 1601324 2831598 2542764 1223586 5081287 2044594 10285668 6188160 8351888 11246886 4087968 7089500 56634173
