17 18 29 30 41 42 54
141 666 694 1097 118 164 4
1590 6780 1383 2092 131 184 4
279381 1805774 238864 662589 7958 42486 19
17 18 29 30 41 42 54
141 666 694 1097 118 164 4
1590 6780 1383 2092 131 184 4
279381 1805774 238864 662589 7958 42486 19
3 4 5 6 7 8 9 10 11 12 13 14 15 16 17 18 19 20 21 22 23 24 25 26 27 28 29 30 31 32 33 34 35 36 37 38 39 40 41 43 44 51
54 300 578 1096 1314 1402 1135 1150 901 805 564 502 384 358 223 212 197 153 116 124 118 82 71 60 50 39 19 21 30 12 9 17 16 14 3 7 14 7 1 4 1 1
54 366 901 2359 4135 6919 8740 13138 16770 22205 22952 27129 29996 39383 32760 41210 55445 54440 50067 62714 83243 75667 77266 79485 100351 92569 50801 61600 129256 64448 50599 107523 219297 151670 30802 120026 304790 203327 26015 338195 31185 147273
3 4 5 6 7 8 9 10 11 12 13 14 15 16 17 18 19 20 21 22 23 24 25 26 27 28 29 30 31 32 33 34 35 36 37 38 39 40 41 43 44 51
54 300 578 1096 1314 1402 1135 1150 901 805 564 502 384 358 223 212 197 153 116 124 118 82 71 60 50 39 19 21 30 12 9 17 16 14 3 7 14 7 1 4 1 1
54 366 901 2359 4135 6919 8740 13138 16770 22205 22952 27129 29996 39383 32760 41210 55445 54440 50067 62714 83243 75667 77266 79485 100351 92569 50801 61600 129256 64448 50599 107523 219297 151670 30802 120026 304790 203327 26015 338195 31185 147273
