32 44 56 68
17901 43386 24678 14031
926039 469537 117467 26258
8457632008389426348 8094615182393244372 1691699183593337490 1274179732219049
32 44 56
809 251 5
2656 424 5
53290076 2173622 171
3 4 5 6 7 8 9 10 11 12 13 14 15 16 17 18 19 20 21 22 23 24 25 26 27 28 29 30 31 32 33 34 35 36 37 38 39 40 41 42 43 44 45 46 47 48 49 50 51 52 53 54 55 56 57 58 59 60 61 62 63 64 65 66 67 68 69 70 71 72 73 74 75 76 77 78 79 80 81 82 83 84 85 86 87 88 89 90 91 92 93 94 95 96 97 98 99 100 101 102 103 104 105 106 107 108 109 110 111 112 113 114 115 116 117 118 119 120 121 122 123 124 125 126 127 128 129 130 131 132 133 134 135 136 137 138 139 140 141 142 143 144 145 146 147 148 149 150 151 152 153 154 155 156 157 158 159 160 161 162 163 164 165 166 167 168 169 170 171 172 173 174 175 176 177 178 179 180 181 182 183 184 185 186 187 188 189 190 191 192 193 194 195 196 197 198 199 200 201 202 203 204 205 206 207 208 209 210 211 212 213 214 215 216 217 218 219 220 221 222 223 224 225 226 227 228 229 230 231 232 233 234 235 236 237 238 239 240 241 242 243 244 245 246 247 248 249 250 251 252 253 254 255 256 257 258 259 260 261 262 263 264 265 266 267 268 269 270 271 272 273 274 275 276 277 278 279 280 281 282 283 284 285 286 287 288 289 290 291 292 293 294 295 296 297 298 299 300 301 302 303 304 305 306 307 308 309 310 311 312 313 314 315 316 317 318 319 320 321 322 323 324 326 327 328 329 330 331 333 334 335 336 338 339 340 343 345 351 353 354 357 359 361 369 376 378 385
220 1215 3730 8509 15380 22048 29031 34637 35729 37176 37879 37409 36260 35575 33521 33104 31916 30047 29468 29389 27126 26449 25954 25406 23942 23954 22643 22200 21851 20588 20093 20297 18442 18439 18138 17644 17055 16691 16175 16013 15162 14498 14334 14653 13285 13055 13200 12759 12203 12107 11597 11340 11213 10468 10320 10676 9743 9469 9658 9052 8929 8864 8509 8648 7993 7763 7681 7573 7076 7176 6971 6871 6441 6604 6176 6325 6046 5534 5697 5763 5107 5326 5288 5193 4940 4791 4736 4708 4403 4277 4262 4451 3900 4028 3837 3844 3743 3584 3454 3525 3176 3156 3161 3248 2835 2914 2872 2659 2737 2615 2596 2742 2440 2338 2296 2463 2053 2239 2190 2182 2012 2007 1868 1881 1860 1718 1748 1738 1570 1585 1629 1554 1465 1504 1393 1504 1286 1256 1333 1349 1193 1226 1206 1132 1061 1122 1082 1051 1037 927 983 969 845 855 889 813 817 781 776 823 777 662 709 684 647 631 654 565 613 527 509 534 525 455 473 496 434 372 433 399 413 382 376 355 325 286 324 314 295 292 381 283 281 232 257 259 268 217 305 245 226 230 225 203 208 194 180 203 184 154 166 189 159 163 158 152 124 110 97 121 109 127 119 95 90 99 98 91 100 85 99 96 89 64 76 89 72 72 67 61 69 50 67 55 53 52 79 48 56 53 48 39 52 42 95 43 43 34 35 35 27 24 26 25 24 18 23 24 10 26 23 25 19 24 17 19 28 16 20 15 13 15 16 20 10 20 15 21 15 13 17 7 8 10 11 13 5 6 7 11 4 9 8 8 4 6 5 3 5 5 3 12 4 3 47 2 5 4 3 5 4 2 4 2 1 1 1 4 5 2 2 1 1 4 2 2 5 1 1 3 1 1 2 2 1 1 1
220 1335 5274 15811 39347 83409 160697 295337 464603 739906 1132349 1686654 2356664 3376328 4525403 6175301 8166906 10657130 13659389 18460212 22446615 28406667 36161479 46411850 54116383 70552618 83409206 101580612 125960885 152740989 177545337 229222696 253549595 310678434 373091045 450186423 505289017 629240200 734819767 863061071 977604362 1157708241 1315072997 1651588988 1793002315 2077458387 2507610603 2889415282 3160362984 3878860123 4342340080 4882403412 5708887970 6421474367 7251913525 8735470521 9317435929 10568119812 12424788232 13779271122 15394154550 18573477369 20630582832 23637456367 25523497088 29200465740 32190006796 37101631320 39796736298 46285410806 52110838591 59432332116 61654163328 76047691468 78582027213 91592832574 101138097526 107106964670 122888584519 146143673893 144034994438 172438514289 193826374321 214214541752 225524344605 261910630199 290047722120 321186877933 339425356815 383180354568 414698930083 508889543518 488553698371 583171130519 622419896050 704832509378 735750869829 864313532674 897798781162 1030300876155 1011948979326 1182662115375 1255596666682 1509108074922 1462837105524 1729974615606 1856131351065 1932644529560 2177251251914 2438162129310 2655343281012 3202638562184 3033370581446 3363455124419 3669055508766 4445933012586 4016818457075 4851397504174 5223387267075 6048072494905 5998644789809 7114441126726 6789717973364 7636877708160 8422538018900 8972152567067 9796949563418 11416074502244 10951254084169 13101899500166 13922988635391 15074307139864 14562683981907 18047663970483 18132201015955 21997863770816 20512804625732 22489076396395 25008054911303 29519253626454 27092376001301 32155272002308 34695833456214 37208900295676 35215637139546 45699099759215 46434028219414 50228607370503 52046041497620 55250700407025 58094705743217 69223668063562 61679877513188 73594839871406 81807742916056 79313835653388 86884019217557 101094676282220 101668039329176 121694679074584 122765470742124 121666362832177 133512519728969 150805488033307 154082297389150 159861421786609 184811583862519 170112051219360 194309427910287 197056303695399 208143778902284 234549642623830 252950376290099 228131145698725 266303086587118 323157994900965 298199308409369 272736532847412 350420292432455 349724028351535 377413527391354 400633360639551 402940042312692 448114560851285 444169735165327 425744371217553 521144836236356 544118715908053 599527510805573 569920562070386 895295179295055 667412655379509 718140116286478 698990308185676 828477301135339 858558114612669 997822204777417 864688200440651 1226349144667445 1233195160121259 1160607375162078 1349110075666043 1391527588236117 1345695611726535 1461498922731249 1502204217172045 1452935512858883 1878120485183021 1921122463163258 1789521287200292 2009008333240541 2560188988947731 2124418677564482 2309419053858948 2600652628189053 2792987484662951 2303035542721467 2308609652764789 2066349714994991 2918413834191079 2929121121518298 3458654957753246 3714341544175656 3171964431984093 3290405249419516 4339376402701192 4296425906775401 4053201743401776 4965937472030167 4523107726124573 5186878462930347 6486437908373918 5967781807056227 4668637490488610 5910963768922309 8310378241941241 6601655438674912 7007629626242264 7213307816561114 7498463364461806 8547859471217143 7810914758572331 9917359645841225 9038347156368014 9289032755154064 10763467951969744 14056343259971278 9859033788590638 12446753550052944 14129988633372838 13110280095799714 11033036606876946 16161456819859960 14167643334153482 29793365748574469 16151441197233852 19195576319146812 16985461257762303 18181877403810086 18214317581439512 14442400295106892 14579712580310125 17561507014339564 16430651865990938 17647478194645460 16116669822001609 20393631352731529 23574559313943211 9822064435580868 28086970427236912 28107573668733373 33738461737992206 24116741630130110 34166814636170564 23513253786162475 34059419471763465 46118093588179091 28851215162960895 37438607726248245 34735153017480828 30222397382171452 36630476489817011 41433460805802580 60221943507742987 28373150904265633 65159477464238782 49539083310774939 79963161402778747 60918959807236258 65162485520612136 73618792575863361 37287379803920682 40787969518184612 64366939325831796 73600124889346706 87685066064222221 33870898686745669 43849960602433998 55110372081736368 107934716347391430 37012331746894408 95242387189955616 83079573339954698 99028824474032611 48243196135510499 89456525637919211 70593313326400025 44404568142994393 80102098882175846 84722113471101211 56014464898801092 232133490373063854 84391714874635618 69000019966462011 1155254790098346724 75716019935227306 139635888997550338 117262404661677934 125628950682619236 234356038014189106 149097623106992308 79839131053999982 174016592651442116 98011287270475750 52462044228828641 56156602112874289 56156602112874289 257301498436458200 368266439309251695 157602510605333230 157602510605333230 90175434980549623 103151466321735325 441231441701171088 235898983092227944 288235873055747664 823187395828805220 244904537455382406 279363328483702152 894990189188274228 363117512048110005 413766180933342362 942628128536797560 1581476239298822638 1238057794119125085 1406207446561484054 2190401332423765131
3 4 5 6 7 8 9 10 11 12 13 14 15 16 17 18 19 20 21 22 23 24 25 26 27 28 29 30 31 32 33 34 35 36 37 38 39 40 41 42 43 44 45 46 47 48 49 50 51 52 53 54 55 56 57 58 59 60 61 62 64 65 66 70 71 73
3 20 46 120 116 214 165 258 150 193 141 160 124 147 108 124 74 89 71 68 61 54 49 49 37 40 30 33 26 34 20 30 18 16 27 15 8 10 10 10 7 11 7 7 9 8 4 6 8 7 4 3 1 4 5 5 3 7 2 1 2 1 2 1 1 1
3 25 75 338 382 1204 1097 3459 2491 5615 5156 10655 9236 19243 14723 30820 20743 37517 32856 46609 50653 67328 62565 96557 69154 112617 86001 168740 149568 224832 152493 275717 174171 277800 496578 374641 156529 452973 319794 383816 308018 914945 411728 648455 724763 980266 450353 1152628 1072761 1683064 774532 793318 239943 1746888 2127774 2944683 1930775 6730726 1667800 715220 2860880 1932934 7731736 2323520 4647040 3554345
