3 4 7 10 14 16 17 18 19 20 21 22 23 24 25 26 27 28 29 30 31 32 33 34 35 36 37 38 39 40 41 42 43 44
1 2 3 1 1 4 10 3 12 14 13 11 8 7 7 7 5 1 4 7 2 11 8 13 9 10 13 7 4 5 4 2 2 1
1 2 3 1 1 4 11 4 14 17 13 11 9 7 7 7 5 1 4 7 2 13 8 13 10 10 14 7 4 5 4 2 2 1
2 2 3 2 1 30 922 329 8391 4897 1672 505 561 55 22 832 80 7 3025 544 1089 326 1502 1361 363 658 135 606 12 191 53 16 10 1
3 4 7 10 14 16 17 18 19 20 21 22 23 24 25 26 27 28 29 30 31 32 33 34 35 36 37 38 39 40 41 42 43 44
1 2 3 1 1 4 10 3 12 14 13 11 8 7 7 7 5 1 4 7 2 11 8 13 9 10 13 7 4 5 4 2 2 1
1 2 3 1 1 4 11 4 14 17 13 11 9 7 7 7 5 1 4 7 2 13 8 13 10 10 14 7 4 5 4 2 2 1
2 2 3 2 1 30 922 329 8391 4897 1672 505 561 55 22 832 80 7 3025 544 1089 326 1502 1361 363 658 135 606 12 191 53 16 10 1
3 4 5 6 7 8 9 10 11 12 13 14 15 16 17 18 19 20 21 22 23 24 25 26 30 34
4 22 31 22 23 11 18 14 8 12 10 10 3 9 1 5 1 4 1 3 3 3 1 2 2 1
4 22 39 49 80 74 147 190 135 322 348 550 245 864 135 880 176 1188 297 1470 2450 2376 792 2510 6020 6842
3 4 5 6 7 8 9 10 11 12 13 14 15 16 17 18 19 20 21 22 23 24 25 26 30 34
4 22 31 22 23 11 18 14 8 12 10 10 3 9 1 5 1 4 1 3 3 3 1 2 2 1
4 22 39 49 80 74 147 190 135 322 348 550 245 864 135 880 176 1188 297 1470 2450 2376 792 2510 6020 6842
