24 36 48 60 72
5907 22863 41686 21723 7818
3712142 734807 307284 75462 10581
29445060721883194 23834471925635636464 3828169054267355048 378216912814998749 3318786536512
24 36 48
1153 616 110
14684 1435 141
1023161827 104358360 368566
3 4 5 6 7 8 9 10 11 12 13 14 15 16 17 18 19 20 21 22 23 24 25 26 27 28 29 30 31 32 33 34 35 36 37 38 39 40 41 42 43 44 45 46 47 48 49 50 51 52 53 54 55 56 57 58 59 60 61 62 63 64 65 66 67 68 69 70 71 72 73 74 75 76 77 78 79 80 81 82 83 84 85 86 87 88 89 90 91 92 93 94 95 96 97 98 99 100 101 102 103 104 105 106 107 108 109 110 111 112 113 114 115 116 117 118 119 120 121 122 123 124 125 126 127 128 129 130 131 132 133 134 135 136 137 138 139 140 141 142 143 144 145 146 147 148 149 150 151 152 153 154 155 156 157 158 159 160 161 162 163 164 165 166 167 168 169 170 171 172 173 174 175 176 177 178 179 180 181 182 183 184 185 186 187 188 189 190 191 192 193 194 195 196 197 198 199 200 201 202 203 204 205 206 207 208 209 210 211 212 213 214 215 216 217 218 219 220 221 222 223 224 225 226 227 228 229 230 231 232 233 234 235 236 237 238 239 240 241 242 243 244 245 246 247 248 249 250 251 252 253 254 255 256 257 258 259 260 261 262 263 264 265 266 267 268 269 270 271 272 273 274 275 276 277 278 279 280 281 282 283 284 285 286 287 288 289 290 291 292 293 294 295 296 297 298 299 300 301 302 303 304 305 306 307 308 309 310 311 312 313 314 315 316 317 318 319 320 321 322 323 324 325 326 327 328 329 330 331 332 333 334 335 336 337 338 339 340 341 344 345 346 347 350 351 352 353 354 356 357 359 362 365 368 369 371 374 375 377 378 380
248 1478 4443 11170 24856 50376 75788 112254 136744 140739 145486 141981 137166 135068 131734 122316 120619 116567 111577 105749 103006 98561 97483 92822 88510 86954 84367 77948 77289 75254 72197 69534 67403 64695 62753 59587 56671 56587 55753 51096 51273 49835 46961 45466 43771 42205 41964 39716 37874 38014 36266 33484 32962 32816 30829 29930 29248 28146 27421 25815 24297 24993 23967 22330 22221 21816 20307 19940 18970 18480 18147 17143 16385 16997 15679 14638 14512 14458 13650 13016 12641 12271 11645 11142 10496 10969 10487 9589 9901 9614 8587 8478 8233 8288 8055 7505 7286 7374 6879 6341 6290 6436 5996 5925 5861 5576 5227 4949 4867 5128 4764 4399 4639 4478 4098 3939 3879 3886 3937 3616 3592 3572 3352 3081 3049 3123 2991 2756 2857 2799 2568 2320 2409 2633 2443 2115 2326 2227 2149 1859 1870 1913 1955 1762 1684 1783 1647 1437 1459 1557 1449 1322 1346 1286 1278 1094 1115 1169 1260 1014 1015 1064 1015 914 869 922 887 812 846 822 778 687 693 745 727 601 620 649 563 489 469 564 561 472 550 516 462 385 415 461 436 408 383 371 355 293 292 337 315 303 309 296 285 238 212 254 264 317 315 217 195 181 159 170 195 147 157 145 141 118 119 147 113 100 107 94 101 110 94 87 75 75 76 75 80 74 78 68 70 52 60 47 69 49 42 44 44 51 50 41 39 46 34 46 37 42 45 47 36 41 33 40 36 40 28 38 30 26 50 17 23 24 20 22 14 21 25 22 21 15 20 25 19 16 14 20 12 12 15 15 7 17 10 7 19 18 15 4 5 12 5 15 12 11 9 8 12 9 5 8 10 5 10 13 4 6 9 5 9 6 3 6 7 9 3 9 19 2 5 7 2 13 2 3 2 1 2 2 1 1 1 2 3 2 2 2 1 1 1 1 1 2 1 3 1 1 1 1 1 1 1
248 1621 6243 20573 56740 148677 320690 684720 1231436 1974560 3180836 4758028 6845154 9953306 13873920 18288396 25113568 33174208 43527071 55720040 72107894 90363216 117634717 144637722 177669385 224254144 279380940 326765111 412085212 493509669 597996557 713783260 854221350 1013043803 1230912299 1419220284 1660872396 1995007261 2386342418 2633250423 3221024098 3718718244 4304115836 4957257928 5815285541 6528094575 7935138661 8637054073 9982619829 11670479108 13552452653 14496400335 17258894764 19467192276 22028418158 24474740763 28214541145 31321924318 37317958731 39533001954 45032627595 52291897642 58303797896 61951128367 73544670405 80511115982 91638315819 102328572849 112330957315 123695975346 143677551871 149848002280 167704329265 195780589162 212971659783 224871487163 263209828684 282157237626 319128232754 336240769204 376027505830 402409493403 463454984787 486008531137 532120606171 604090479492 667403081228 666241290977 807181420432 837846585940 910741780193 1000525756886 1098072215859 1173163656427 1353822085874 1385286583309 1566081858003 1690357576121 1841900313306 1929438964236 2172117830755 2339328468635 2506313251720 2754516944530 3039619071384 3141294307509 3507913090376 3615463760728 4045455472589 4565631416705 4863655146791 4938172507911 5981091704179 6011515243907 6696332306797 7223286395925 7882309655501 8163712088428 9528528568228 9569341098300 11206574873556 11370524761384 12573799856340 12979485553903 14367053962541 15215599312545 17155670275666 17058697245039 20102553734770 20560527423296 23431823311401 22881206590985 25437083424449 28679171379672 31659810521468 29614363903720 38119255941266 37424269552530 43545471273312 40529861039064 45815881944256 47940536258375 54961229777715 56854522334160 61857937276981 67315476077355 70366544310699 70347797864500 74787823603937 84679807239099 89602578184778 91095646985907 103790860052151 105419542015752 111779085541245 110933469440493 120823096208313 132448485792607 160286232110551 149002122224505 161746416608983 176633282181172 184687147192165 192192318540177 183147106009526 225382858099684 231218710297607 246470174381051 281094907915197 282585133757632 312219020281287 313778537241755 317378679992349 361690306398272 399524908756517 376971092125527 420662807572785 446306144967828 440952199178595 445072515742300 438965734196502 567381551581875 605170301057225 596347972111145 727419311593454 746528821691819 728474401386197 705744545859628 796313538719186 908614938515613 989678392561314 1052695780675426 1122833466496208 1113559677386597 1191281362714386 1098733004243850 1021096144648327 1430077148113672 1366002429967821 1553993955389709 1791836698794094 1826179538033031 1848693159521433 1695359905082900 1557776076336246 2128290268311726 2438987155786843 2898566416357057 3269230359691255 2529575020605149 2477145887086603 2510499861087688 2284543338473087 2988598448249687 3246805228378094 2876353644851218 3397589434615372 3273984372477295 3673958524887443 3096295786921586 3119282125358189 4647025449987669 3811964008026826 3259746888317571 4481105678448504 3620181731725548 4022992261721757 5150824439866394 4716935758351365 4120342719562283 3964792670241288 4639307062609948 4640603247458099 5196546587689453 6194293209088965 6111770339523678 7027737363770479 7262449114250627 6960031406919454 6106391540319942 6852616733454270 5822250032694232 10269453332136500 7384787219956456 6420669297559389 8158759497347551 8048604459322860 10237517342628784 10756676138031276 9847826032592010 9530661287145437 12456425399227294 10791061649778526 14063278063994843 13424378945797074 16147846718130928 17122295803529271 20194962469086890 17276711477061562 18038059759062148 19452759309901207 25274411926846895 21337516615065998 29058344950149641 20555094394698375 29749692102044405 25296019536673527 24297320267633583 49738055376027117 23661520040183325 27208102418775240 30176986304140413 28074408547832111 29554724774510413 22239284416445185 36985616366467600 47431517524208043 39472065651216814 40981767005991217 30932048731848484 45416543684593723 63169289812757906 45979165651770015 43222568328364566 41653675634999634 66204911978986304 38175338622244074 41807796119424900 67384703001789168 68794941315003885 34384837425324342 88515303918115220 49082713578002428 42263590180226309 116210794550316290 128236050368633860 100654344026003521 42308815799489739 38499192005417832 115964964732334470 45000241361100856 142863580784933424 124982539430004716 121121697784403554 117690124543850484 127157179571435845 173021722176194754 157353869465234433 77908431288230908 135790260273225464 199099830463338659 97395256886931563 224513702212674233 292832444048797597 96950325107978807 198966550689379756 243409906824385965 173872445343669940 307586042621677020 199555083144748276 106876315515629737 231581913911244204 285093983706909347 439577902390040288 186322719265971959 454876395091503939 1063280882260565843 112313204225748578 304746773967780726 477334690285557650 137669771892147700 962640709644870683 168601631272450238 258777066252999861 186625545172752383 103151466321735325 206302932643470650 228257351971406744 126108517833796355 154043597379576030 164637479165761044 329274958331522088 564025941156878940 458544573742434300 489809074910764812 523157814702288250 279363328483702152 298330063062758076 340122810048577428 363117512048110005 413766180933342362 1005915133012000040 610898403751884101 2224299479652245052 790738119649411319 899175348396088349 1089657644424399782 1161537834849962850 1319510599727473500 1406207446561484054 1596675274490756791
3 4 5 6 7 8 9 10 11 12 13 14 15 16 17 18 19 20 21 22 23 24 25 26 27 28 29 30 31 32 33 34 35 36 37 38 39 40 41 42 43 44 45 46 47 48 49 50 51 52 53 54 55 56 57 58 59 60 61 62 63 64 65 67 68 69 70 71 72 73 74 75 76 77 78 80 85 95 96 113
7 70 132 419 383 814 667 1230 844 1292 848 1147 614 859 482 703 464 579 407 525 305 438 234 305 213 278 171 232 112 160 100 134 73 120 77 93 57 69 40 57 41 52 42 59 30 44 20 23 9 19 17 19 11 4 16 10 11 9 8 9 5 4 6 3 3 2 3 5 2 1 2 6 2 2 2 1 1 1 1 1
7 87 219 1054 1071 4407 4234 14236 11667 34122 27497 67105 42738 111027 71331 174704 126388 263571 212599 423492 266136 639185 359442 695738 493749 984440 555337 1309000 650164 1470748 933421 1721563 811813 2181047 1594026 2363165 1698527 2820940 1307523 3166604 1934063 3707248 3474832 6934668 2724347 8380746 3397516 4387391 1580242 5143416 5051965 8442472 4834215 2196986 8407103 7154730 7132163 9339418 11786590 15065140 5115364 7654694 13284691 3543166 7800936 5224890 18580080 13319196 9263205 6175470 14351406 34444273 10785566 16178349 20364689 9289091 31592952 72533807 72533807 607163746
