23 35 47 59 71
865 20103 45195 23444 10390
2299399 694359 347583 89769 15320
489349725894008 67676179575744827607 6824361025564921168 590741890086023996 28479365113689
23 35 47
341 508 164
6185 1447 243
6766920 42245102 350566
3 4 5 6 7 8 9 10 11 12 13 14 15 16 17 18 19 20 21 22 23 24 25 26 27 28 29 30 31 32 33 34 35 36 37 38 39 40 41 42 43 44 45 46 47 48 49 50 51 52 53 54 55 56 57 58 59 60 61 62 63 64 65 66 67 68 69 70 71 72 73 74 75 76 77 78 79 80 81 82 83 84 85 86 87 88 89 90 91 92 93 94 95 96 97 98 99 100 101 102 103 104 105 106 107 108 109 110 111 112 113 114 115 116 117 118 119 120 121 122 123 124 125 126 127 128 129 130 131 132 133 134 135 136 137 138 139 140 141 142 143 144 145 146 147 148 149 150 151 152 153 154 155 156 157 158 159 160 161 162 163 164 165 166 167 168 169 170 171 172 173 174 175 176 177 178 179 180 181 182 183 184 185 186 187 188 189 190 191 192 193 194 195 196 197 198 199 200 201 202 203 204 205 206 207 208 209 210 211 212 213 214 215 216 217 218 219 220 221 222 223 224 225 226 227 228 229 230 231 232 233 234 235 236 237 238 239 240 241 242 243 244 245 246 247 248 249 250 251 252 253 254 255 256 257 258 259 260 261 262 263 264 265 266 267 268 269 270 271 272 273 274 275 276 277 278 279 280 281 282 283 284 285 286 287 288 289 290 291 292 293 294 295 296 297 298 299 300 301 302 303 304 305 306 307 308 309 310 311 312 313 314 315 316 317 318 319 320 321 322 323 324 325 326 327 328 329 330 331 332 333 334 335 336 337 338 339 340 341 342 343 344 345 346 347 348 349 350 352 353 354 355 356 357 359 361 362 365 368 370 371 373 374 377 379 380 381 383 386 388 389
238 1309 3663 9172 15439 25010 63742 75692 86378 97754 93484 96897 88169 87663 85428 85984 78724 79001 74284 73842 67346 67766 64501 65959 61140 59179 56448 56919 51026 51693 50338 49848 47218 46203 43530 43865 40068 39388 39286 39222 36396 35984 34169 33981 31339 30693 30591 30592 28670 27606 27064 26556 24298 24077 23843 23580 22752 21548 20861 20819 18968 18492 18601 18335 17820 16832 16635 16145 15170 14501 14566 14487 13969 13157 12801 12436 11738 11321 11222 11386 10878 10098 9927 9722 9286 8699 8979 8754 8653 8030 7841 7770 7401 6940 6930 7004 6871 6324 6210 6071 5771 5595 5389 5383 5376 4952 4868 4635 4501 4163 4269 4191 4089 3761 3701 3509 3436 3239 3084 3141 3062 2795 2668 2645 2642 2448 2246 2255 2337 2117 1970 1921 1861 1675 1616 1568 1630 1453 1414 1322 1246 1156 1093 1100 1104 974 931 857 875 803 769 746 718 672 690 643 633 563 572 548 574 484 555 465 506 463 491 449 485 423 437 451 424 390 394 337 425 399 366 357 383 333 407 388 322 277 296 298 304 231 265 261 251 239 267 204 252 211 199 190 208 188 189 182 187 161 152 156 178 179 154 151 163 135 158 137 150 120 128 106 116 115 97 105 110 93 104 112 115 75 96 78 85 82 80 91 96 56 71 58 74 55 68 65 79 43 53 55 57 41 42 132 123 32 43 26 45 34 43 28 41 34 29 33 29 23 44 32 31 22 19 29 22 25 41 17 33 26 14 23 16 22 13 21 22 19 10 19 31 7 14 16 11 10 2 13 19 14 3 14 8 12 7 12 11 9 14 3 11 12 7 13 13 11 6 6 11 5 2 9 8 10 4 11 6 2 4 9 7 5 4 3 5 5 3 3 10 4 5 2 3 1 1 3 14 2 3 2 1 1 2 1 1 1 2 1 1 4 2 1 1 1 3 2 2 1 2 1 2 1 8
238 1430 5143 16898 38540 87753 251345 428619 784817 1339720 1944720 3074215 4218309 6186677 8326926 12012233 15364864 21508889 26850883 36159805 43991930 59322646 69477403 94123230 114305632 142652360 170417781 220200353 246088719 319931201 369743671 464403458 551466980 687475569 763179195 957784440 1075859627 1301445272 1506531346 1851791318 2097387424 2549665814 2820969139 3405512661 3762529267 4536226522 5035354110 6112705089 6951236978 8106597342 9104763237 10649978195 11368995409 13548360810 14986628235 17565589360 20488827736 22907414273 25098888225 29477087249 31153774690 35785752935 39106286133 46089865682 52913447793 59054060479 66044747248 73738986178 81182255073 90153222268 98618664546 113499471509 133805192281 142578185109 157030766914 173807943725 186085129641 210071363127 226363973958 264572147321 296104751228 320719698773 347617996534 385896743058 424999064725 445731647655 506189401409 560850538751 665810934153 694786129897 768379127192 849175786910 923910594050 999971693513 1068314518251 1250046174429 1457100770630 1503245027297 1669704855277 1818585741056 1985825089335 2151884720184 2308683136921 2564613348551 3044054550006 3206790544518 3434048217299 3587633992541 3938772346416 4116976023267 4557332312290 5142625675074 5853666404216 6176235027822 6711593555862 6934125294045 7626920016452 8111952171663 8569816995451 9530081910168 11298310652394 11126525372670 12158445825095 13099398308875 13945289635786 14379354911432 14636203003050 16507111312051 19585014048859 20042053325873 20871485575448 21944232663229 23770855326417 22837897743528 24603150784147 26731022555748 31983898469638 31809455019995 34182300846295 33517702650740 35248399227650 35804681277826 35577508545349 40786474251385 47381836208265 44541728932673 48559016058365 47597818618909 52164206500421 50123909652795 54680026592513 55880847831618 60484628472078 59413720450834 62878458438498 65882973948633 67471525075912 61560624678538 73647023536100 75581975227389 83184764491728 77599819159073 97994137510676 88551483350582 113356743473736 112502016933174 126428695611920 128776530834850 153081359174666 140957067895015 167197715875249 184120008767299 178712802838772 192275813957801 218671913254884 201212337896597 273725142567379 276218619603350 286402853485475 297557451960585 364077977249794 338994528328984 416857285027868 439586071021870 401669212846300 401857076849658 463727179903499 492614119622002 541443861482639 468500734547442 583845174151279 613212908942823 676304881785676 703445404625353 821029675230477 713514598275324 860670562717703 902151639676415 836531400019522 921244655785251 1146125020807765 1051253415957022 1116039558107969 1223519063690335 1278755118511603 1204334563406404 1290917770456534 1468084790353601 1728563379313014 1973969749234994 1861024750184370 1946957752299525 2213514686381676 2144409984997907 2605053176036289 2405289023397056 2772128542442850 2484741238894089 2963191360731258 2769176134668077 2872535768455897 3046960062499886 2945860016110726 3218170802297010 4094640905054970 4100568755715252 4379997507951241 5308367708035131 5346734529175810 3875558942471882 5961525435254632 4838321212174440 5846875702512558 5660958656020731 5848454209174276 7980456865917471 8653571500576114 5497218076258750 7850518136503695 6733802508037954 8976561567077830 6931289731579539 10573166781788067 10008744530864833 12021646642214435 7670727372975487 10707863753545409 10853825991904358 12765237689717036 9751299301919645 10769736522272740 34001873257233212 33862422250603956 10330796733467751 13844700799788355 9233070831257746 17461150067777951 14394681197236109 19613666263539215 14529757085669343 21668432192946972 20651288113737045 19574494429858323 21352924620664656 19394857114827823 18322457017384339 38553685335877184 28971624045006585 30258133233219597 23818837513774577 22307486277260980 36117597621716420 29454864925691422 33096545557873065 59699699265783749 24457199481980040 53391043470318476 52212805989222092 28492929890427585 53979341472914474 33593675105969796 56082632376744773 33120270478939122 59401512538560239 67279817338837549 61211884684004962 32092509032783856 66117978530747375 117698260730528803 27774921497523627 66754338510258126 83981050791214334 59551455717509772 54286818808521385 11662756574046120 86344335329271502 127559392568553359 106028896965881724 24090745154829120 116555212622856455 71494316848754508 130898940025490226 71695883267260521 152315480636776806 141394884640902053 117566961179691097 205084826587643968 71617603399977214 185005934257203735 235577766682838706 126928493597843341 265438651583334839 268870563562155961 263664794920772476 144600437914296634 154963442835926284 326435755139944297 147588586651520898 60652363979685928 334133579586563244 285827991677448381 380679537018236512 165335287125909374 491398821948864980 326873079988365890 104924088457657282 217237292683405860 521204409923037621 429177498416561820 326136384382532050 284976347615848378 226107831026367293 416004517847567091 427378697525450099 289350330576608280 289350330576608280 1031514663217353250 456514703942813488 630542589168981775 269638361246603040 413756297774476872 154043597379576030 164637479165761044 493912437497283132 2632121058732101720 388891203339976139 643854899229858897 458544573742434300 261578907351144125 279363328483702152 596660126125516152 318555973788329084 340122810048577428 363117512048110005 827532361866684724 471314064268398780 502957566506000020 2443593615007536404 1482866319768163368 843250788562528427 899175348396088349 1022141228367345362 3268972933273199346 2639021199454947000 2996957487181162162 1596675274490756791 3402338855951627050 1930656072350465812 4665642397087784672 2645418340688763701 22534076025743542336
3 4 5 6 7 8 9 10 11 12 13 14 15 16 17 18 19 20 21 22 23 24 25 26 27 28 29 30 31 32 33 34 35 36 37 38 39 40 41 42 43 44 45 46 47 48 49 50 52 53 54 55 56 61 62 66 68 73 74 80
7 40 57 224 209 414 388 703 440 717 445 617 384 479 279 423 241 243 203 201 163 165 108 110 74 94 57 75 31 43 29 38 17 23 18 13 10 18 7 12 1 10 6 9 2 1 2 8 1 2 2 1 2 2 1 1 1 1 2 1
7 49 89 526 618 2289 2578 8428 6145 19158 15064 39249 28765 69890 43395 117049 76837 122986 119849 192544 167913 255755 190514 288759 216904 371009 278272 415696 187631 380929 290515 491365 188022 413612 332746 358807 265719 892445 312565 770114 86548 771130 589336 791504 195514 150350 286044 2000764 147273 544054 551276 589092 809817 1429375 715220 1300156 1741630 3087735 16351872 9289091
