11 23 35 47
426 1041 925 171
6303 4128 1298 176
90434 697092 216406 4042
11 23 35 47
426 1041 925 171
6303 4128 1298 176
90434 697092 216406 4042
3 4 5 6 7 8 9 10 11 12 13 14 15 16 17 18 19 20 21 22 23 24 25 26 27 28 29 30 31 32 33 34 35 36 37 38 39 40 43
39 250 513 990 1217 1709 1410 1506 1159 1062 455 392 265 196 93 118 93 92 60 59 32 36 33 31 25 14 10 11 9 4 1 6 5 3 1 1 2 2 1
39 288 793 2132 3848 7942 9888 16777 19717 26702 18231 22886 23410 22312 15028 22505 26259 28388 27144 32480 23638 41878 42514 44580 53435 38952 40372 37841 30222 29214 19488 36299 45956 47654 20286 12310 35954 43274 37338
3 4 5 6 7 8 9 10 11 12 13 14 15 16 17 18 19 20 21 22 23 24 25 26 27 28 29 30 31 32 33 34 35 36 37 38 39 40 43
39 250 513 990 1217 1709 1410 1506 1159 1062 455 392 265 196 93 118 93 92 60 59 32 36 33 31 25 14 10 11 9 4 1 6 5 3 1 1 2 2 1
39 288 793 2132 3848 7942 9888 16777 19717 26702 18231 22886 23410 22312 15028 22505 26259 28388 27144 32480 23638 41878 42514 44580 53435 38952 40372 37841 30222 29214 19488 36299 45956 47654 20286 12310 35954 43274 37338
