10 11 22 23 34 35 46 47 58 59
124 580 3819 9432 14286 34815 10927 25460 204 330
793 4217 86386 215216 87694 205112 25879 59475 204 330
50367 302968 507013421130 2088071499197 220514931131682043 492686666709521870 1268615536719189 2614896836739483 110831 63880
10 11 22 23 34 35 46
5 77 196 419 57 158 1
10 230 451 1012 70 204 1
251 7924 3980270 16197182 96338 1795523 490
3 4 5 6 7 8 9 10 11 12 13 14 15 16 17 18 19 20 21 22 23 24 25 26 27 28 29 30 31 32 33 34 35 36 37 38 39 40 41 42 43 44 45 46 47 48 49 50 51 52 53 54 55 56 57 58 59 60 61 62 63 64 65 66 67 68 69 70 71 72 73 74 75 76 77 78 79 80 81 82 83 84 85 86 87 88 89 90 91 92 93 94 95 96 97 98 99 100 101 102 103 104 105 106 107 108 109 110 111 112 113 114 115 116 117 118 119 120 121 122 123 124 125 126 127 128 129 130 131 132 133 134 135 136 137 138 139 140 141 142 143 144 145 146 147 148 149 150 151 152 153 154 155 156 157 158 159 160 161 162 163 164 165 166 167 168 169 170 171 172 173 174 175 176 177 178 179 180 181 182 183 184 185 186 187 188 189 190 191 192 193 194 195 196 197 198 199 200 201 202 203 204 205 206 207 208 209 210 211 212 213 214 215 216 217 218 219 220 221 222 223 224 225 226 227 228 229 230 231 232 233 234 235 236 237 238 239 240 241 242 243 244 245 246 247 248 249 250 251 252 253 254 255 256 257 258 259 260 261 262 263 264 265 266 267 268 269 270 271 272 273 274 275 276 277 278 279 280 281 282 284 285 286 287 288 289 290 291 292 293 294 297 299 302 303 304 305 306 309 311 314 315 316 317 318 322 323 325
412 1442 3236 6040 9141 12834 15846 18805 20158 20293 19815 19635 18440 18224 17030 16491 15690 15295 14208 14028 13777 13264 12504 12217 11434 11268 10842 10784 10254 9915 9287 9040 8826 8497 8227 8126 7725 7644 7214 7064 6861 6710 6141 6088 5914 5638 5434 5422 5010 4911 4893 4618 4547 4277 4069 4009 3885 3735 3681 3593 3440 3400 3242 3100 3088 2949 2748 2731 2743 2540 2556 2451 2228 2199 2076 2116 2168 1993 1877 1816 1752 1674 1670 1627 1574 1513 1431 1323 1306 1346 1309 1252 1195 1136 1091 1128 1074 1078 1038 955 935 877 888 880 910 862 797 790 712 762 701 709 661 633 583 557 607 557 578 556 559 500 457 491 483 450 462 420 417 357 398 399 422 381 346 296 322 341 335 316 321 278 252 277 278 294 276 261 224 223 189 213 211 195 202 192 160 174 202 170 168 192 168 139 172 169 168 154 171 129 109 120 127 128 119 119 94 95 91 93 110 104 94 78 76 73 83 81 77 79 59 59 57 63 67 62 65 58 52 47 68 44 59 52 48 45 46 39 43 39 46 19 32 33 40 30 30 34 31 24 30 27 30 22 22 21 16 24 22 16 21 15 14 20 12 19 14 13 11 5 11 8 12 8 11 11 12 6 12 7 8 11 8 9 4 10 9 12 10 9 4 4 7 9 5 9 5 2 2 4 6 4 4 5 4 4 7 1 1 2 3 1 2 2 2 4 2 1 1 1 1 2 2 1 2 1 1 1 2 2 1 1 1 2 1 2 1 1
412 1587 4893 12517 27819 56654 103927 185876 300366 458281 675909 987400 1351801 1922661 2537709 3399540 4460664 5867958 7312984 9452320 12259346 15397802 19055837 23540988 28330580 35614735 43014901 54064848 63784746 77523429 91934382 109424670 130629901 156174115 182801756 218483077 254245258 305671620 356416567 408250257 486546637 573645984 626790020 742857996 856897794 989709779 1137701169 1329717499 1445527331 1670875384 1950063078 2170159884 2540511172 2789243666 3173099691 3546330708 4083281708 4468004930 5195789309 5822422140 6574968771 7680299302 8321261128 9041067586 10428557838 11481474369 12404233603 14308363532 16838165721 17299625603 20877852400 22156871492 23205861482 26798080054 28494402377 33070076028 38427741844 39513798351 42599074921 47210751172 51113422958 56305688020 65220367040 66853534766 74236136349 81146863736 89741050617 89516384267 105561075705 121055191802 133358242024 139000282477 150722662583 166326653607 183465852633 209577215121 225241643464 256288532924 266259127163 268063023338 322883667846 315265544823 366240643605 401926708320 462264671120 483599227138 502053037856 558403972684 562309603163 671428414429 700355759821 768362815905 838357893308 855670604305 903201950473 941152656852 1138125039393 1138945289647 1335253887430 1408496407742 1591449203583 1660049133284 1592194156578 1905447400421 2077548226632 2188300105278 2517006361319 2526323259724 2891513662235 2519595056667 3196997470046 3475905923609 4300305067763 4150159474506 4441986758394 3973133938318 4857600108437 5349762008610 6031743286215 6246587890873 7270201155330 6810426553066 7200766953928 7812354218895 8553608632256 10312150805044 10697673729754 11360301818007 10393174472798 11759265354873 10217346513755 13378462608951 14103126963273 14128682754416 18158883269950 17652209462699 16035039672018 19477850966897 23136806801009 21994520300868 23534678299009 32349165458793 29632318630551 28122994104911 34777378044902 38901226848821 41512148740438 41679325610965 52312394700299 44420562391433 38794109776008 48176226857777 53989858179014 58051141956628 63682119853295 73263785497322 60517388283320 66902607099520 67360052353830 74136838329740 95532623977288 99850967198662 103541174344617 100177031289298 105050307075561 105151948726388 131740862339228 131026795471143 131859587618562 168663576325143 143497654539864 147499399213187 133390788946689 183331639913191 209479759488034 211424661084892 245409207959027 231023266558888 229689239763411 213447150893257 310233776860294 213253628392440 323569248223895 344631773966494 358056583339452 344047476425844 366027147697897 324793871935275 391617683481149 335787879730860 484746299495436 217747773440872 422517609681409 442833951421468 576188911838618 500380317929091 528979510082322 657329207622128 691918371474632 556997524348080 715305560635143 685221304198804 825763344981336 656063516148588 796662692233331 870582451108778 586641554524094 919335686114245 1025054933572212 754446137682278 1278946142829450 871520357439577 1093641709002111 1252141030087895 854250458594284 1471766736562720 1225710998466605 1308332484586175 1409339917656850 676385616111088 1403344761895542 1068759754679949 1730216509595455 1479540531633111 1857914848944958 2030731555590062 2749554695146129 1043134669274268 2931884075125112 2133049355638068 2518404291240847 3269446816973112 2438864174554098 3233898428189974 1681549754233093 3820222920666934 4100878592326610 5184678577247517 4832547641095705 5541936613892268 1910575370419042 2595629058247519 3868878276475940 7016815841538686 3692751687471459 8105094555511536 4344519412625418 2337151888686501 1683810737878527 4663949064838330 5999732459640734 4281830973731957 4443913001746935 7223110253160271 6560259004081075 5867460116049250 10995803879416213 1637293969337171 3524556866114538 4081651705150150 6753791768702743 2540952590045698 5465746367095070 5877859587859110 6320275734297994 13352889903109316 7304861672142106 3652430836071053 4219388528587095 8438777057174190 9068506253801772 11245985383901210 13931700288391662 16060496769886080 25861488826395075 9253082936723602 10657331232548839 11435542077822104 27280880560337709 32479573071659326 18671488299600364 20017426762576945 21458096037352891 47650112806317827 49300212301660980 69601909738881660 37274405776748077 39919565526999991
3 4 5 6 7 8 9 10 11 12 13 14 15 16 17 18 19 20 21 22 23 24 25 26 27 28 29 30 31 32 33 34 35 36 37 38 39 40 41 42 43 44 45 46 47 48 49 51 52 54 55 57 58 59 60 65 75
4 22 29 68 92 140 136 167 102 126 113 124 81 85 61 70 52 57 30 39 32 39 24 33 26 23 20 21 15 17 14 14 13 10 8 10 4 5 4 6 4 4 4 3 4 3 4 1 2 1 5 1 1 1 1 2 1
4 31 49 169 297 821 952 2364 1808 3754 4138 7853 6646 11817 9910 17903 13644 25289 12531 28090 25642 46461 27826 70617 42700 64894 64664 102871 76339 110637 102806 175151 143554 188682 115471 273362 92560 177727 96528 309309 145514 176770 223319 389216 387092 287871 520866 211116 633348 589092 2042260 563178 659862 329931 1053646 3233090 8175936
