21 33 45 57
4089 37087 44437 14382
218008 551760 186202 27755
44087394558 18341979293812937181 2578570394811603857 884462512648517
21 33 45
457 240 6
2652 461 6
99075284 2164758 112
3 4 5 6 7 8 9 10 11 12 13 14 15 16 17 18 19 20 21 22 23 24 25 26 27 28 29 30 31 32 33 34 35 36 37 38 39 40 41 42 43 44 45 46 47 48 49 50 51 52 53 54 55 56 57 58 59 60 61 62 63 64 65 66 67 68 69 70 71 72 73 74 75 76 77 78 79 80 81 82 83 84 85 86 87 88 89 90 91 92 93 94 95 96 97 98 99 100 101 102 103 104 105 106 107 108 109 110 111 112 113 114 115 116 117 118 119 120 121 122 123 124 125 126 127 128 129 130 131 132 133 134 135 136 137 138 139 140 141 142 143 144 145 146 147 148 149 150 151 152 153 154 155 156 157 158 159 160 161 162 163 164 165 166 167 168 169 170 171 172 173 174 175 176 177 178 179 180 181 182 183 184 185 186 187 188 189 190 191 192 193 194 195 196 197 198 199 200 201 202 203 204 205 206 207 208 209 210 211 212 213 214 215 216 217 218 219 220 221 222 223 224 225 226 227 228 229 230 231 232 233 234 235 236 237 238 239 240 241 242 243 244 245 246 247 248 249 250 251 252 253 254 255 256 257 258 259 260 261 262 263 264 265 266 267 268 269 270 271 272 273 274 275 276 277 278 279 280 281 282 283 284 285 286 287 288 289 290 291 292 293 294 295 296 297 298 299 300 301 302 303 304 305 306 307 308 309 310 311 312 313 314 315 316 317 318 319 320 321 322 323 324 325 326 327 328 329 330 331 332 333 334 335 337 338 339 340 341 342 343 344 345 347 348 349 352 354 357 359 363 365 368 383 392
358 1741 4078 8237 12971 17085 21835 24790 27347 28462 28328 26929 26846 25566 24088 23246 22554 21092 20374 19661 18558 18061 17459 16144 16065 15529 14549 13870 13977 13080 12766 12277 11700 11473 11249 10367 10372 10081 9393 9257 9304 8499 8279 8260 7713 7683 7445 6898 6882 6857 6372 6330 6300 5956 5725 5797 5296 5230 5229 4960 4914 4953 4583 4566 4671 4263 4149 4196 3828 3954 3975 3671 3621 3519 3357 3246 3365 3094 3008 3068 2893 2929 2900 2695 2683 2699 2506 2466 2424 2332 2362 2267 2038 2168 2164 1950 1948 1945 1819 1901 1845 1779 1711 1704 1620 1591 1645 1455 1489 1498 1392 1406 1424 1309 1276 1319 1204 1196 1250 1153 1125 1135 1024 1005 1012 947 936 947 841 846 881 816 765 771 801 744 788 718 705 721 635 659 671 583 626 620 557 565 606 523 508 562 517 498 498 456 437 468 386 415 410 370 360 370 332 339 341 338 317 330 272 276 305 286 263 304 237 249 235 239 220 219 183 208 221 199 189 223 180 191 157 158 126 149 146 140 156 144 140 144 148 127 123 116 125 115 102 111 118 104 95 102 88 77 100 86 91 80 70 67 85 59 66 62 57 57 46 45 53 49 47 51 59 41 56 54 42 37 40 43 41 33 33 45 33 39 57 56 27 34 42 33 46 35 30 23 28 21 28 24 31 27 16 22 20 27 19 15 21 21 20 19 13 14 15 20 14 17 14 12 22 13 18 15 13 13 10 6 8 8 15 12 9 7 7 11 3 9 4 5 7 6 5 4 6 6 11 5 6 3 7 4 2 3 3 4 3 3 3 2 6 4 3 1 3 4 4 2 1 1 2 4 3 2 2 2 2 3 3 1 2 1 3 2 1 2 1 1 1 1 1 3 2 1
358 1892 5778 15974 35727 70409 129835 225263 372757 578697 888970 1241198 1791362 2497337 3332051 4394862 6001502 7611849 9757295 12660713 15728265 19706296 25449645 30068743 37328021 46995533 55864103 65608790 84628659 97549196 116101044 141077575 163358176 196368541 237005140 268206085 313912616 379900214 426215161 498980356 610356865 674948245 766515744 932531269 1017840011 1175181674 1403338058 1529350577 1747344926 2093058947 2247906602 2652032707 3104970154 3332328036 3764396505 4508409246 4762941959 5413818080 6492178029 7154570053 8125555840 9377290693 10227303538 11123434281 13603609485 14383468850 16107742436 19192338993 20320120165 22891456160 27342538069 28976004629 31285913033 35874099045 40430030793 43693476892 51815443460 54294083795 56484392486 69347382819 75616632592 83810901717 97355663711 102233914543 110948308051 129560961047 140407273543 146621629187 169925638951 187295058415 202446699543 228626842296 243032476909 267621906235 316818059065 324834035659 346421110762 395797561948 425715289192 482963802463 537019453137 579520341145 614701753210 704398005334 771577114500 805188353712 941810943775 980962484407 1053910008632 1177472116653 1287976463316 1386241266428 1606370683750 1657093675011 1748244734543 2057195311217 2152942602782 2288652830713 2697964201217 2782135823405 2891221357758 3450597036659 3551330947373 3718079065329 4232712816424 4258803173078 4616407334395 5328735511545 5336914769840 5693349240597 6678267384094 7174255376222 7043679271140 8105845153707 9509530548887 9251135702495 11107078755533 11524836725608 11642790979001 13211831859759 13575890670865 14314223771083 17166202688017 16822468759066 19006129107716 21365371971202 20860886879610 23109981887747 26503753089010 25367126289964 26951180175407 32854906611452 34818273421883 34291607479867 40166121222420 40766626156318 39976907061683 50314187513496 44351841666227 52760609161666 57110571908630 57173477006553 58577586585555 69501782627511 69767250697508 71034049650495 91624741833971 98543545367310 88167853480523 103667299742762 98525872033555 105835079424667 127884104058498 140257078393104 127645139630868 169276906234824 149834062755568 163799133261285 168517275278230 197164815831910 183496325851023 209152390126596 199479729175995 226223096147149 267048127466086 264295643261100 269736507568261 359726539899965 314396087025162 357198331038219 312553607420922 365594735237210 295618023743963 394229050995752 440810176340038 429177032885707 501721313848013 563034362422799 538313252351653 621964015637657 732307639921651 643752494137370 647185613773933 696868626461880 818472541448695 821718259800786 816948321613439 964187284996505 989404523612989 1028606557354688 1008472024650478 1203557914690912 1135112840265704 1143595491781343 1394732991442621 1391294943691502 1650641441630607 1533232707254309 1416568138480235 1548232472317402 2055018372833121 1576136586992738 1956748749246948 2021013247229520 2028747245535132 1977611305184917 1834797275200082 2222043865690180 2515710838837585 2689553583413336 2436253977201016 2779312377440918 3855601074515144 2796806388338461 4091973566828945 4281136469354293 3628288239385060 3248314252326828 3684346439947129 5052091188602244 4502531061418904 3907997750814395 5193069062825559 6613127067855915 4843702172174661 6220591300236753 10008584525210390 11174889374363052 5585260672142874 7248911154585737 10792263186726204 9600068580137999 13711136837071420 12819926821311074 10611843792231430 8096922512086775 10074630475850899 9633700406428524 12711458852234814 14178259108194585 16461564218462447 16114242344247202 8894086386737012 15277306516096602 13888649849366182 21730712587395038 15583938294325156 12893009203560053 19850605930612686 20745613522499100 23174821708591295 25255840804535781 16204166934458106 18837679953496287 20486359127101105 29236602815889015 24251704604365888 33745755096504204 25746183427076286 23345792317482148 46768392976064892 32072471032796784 45979165651770015 43427676070660253 39304643638455773 38869711540742541 32076270961165522 20895197720089198 29492938013986793 35920232187600144 69084539448962475 56437747100237820 49807379604565604 37417840732669570 40194491223944055 74264807565080472 20418374415470750 65261225969336244 31019626926907248 56801986585123265 61608647250772329 58230055443061208 61764910874857020 44185746620741886 70280604349747346 78080307494517985 164641728132248555 87784846212411597 96341885418005509 51068146802124253 141828057398084498 77377830124354618 40034853525153890 67458109348327565 70650119461805164 100366126086057796 84915061022988009 115241243012830973 93140657331152582 67289248220907484 218699532845873968 154387942607496136 125415721598909383 45772358543578028 147016930905713625 255397419956961673 224626408451497156 112313204225748578 60105349839666544 68834885946073850 142488173807924189 310057053769850184 247402886575116853 192900220384405520 199601576513938085 213459326747028097 235898983092227944 378325553501389065 395746879080399395 144117936527873832 308087194759152060 164637479165761044 564025941156878940 401765112575366318 214618299743286299 523157814702288250 298330063062758076 363117512048110005 413766180933342362 536679070310691121 610898403751884101 2224299479652245052 3861312144700931624 3398704041358160275
3 4 5 6 7 8 9 10 11 12 13 14 15 16 17 18 19 20 21 22 23 24 25 26 27 28 29 30 31 32 33 34 35 36 37 38 39 40 41 42 43 44 45 46 47 48 49 50 51 52 56 60 63 70 72 76 84 88
1 32 42 150 127 217 164 284 165 245 126 186 138 145 84 126 84 73 52 80 54 46 28 47 36 53 22 32 27 19 21 22 28 26 4 7 13 13 9 18 14 9 5 3 14 1 3 7 6 2 2 1 1 1 1 1 1 1
1 40 68 403 381 1255 1156 3640 2547 7299 4621 11971 10272 21094 13185 30158 21865 29702 25079 60243 38379 53339 39085 95974 60560 187119 69249 171720 114574 126990 153898 302967 271807 363833 78802 196100 325267 441971 336119 708909 719728 560961 374866 215670 1305204 89134 713263 1020595 1652950 463947 844767 526823 966467 4647040 3087735 10785566 15796476 53087320
