24 36 48 60 72
4475 24301 42011 21279 7929
1505992 771884 307533 75448 10846
299991177967681 17022681743865311934 3901382800266875366 495291772036345480 5164754718291
24 36 48
814 646 122
9287 1526 169
328969934 21052551 700631
3 4 5 6 7 8 9 10 11 12 13 14 15 16 17 18 19 20 21 22 23 24 25 26 27 28 29 30 31 32 33 34 35 36 37 38 39 40 41 42 43 44 45 46 47 48 49 50 51 52 53 54 55 56 57 58 59 60 61 62 63 64 65 66 67 68 69 70 71 72 73 74 75 76 77 78 79 80 81 82 83 84 85 86 87 88 89 90 91 92 93 94 95 96 97 98 99 100 101 102 103 104 105 106 107 108 109 110 111 112 113 114 115 116 117 118 119 120 121 122 123 124 125 126 127 128 129 130 131 132 133 134 135 136 137 138 139 140 141 142 143 144 145 146 147 148 149 150 151 152 153 154 155 156 157 158 159 160 161 162 163 164 165 166 167 168 169 170 171 172 173 174 175 176 177 178 179 180 181 182 183 184 185 186 187 188 189 190 191 192 193 194 195 196 197 198 199 200 201 202 203 204 205 206 207 208 209 210 211 212 213 214 215 216 217 218 219 220 221 222 223 224 225 226 227 228 229 230 231 232 233 234 235 236 237 238 239 240 241 242 243 244 245 246 247 248 249 250 251 252 253 254 255 256 257 258 259 260 261 262 263 264 265 266 267 268 269 270 271 272 273 274 275 276 277 278 279 280 281 282 283 284 285 286 287 288 289 290 291 292 293 294 295 296 297 298 299 300 301 302 303 304 305 306 307 308 309 310 311 312 313 314 315 316 317 318 319 320 321 322 323 324 325 326 327 328 329 330 331 332 333 336 337 338 339 341 347 350 352 361 365 371 373 377 379 389 395
253 1413 4100 10102 18778 33037 49929 65484 71700 83242 81825 83006 80561 78591 73315 73081 66973 65440 63218 61455 56983 56929 52886 50824 49148 47478 44498 44397 41632 40052 39148 37709 34770 34540 32613 31280 31052 29901 28435 27886 26011 25324 24772 23950 22860 22059 21390 20404 19914 18981 18045 17887 17087 16357 16314 15603 14418 14618 13557 13125 13142 12714 12513 11969 11233 10972 10639 10568 9857 9656 9361 8826 8579 8492 8069 7959 7643 7368 7384 6927 6466 6390 6134 6122 5861 5838 5710 5577 5178 4907 4839 4850 4586 4560 4443 4241 4046 3977 3799 3640 3529 3478 3508 3337 3105 3067 2950 2823 2797 2845 2728 2635 2523 2399 2306 2264 2064 2220 2102 1915 1941 1887 1743 1760 1642 1571 1538 1529 1406 1431 1346 1275 1270 1293 1152 1206 1057 1051 1024 1037 953 1017 959 905 960 970 824 794 770 739 769 733 678 701 662 606 563 624 612 587 544 508 515 511 458 452 460 396 425 441 327 413 365 355 372 340 316 309 295 283 245 272 236 269 272 247 226 243 219 217 284 209 207 215 174 194 189 173 183 185 142 155 165 155 149 163 116 137 143 118 113 145 116 102 127 121 124 95 182 194 100 85 97 98 87 68 87 64 72 82 82 65 95 62 54 63 51 55 66 37 54 42 31 38 44 39 30 40 31 38 30 35 25 37 28 30 48 30 27 28 20 24 21 24 22 28 19 25 16 16 14 16 14 13 23 10 16 12 13 14 10 11 12 7 5 12 11 8 11 10 1 9 5 7 5 11 6 4 6 8 2 6 8 7 6 3 7 4 3 8 3 3 7 2 8 9 4 2 5 4 2 3 2 1 2 2 3 2 5 2 1 1 2 1 2 1 3 1 1 1 1 2 2 1 1 1 1
253 1562 5819 18433 46312 112445 238130 463601 765452 1379235 2015653 3162697 4505904 6581199 8705911 12520415 15869670 21471271 27938871 36774556 44151465 60579530 71437797 90711976 112905398 139894432 161759477 212178930 245019414 302364984 362155515 436426175 492747953 618516910 707236624 830791878 1002360794 1176768880 1316848655 1619490363 1813443231 2120496228 2481337074 2839142030 3245964224 3780440964 4338458123 4880350786 5717575754 6357472562 7072017008 8355757664 9426617593 10499166124 12356205593 13693390553 15079658975 17762516069 19237190011 21628053479 25301910270 27887651467 31484568080 34961350570 39341916308 43279573415 49179420556 54669040957 59576250172 67541745602 75125716231 81106249592 91618850065 100812857710 112346074018 122291726102 138254289280 151132919680 171818702303 180083229663 199891247786 216723503537 240760104140 265616873921 294342857586 320762829165 360970440935 377965372377 441182083032 455971904091 504137561352 563527299529 623333386163 665857992244 755162645409 799737903221 899425403906 956168669601 1064264913708 1087925897131 1245916247861 1393432539948 1537829823064 1606620479955 1792471444580 1861020138521 2107259145919 2154251648081 2499319581139 2752900492783 3050405880513 3084844287599 3585698422012 3632500938248 4004600993550 4227679032413 4437472438651 5123648445391 5419702449934 5566515822637 6443556323552 6722071806117 7123846421722 7360489845142 8295722172638 8939114068056 9778418987595 10043752807460 10640243384331 11841727102527 12437159284643 12880990231278 13966194589766 15809663751760 16383311878252 17402494991750 16501292413474 19152143464692 20124678009039 21912443123423 22460778246200 27590470459858 27789768746193 29865365594872 32396733198048 37908339432685 35647651390305 35473415657950 38815175352334 43798831302599 47833747621065 49218680707611 47412967897658 58401518364725 58913590436886 59344182071261 61219510632622 71889889458031 77583802079776 81933421770617 83746696394044 89674719157471 95139532408466 100656961284920 98009445704330 114780053158433 124572244446831 112874064620981 131123279680419 152472818143168 127007446990657 171733212488018 162558978319759 188216592824313 199119855266687 205265446746772 208280317070657 225872133725632 236182582146680 237464340587870 218729171977607 278048026669922 262241818793681 317214246440121 343993144893300 362236819437130 341740992100762 410313951991540 408868125631102 466001900693669 589509811828176 529400367502679 509260768902405 641013390283101 528940723379426 679956532906917 722205446137960 718994131337431 789753695360927 872715847261160 692341983687644 868736582658747 953383321413060 1040300511368941 1091194664835047 1421274471604754 930922404671316 1323400970198242 1337938869506664 1243153229146295 1236664580329698 1857710274085593 1526267328801113 1548968135005902 1988725407529994 2132418668060640 2293877998083130 1832973907830032 3710486479792215 4321404080523037 2589672096588472 2427240865728578 2848563604986830 3031874362899198 3050797211405526 2664140682258938 3915611290687468 2678704089508418 3572198990574519 4401431380811969 4312743052023589 3988202814831766 6219463787073018 3929980610293310 4024368981642908 5087242348227279 4765847471338212 5180235780987729 7216018645625673 4049229832296197 7145655176273203 5914133626529750 4191572267031904 5391596647677113 8310065009405089 7258562692679622 6261482782365307 7851688346486828 7415868446064328 8055727624451378 7700898964783324 10220849912269195 7319320557185285 12340410573161704 9366300487366890 10005402613238022 24363046717461626 12282948511040196 12778526129382150 16275296581526855 11475699241360372 13908543611659608 14143428576695115 16379072865380715 15177489423947859 20243984221623033 17531039297150685 22626639656765659 21000398686851702 17345368232303527 15914668974134649 20563126866745382 17968208194493908 18395459118901497 40067005862196962 14258326069373695 27875232972498218 22831815055936704 25880469097610601 27427444022632298 26584229634095725 30930385946305927 33132571089991914 19996528128537310 16809352322049250 41617736187127498 39378807418051288 31852490228302357 50935118384912729 39592638065350501 4534253126900886 50890139184623340 25084856308923596 38583705599260369 28948505840042845 73848036374935562 41795100865174986 27863400576783324 46529440390360872 90693723796461380 26494075487653652 76058331860828513 93010545732358199 80048794544754728 71114280291154707 39486653685173112 96917749116515433 85736266065257219 47622525810516520 135790260273225464 56014464898801092 58706341824754254 147325333711918345 65916198730193119 195550749711300767 255329568921984080 113220081363984012 60652363979685928 160279355395709580 132265834923840792 104402864608322490 114468377080496145 122587209089954678 85496156071909392 91544717087156056 101467687864066516 161080690570531571 116261951952540833 317406848276124744 137669771892147700 68834885946073850 90175434980549623 276800980153302006 103151466321735325 213459326747028097 126108517833796355 564025941156878940 229272286871217150 261578907351144125 471314064268398780 610898403751884101 1798350696792176698 2044282456734690724 1319510599727473500 1498478743590581081 2816759503217942792 4098034535626594791
3 4 5 6 7 8 9 10 11 12 13 14 15 16 17 18 19 20 21 22 23 24 25 26 27 28 29 30 31 32 33 34 35 36 37 38 39 40 41 42 43 44 45 46 47 48 49 50 51 52 53 54 55 56 57 58 59 60 61 62 63 64 65 66 67 68 69 70 71 72 73 76 78 80
10 52 80 277 240 638 410 907 453 884 456 745 389 642 292 536 241 416 211 361 156 261 148 247 119 205 98 160 87 125 68 107 50 73 80 82 52 66 49 58 40 50 43 45 21 25 22 21 12 27 7 22 9 14 10 10 7 11 8 5 4 6 4 7 2 2 1 4 2 3 1 2 2 2
10 64 127 654 714 3228 2618 11509 6819 25618 14446 48588 28992 87448 43464 144388 67849 179803 99007 279886 135454 352509 175351 544699 228853 769948 308153 951989 488677 1114853 551579 1516098 694315 1249969 1175756 2097561 1362188 2716037 1741183 3528914 2023489 4492624 3404874 6255817 2271644 3793861 2567642 4452864 2762784 8289750 2369698 7568334 3893442 8066586 4051662 11392353 4666073 10080450 7859033 5819686 5554856 13708207 7636647 20963185 6876866 3247129 2600312 28407936 6704805 20828928 9294080 38096527 23156944 34814710
