27 39 51 63 75
8908 35484 32453 19971 3182
1466009 725984 185975 51964 3493
2859636431709463743 35021306495730222556 2636973986782403497 65642254940978245 3391291354
27 39 51
909 499 50
5919 1032 65
98621740 9098619 40450
3 4 5 6 7 8 9 10 11 12 13 14 15 16 17 18 19 20 21 22 23 24 25 26 27 28 29 30 31 32 33 34 35 36 37 38 39 40 41 42 43 44 45 46 47 48 49 50 51 52 53 54 55 56 57 58 59 60 61 62 63 64 65 66 67 68 69 70 71 72 73 74 75 76 77 78 79 80 81 82 83 84 85 86 87 88 89 90 91 92 93 94 95 96 97 98 99 100 101 102 103 104 105 106 107 108 109 110 111 112 113 114 115 116 117 118 119 120 121 122 123 124 125 126 127 128 129 130 131 132 133 134 135 136 137 138 139 140 141 142 143 144 145 146 147 148 149 150 151 152 153 154 155 156 157 158 159 160 161 162 163 164 165 166 167 168 169 170 171 172 173 174 175 176 177 178 179 180 181 182 183 184 185 186 187 188 189 190 191 192 193 194 195 196 197 198 199 200 201 202 203 204 205 206 207 208 209 210 211 212 213 214 215 216 217 218 219 220 221 222 223 224 225 226 227 228 229 230 231 232 233 234 235 236 237 238 239 240 241 242 243 244 245 246 247 248 249 250 251 252 253 254 255 256 257 258 259 260 261 262 263 264 265 266 267 268 269 270 271 272 273 274 275 276 277 278 279 280 281 282 283 284 285 286 287 288 289 290 291 292 293 294 295 296 297 298 299 300 301 302 303 304 305 306 307 308 309 310 311 312 313 314 315 316 317 318 319 320 321 322 323 324 325 326 327 328 329 331 332 333 334 335 336 337 339 340 343 345 346 349 350 351 352 354 355 357 358 359 361 364 367 368 369 375 378 384
289 1460 4134 9537 17613 28890 42917 56626 60355 64850 70337 67400 63552 62469 62505 58958 55656 53526 53687 51653 47727 46202 47414 44435 41370 40923 41126 38453 36537 35858 35266 34563 31791 30525 31543 29742 27079 27596 27293 25333 24264 23755 23471 23404 21318 20676 21355 20545 18181 18575 18594 17209 16734 16427 15771 16098 14832 13781 14482 14150 12503 13196 12641 11807 11349 11315 10551 11052 10206 9663 9925 9845 8573 8842 8717 8026 8285 8020 7284 7707 7324 6736 7055 6791 5914 6287 6160 5843 5735 5410 4993 5397 5181 4758 4763 4867 4414 4383 4245 3895 3947 4096 3515 3992 3593 3152 3510 3348 3069 3123 2979 2983 2913 2716 2450 2644 2552 2467 2388 2492 2173 2138 2088 1877 1934 2015 1744 1930 1665 1577 1661 1579 1431 1676 1294 1457 1447 1291 1244 1237 1191 1323 1088 1294 1019 1082 1051 981 943 1031 881 1037 865 804 881 841 759 959 763 874 762 806 651 706 628 808 629 746 553 620 483 487 583 576 494 557 458 440 409 415 388 517 376 461 364 401 346 379 350 387 292 383 303 335 257 261 261 328 207 326 239 264 214 224 214 277 205 251 217 241 176 199 172 219 170 208 153 179 110 130 146 190 129 172 159 109 106 122 91 146 89 126 112 100 91 104 96 99 93 93 84 87 43 58 70 81 74 67 83 67 56 51 55 50 68 56 129 58 36 55 47 36 67 45 46 41 42 34 48 45 41 44 39 31 22 24 31 34 28 30 27 22 12 19 24 14 19 25 10 12 17 9 11 19 12 8 14 5 13 9 9 16 10 13 15 17 11 11 10 8 14 24 7 7 9 6 7 7 3 3 5 5 7 3 8 8 6 3 6 4 1 4 1 2 1 2 5 1 1 1 1 2 4 2 2 1 2 4 2 2 20 1 2 1 1 1
289 1603 5761 17665 43504 104387 207236 408950 683277 1095030 1787623 2625909 3718779 5275649 7478187 10065886 13387663 17483905 23513470 30036416 38444864 47794967 62456094 76458697 95386803 116670079 148439918 175892683 214603619 263759624 318158355 377820293 450580180 524543324 658639790 756840534 875628955 1044304029 1241427775 1409315866 1655705839 1920737643 2281844273 2652438844 3013950428 3424532508 4074952825 4723443128 5117325416 6081238029 7137517137 7913974769 9022853492 10464178770 11569779751 13517506234 15243641730 16643141840 19298702268 22970503998 23367089303 28180077461 30677745400 33869477580 38311928141 44199743921 46276603526 55288355682 60522594706 64893645749 74591409635 87832479003 87171292600 102838497293 116013608438 125196328778 145305364670 163398415758 163867150073 202553216534 225275855156 224410441850 264638339332 307252367147 299210547058 352069280354 394161343715 431474689428 474202260401 525843027209 522570371954 660853043924 713325110126 715840896163 810147338021 966155375764 993632452493 1063815025432 1190430077913 1269834355101 1409279208168 1636280136832 1479897177025 1983302108405 2086526184978 1948456243585 2417724203414 2689111038150 2684910764177 2950499134367 3248827475644 3611830138760 3948585553438 4272320796041 4151344766667 5136222442151 5446652732390 5431873501113 6036602136173 7293248295108 6917714817990 7720063584477 8271142934524 8551611029541 9633248914757 10793891466197 10114348193639 12159958939822 12222064223831 12605408437863 14327372298946 15245405729795 15309224674794 19414375720703 16970672246224 20043454376616 22643106977524 23084384746332 24010316319669 26650885813071 28011542034063 31900125881211 29417621849255 42078644459697 35390476811534 41113263590897 44413995549632 46260985545816 46933789934197 57069283957561 51456518778613 69521552207270 63880134811562 70374119555819 77204409108212 85221146972162 82963717500889 107169566155782 100751504547240 122690807850078 114123696086940 147649900352810 117676756699568 148528083674136 145346702386108 195356877423176 164306484726718 222976365071528 173303029506446 230216689328337 197155600973993 212667833985107 259807413071400 283274796091076 269026988669331 334808939046494 303729905481260 332592334851512 318517613171215 367489227694500 361812630150373 523774463297074 418078996872163 566811981313889 450252712977239 597063232403144 536661799887547 662344551495491 619350841071032 743046443039794 634127690316627 903274392298087 796017333427307 998007558638161 851816433838313 906783160647224 929828168054319 1337792325788745 843674972804239 1514549166533050 1250797613231752 1503482440126413 1283276922723531 1575901376522582 1409979172313578 2100475595807111 1736339440067175 2325314184208509 2095633582451008 2837301809278151 1961474139206964 2730177074559923 2321309230742241 3347662383912035 2630031671184066 3744460643935528 2915402775962179 3835350968384299 2615240728171215 3309224959045301 3590712014624267 5371456917562999 3663834829459133 6055753631430720 5832828976646831 4817846311572971 4345747044083599 5480180908646102 4246820076094241 8504711134965145 4847234569821196 8613630496955894 7518660379030858 7553088969829034 7791735624618466 9833903548427688 8708938148314963 10966035685185398 9597966509845230 10883477210188223 11222231557805472 12976011287569189 6919174093143204 9960665631789074 11275284880429533 15754868357264746 15501954812833804 14746608857044880 19673878260003916 16867826104734179 16900986837704600 14260692766331328 16852961166792434 16556870986363674 25032030571061805 23250105072827691 56842541569311910 27389509119013003 17379280892201255 26443900107659872 26278720234552694 22283401785001087 42658155531190331 32894039426365707 37976748881531600 30529955707551111 39175797473548745 32477120886647707 48272626157721723 53109289221383419 53392854307888954 55706681822658403 55551055838120609 48090220067056744 32871498154258905 35890026421006835 58408821262562468 72011331046690548 59769811071463337 78114096853578980 72513392000438013 57802064936557212 35507090846382417 64893633203243009 79572467068301999 67243877890965413 80458872246591722 113464109232970925 44923135334526112 59222248872797611 82372434231351342 54794663114896644 56877963824437606 111864900575811777 76016303326372235 54804785183843208 93688493881807690 42308815799489739 122426457788331624 75813722807619270 79482226462960956 162725525569740426 124256180589859378 162194601024052380 177368862757183087 213041705706042100 147653731156301647 172496822204091627 154720028779489347 149681259614419863 255114295362139751 450807596116361898 183038179412744397 157916225352142467 216900656871444951 158494845801397956 198135142386972021 206219788982359865 97464880054399962 104402864608322490 181425127069125891 194307508134496127 373418652287773444 131268514615487420 388811863990243153 412783552643447596 329550496909154438 304746773967780726 403990293002524500 294613151447401356 78801255302666615 337203262544900476 90175434980549623 192900220384405520 110307860425292772 235898983092227944 720589682639369160 164637479165761044 175943559810422753 214618299743286299 229272286871217150 489809074910764812 1046315629404576500 596660126125516152 637111947576658168 363117512048110005 775265065838058446 1655064723733369448 942628128536797560 1145224117796075118 13902874269178920800 741433159884081684 1581476239298822638 1161537834849962850 1406207446561484054 2056513475336633805
3 4 5 6 7 8 9 10 11 12 13 14 15 16 17 18 19 20 21 22 23 24 25 26 27 28 29 30 31 32 33 34 35 36 37 38 39 40 41 42 43 44 45 46 47 48 49 50 51 52 53 54 55 56 57 58 59 60 61 62 64 66 67 72 73 76 84
7 36 65 229 170 492 289 597 296 611 262 473 245 386 187 353 139 245 129 243 95 201 86 167 78 124 47 129 46 81 34 62 32 53 28 33 17 36 25 25 7 16 9 17 12 17 10 11 10 10 2 7 2 7 4 4 3 3 1 1 4 1 1 1 1 1 1
7 40 102 569 478 2773 1946 7734 4461 18080 9168 32464 18262 50006 27770 95531 36023 120573 68715 196319 80903 286582 113098 414707 180863 473890 165694 796690 261319 762597 293772 782369 366493 1132396 480765 1014386 521055 1786026 835524 1634174 287122 1481385 652792 2640303 1282413 3297740 1536940 2106772 2002569 2166207 815690 2727004 563178 6555296 2190694 1948569 2148258 2634115 614154 1053646 5798802 2600312 1741630 6175470 2679689 5392783 31592952
