11 23 35 47 59
753 15300 49207 34505 210
5077 331320 285996 77233 210
497245 12927709122185 956375012944737377 2582020898643497 7518
11 23 35 47
72 588 204 4
228 1419 254 4
9237 26401095 583116 350
3 4 5 6 7 8 9 10 11 12 13 14 15 16 17 18 19 20 21 22 23 24 25 26 27 28 29 30 31 32 33 34 35 36 37 38 39 40 41 42 43 44 45 46 47 48 49 50 51 52 53 54 55 56 57 58 59 60 61 62 63 64 65 66 67 68 69 70 71 72 73 74 75 76 77 78 79 80 81 82 83 84 85 86 87 88 89 90 91 92 93 94 95 96 97 98 99 100 101 102 103 104 105 106 107 108 109 110 111 112 113 114 115 116 117 118 119 120 121 122 123 124 125 126 127 128 129 130 131 132 133 134 135 136 137 138 139 140 141 142 143 144 145 146 147 148 149 150 151 152 153 154 155 156 157 158 159 160 161 162 163 164 165 166 167 168 169 170 171 172 173 174 175 176 177 178 179 180 181 182 183 184 185 186 187 188 189 190 191 192 193 194 195 196 197 198 199 200 201 202 203 204 205 206 207 208 209 210 211 212 213 214 215 216 217 218 219 220 221 222 223 224 225 226 227 228 229 230 231 232 233 234 235 236 237 238 239 240 241 242 243 244 245 246 247 248 249 250 251 252 253 254 255 256 257 258 259 260 261 262 263 264 265 266 267 268 269 270 271 272 273 274 275 276 277 278 279 280 281 282 283 285 286 287 288 289 290 291 292 295 296 297 298 300 301 302 303 304 305 307 308 309 310 314 315 316 317 318 319 320 321 323 324 325
343 1473 3273 6088 9684 13103 16186 18733 19647 19614 19683 18910 18294 17759 17129 16580 15854 14937 14558 14241 13692 13193 12790 12083 11489 11249 11242 10641 10389 9816 9601 9277 8823 8949 8583 8179 7891 7654 7269 7210 6976 6613 6554 6224 6111 5943 5725 5658 5275 5152 5017 4878 4738 4524 4467 4345 4223 4046 4081 3804 3617 3789 3443 3474 3219 3065 3041 2974 2846 2900 2716 2636 2439 2364 2324 2390 2263 2155 2046 1947 1838 1821 1899 1840 1677 1648 1540 1578 1516 1561 1414 1500 1368 1262 1249 1196 1186 1213 1113 1131 1035 944 993 984 890 851 856 813 799 791 718 746 763 647 664 664 636 616 619 596 540 526 483 463 530 489 469 476 411 396 418 423 374 394 356 326 316 330 328 319 314 295 284 254 238 253 228 241 217 204 213 212 209 197 217 217 176 189 184 184 191 201 166 166 126 142 137 132 139 117 119 121 116 138 130 126 108 108 85 87 93 93 90 91 81 81 69 85 70 74 82 66 66 55 70 66 76 56 67 45 44 46 63 61 40 43 43 51 42 31 39 40 38 36 21 39 33 38 22 23 21 24 24 22 32 15 23 21 16 24 19 18 20 11 10 12 17 16 14 11 12 7 8 11 16 17 12 9 4 13 7 12 10 12 13 11 9 14 5 11 8 9 4 6 10 6 6 7 5 6 3 3 3 4 6 1 2 3 2 1 5 2 2 2 2 1 2 1 1 1 2 2 1 1 1 2 1 3 1 2 2 1 2 1 1 2 1 1 1 2 2 1 2 1
343 1619 4938 12636 29459 57528 105161 185283 294706 445169 669107 954683 1347193 1866682 2549632 3379954 4461041 5657284 7309509 9542840 12057600 15043088 18885936 22988058 28353039 34472468 44387261 52296054 63646887 75158613 92096603 109023068 127942441 158879848 186151981 216123580 256451942 297150075 349125467 415835103 487719748 552018678 641156858 728742368 874136059 998499146 1136959240 1360316586 1476429918 1698749976 1926423728 2256138891 2536694311 2874152725 3308042765 3766622827 4268451582 4708580030 5545108304 6029132989 6718165613 8091663497 8559426632 10099860216 10514252267 11870931485 13403149227 15099639335 17127492114 19861304945 20785089720 23637809266 24441539673 26942427156 30837143694 36226734167 39384112470 42213369479 45497987111 50917009389 54208960110 60743492472 72981792855 78407017490 80887963655 89275502532 96330128179 115107494101 120651558650 142967431034 147009648223 168517246530 180381735164 191571650197 206961062429 223328131467 253010000416 285669879563 295023584341 324791383890 343486799285 347895992635 410332656811 460377229947 464172673891 489867848883 544179043664 572343325381 658050218092 731249592113 725632841901 825232123276 921335273266 897261063606 1026285001348 1064595212958 1244226772090 1325981832257 1489906408916 1555783053881 1600009245893 1724918735855 1773552478325 1919807756528 2455497919929 2469407491102 2719779146219 3095963402313 2844206133050 2917250611457 3318335358860 3846794367346 3916812496375 4537431972680 4354571812056 4346675469725 4553417036495 5300918296497 6071115383878 6179457922721 7087058589639 7001953684304 7754061024861 7432483289706 7610904350010 9214862623653 8393745816916 10107080117108 10208176006385 10387154896828 12120250704954 12501000250944 15054293562117 15035951241381 17751133446748 20052800197269 17706896078086 20854814209667 22224724397466 24615618835187 29212328208570 32694869552335 29317840714580 33081505033749 24528819687542 33931651867170 34384914955478 37384282041391 40722616671694 38311097312321 43351120953915 47861446696031 50438304401785 67979239526391 68190724369440 71445880663714 73957271326001 75747889546705 65489967978675 70048701069030 89119738728604 93488607955902 98872298648855 112008335716606 102981053231946 111145249130487 100109672456751 140572454387876 138052887987293 151057772710776 165094266305118 159166259891156 171670533357124 145305201079739 209582653475801 202255780691987 264893729905664 214770451899757 271469445243884 176482137740677 212627412765517 240817894623115 376885947887353 371332587616847 276433352762526 305642718813150 339476291290242 407953777178480 374479669379072 308237193655284 428515980080250 466740979392808 536651498856920 465121719984727 330876475265198 625049155224702 572258591709668 751179173349559 474725992059132 481140359225081 480161788293907 658532248695991 633543407577693 719357121911349 1281679800115286 524034274856183 1092936879391157 847319944319377 736237893951856 1286319889861021 1164630516673630 1205171643259201 1286066582588336 783015544301611 885216502264335 1060706571119836 1643509127674729 1618941278675653 1636019917093146 1351327934164775 1636338372759393 1174642001402682 1261327571471250 1860553419389109 3220275925580880 3023026536762063 2399989427373622 2452700382025782 1043134669274268 3077270572197751 1645453746009188 3484424999053559 3229507734788099 4232617239443723 4950712168209004 3868350226999502 3834978117223888 6366770800051115 2736326924772348 5705193427518223 4208304122662417 5007500251098591 2144829219416028 4127038207755070 7517551634642151 4127314399621424 4396832243255620 5457625831868021 4328355407733162 5568709173154690 2924503109833875 4125426839737976 4524954015754424 6185549200193547 7973008569254525 1520980492851175 4679254955039521 6799144804788880 3793128207183168 2040825852575075 10669010640197698 5081905180091396 5465746367095070 5671802977477090 6099067661078552 3160137867148997 7050014848057826 3925922161489422 4219388528587095 4872038056472084 10468742139507344 12079527764191030 6486674127079088 13931700288391662 14959130157021168 16060496769886080 8620496275465025 38368110658254206 19861944784807002 23704760097051569 25431435914287169 14118662665280005 30285905477714388 18671488299600364 20017426762576945 65916198730193119 46000013310974674 24650106150830490 26415807633566326 60652363979685928 64976586702933308 34800954869440830 77193971303748068 42748078035954696
3 4 5 6 7 8 9 10 11 12 13 14 15 16 17 18 19 20 21 22 23 24 25 26 27 28 29 30 31 32 33 34 35 36 37 38 39 40 41 42 43 44 45 46 47 48 49 50 51 52 53 54 56 60 66 72 78
1 22 38 115 75 148 101 150 85 144 89 99 102 88 61 54 58 56 47 49 32 29 19 30 19 18 20 11 15 10 12 12 10 12 8 7 4 4 9 6 4 6 2 3 5 2 1 1 1 1 2 3 1 1 1 1 1
1 29 61 251 226 902 711 1988 1481 4096 3275 6318 8197 12127 9285 14036 15061 23055 23269 37605 26348 36150 25550 63785 37024 70164 62738 40777 62581 103068 81654 112866 102475 209076 116302 140259 72526 248870 329684 324314 230687 391043 99708 330376 519061 256698 63261 124754 150350 422232 408452 498772 816904 1053646 1932934 3087735 14179000
