1 12 13 24 25 26 36 37
9 117 367 261 423 1 24 24
146 322 952 342 576 2 24 24
1750 2364 6140 15137 41486 26 109 94
1 12 13 24 25 26 36 37
9 117 367 261 423 1 24 24
146 322 952 342 576 2 24 24
1750 2364 6140 15137 41486 26 109 94
3 4 5 6 7 8 9 10 11 12 13 14 15 16 17 18 19 20 21 22 23 24 25 26 27 28 30 31 35
50 160 237 339 414 321 295 198 132 65 50 21 21 22 11 13 10 6 4 1 2 1 4 3 3 2 1 1 1
50 181 371 783 1432 1611 2346 2486 2637 1759 2148 1085 1512 2371 1598 2316 2440 1595 1452 385 2030 792 5556 6007 4581 3213 3010 3010 8349
3 4 5 6 7 8 9 10 11 12 13 14 15 16 17 18 19 20 21 22 23 24 25 26 27 28 30 31 35
50 160 237 339 414 321 295 198 132 65 50 21 21 22 11 13 10 6 4 1 2 1 4 3 3 2 1 1 1
50 181 371 783 1432 1611 2346 2486 2637 1759 2148 1085 1512 2371 1598 2316 2440 1595 1452 385 2030 792 5556 6007 4581 3213 3010 3010 8349
