6 7 8 18 19 20 30 31 32 42 43 44
65 132 40 573 1291 428 10755 21783 6239 17352 32734 8573
183 422 111 1556 3549 1235 54607 107123 30107 40942 72629 18057
3685 11033 2052 14739026 48482631 14231442 88131404656359946 273521827862617646 58467139071795103 294810612587693779 303310259507261412 46282990735295631
6 7 8 18 19 20 30 31 32 42 43
2 2 2 29 47 12 92 163 31 2 1
2 4 2 49 74 19 119 223 37 2 1
6 40 16 554347 238529 1144524 947056 6946458 408132 17 22
3 4 5 6 7 8 9 10 11 12 13 14 15 16 17 18 19 20 21 22 23 24 25 26 27 28 29 30 31 32 33 34 35 36 37 38 39 40 41 42 43 44 45 46 47 48 49 50 51 52 53 54 55 56 57 58 59 60 61 62 63 64 65 66 67 68 69 70 71 72 73 74 75 76 77 78 79 80 81 82 83 84 85 86 87 88 89 90 91 92 93 94 95 96 97 98 99 100 101 102 103 104 105 106 107 108 109 110 111 112 113 114 115 116 117 118 119 120 121 122 123 124 125 126 127 128 129 130 131 132 133 134 135 136 137 138 139 140 141 142 143 144 145 146 147 148 149 150 151 152 153 154 155 156 157 158 159 160 161 162 163 164 165 166 167 168 169 170 171 172 173 174 175 176 177 178 179 180 181 182 183 184 185 186 187 188 189 190 191 192 193 194 195 196 197 198 199 200 201 202 203 204 205 206 207 208 209 210 211 212 213 214 215 216 217 218 219 220 221 222 223 224 225 226 227 228 229 230 231 232 233 234 235 236 237 238 239 240 241 242 243 244 245 246 247 248 249 250 251 252 253 254 255 256 257 258 259 260 261 262 263 264 265 266 267 268 269 270 271 272 273 274 275 276 277 278 279 280 281 282 283 284 285 286 287 288 289 290 291 292 293 294 295 296 297 298 299 300 301 302 303 304 305 306 307 309 310 311 312 313 314 315 316 317 318 320 321 322 339
225 995 2178 3604 5273 6195 7123 7382 7658 7402 7475 6874 6789 6599 6481 6149 5945 5626 5670 5319 5266 5042 5177 4866 4803 4719 4649 4434 4448 4229 4243 4064 3921 3934 3771 3493 3575 3374 3324 3232 3175 3095 3019 2853 2970 2887 2832 2721 2745 2559 2566 2492 2502 2307 2242 2234 2176 2090 2037 1960 1976 1849 1891 1958 1868 1819 1777 1716 1708 1604 1572 1557 1437 1445 1437 1353 1371 1283 1232 1244 1198 1257 1221 1140 1156 1090 1151 1056 1041 1027 1011 947 954 906 914 898 795 793 800 784 825 755 752 708 731 694 654 629 626 646 599 588 558 589 526 486 500 461 510 481 479 462 455 419 456 409 405 413 406 383 373 386 381 331 334 331 323 325 304 319 305 270 288 291 260 270 258 278 251 256 237 226 211 216 206 175 200 176 209 182 181 178 186 158 159 163 173 159 153 161 131 125 135 120 112 111 119 130 120 112 114 108 90 97 108 101 84 97 92 67 74 76 68 61 64 62 76 62 66 61 52 62 55 65 53 56 60 65 46 48 37 30 34 38 42 44 40 43 39 44 38 37 41 37 44 45 31 29 36 22 17 21 29 29 23 18 22 18 15 20 19 21 19 23 18 17 16 12 10 7 11 11 10 9 9 7 9 8 9 9 10 11 13 9 7 9 6 2 4 5 6 3 6 4 8 4 6 4 5 5 10 9 5 5 4 4 1 2 4 3 3 3 3 3 3 2 3 2 3 4 4 1 1 1 2 1 1 1 1 1 1 1 1 1 2 1 1 1 1
225 1076 3159 7354 16032 28541 49945 79040 124199 179840 265924 356866 500838 683472 925180 1199692 1571790 2009255 2680841 3286582 4256024 5243134 7007962 8297905 10522939 12859045 16208499 19142753 23931259 28509684 35132332 41741671 48802224 59691159 70071579 80982535 99223886 115701288 135272841 159106346 186375522 225830004 254623895 290572026 359043504 415654765 486479677 548204614 650696065 711235573 844141625 944182551 1113076526 1200958807 1373213959 1593497524 1883899573 2054039599 2385975189 2623939298 3137465038 3344959717 3954812830 4745651664 5361074088 5911781349 6607729324 7399269623 8408198007 8992298483 9966483696 11296681945 11975357617 13837339697 16022587735 17617295556 19845684102 21590968265 22870486334 26938434223 29152903667 35091631607 38064559821 41089965044 47134406793 49288217619 60072678528 62709637831 68884626321 75334250959 84635894406 89050847112 103239071495 110796740061 123780386671 139321237766 140437136621 155518115523 176011626937 195167385638 228144330587 240377172111 268405424434 280476666703 328296329113 342254530455 375330677811 390536626998 423420392016 476458912463 517763248977 555606881996 571898561870 686435161908 717400567918 725597034150 821190889870 870666644149 1049548726796 1121726304664 1225785985911 1301237890613 1409304890337 1386636523746 1690903984367 1746672635813 1904169357827 2122031218861 2321688864983 2482263848055 2671841210919 3037986226037 3331676978333 3260357953977 3627979902003 3987112733874 4279956887110 4678106836434 5075004746744 5544774929734 5944401705308 5632219651018 6799412436364 7554738352557 7548765150940 8610593994512 8549588685258 10251189173769 10330224419470 11829664041379 11629869064309 13330980302053 12813072064927 15182573345416 15822356151398 14385639709698 18578852721817 17296416581449 22784483355230 21296149288638 23693503546351 24863418757758 29662484235227 26647140209606 29920257125176 32589892959398 37776283453706 38438641669135 41354090509758 47723315948652 42378424788605 44669936984481 52652385478616 54415400794443 53431941016819 55685140663375 64113343327970 75735266596015 76513869839340 78486646825100 85587772679469 86288623584947 80439729517351 95615287154206 114784189033306 123528092913620 110173598657425 137939049539247 143288116250650 111969926715751 139513723443715 159570908564754 156857782655885 148063853698785 159481725644554 170469834802000 218926797048196 207112782337149 246381838450874 237768623772968 223130647189428 294846313443739 292064453765748 371353325575008 317641726690768 368695789834535 438409341851225 506084764652510 396192434797882 443691294130419 362972523321340 324326163126469 433809361904689 478630557023959 558105486397054 638094531747087 644765096841275 764268057111244 700968116795044 895391551185367 809998289222321 917159621362383 1056513099052023 1090172043311733 1385948561876894 1474502934366538 1108365853296099 1112313553646130 1515395090436902 974079047255149 816552657086580 1089023104938749 1646581617447959 1727555900775436 1454418534697537 1239854542911390 1782000938141172 1446812969304447 1385618337495145 1931079442351517 2074719547719861 2514498064717918 2454852051010567 3094400429065764 2509613566571997 2713374945219519 2632677699083216 2140978008398424 1888749405850844 1431816826188563 2437035522152258 2686712272442515 2612562012189710 2821292552506988 2732367788197773 2635947295163395 3211060193970732 3465590760544488 4072074397569566 4035073755920118 4812634610359776 5764946307551410 7286956714120389 5461042523899194 4644526154870635 6400222921952944 4618014101501207 1618662359928981 3553892055315894 4734023326466595 6225821819600210 3393715511815818 8354348757098877 5248207203264860 12513350557846580 6083921971404700 9823763816023026 7049113732229076 9482820517957920 10204129262875375 21647942198610278 20927106640729009 12704762950228490 13664365917737675 11755719175718220 12640551468595988 3397584011986773 7304861672142106 15430197320539319 12658165585761285 13602759380702658 14616114169416252 15703113209261016 16868978075851815 18119291646286545 12973348254158176 20897550432587493 14959130157021168 24090745154829120 34481985101860100 37012331746894408 9930972392403501 10657331232548839 11435542077822104 24538436038458930 14118662665280005 15142952738857194 16239786535829663 17414180133147295 18671488299600364 20017426762576945 21458096037352891 23000006655487337 24650106150830490 52831615267132652 30326181989842964 32488293351466654 34800954869440830 110307860425292772
3 4 5 6 7 8 9 10 11 12 13 14 15 16 17 18 19 20 21 22 23 24 25 26 27 28 29 30 31 33 34 35 36 37 38 39 40 41 42 43 44 45 46 47 48 53 56 57 58 59 60 61 62 73
1 7 14 29 31 37 42 35 35 25 27 19 17 18 18 13 10 9 9 15 13 9 8 7 9 6 4 2 5 6 2 2 2 6 3 3 3 4 2 5 3 3 2 1 1 1 1 1 1 1 2 1 1 1
1 9 25 75 104 208 311 454 587 688 975 1014 1269 2107 2227 2382 2022 2774 3021 8778 9064 9992 11003 12819 17837 19182 13830 8022 22491 30122 9322 22416 25942 65992 62404 51813 78551 123220 78045 218460 149352 157689 106348 53174 75175 204226 408452 329931 386155 451276 1580469 614154 715220 4087968
