4 5 6 7 8 16 17 18 19 20 28 29 30 31 32 40 41 42 43 44 52 53
49 137 110 331 177 1123 1674 1943 2220 1783 7910 11941 12494 13014 9451 5866 8239 8161 7835 5419 112 11
758 2367 1689 3137 2012 4886 7014 8106 10822 9110 49864 70942 69335 64878 43848 16089 20899 18364 15965 10026 112 11
44509 85209 67552 121915 75540 751484 2778181 8330588 31178957 49377581 1040639177118715677 2990840753450697003 1530235322018416916 1315525306497104249 648986895393830310 21758010805139522 17116145935239956 11282973609649072 3592354359060088 1109485838745187 4230 16
4 5 6 7 8 16 17 18 19 20 28 29 30 31 32
9 20 10 25 8 47 71 85 82 50 11 11 6 1 1
37 54 19 64 17 125 157 166 159 96 18 17 7 1 2
1015 876 233 919 415 5202 20179 32272 23230 170982 396 944 118 1 146
3 4 5 6 7 8 9 10 11 12 13 14 15 16 17 18 19 20 21 22 23 24 25 26 27 28 29 30 31 32 33 34 35 36 37 38 39 40 41 42 43 44 45 46 47 48 49 50 51 52 53 54 55 56 57 58 59 60 61 62 63 64 65 66 67 68 69 70 71 72 73 74 75 76 77 78 79 80 81 82 83 84 85 86 87 88 89 90 91 92 93 94 95 96 97 98 99 100 101 102 103 104 105 106 107 108 109 110 111 112 113 114 115 116 117 118 119 120 121 122 123 124 125 126 127 128 129 130 131 132 133 134 135 136 137 138 139 140 141 142 143 144 145 146 147 148 149 150 151 152 153 154 155 156 157 158 159 160 161 162 163 164 165 166 167 168 169 170 171 172 173 174 175 176 177 178 179 180 181 182 183 184 185 186 187 188 189 190 191 192 193 194 195 196 197 198 199 200 201 202 203 204 205 206 207 208 209 210 211 212 213 214 215 216 217 218 219 220 221 222 223 224 225 226 227 228 229 230 231 232 233 234 235 236 237 238 239 240 241 242 243 244 245 246 247 248 249 250 251 252 253 254 255 256 257 258 259 260 261 262 263 264 265 266 267 268 269 270 271 272 273 274 275 276 277 278 279 280 281 282 283 284 285 286 287 288 289 290 291 293 294 295 296 297 298 299 300 301 302 303 304 305 306 307 308 309 310 311 312 315 317 321 322 323 324 327 329 332 333 335 336 339 341 342 344 345 347 348 350 351 353 354 359 360 362 363 368
301 1003 3693 4879 9561 8892 13410 10413 13693 10493 12814 8879 11562 7553 9572 6703 8737 5935 8407 5381 7560 5365 7225 4679 7003 4380 6239 4235 6167 3963 6065 3738 5351 3783 5334 3278 5200 3165 4637 3173 4630 2912 4653 2650 4113 2785 4155 2451 3947 2398 3566 2339 3549 2187 3582 2155 3146 2103 3146 1919 3068 1856 2767 1864 2731 1711 2758 1658 2467 1624 2350 1447 2386 1461 2145 1387 2052 1299 2118 1293 1890 1267 1850 1114 1821 1060 1590 1051 1599 986 1650 912 1455 950 1365 859 1368 819 1292 838 1200 763 1207 733 1074 708 1059 617 1093 575 975 598 913 569 946 489 864 522 764 491 755 424 732 451 676 398 719 379 611 362 604 362 627 319 530 340 526 303 495 277 458 276 431 258 445 238 405 244 366 219 366 200 306 198 310 182 302 177 280 176 262 155 264 145 241 139 206 131 237 127 203 126 190 104 185 81 177 109 164 92 190 79 143 82 153 77 130 63 140 69 96 57 133 51 102 61 84 62 104 36 82 42 67 40 83 36 68 31 60 36 64 33 59 31 47 33 66 21 49 29 36 25 41 16 40 24 34 26 34 20 31 24 31 20 28 5 25 25 14 17 28 10 26 18 13 16 23 9 20 18 17 11 19 6 16 15 12 10 10 5 19 11 8 8 12 5 10 6 8 4 10 4 11 5 3 3 11 6 10 5 5 4 4 2 7 6 2 4 7 4 4 2 3 7 3 8 5 2 2 7 3 7 2 1 3 2 1 5 2 4 2 2 1 3 2 2 2 2 1 2 1 2 1 1 2 2 1 1 1 1 2 1 1 1 1 1 1
301 1052 4834 8880 25870 35912 83179 97836 198877 225652 413139 417980 771775 700127 1243960 1165171 2034764 1845487 3378513 2845291 5307254 4749720 8313380 6948062 12902751 9987896 18550800 15352824 28198747 22234391 42258854 32009469 58037831 47740305 85497315 64639882 120052677 86525017 160852003 128911253 231862900 171797613 325818415 218818412 421889991 322601531 596136447 419417485 791566008 550378768 1006401179 754825559 1385072194 974001885 1885402306 1326158179 2344557879 1734736114 3147218898 2203655987 4085005217 2767175026 4993635148 3760360227 6661440586 4643100661 8815284395 5937662232 10778878921 7629630712 13299703603 9156915731 17947295134 12024278875 20991762368 14682075062 26544607125 18496072543 35000689160 23939368770 42049930842 29346472623 51992620544 35126851681 65781145547 42132312472 74099338916 54375651618 96368040893 66490764166 123445649056 76159230301 140426827115 100145819555 169700939610 118746338592 216059760572 142762019137 250733355440 179215274811 311553640186 212332393080 386641669165 254322650783 436715903335 300254961178 533072523130 332064972417 673810717510 401195127929 759526959177 509120866389 913278386547 628669350367 1133397022952 633238186758 1343898635028 851768028227 1409558746443 1000225653657 1751178692931 1063909217949 2067685446880 1370584411345 2480671842204 1562939874933 3137851494954 1810543793937 3316098125232 2162730627179 4093423520250 2619205393068 5127130094754 2782147277968 5348458475285 3723345711937 6756568547393 4140967704973 7553598501908 4365332612732 8350659284339 5467710939532 9490169249048 6391141312952 11988103303915 6798869665792 13015494184104 8617208129358 14719590323445 9739701011906 18701829758920 10803644042562 17659549870409 12495638708013 21956002762492 13687790898412 26170675638281 16734901568277 28808315823483 19875082157066 32695123657425 20279803281588 39453505405080 25491985587787 41862803426457 26539879521813 45589585502124 31029996194066 63210694636669 35004348585151 62712287388740 41268379804761 72129762756564 43752916156545 85276136313643 39795391792936 92389179008815 59520675405435 108991188445250 61196381559605 146930045088887 67601524445134 129255748735457 78893150227673 165039412731283 86528234348784 181577447817577 94008686473114 210576842274793 118224902485381 185609662073387 116334936145682 276425888495736 118844036497717 260801111391262 175885850194666 258105723610020 215865114993679 398980654510208 141712954096963 350474436736272 188826169975323 350969856626507 200552998074785 541799782495797 249455275176787 504056467248608 231752754817680 476601554171385 314339825974384 693252019598740 367632285390136 669291360952295 413156698149532 629849701562511 489443519871673 1096930372865972 375248513157817 886163609304825 603686650119817 789389535029167 549663085812138 1152419654203131 506065855678953 1183416456532060 809560909947415 1210823218792747 968417159572615 1407457975056978 959065770424239 1543465318530208 1387675750869336 1856134707830800 1180650571765622 2006086584107679 329257929851375 1818833095972431 2063563298003048 1339019760736284 1539627707537177 3086612574801063 1354329242771556 3229284488003086 2338154332393111 1796164537241329 2309577507431395 4357484109344841 1982845144441944 3735391849949098 3762592698508303 3865113654125512 2541411622531135 4840573882463147 1679878977506073 4947370614754964 4786861167528944 4093146473606262 3715443888276970 4072074397569566 2163278088086099 8881321032319213 5422518985728319 4361635727345990 4529466175500226 7614773047743261 3352240615300850 7283899212775515 4795425978982296 6847190598833604 3689114694893705 10049796179392218 4362871987739446 12623990067034358 6372904102137311 3936155402448645 4238248695520350 17312352803792905 10073732743463222 18294212683244265 9627082266941411 10514050181090257 9116010914040454 9448876581350844 5081905180091396 19542225505596785 17854786836796772 6320275734297994 13845182872031372 26660981154170847 17507283310975962 18137012507603544 9744076112944168 15703113209261016 41028033604233875 18566201891270118 54289273102216419 35856680589608661 15509813463453624 16650744660408065 62241233912030906 27759248810170806 71695883267260521 21314662465097678 12269218019229465 39486653685173112 28237325330560010 14118662665280005 77908431288230908 32479573071659326 82951045599859672 49300212301660980 64976586702933308 32488293351466654 109349766422936984 79839131053999982 98011287270475750 112313204225748578 137669771892147700 73653287861850339 168601631272450238 90175434980549623 220615720850585544 126108517833796355 134819180623301520 308087194759152060 329274958331522088 188008647052292980 200882556287683159 229272286871217150 244904537455382406 558726656967404304 298330063062758076 413766180933342362 441622981929358437 502957566506000020 536679070310691121 741433159884081684
3 4 5 6 7 8 9 10 11 12 13 14 15 16 17 18 19 20 21 22 23 24 25 26 27 28 29 30 32 33 35 38 42 47
1 18 36 79 80 80 81 105 75 48 69 48 59 23 24 16 15 14 7 11 7 9 12 6 2 1 4 1 1 2 2 1 1 1
1 24 54 152 236 374 533 1157 1033 1138 2159 2335 3773 2276 2573 2719 3408 3718 1849 6746 4472 8320 10341 10676 3006 1584 7066 3916 3916 7436 12446 20286 52030 75175
