10 22 34 46 58 70
1127 7714 37705 38395 14734 318
20763 809812 497010 155238 28539 318
1433607 2330634602742 12092130854055168954 4364848408821748859 16669691560811222 92509
10 22 34 46
190 979 437 21
1282 5926 753 22
40579 146136297 25270684 8520
3 4 5 6 7 8 9 10 11 12 13 14 15 16 17 18 19 20 21 22 23 24 25 26 27 28 29 30 31 32 33 34 35 36 37 38 39 40 41 42 43 44 45 46 47 48 49 50 51 52 53 54 55 56 57 58 59 60 61 62 63 64 65 66 67 68 69 70 71 72 73 74 75 76 77 78 79 80 81 82 83 84 85 86 87 88 89 90 91 92 93 94 95 96 97 98 99 100 101 102 103 104 105 106 107 108 109 110 111 112 113 114 115 116 117 118 119 120 121 122 123 124 125 126 127 128 129 130 131 132 133 134 135 136 137 138 139 140 141 142 143 144 145 146 147 148 149 150 151 152 153 154 155 156 157 158 159 160 161 162 163 164 165 166 167 168 169 170 171 172 173 174 175 176 177 178 179 180 181 182 183 184 185 186 187 188 189 190 191 192 193 194 195 196 197 198 199 200 201 202 203 204 205 206 207 208 209 210 211 212 213 214 215 216 217 218 219 220 221 222 223 224 225 226 227 228 229 230 231 232 233 234 235 236 237 238 239 240 241 242 243 244 245 246 247 248 249 250 251 252 253 254 255 256 257 258 259 260 261 262 263 264 265 266 267 268 269 270 271 272 273 274 275 276 277 278 279 280 281 282 283 284 285 286 287 288 289 290 291 292 293 294 295 296 297 299 300 301 302 303 304 305 306 307 308 309 310 311 312 313 315 317 318 319 321 323 324 325 326 327 328 329 330 331 333 334 335 336 337 338 339 340 341 343 345 346 347 349 350 351 353 354 355 356 357 358 363 367 375 377 383
202 1176 3767 8055 15602 21552 34826 39663 52301 48379 55543 46910 51230 42752 46740 38056 42300 33762 38147 31389 34486 28613 32315 25826 29380 23862 27002 21930 24726 20199 22925 18752 21358 17136 19895 15708 18285 14777 17000 13513 15941 12166 14409 11719 13280 10732 12531 9891 11499 9167 10706 8553 9944 7726 9198 7293 8488 6763 8070 6251 7285 5768 6933 5382 6487 4902 5894 4693 5421 4381 5256 3919 4810 3787 4486 3522 4103 3184 3949 2971 3528 2779 3342 2664 3169 2427 2814 2319 2792 2134 2587 1972 2352 1944 2303 1710 2015 1548 1915 1630 1837 1485 1707 1355 1640 1255 1524 1194 1538 1140 1332 1081 1291 1003 1241 978 1103 892 1073 826 1063 791 991 780 925 750 858 672 854 681 769 630 788 599 810 587 684 526 748 533 618 521 606 440 602 448 549 410 505 392 483 326 448 356 460 351 387 350 426 295 378 271 396 305 371 262 338 245 323 237 272 209 296 236 272 217 243 196 239 199 240 187 217 175 236 172 211 185 180 145 176 140 143 151 174 123 134 136 140 94 127 108 118 107 118 73 90 77 100 71 103 78 85 66 96 55 71 64 80 44 78 53 75 44 62 55 73 33 70 50 50 41 49 41 55 51 55 39 50 31 46 26 43 38 36 24 35 26 35 25 55 31 26 26 35 27 30 12 23 14 15 16 20 10 19 17 12 12 12 4 14 7 8 11 12 4 8 8 7 12 7 3 10 8 5 10 6 6 6 6 5 4 6 1 17 3 5 4 2 6 3 5 4 7 5 9 3 5 2 7 4 1 2 2 5 1 2 2 1 2 1 1 1 1 3 1 1 1 1 1 1 2 1 2 1 2 1 3 1 2 3 1 1 2 4 1 1 2 1 1 1
202 1275 5203 14777 39529 78922 182248 306103 604872 838475 1511168 1863785 3093947 3688920 5921887 6480759 10443961 10927022 17247608 18250935 27810941 28497989 44621636 44016635 66539071 67607842 100884554 97337519 148007379 142753820 208982467 205878482 304112025 283041222 430295593 392309376 586299808 555451984 816079500 739784398 1105937692 997338906 1437367539 1367654139 1955659057 1768837686 2581767778 2330815355 3287746172 3036110968 4376149758 3827427176 5605575064 4971023907 7126516164 6340128294 9101696740 7935527168 11554328039 10260637943 14207611956 12614823191 18361048341 15705305318 22829259680 19941887680 27311449144 24859222496 34294115953 30073002565 43740789792 35825608429 51040474495 46828409969 64684659674 54692098491 75526490455 63973274817 93178873966 78614199367 108836924590 94165271865 131765181618 117282774366 154782549181 137220318766 184881595499 162445313236 227108774428 191525158356 267676374169 221267699620 309710338342 273744018318 388563665314 304448709961 417814276270 347699984482 491991552032 453334012785 594881178955 534182522735 680584105404 594465846121 821634521105 677126073794 946397393042 827020399113 1168859613462 938196753127 1284221732755 1118493928798 1528698237895 1302853143197 1799255201925 1588138431393 1973945329693 1755240091146 2419642255227 1978588949428 2901500039970 2338027590590 3408197799107 2750855935170 3899760645532 3497140899641 4526932981436 4005581234655 5527910632086 4792503018730 6373494664206 5599933139771 7718428898558 6486180403407 9407636413407 7699856257441 9681868239006 7968678165790 13583717774349 10152754335317 13252392319732 12063618020396 16874863020018 12396415201073 19365796830258 14991745983411 20983262376820 17332780633093 23525212713441 19984546346062 29445164796037 19234486406740 29847337827088 26137743369846 39438512622560 32519822685294 39792519270491 38603461176615 52022217088459 40527518402694 54630019110695 41641130791566 69340313328009 55971638536999 75853337636149 58785084155349 87869358891069 64222973361089 95042136537475 77789509637294 95346270374706 81764407530558 119864466505927 113641176695022 152335655952048 118736860962333 142082777528047 132435426997005 164382186428125 151319955538445 217095539435547 160773855500485 215616039306492 195748164372846 287856194658301 220741455609208 335731868848470 272983061364946 317501128941945 278863246295552 355495348551375 323686623807890 351628242996452 392921162970569 497928713373368 417603618767904 476067090564183 547941100227415 613561729460696 397629030728840 587284928527138 617884081711613 668129119983045 660547884748509 779474420740301 500830708672549 688496670803244 698401893549926 921230286208678 744757839228179 1148526044803903 860505394935942 1034381053394738 992037053893750 1463920170198677 886033915625954 1282022781323630 1219969139064716 1696794128264598 1010810018288283 1855664341513179 1440713316719805 2178677731813583 1417778144083626 1969148795520497 2108227644878127 2670554260313709 1366277353341807 3386308859049590 2455764324816051 2584072128415779 2541954353253188 2794340038825091 3107277252941322 4271656463926258 3920109223674835 5120689128101362 3455449496093863 4769714883610925 3108360991348479 5563852471670105 3114870196773434 6080824353074404 6227240300853008 5792051601070433 4230553444625943 6831836909025902 4866882570691546 7769214517675082 6249152759649391 13863593207025826 8699125777995640 7553000818110250 7924537659119534 12189263816600898 9581077173632978 12380269133727838 5355924604276166 10952013592997664 6429818707035619 8682228554356151 9087578169793056 12737133512598899 7828086036076774 16310027913513228 12135187542031850 10752696025061548 10309341486722112 12556551240422058 4398429669361427 15699157330891627 7443779231567302 9485587261037483 15777897122335222 18410847091739128 5766762351692015 13937616486249109 15011627613177041 13007377384072458 26726087434613195 18111005305580543 6920224602357938 24349425843261850 25091620457422556 14282535748883735 30289281695010740 19910611782245086 21150044544173478 26424778831420656 23008550318099794 22671265634504430 18159932838860951 31043893405240444 5234371069753672 96424418143450105 20418374415470750 35342965655293908 32120993539772160 16650744660408065 53620737636565881 29792917177210503 51833938482453519 54064867008017460 85050850193198894 64025089723632042 126111519217297744 45428858216571582 81198932679148315 33653966668976958 130700418097202548 84391714874635618 23000006655487337 49300212301660980 56610040681992006 160279355395709580 37274405776748077 77193971303748068 85496156071909392 45772358543578028 94778002178815903 52462044228828641 56156602112874289 56156602112874289 64325374609114550 216141461669774528 78801255302666615 84300815636225119 84300815636225119 96450110192202760 103151466321735325 110307860425292772 235898983092227944 126108517833796355 288235873055747664 164637479165761044 351887119620845506 188008647052292980 643854899229858897 229272286871217150 489809074910764812 838089985451106456 298330063062758076 318555973788329084 680245620097154856 1452470048192440020 387632532919029223 536679070310691121 1390287426917892080 1161537834849962850 1319510599727473500 1930656072350465812
3 4 5 6 7 8 9 10 11 12 13 14 15 16 17 18 19 20 21 22 23 24 25 26 27 28 29 30 31 32 33 34 35 36 37 38 39 40 41 42 43 44 45 46 47 48 49 50 51 52 53 54 55 56 57 58 59 60 61 62 63 65 66 68 70 74 77 81 82
5 72 73 369 242 639 377 891 374 795 352 567 268 367 181 301 125 233 127 193 92 172 75 133 66 109 66 96 31 69 33 62 16 56 29 33 17 19 21 29 7 23 16 20 3 14 12 15 7 12 6 13 3 5 11 5 1 9 3 6 1 2 2 1 3 3 1 1 3
5 81 114 848 719 3423 2686 11069 5907 22152 12980 36167 20863 45700 28982 72909 34627 97507 62343 152024 80043 226206 102036 257651 144117 354401 218721 492708 135362 535102 240706 828065 147648 941717 549902 948860 468209 830218 715861 1463210 431156 1476298 1098568 2562661 343520 1449577 1689391 4233625 1242860 4390508 1194617 3805654 852621 4047827 4541225 2880108 526823 8851536 2873994 6947938 2456616 2600312 5200624 2012558 10006418 12263904 7089500 12132164 51961628
