16 28 40 52
2042 29157 48787 20005
27526 499441 222391 34871
16621582 7391216064681231120 7611628102929118869 2076686632608588
16 28 40
307 516 30
1709 1042 38
315666 54814131 103754
3 4 5 6 7 8 9 10 11 12 13 14 15 16 17 18 19 20 21 22 23 24 25 26 27 28 29 30 31 32 33 34 35 36 37 38 39 40 41 42 43 44 45 46 47 48 49 50 51 52 53 54 55 56 57 58 59 60 61 62 63 64 65 66 67 68 69 70 71 72 73 74 75 76 77 78 79 80 81 82 83 84 85 86 87 88 89 90 91 92 93 94 95 96 97 98 99 100 101 102 103 104 105 106 107 108 109 110 111 112 113 114 115 116 117 118 119 120 121 122 123 124 125 126 127 128 129 130 131 132 133 134 135 136 137 138 139 140 141 142 143 144 145 146 147 148 149 150 151 152 153 154 155 156 157 158 159 160 161 162 163 164 165 166 167 168 169 170 171 172 173 174 175 176 177 178 179 180 181 182 183 184 185 186 187 188 189 190 191 192 193 194 195 196 197 198 199 200 201 202 203 204 205 206 207 208 209 210 211 212 213 214 215 216 217 218 219 220 221 222 223 224 225 226 227 228 229 230 231 232 233 234 235 236 237 238 239 240 241 242 243 244 245 246 247 248 249 250 251 252 253 254 255 256 257 258 259 260 261 262 263 264 265 266 267 268 269 270 271 272 273 274 275 276 277 278 279 280 281 282 283 284 285 286 287 288 289 290 291 292 293 294 295 296 297 298 299 300 301 302 303 304 305 306 307 308 309 310 311 312 313 314 315 316 317 318 319 320 321 322 323 324 325 326 327 328 329 330 331 332 333 334 335 339 340 341 344 345 346 347 348 351 352 354 355 357 358 359 361 362 365 371
365 1613 4076 7662 11702 15307 17693 19545 20495 20473 20623 19791 19253 18328 17662 16665 16228 15184 14951 13895 13606 13020 12872 12323 11722 11412 10950 10748 10544 10113 9919 9506 9440 9008 8981 8528 8195 8179 7950 7590 7452 7063 7282 6754 6600 6473 6373 6123 5971 5566 5591 5270 5335 5293 4934 5025 4860 4843 4744 4472 4424 4313 4179 3926 3884 3778 3789 3595 3547 3367 3379 3241 3170 3147 3011 2919 2898 2821 2663 2565 2539 2454 2502 2377 2409 2257 2195 2158 2124 2029 2029 1873 1954 1818 1815 1736 1672 1590 1677 1526 1542 1483 1489 1432 1370 1290 1367 1329 1295 1208 1209 1136 1183 1085 1144 1033 1050 1010 1038 946 911 849 973 814 787 806 759 759 762 707 761 722 731 654 652 650 643 637 596 559 584 547 544 560 533 526 496 487 498 460 469 423 415 436 434 423 412 394 373 398 403 365 371 359 328 312 292 314 279 279 275 266 279 239 234 230 233 209 246 236 210 186 207 208 198 210 178 175 176 175 171 153 146 177 153 143 151 156 140 129 153 124 133 107 107 105 112 109 120 104 82 95 98 86 86 96 105 83 90 82 98 81 63 69 63 66 63 68 47 49 71 51 48 48 44 46 43 57 49 45 51 42 33 39 31 46 36 39 28 38 31 41 32 38 35 34 27 29 30 20 29 26 26 23 24 20 14 25 15 18 16 21 20 20 18 14 15 23 23 16 11 14 15 22 17 14 12 8 13 8 6 16 10 11 5 12 7 12 15 11 7 7 4 8 5 8 6 6 4 8 5 5 1 6 2 2 3 5 3 4 6 5 4 2 1 1 1 3 3 3 1 2 2 6 6 4 2 1 3 4 1 1 1 1 1 1 1 1 2 2 1 1
365 1761 5729 15082 32926 64730 112589 191714 304586 463245 689815 979130 1366980 1860520 2492157 3276591 4377840 5465391 7120358 8743038 11165552 13718641 17533947 21589422 25881640 31748865 38963796 47221681 57643354 68667522 82665600 99592254 120085599 141187375 171465919 197987629 230813881 277129688 330268927 385076964 447147404 519087451 621514819 701699477 804622132 942014351 1108229359 1259906486 1449246583 1578563727 1865557088 2121382233 2465956240 2877954123 3135980828 3799068076 4311632971 4905123260 5585319414 6115312872 7050936926 8019157949 8844704569 9979565239 11164305156 12515978913 14544642748 15880533103 18417584610 19596491128 22507505378 25859310481 27772101113 31659662543 35309159072 38777126161 44549940269 49073456262 52192833579 58221381124 64047704029 71694520473 83162667860 89915100440 102155546346 109802296349 120562658606 136766885575 152673739359 165288946683 181898021646 191525776521 226661613548 230871653327 263840335950 280823806617 312702101900 329894490665 390938310142 404124202692 456052940888 487590206016 558038813901 585452219857 654507094022 686041863246 797531025423 869692947576 965323873718 982140530188 1107315561494 1151534825455 1375107988782 1412452029713 1628919979060 1654664432266 1916963765046 1980188116603 2291791913557 2347960781158 2590036123859 2581114596071 3290500351218 2987325634011 3341578080063 3730679404830 3923072472196 4313439028100 4816618640602 4988621194249 5857864797994 5965291020143 6948965837104 6757497268392 7652189883021 8186221001811 8966651693638 9785365243485 10657570002402 10969335039065 12613941639327 12545943453530 13760329524861 15946389870675 16512025016119 17416196406624 18260858644458 19931157635922 22878976668186 22979171975832 26338264834802 25381109448331 28076926771555 32002377993597 36312179130105 39105821375724 41501847578273 41846323704922 45563399857176 51570524451485 59559061661519 58754177973648 62510058040446 63445297015980 69910718443568 70733009315351 76405161263085 84295500973029 82449738072216 88849715074992 101213235646503 102079284236816 124065941941927 113114828771020 122902937613091 126747525783368 143645368873010 141845437161275 179161562050630 194823456279865 183269421379534 165808829034431 228441511654618 233043459199330 256503574776650 294972238095283 262553013219894 288905392789406 311528481626617 336477862203061 380771243920239 348745076139457 334862771344995 465307246317620 451519684838776 448058310771257 522945926429532 590609549326172 572409038981406 571924900178342 705760052740956 645360564422569 750069540932071 631342793117437 726171404013020 734196275556556 893809972878549 914605479350835 1138962635720715 1074464173158738 862898622507096 1158206674786161 1271699847921269 1135446474438295 1358505595519371 1530074424684595 1773561316197154 1560259495772896 1890554242195440 1890711512703185 2427050923462103 2281098125654531 1785735240552049 2007399330632520 2221547141558500 2295384338193295 2369257001208215 2985315379715777 2194301244771057 2302882102130266 3981696113692409 2627263677538048 2833854369645984 3419966839141249 3254630043943732 3825700580025129 3701628039386784 5260551149136872 4956066375962072 5078453581179149 5872792267244493 5847586621373990 4378639496608769 5792046910224961 4851393137790506 7626246683493299 7479029229704367 7810799379632926 5751331016438906 9276376569807669 8374876761928208 12427477179178470 9033138334878010 12192378378992758 12627109017707701 11046927678926077 10229083681105039 12315560410633389 13074973121136172 8920595139698437 14401037074249017 15161930647055568 15767435948253403 15979852027159447 16278778102303532 14198844741842562 12512094916223504 24293048842700731 15187334078841996 18515647736096790 17859048855665672 24252616964486171 26466354483913049 27928365108237910 24422514529549750 20211417623139200 24684628315076788 46844106851201572 45399817531774875 33117136333407050 25264712526438105 35821257070636544 35994088736295210 67600132089202844 50428056966147750 42693473627549864 38871438985139068 28200059392231304 59296656356060133 43772076510578988 26260924966463943 78479283538114668 56491082727445628 65144182570225662 29365277030187755 80751481692159560 47323422958020588 86158776401923737 122977141094764080 98133724290882435 63506407234548060 75380442405148614 42629324930195356 88371493241483772 58011386330517881 102618743532976915 82799086451235428 87784846212411597 63862312346346183 149681259614419863 89585516998642613 116066745186531927 21458096037352891 134916218696655130 46000013310974674 51065913784396816 84915061022988009 149609748300367859 97464880054399962 139203819477763320 221172983753181215 234227073661496118 170992312143818784 88520436579532724 45772358543578028 52462044228828641 56156602112874289 180316049518999632 192976123827343650 206504657838221550 68834885946073850 157602510605333230 168601631272450238 661847162551756632 707696949276683832 504434071335185420 308087194759152060 164637479165761044 527830679431268259 752034588209171920 200882556287683159 244904537455382406 261578907351144125 298330063062758076 318555973788329084 363117512048110005 387632532919029223 413766180933342362 942628128536797560 1005915133012000040 610898403751884101 899175348396088349
3 4 5 6 7 8 9 10 11 12 13 14 15 16 17 18 19 20 21 22 23 24 25 26 27 28 29 30 31 32 33 34 35 36 37 38 39 40 41 42 43 44 45 46 47 48 50 51 52 53 54 55 58 60 62 63 67 68 75 82
2 29 54 137 87 243 146 283 201 217 123 207 110 171 88 120 77 79 41 66 38 43 26 26 13 16 12 13 6 10 9 6 9 11 5 13 4 5 3 4 2 4 1 3 1 3 2 2 3 1 3 1 1 2 1 1 1 1 1 2
2 36 89 349 274 1374 1013 3527 2951 6059 4203 13285 7384 21923 12153 28291 21773 35728 17946 48658 30532 51140 27992 51031 24394 41665 33405 71062 31582 55989 67003 90606 108157 168747 97976 305141 66623 152094 118081 179092 79228 239140 74676 258775 75175 316768 316674 361466 819013 294546 1163954 347050 772310 1053646 1430440 1663640 1741630 1741630 4087968 36396492
