31 43 55 67 79
16253 41621 26461 15514 150
1015510 472829 137292 31314 150
18576465718103551852 18876423252372206093 2185812306670954623 3251053453069275 2490
31 43 55
928 262 14
3462 508 15
119495732 2733739 1009
3 4 5 6 7 8 9 10 11 12 13 14 15 16 17 18 19 20 21 22 23 24 25 26 27 28 29 30 31 32 33 34 35 36 37 38 39 40 41 42 43 44 45 46 47 48 49 50 51 52 53 54 55 56 57 58 59 60 61 62 63 64 65 66 67 68 69 70 71 72 73 74 75 76 77 78 79 80 81 82 83 84 85 86 87 88 89 90 91 92 93 94 95 96 97 98 99 100 101 102 103 104 105 106 107 108 109 110 111 112 113 114 115 116 117 118 119 120 121 122 123 124 125 126 127 128 129 130 131 132 133 134 135 136 137 138 139 140 141 142 143 144 145 146 147 148 149 150 151 152 153 154 155 156 157 158 159 160 161 162 163 164 165 166 167 168 169 170 171 172 173 174 175 176 177 178 179 180 181 182 183 184 185 186 187 188 189 190 191 192 193 194 195 196 197 198 199 200 201 202 203 204 205 206 207 208 209 210 211 212 213 214 215 216 217 218 219 220 221 222 223 224 225 226 227 228 229 230 231 232 233 234 235 236 237 238 239 240 241 242 243 244 245 246 247 248 249 250 251 252 253 254 255 256 257 258 259 260 261 262 263 264 265 266 267 268 269 270 271 272 273 274 275 276 277 278 279 280 281 282 283 284 285 286 287 288 289 290 291 292 293 294 295 296 297 298 299 300 301 302 303 304 305 306 307 308 309 310 311 312 313 314 315 316 317 318 319 320 321 322 323 324 325 326 327 328 329 330 331 332 333 334 335 336 337 338 339 340 343 347 348 349 350 353 355 356 357 359 361 363 364 365 367 368 369 370 372 373 374 382 386 387 391
262 1358 3851 8163 16102 23175 30955 38305 41127 41783 44715 41716 40492 40417 39771 35881 37013 34697 33108 32679 31512 29227 30522 27811 26895 27269 26236 23838 24884 22568 22358 22034 20951 19568 20505 19116 18349 18314 18092 16315 16992 16048 15494 15184 14790 13848 14438 13360 12554 12957 12568 11495 12031 11249 10880 10977 10724 9849 10180 9565 9134 9266 9153 8235 8538 8159 7720 7788 7553 6991 7425 7189 6648 6831 6421 5833 6241 5837 5537 5736 5328 4883 5182 4844 4557 4825 4661 4295 4605 4083 3970 4054 3887 3560 3868 3458 3411 3377 3291 3033 3342 3002 2885 2936 2805 2630 2781 2503 2461 2509 2414 2166 2433 2185 2164 2174 2073 1942 1999 1928 1822 1821 1740 1549 1808 1586 1496 1631 1439 1269 1556 1307 1273 1329 1328 1180 1276 1139 1143 1130 1133 983 1151 1000 894 983 904 797 914 846 782 795 842 675 774 690 738 682 716 721 668 606 639 620 628 553 565 516 546 544 544 480 501 461 424 463 445 385 416 360 414 335 362 328 361 345 316 347 323 317 315 282 287 252 278 256 274 255 232 252 279 233 200 246 223 198 191 213 192 216 187 189 179 186 203 174 160 153 144 180 170 155 136 135 135 112 114 112 129 108 95 111 119 94 91 118 106 93 93 90 70 63 72 88 78 70 65 79 58 73 56 66 69 47 51 52 60 37 47 50 51 45 53 57 59 45 39 50 38 35 52 38 33 28 23 29 34 21 17 28 35 29 15 27 32 18 15 23 15 12 8 21 23 10 16 16 21 12 14 18 8 6 8 9 6 4 12 3 10 4 6 6 7 7 7 3 7 5 4 6 6 5 3 6 4 3 5 3 2 3 1 2 4 1 3 2 2 2 3 2 2 7 4 1 1 2 2 2 2 2 4 1 1 1 2 1 2 2 1 1 1 1 1
262 1479 5414 15308 42146 87531 167867 318275 520161 804938 1308866 1844611 2609894 3779774 5287437 6730814 9560698 12224135 15615376 20748510 26533723 31963240 43143068 51049539 63403240 80787482 99758952 114598271 149430284 169219010 207903771 251601626 299423821 339373242 430771134 500206075 584685612 699482760 834866795 918883179 1144729481 1303127596 1505044655 1765004622 2062817352 2287464577 2792854496 3115326057 3471436712 4153667478 4856153811 5277829260 6245264986 7090844404 7961702609 9320915890 10702850664 11386299860 13507628036 15319988879 16823754200 19714229503 22850479131 23693409182 27771441633 31506893814 33724222688 39899385280 44521790685 47270103678 57557303576 64856276447 67903800216 80509930885 87069868848 90951682976 108392508152 121168222081 128857336774 150730701595 157322679586 169255644946 198881832923 217368876361 226150583250 268434312539 299315780929 316668145695 370606917901 385146113580 407321554966 485669616261 509683719051 539120418546 643765330552 665685164416 710984623386 813698912560 886969218344 925681372818 1113954807423 1156236868359 1228150749364 1425351733654 1462021573579 1631847594865 1839313691331 1868774754766 2057597712551 2401844335865 2506222563941 2492059559773 3163390324938 3185277466700 3450937692977 3897553869112 4337411034817 4320198863796 5037858640107 5394314731822 5628471320881 6329134726369 6439444728463 6599710846501 8548383837487 8214075041185 8662293738008 10142880989611 10068324403401 9772855399794 13203498092347 12674936999543 13409771618049 15646247944242 17045059186347 17553545756520 20216993335143 19812598727076 21704494980647 23485710417460 26697752907408 26150246449292 33861337864519 31603095438359 31463333462134 37815346746360 37970089689371 36822501879616 46204754976364 49313957712615 48625546772464 54687287879758 61097414866791 52569932895369 68811789891041 66357061470329 82787040517042 79095145582357 95728951207246 97465387607827 104068058860483 108571052492546 120191257202941 122089300404190 141096324533598 130857820031693 151917134885889 146213629703432 166376014153923 189809863152273 217601865590910 186860899823692 231606364624643 219463421527672 226325014435848 252948126282010 292026667183253 265201864165155 332313231032370 295578746571690 391751686471585 320831552143009 399090650044984 380576483155685 451631157284804 496276298843170 517923141322260 573857360728789 581357061111962 655724623634598 676672539648286 689719002504075 754460520467086 723424213125919 893544908102834 817922292510504 981275758822252 1024310502552241 969181230328434 1134561848780132 1403900713653257 1319509693926949 1159923679927671 1557577018957048 1585463939520601 1586350979649514 1577970922537370 1941814888422209 1798872269811405 2430866460643341 2194825742744013 2297930532453377 2478342949639553 2752669641470367 3412521290185199 2854937282310532 2829406312293928 3358993449250608 3250457444789727 4148257598203031 4312918360398413 4489263050722821 4045235366655765 4230921489548280 4806876613782722 4535599413075842 4936656351643541 4803131402653485 6624730216629427 5820720562788784 5486502156127124 6782991999094836 8018701266803475 7413000923892804 7351791843516349 9863436572795034 9491998955335161 8930948618690013 9992954642856115 9914605336479722 9008097152067767 8144647274803093 10751388256552385 14261123734171086 12790319333458785 13478751534629564 12499315431877607 16190531470119266 11491591491558922 17180100307103098 15737918566578210 17901629464267077 20933955196471475 17425945846952984 17944332535113599 20118009156819194 25756818354861751 16717028056057611 23268926634277611 25974340450389376 27628911856405104 27404941346974555 35546953512493455 39776208620010031 44532188153810251 37602114449670710 33065590463927455 47235607447255641 39715032031531752 40343018141253800 67110609748741969 48268580485112098 43425501518927661 45198167322640978 38011987279781177 46278209899858830 59298916330409081 49636333220762851 33789066396413609 67406140584701051 84047737081094958 71166160389403011 44265634871006897 75414033370594105 99900087788667583 75854610662372058 51749436598572832 91179036002348079 68687578917099434 49752263241752121 38919090552225228 125545206880457702 130703509322005404 54286818808521385 99758587664609385 126568965608054220 157375833278313701 93638341480434321 132108756092572032 171233595150428954 79482226462960956 58230055443061208 93736904572503537 131779029016952393 82549822368976811 64025089723632042 177803946027306259 43380278069417204 156913696373434285 67307933337953916 109514313464696046 134738233486132291 163020752650167452 179374321389495358 165950345074440818 125016232236888286 245299119531815642 145567425002673937 127791062044242926 236668699532163282 255973938622622045 196952667884748041 128244234107864088 271609870753844836 189556004357631806 153929732092895157 322161381141063142 172418554065415122 128650749218229100 206504657838221550 73653287861850339 157602510605333230 331703702211341972 168601631272450238 289350330576608280 206302932643470650 213459326747028097 235898983092227944 432353809583621496 376017294104585960 401765112575366318 1502328098203004093 917089147484868600 279363328483702152 318555973788329084 680245620097154856 726235024096220010 827532361866684724 942628128536797560 1073358140621382242 2290448235592150236 610898403751884101 695143713458946040 741433159884081684 1581476239298822638 843250788562528427 1917457395824676090 2044282456734690724 1089657644424399782 1812356499739472950 2332821198543892336 2484305294265418180 3192707518433532826
3 4 5 6 7 8 9 10 11 12 13 14 15 16 17 18 19 20 21 22 23 24 25 26 27 28 29 30 31 32 33 34 35 36 37 38 39 40 41 42 43 44 45 46 47 48 49 50 51 52 53 54 55 58 59 60 61 62 64 65 66 68 71 72 75 76 83
2 38 39 129 134 278 175 303 187 261 202 239 162 189 114 148 105 148 89 88 76 91 63 65 53 67 34 59 41 42 32 34 30 37 13 18 16 30 8 13 11 20 10 9 8 10 4 9 4 10 3 3 2 3 2 3 1 2 2 1 2 4 3 1 2 2 2
2 49 60 343 419 1562 1220 3911 2963 8379 7644 15730 12377 22868 16990 40220 30233 80672 40289 74621 59275 129513 82729 130885 116461 223346 116168 315401 180953 301950 216465 383060 356839 548427 230261 540522 419943 1022834 304901 1121081 487995 1198270 546144 997027 693292 1428190 740269 1477004 700804 3076375 525024 793318 1102552 1335488 1544620 2071443 526823 4214584 1932934 1300156 3865868 17367768 8498990 6175470 10089988 10785566 31592952
