7 8 18 19 20 30 31 32 42 43 44 54 55 56
427 99 535 5863 2553 3716 30660 11905 3812 29092 10520 132 553 121
7951 1245 4643 50585 25336 27635 209997 74845 9570 70281 24096 141 567 121
458913 74866 18840928 402660918 334799365 2682649255099565 687856775502822257 100958992106662236 9251944238663890 39761166767668700 8755404339450552 2115856 3170696 32172
7 8 18 19 20 30 31 32
66 17 25 372 159 21 196 62
272 67 61 1094 458 25 241 71
8703 5035 11559 5492281 10748501 235181 85569761 7594478
3 4 5 6 7 8 9 10 11 12 13 14 15 16 17 18 19 20 21 22 23 24 25 26 27 28 29 30 31 32 33 34 35 36 37 38 39 40 41 42 43 44 45 46 47 48 49 50 51 52 53 54 55 56 57 58 59 60 61 62 63 64 65 66 67 68 69 70 71 72 73 74 75 76 77 78 79 80 81 82 83 84 85 86 87 88 89 90 91 92 93 94 95 96 97 98 99 100 101 102 103 104 105 106 107 108 109 110 111 112 113 114 115 116 117 118 119 120 121 122 123 124 125 126 127 128 129 130 131 132 133 134 135 136 137 138 139 140 141 142 143 144 145 146 147 148 149 150 151 152 153 154 155 156 157 158 159 160 161 162 163 164 165 166 167 168 169 170 171 172 173 174 175 176 177 178 179 180 181 182 183 184 185 186 187 188 189 190 191 192 193 194 195 196 197 198 199 200 201 202 203 204 205 206 207 208 209 210 211 212 213 214 215 216 217 218 219 220 221 222 223 224 225 226 227 228 229 230 231 232 233 234 235 236 237 238 239 240 241 242 243 244 245 246 247 248 249 250 251 252 253 254 255 256 257 258 259 260 261 262 263 264 265 266 267 268 269 270 271 272 273 274 275 276 277 278 279 280 281 283 285 286 287 289 290 292 293 295 296 297 299 301 305 307 309 310 311 313 317 321 325 326 329
201 822 2952 5033 9384 10347 14868 14409 17344 14920 17086 13886 15425 11836 13578 10561 11962 9141 10775 8511 9860 7642 9196 7127 8374 6485 7836 5981 7328 5420 6803 5350 6372 4803 6002 4453 5578 4163 5078 4095 4938 3692 4685 3479 4447 3233 4149 3166 3927 2857 3720 2761 3582 2561 3295 2536 3182 2434 3080 2260 2894 2042 2733 2086 2538 1829 2510 1883 2338 1755 2246 1638 2068 1542 1998 1493 1783 1375 1805 1360 1620 1303 1691 1216 1456 1179 1500 1077 1373 1020 1421 991 1269 980 1227 897 1107 896 1166 854 1024 811 992 739 890 720 924 651 807 603 801 561 726 497 779 574 691 448 645 479 607 397 624 441 563 372 521 417 497 340 510 438 463 312 432 370 390 284 341 343 361 269 314 299 316 211 281 241 310 181 252 241 249 162 227 180 247 141 200 146 215 130 188 126 230 109 156 116 179 96 137 102 169 82 107 113 139 70 115 89 133 77 106 69 117 66 101 77 109 58 98 65 94 46 94 72 102 43 87 55 80 39 86 46 71 34 69 30 50 24 83 29 35 31 56 25 42 26 37 14 30 18 25 24 31 21 30 14 25 14 17 10 18 11 16 8 20 16 19 11 18 14 14 11 16 13 9 8 14 10 14 11 13 12 16 9 12 10 14 10 11 10 13 7 2 7 5 6 7 4 7 5 3 4 7 3 6 3 2 3 2 2 4 4 1 1 1 1 1 3 1 2 1 1 3 1 3 4 3 1 3 2 1
201 877 3908 9109 25161 40319 91634 130645 247585 310075 554327 642613 1074986 1129752 1905259 1945252 3132804 3062984 5011092 4997881 7874823 7546985 12268664 11576123 18326271 16988727 26930089 24551650 39419329 34313321 56495347 50698482 79759058 69645890 111558431 94913419 150382993 130604094 202439689 182880443 282246803 241755503 381265640 321055270 506630934 425586889 693413197 563437129 886897796 742025386 1182549824 963845529 1537222296 1298920063 1993367012 1681154018 2518358869 2259653586 3376498814 2726691132 4189504246 3433444662 5569423163 4547614273 6588286277 5463281544 8990330585 7424336296 10803191220 9350458216 14414121869 11361932623 16513314641 14248648726 21770234000 17585014092 24184163465 21350314893 34063728810 26657126646 38043793110 33565593711 53281509398 40449577663 56176846841 51210571656 79144769373 57107438946 87640548734 70426163010 125681585510 85919303486 131286490469 109702332844 172776057695 125867653725 185938871795 158438379566 263109497973 190134305286 272035100701 232227220665 361517496981 264111270980 374384473283 328266728482 529676142170 382490112469 546017900640 419746226933 724843926527 495659229683 782001801481 540040614174 1063441250484 802873154961 1098658169614 750338590474 1414055273529 1037039495427 1442240141626 1001546812667 1938631228349 1508478915268 2085767314995 1474437360472 2663182056052 2111830088765 2753979600358 2026753223379 3702649963196 3309299561248 3880421221040 2780658388574 4884771196170 4081513898895 4807268910327 3882530025136 5443398217231 5910651077819 6728120905322 5407462813659 8016316618777 7497287012999 8917654207582 6290014838021 9746685459094 9415630631927 12960499272452 8158280937888 13127684092519 13244607922079 15806067982018 10840878558731 16128654045270 15429698032937 23229483491807 13483281352838 23212876811874 16890706304338 27830350551088 17716789216724 27988858920756 22181626673448 45182061264754 22021077653286 36091519850093 28149427644349 50133404491690 28334174089189 43148617966064 39223534812820 72947555931001 31643490376813 50345203052788 58214891197790 79490117198636 39495427675120 71965760040580 64992314872335 106023946463646 63241828776189 98722377204482 63789264399596 134140806476532 80843302086269 130909904943133 107860080837044 181360618257750 93948711506814 183317446187795 113225215152805 215203285281726 95895272704712 245938245163690 189984104999631 329966600524312 152905327151808 308270553851138 192660006783310 336701637068319 179437550658526 446383642414559 218986826084865 434238814214801 203053093776223 514781538743753 198011393972015 432036736909504 218610450001005 837628007030438 331283242202386 408780622499514 392050053759955 816033224157936 363491700397936 676918957730348 417640776272845 746280549724587 245499811661043 608587808645440 461821479578179 724389856746118 648448447562934 1065216486396778 777991077461126 1082104351484660 500991017086940 994680247047997 630126294505831 864077520591804 515866097060796 1025716739453636 617869525315564 1016164746675757 582980521681281 1517258555278823 1410034823650360 1711758277048539 1130691579999991 1976263395031896 1499668729778872 1800086363609136 1383694764128515 2220677798463035 1919393449428232 1581645204639389 1369049804193768 3243123184983276 2178465012432313 3176471685246778 2595564050682947 3361879718975529 3338263698348613 5713750981912655 2924877013528045 4832377726068174 3744417998061545 5811664604600327 4396184766536156 5166175326144790 5074338732051749 6882303013188779 4085080595716511 1340896246120340 4797762522681594 4288229736753623 4734864878177649 6007578868466790 3759188956521970 6764344044700564 5250987449655585 3393715511815818 4786361553471605 9097705468126976 4238248695520350 9242196433593046 5161850835451709 5036866371731611 6277438016832666 4903171735383409 5273825773593233 11137549344572160 12877997613433764 3160137867148997 4219388528587095 4219388528587095 4872038056472084 5622992691950605 17285749265996725 6965850144195831 15509813463453624 9930972392403501 12269218019229465 40443098455395413 14118662665280005 47622525810516520 70914028699042249 69000019966462011 30326181989842964 122587209089954678 88520436579532724 52462044228828641
3 4 5 6 7 8 9 10 11 12 13 14 15 16 17 18 19 20 21 22 23 24 25 26 27 28 29 30 31 32 33 34 35 36 37 38 39 40 41 42 43 44 45 46 47 48 49 50 51 53 54 55 56 57 58 60 61 65 66 69 70 71 73 77 81 85
1 24 67 115 133 158 163 210 127 173 157 121 110 71 73 57 54 40 30 42 18 28 25 28 17 20 24 23 10 10 19 16 6 4 13 15 8 5 6 12 3 5 4 2 3 2 5 1 1 4 2 1 1 3 2 1 3 1 1 1 1 2 2 1 2 2
1 32 103 292 401 796 1202 2709 2098 4898 5957 7625 8317 8490 10892 14519 13842 16116 13342 25584 13130 29721 27656 58391 33500 65873 57936 112830 44542 63590 99952 126638 79904 62326 184718 318055 171517 131981 166737 580814 123877 271220 261366 255700 256698 256698 706958 105558 178268 759951 612678 612678 479886 1335488 1544620 902552 2145660 1300156 1300156 2323520 4647040 6175470 8175936 7089500 24264328 41012510
