1 2 3 4 5 6 7 8 9 10 11 12 13 14 15 16 17 18 19 20 21 22 23 24 25 26 27 28 29 30 31 32 33 34 35 36 37 38 39 40 41 42 43 44 45 46 47 48 52 53
1 7 14 27 68 86 86 110 96 165 149 209 250 309 385 316 709 960 863 1024 1337 1755 2263 2949 3419 3822 3985 5272 13312 12813 3109 2871 2638 2313 1986 1630 1431 1203 1036 3717 11559 8595 373 320 215 127 47 20 22 21
8 32 74 96 289 262 206 252 199 401 329 410 536 676 863 770 2079 2817 2189 2876 4118 6116 8943 11251 13234 13999 13473 23836 65883 57722 8755 7786 6625 5306 4419 3643 2973 2355 1928 8243 24824 18021 604 475 289 153 52 20 22 21
48 335 1671 2098 7509 4984 2447 4473 2241 6156 4907 7192 14996 27034 58132 72406 452992 3926820 7390216 20308290 221429477 1888335943 105112073683 8774638560069 610264380542830 691228784379120 1143433593734606 163349045328811978 311717958312219815 408544307225973504 65243601132772 21039727650945 8434796235432 2404618393587 894917881515 409463730516 184065802038 104035096488 71363984905 127199800738926330 282369909504080612 170937174729129381 2503515119 1007754173 72928736 7607513 378365 9470 67467 2396
6 8 10 11 12 13 14 15 16 17 18 19 20 21 22 23 24 25 26 27 28 29 30 32 33 39
1 1 1 1 3 1 3 5 7 7 12 9 4 5 8 2 4 3 1 2 1 15 16 2 2 1
2 1 1 1 3 1 5 7 12 11 17 10 4 8 8 3 4 3 1 2 1 20 22 2 2 1
8 6 6 3 21 1 14 139 803 208 44039 961 379 383 96 32 26 13 1 9 4 3157 1685 33 16 5
3 4 5 6 7 8 9 10 11 12 13 14 15 16 17 18 19 20 21 22 23 24 25 26 27 28 29 30 31 32 33 34 35 36 37 38 39 40 41 42 43 44 45 46 47 48 49 50 51 52 53 54 55 56 57 58 59 60 61 62 63 64 65 66 67 68 69 70 71 72 73 74 75 76 77 78 79 80 81 82 83 84 85 86 87 88 89 90 91 92 93 94 95 96 97 98 99 100 101 102 103 104 105 106 107 108 109 110 111 112 113 114 115 116 117 118 119 120 121 122 123 124 125 126 127 128 129 130 131 132 133 134 135 136 137 138 139 140 141 142 143 144 145 146 147 148 149 150 151 152 153 154 155 156 157 158 159 160 161 162 163 164 165 166 167 168 169 170 171 172 173 174 175 176 177 178 179 180 181 182 183 184 185 186 187 188 189 190 191 192 193 194 195 196 197 198 199 200 201 202 203 204 205 206 207 208 209 210 211 212 213 214 215 216 217 218 219 220 221 222 223 224 225 226 227 228 229 230 231 232 233 234 235 236 237 238 239 240 241 242 243 244 245 246 247 248 249 250 251 252 253 254 255 256 257 258 259 260 261 262 263 264 265 266 267 268 269 270 271 272 273 274 275 276 277 278 279 280 281 282 283 284 285 286 287 288 289 290 291 292 293 294 295 296 297 299 300 302 303 305 306 307 308 309 310 311 312 314 315 316 317 318 319 320 321 323 324 325 326 327 328 334 337 343
456 1205 3234 4701 6456 7681 9296 8718 9928 8615 8765 7876 8030 6738 7447 6476 6815 6091 6431 5297 5887 5187 5491 4909 5355 4564 4911 4196 4413 3948 4428 3812 4176 3618 3865 3463 3667 3198 3402 3167 3332 2905 3040 2589 2933 2528 2710 2386 2822 2308 2455 2198 2222 2067 2268 1897 2158 1912 2001 1769 1852 1587 1906 1599 1706 1531 1637 1355 1573 1357 1302 1338 1394 1175 1294 1133 1214 1071 1190 960 1105 994 996 930 974 853 915 855 926 838 867 731 809 710 779 643 787 640 718 578 605 561 613 519 557 488 532 486 457 442 493 427 480 398 426 370 443 368 387 349 390 340 350 310 279 344 304 269 298 253 267 253 230 220 270 213 222 212 208 203 179 181 169 179 187 158 155 152 143 142 149 124 129 139 132 109 112 111 119 110 108 114 120 93 86 86 88 90 91 80 84 81 77 70 66 71 65 68 65 61 72 77 56 39 57 53 49 46 46 48 49 32 33 31 45 33 42 29 40 26 19 18 31 26 18 25 23 25 22 11 15 19 25 14 25 20 27 16 9 16 16 17 19 13 11 26 10 5 14 13 13 15 16 12 15 9 9 8 12 10 9 11 9 8 9 5 3 4 7 6 6 6 5 6 4 3 6 5 4 9 6 6 5 1 2 1 4 3 6 3 3 2 1 1 1 3 5 7 2 5 4 2 3 3 3 4 7 3 3 3 2 2 1 2 1 1 1 1 1 2 1 1 2 1 2 1 1 1 1 1 1 1 1 1 1 1 1 1 1 1 1 2 1 2
456 1297 4477 9768 19528 35149 64751 91011 156926 205584 305194 395359 584958 673354 1037014 1212124 1745505 2015145 2937318 3073160 4514465 5027418 7082962 7762327 11176153 11783293 16136891 16751424 22621211 24314905 34794835 36535222 50403757 52102652 68903413 72106580 95936375 97633551 130152378 142869934 186538316 187831257 239946345 240598796 320929738 319838047 428516715 438567085 617372979 591538452 763543056 762703995 963398655 988035645 1275716062 1232302996 1728673539 1701673886 2160979241 2168531107 2694168244 2614225000 3630992174 3422817259 4279820428 4385870945 5648794352 5269923079 7218224535 6796355641 7802242937 8864875213 10673461969 10038455451 13535442739 13041162272 16449925330 15797957306 20785086188 18649461946 24460849150 24652240539 27901885467 30040253402 36648992318 36013526634 42603255157 45740158536 57252552003 55180357731 67716978787 62921365791 82045540553 79571442034 98424357466 88795648333 127046736172 117913716722 141538808173 127435066530 149851746600 156775561820 196997655734 188190305338 225051484795 224070136231 281514151645 256654854152 288117985397 296273347594 388319192886 376566478311 485253763590 417574686996 529047742749 527868050476 666195771214 574916043245 720635315938 733587328062 905650426485 886491641542 1025195967282 964621472374 1016314808788 1313867711808 1246252572074 1305175152531 1619201806682 1473143854800 1780861719190 1805159396159 1821158806365 1997700708604 2576795540138 2194669083234 2599420454220 2807137436191 3106915991802 3329735636870 3077971874884 3675892767351 3783326805654 4136297871385 4798471856762 4615594361815 5048951494537 5327897880523 5770621689950 6238313288580 7039989348404 6756984732484 7487476722290 8675196527621 9490476949373 8674709056775 9325172912498 10246257800707 12475598685730 12418188659536 13627708248683 15408852865523 16960224664937 15811480340623 14597431302949 16963564780562 19005038946787 21621755056508 22986970299981 22866383206099 26851084442887 25605937493517 29640181697306 28249486437673 27448150484794 32466483774180 35809680495135 37025375593340 40380246766810 43560534097365 49712014386263 63387192475690 46805706022042 37727205650922 59840216455968 61220795364855 59581190313107 63346924726117 72682353664224 74991715147097 97042119360749 54616106287630 65820631852399 72496183836009 114193664111694 82967592477343 129775960336332 96897202188739 134582173008676 103537236398023 78280814507448 74385337595052 157643452004629 148197913995127 105564382447120 145694194438555 176402879446925 184259834701810 178334480240118 90428879501526 133212964643227 185692377619396 329581493787211 178426902800255 320328740356594 321348434748724 419353898325277 264204277043432 164919809318355 316110412357402 313310447782068 445652790878565 501975317927187 335969034708963 358288021467789 916409827536335 354926612771909 176133638872646 582836429576784 529850709579908 674187672267908 888829000076104 855029410412802 715669664957802 1079113357239107 609836370391803 665304498228643 655758408882250 1003754296071626 948924960896778 1116588835835175 1216656540931893 1077605753598447 1269153879575477 1261051116745705 747839902545227 482533547447446 690864057028688 1325075109461120 1415906423049610 1333291422555918 1458752913403598 1286339756010835 1722867490833139 1209237898445554 991600519804025 2113811493358386 1915670163707635 1641313522129426 4035073755920118 2902059239940734 3052397864860602 2841405762697281 576672674947168 1243674833019230 670448123060170 3059912842376873 2337151888686501 5363412271948614 2854428848205610 2924503109833875 2262477007877212 1131238503938606 1218374349844333 1312051800816215 4454710550875800 7837529417227867 12085980103960687 3793128207183168 9915605764908393 8783145246730064 4724438290675422 7622857770137094 7814778363638931 8816789381788665 12419343395376546 23308195794231859 10957292508213159 11777766484468266 12658165585761285 9068506253801772 9744076112944168 4872038056472084 11245985383901210 6039763882095515 6965850144195831 7479565078510584 8620496275465025 9253082936723602 21314662465097678 11435542077822104 12269218019229465 26324435790115408 14118662665280005 30285905477714388 16239786535829663 17414180133147295 20017426762576945 21458096037352891 23000006655487337 24650106150830490 26415807633566326 28305020340996003 30326181989842964 32488293351466654 37274405776748077 39919565526999991 42748078035954696 45772358543578028 49005643635237875 52462044228828641 157602510605333230 96450110192202760 288235873055747664
3 4 5 6 7 8 9 10 11 12 13 14 15 16 17 18 19 21 23 24 26 27 33 35 39
1 4 7 19 25 16 14 9 10 4 6 6 5 4 6 2 3 1 2 2 1 2 1 1 1
1 5 12 44 84 89 107 126 164 104 187 308 405 426 835 311 765 540 1381 2167 1002 3631 5604 9130 24620
