16 28 40 52 64
2186 22287 46347 22912 6260
185341 662212 321934 69350 8249
556582277 9966870775176019516 8872553129552140516 917121259179020388 2517401434788
16 28 40
489 914 154
7096 2723 212
2969356 70071297 355878
3 4 5 6 7 8 9 10 11 12 13 14 15 16 17 18 19 20 21 22 23 24 25 26 27 28 29 30 31 32 33 34 35 36 37 38 39 40 41 42 43 44 45 46 47 48 49 50 51 52 53 54 55 56 57 58 59 60 61 62 63 64 65 66 67 68 69 70 71 72 73 74 75 76 77 78 79 80 81 82 83 84 85 86 87 88 89 90 91 92 93 94 95 96 97 98 99 100 101 102 103 104 105 106 107 108 109 110 111 112 113 114 115 116 117 118 119 120 121 122 123 124 125 126 127 128 129 130 131 132 133 134 135 136 137 138 139 140 141 142 143 144 145 146 147 148 149 150 151 152 153 154 155 156 157 158 159 160 161 162 163 164 165 166 167 168 169 170 171 172 173 174 175 176 177 178 179 180 181 182 183 184 185 186 187 188 189 190 191 192 193 194 195 196 197 198 199 200 201 202 203 204 205 206 207 208 209 210 211 212 213 214 215 216 217 218 219 220 221 222 223 224 225 226 227 228 229 230 231 232 233 234 235 236 237 238 239 240 241 242 243 244 245 246 247 248 249 250 251 252 253 254 255 256 257 258 259 260 261 262 263 264 265 266 267 268 269 270 271 272 273 274 275 276 277 278 279 280 281 282 283 284 285 286 287 288 289 290 291 292 293 294 295 296 297 298 299 300 301 302 303 304 305 306 307 308 309 310 311 312 313 314 315 316 317 318 319 320 321 322 323 325 326 327 329 330 331 333 334 335 336 337 342 343 345 347 349 351 352 353 355 358 359 365 367 370 372 377 378 383 385
235 1110 3971 7582 15328 21143 31999 34469 41937 38730 44069 38008 41049 34202 36733 29501 31900 25766 28080 22478 25012 20171 22641 17910 20486 16565 19084 15388 17512 13595 16360 12931 15236 12045 14597 11031 13386 10388 12534 9644 11909 9221 11255 8746 10570 8246 9990 7726 9465 7258 9077 6841 8502 6318 8170 6101 7710 5650 7382 5301 6735 5265 6636 4846 6192 4529 6002 4524 5543 4314 5314 3913 4980 3784 4833 3818 4587 3376 4293 3312 4083 3042 3982 2841 3770 2719 3501 2614 3402 2458 3274 2342 3016 2346 2898 2124 2735 2109 2568 1969 2429 1833 2401 1749 2238 1649 2151 1556 1942 1414 1831 1456 1798 1302 1754 1241 1569 1241 1426 1123 1377 1110 1274 1065 1217 952 1187 919 1140 903 1035 789 971 732 924 745 901 720 917 709 852 666 785 654 709 573 710 571 654 525 595 500 584 508 573 451 515 431 510 406 464 415 504 379 433 362 405 376 386 318 412 311 339 310 373 311 327 278 323 261 316 230 301 246 261 205 241 215 239 191 237 190 213 191 217 162 182 162 177 156 165 138 154 137 151 129 137 109 120 117 119 106 101 90 124 99 101 101 109 92 94 97 79 87 102 83 98 94 78 81 85 47 69 56 71 41 70 47 63 60 45 44 40 30 41 41 46 36 39 27 36 37 27 26 24 20 20 14 24 21 28 26 20 25 18 17 28 24 20 17 20 10 18 11 17 14 8 10 13 11 2 10 6 9 9 11 7 9 7 5 11 5 5 10 8 4 5 4 7 7 5 6 5 3 3 2 9 4 2 5 11 2 2 5 5 2 4 6 4 4 2 1 1 4 3 1 3 1 2 1 1 2 2 2 1 1 2 2 1 3 1 1 1 1 1 1 1 2 1 1 1
235 1198 5416 13943 39139 78153 171633 284871 526347 745062 1302381 1697927 2668790 3265131 5050151 5612628 8458024 9371359 13628706 14308773 20978600 21454472 31618210 31652130 45647540 46298261 68666854 67342401 97751701 93596011 141150178 135416220 201433463 194279632 290831087 268057292 391199025 362734858 551373946 496928635 744195941 685327005 1029735183 943102062 1366482797 1237133398 1840071787 1670385392 2426884064 2158168543 3250300685 2783011536 4227522732 3641096108 5586233756 4826968869 7207277150 6034296903 9300594429 7638370624 11705534581 10383764429 15688918414 12937670852 18836742702 15929928246 24136899987 20834463487 29666219975 26657632004 38129131765 31557212550 47756854069 40254194883 60461511111 52642159624 73816854931 61828337951 90609714337 76481227192 112266191669 92452102531 143196995176 116198376366 171502215294 135973505084 205234864628 172687547198 253069646430 213412070146 316050129369 251538043264 375361833854 310077854237 460463558871 370082112289 545175435819 473088444404 646498022420 531790365447 765047759606 645893414128 961304499893 784013375170 1110889723826 892981254922 1349483415747 1080093883471 1558838017610 1210550930207 1846103302297 1566356172832 2237569821583 1749378538163 2641742346849 1992560514521 2998487079776 2484165526905 3282771514354 2724648930182 4069154771954 3386813779488 4733803257649 4072651070754 5314573519416 4456323437708 6609191733969 5206380871482 7639283650477 6360329400562 8547670997177 6877691732518 9758498373735 7457522972784 10979244324458 9264299146923 13334974874002 11004620679703 16685726611364 13657438377757 18791988812064 14975704901231 21233848000814 17963575766582 23078964176592 18922486810684 27857249370435 23534286116061 30670551201805 26067140100922 34001118337022 29849586553004 42135477668370 37952545850862 48170861019161 41694432862313 53668951624361 47416234599067 61497929939780 53024108362712 66766830146163 64888382602873 87638608391994 69682372569127 93175112300061 80126231422847 101162131528479 103702395497367 121054412528095 100374119322614 147721670717710 123567080649779 147457133789259 150123927018736 191464319863530 179014357538842 200196128419631 185249430745535 243018173094665 206157350635190 287155297640761 215796027794670 326573055423149 278642782652947 339387887415147 284634237380556 363022078919042 338827910805197 427459310780797 370744941815116 504604263055016 424495250542717 563728973981489 528719187197568 637245180515306 518405349765446 628283605294617 605549248975298 756828904602895 723121216306719 822463083773077 774421489375457 934737822317522 851642919162123 1099164364475341 881184850106956 1196559873120303 959038950479806 1120456548496437 1218191250898869 1344182626701173 1259106173260319 1252652661980535 1242581738254268 1871983736885251 1592426937222349 1837794371827247 1969816509760114 2238446302757711 2049343540770010 2319283777508004 2326095849864568 2227202352785906 2650760497932900 3663774743592150 2962191308027058 4116938378940226 4062113965301585 3586585406392137 4102072840332281 4712728642121461 2857406685605068 4558422453120827 4056536918888244 5586533036373907 3025821043400540 6210383299345648 4297472368370873 6604806590385596 6986773616065422 5772773871390778 5485050414210744 6217670369014717 4105814413134942 7564862015784718 6975928697642988 8948533864164899 8092263881160101 9737330256604330 6593401254661955 8795534340254947 9590093890054760 7507344904821642 8963817381224564 7662862660671307 8539552107944923 9775896708788595 5950868417744747 12357063640911642 9260109775701756 14846967732323049 16894302039749347 14062497836508793 17431354838557499 13468383315351727 12701010003831616 24187184542363776 20454085370761691 22217138853481095 17644089404359097 20944855922188985 13949133659170718 27669203477794666 18120968371052006 29764966670996359 22022405946593260 15125821647258838 23404945762431707 28968158859027006 23993881072468193 7586256414366336 21659414573158032 14709515206150227 22716214163290995 27179219292614062 39975751906839751 23086987721012417 37408225490347511 29530227016654971 20510009908740129 57961768625476992 23346835493646826 29643657519534872 57242037362924149 47067797486329390 24189194583220723 44577429943852810 41795100865174986 54559688775303912 57431799059734779 45632828022359433 59585834354421006 53286656162744195 44185746620741886 36807654057688395 25431435914287169 127067963987520045 59547520881851587 32479573071659326 85896507068418843 202871754962697866 40034853525153890 42916192074705782 113458122659302239 121600431258809297 52831615267132652 113220081363984012 179935930290210823 129953173405866616 139203819477763320 74548811553496154 42748078035954696 42748078035954696 192789289449291653 168469806338622867 56156602112874289 192976123827343650 73653287861850339 157602510605333230 84300815636225119 90175434980549623 192900220384405520 269638361246603040 288235873055747664 164637479165761044 188008647052292980 429236599486572598 489809074910764812 261578907351144125 838089985451106456 318555973788329084 387632532919029223 413766180933342362 610898403751884101 695143713458946040 843250788562528427 958728697912338045 2639021199454947000 1406207446561484054 1930656072350465812 2190401332423765131
3 4 5 6 7 8 9 10 11 12 13 14 15 16 17 18 19 20 21 22 23 24 25 26 27 28 29 30 31 32 33 34 35 36 37 38 39 40 41 42 43 44 45 46 47 48 49 50 51 52 53 54 55 56 57 58 59 61 62 63 64 65 66 67 68 72 73 74 76 77
5 56 81 290 238 686 442 1209 490 971 548 910 406 577 328 525 179 342 154 307 106 200 73 179 52 79 41 111 32 83 24 66 25 38 16 21 10 14 10 8 3 12 8 10 2 7 3 6 2 7 3 7 1 5 2 3 4 1 1 1 1 1 1 1 2 1 1 1 1 1
5 64 113 696 678 3458 2892 14586 6963 26450 18485 55799 30245 77616 51391 135823 53501 166473 81300 229884 96174 259210 107241 332995 113607 267968 147557 553052 151394 550829 170590 670413 271645 573936 266753 483116 275105 333934 339723 282013 88385 718727 430104 1010140 169609 879402 316674 1689020 230312 2214978 1154248 1974103 408452 2116149 626098 2461844 1750409 1053646 715220 715220 2860880 1121505 1300156 1505499 4988759 3554345 4087968 8175936 10785566 7089500
