3 4 17 18 19 20 21 22 23 24 25 26 27 31 32 33 34 35 36 37 38 39 40 41 42
2 1 3 4 2 11 7 4 3 5 2 1 1 2 4 3 7 9 6 3 5 4 4 1 1
2 1 3 4 2 13 7 5 3 5 2 1 1 2 4 3 7 9 6 3 5 4 4 1 1
2 1 61 30 206 1164 173 960 3 149 18 1 7 179 26 11 55 129 24 5 62 63 12 3 1
3 4 17 18 19 20 21 22 23 24 25 26 27 31 32 33 34 35 36 37 38 39 40 41 42
2 1 3 4 2 11 7 4 3 5 2 1 1 2 4 3 7 9 6 3 5 4 4 1 1
2 1 3 4 2 13 7 5 3 5 2 1 1 2 4 3 7 9 6 3 5 4 4 1 1
2 1 61 30 206 1164 173 960 3 149 18 1 7 179 26 11 55 129 24 5 62 63 12 3 1
4 5 6 7 8 9 10 11 12 14 15 16 18 20 24
20 10 15 6 9 4 9 3 11 3 1 2 2 1 2
20 10 43 18 61 32 135 45 322 168 56 202 352 297 1584
4 5 6 7 8 9 10 11 12 14 15 16 18 20 24
20 10 15 6 9 4 9 3 11 3 1 2 2 1 2
20 10 43 18 61 32 135 45 322 168 56 202 352 297 1584
