21 33 45 57 69
1604 21833 43231 22372 10953
150774 994484 387133 92991 17516
71426337375 69897525715749106836 9160062042452439014 1246210283128221288 151686909469120
21 33 45 57
271 834 220 3
1304 2359 341 3
15827572 67140024 1491856 10
3 4 5 6 7 8 9 10 11 12 13 14 15 16 17 18 19 20 21 22 23 24 25 26 27 28 29 30 31 32 33 34 35 36 37 38 39 40 41 42 43 44 45 46 47 48 49 50 51 52 53 54 55 56 57 58 59 60 61 62 63 64 65 66 67 68 69 70 71 72 73 74 75 76 77 78 79 80 81 82 83 84 85 86 87 88 89 90 91 92 93 94 95 96 97 98 99 100 101 102 103 104 105 106 107 108 109 110 111 112 113 114 115 116 117 118 119 120 121 122 123 124 125 126 127 128 129 130 131 132 133 134 135 136 137 138 139 140 141 142 143 144 145 146 147 148 149 150 151 152 153 154 155 156 157 158 159 160 161 162 163 164 165 166 167 168 169 170 171 172 173 174 175 176 177 178 179 180 181 182 183 184 185 186 187 188 189 190 191 192 193 194 195 196 197 198 199 200 201 202 203 204 205 206 207 208 209 210 211 212 213 214 215 216 217 218 219 220 221 222 223 224 225 226 227 228 229 230 231 232 233 234 235 236 237 238 239 240 241 242 243 244 245 246 247 248 249 250 251 252 253 254 255 256 257 258 259 260 261 262 263 264 265 266 267 268 269 270 271 272 273 274 275 276 277 278 279 280 281 282 283 284 285 286 287 288 289 290 291 292 293 294 295 296 297 298 299 300 301 302 303 304 305 306 308 309 310 311 312 313 314 315 316 317 318 319 320 321 322 323 324 325 326 327 328 329 330 331 332 333 334 335 336 337 338 339 340 341 342 343 344 346 347 349 352 354 355 356 357 359 360 362 363 364 365 367 368 371 374 375 376 377 378 380 382 383 384 386 389 391 392
242 1299 3901 8670 15603 22673 31140 36386 40621 42449 41966 40941 41240 38839 38084 35979 35243 34008 33393 31225 30919 29845 29271 27542 27277 25961 25370 24574 24233 22621 22856 21377 21319 20543 19693 19329 19180 18255 17610 17105 16457 16035 16025 14825 15090 14233 14046 13031 13471 12534 12562 12100 11770 11434 11196 10450 10739 10183 9854 9256 9698 8848 8896 8440 8225 7949 8042 7318 7735 7206 6923 6618 6795 6283 6252 5857 6046 5687 5685 5207 5263 5286 5021 4916 4942 4566 4469 4292 4199 4159 4149 3697 3919 3658 3538 3466 3390 3287 3373 3178 3022 3100 2905 2766 2767 2687 2738 2546 2677 2338 2411 2393 2251 2228 2078 1958 2148 2096 1874 1890 1910 1778 1766 1675 1704 1640 1678 1528 1531 1595 1445 1403 1614 1339 1326 1361 1235 1228 1315 1125 1124 1151 1088 1059 1013 983 1035 1021 1079 956 935 841 794 856 833 729 795 744 695 666 649 708 665 571 643 592 577 530 498 509 546 430 494 451 502 421 424 452 500 381 442 359 406 411 316 337 355 347 309 317 290 310 285 287 314 268 248 242 257 206 214 254 211 206 213 180 222 171 161 209 190 163 171 161 162 141 126 140 209 137 103 141 155 118 130 140 107 103 109 85 117 87 80 90 77 73 108 86 79 78 68 78 71 70 64 71 71 47 52 54 63 49 37 46 56 37 49 36 30 47 44 47 37 34 29 33 47 36 34 38 35 25 27 33 27 30 25 29 22 21 22 24 13 73 16 24 13 16 9 11 13 14 10 8 11 8 7 14 4 9 5 21 4 4 5 2 7 8 10 4 7 4 4 8 5 7 9 2 3 1 2 1 2 8 5 6 3 1 6 3 4 9 3 3 4 2 1 1 1 3 5 2 4 1 1 2 1 1 2 12 1 4 2 1 1 1 4 1 1 1 1 3 1 2 1 1 2 1 2 1 6
242 1431 5557 16264 40318 85423 170745 304964 517143 815271 1224299 1792752 2660853 3622178 5049519 6601484 9007312 11739982 15544735 19607390 25586981 31871994 40886067 49474840 63551705 76906720 95068917 114981571 144447326 165425362 210173040 244142878 303934142 353247371 421590982 502363005 609433357 704622502 821239127 956915644 1117671628 1281586135 1559319737 1730394798 2109729751 2346993444 2804713041 3027678757 3770259988 4133970525 4928478085 5448719066 6373659070 7219776601 8279893013 9062989248 10959612825 11775201131 13632947921 14665900720 18080531683 19043462849 22394953517 24346487207 27903560264 30443922955 35643834599 37493202806 46343770094 48835422235 54272039167 58207398867 69642296233 73728205955 85399338691 89127653872 106705888129 113422737982 130906644275 133042860667 160213436440 176315188789 195165919469 213598620380 240216349447 259201001080 281293459032 302203469576 334414582349 372295949374 423967822134 423407810059 512952855064 534511584111 587069920250 636801027526 717488902000 782981181095 914472462041 959870674042 1014826279778 1165345569369 1189929633008 1262636453583 1478880981058 1546777553477 1787894514651 1873662364835 2186942508448 2124589771696 2406661259665 2721014895212 2866572692295 3162631582941 3288606211565 3512975612396 4232576064827 4686718007440 4622260123027 5115915949203 5850323331527 5884291351243 6532043485235 7052437768213 8152937136254 8379540316199 9397060604413 9553718352650 10956845857196 12619505462231 12265837133054 13367921962652 16505065019943 15977197351819 17876462091035 20015006804505 19736646010712 21085645473970 25289697311243 23658819900630 27278588186286 28837570808269 30768314985707 33147177382391 37025058005741 37473037977298 43880255378668 48173223116981 56201536913654 54594047096534 58475537797622 56645774759641 59346260143228 69219070746404 76983321140459 71671294927515 87627591846723 87758994964044 91765049512087 93891047192751 106055393501866 119213125275929 128379571640923 118164486471511 160942826390221 149922646429071 161988075614242 154898468588403 165286711341901 176569503989351 224835352637688 183433997880677 246588131799310 220820462108308 294012373055829 249488060920151 286870950059394 326265315702545 410416919101915 331394318612040 421373365098810 368700055446340 459517914327797 487343461910793 422369111441052 496093840450197 582362726968191 594087434184255 606711443086625 629309352193428 653001351366439 740861917218445 718713914308487 848855579723437 1039552945947298 961657728102431 970470128201739 940815462243982 1092701476672560 987014751366256 1068234580837969 1439091768186544 1325030554021746 1321910791658968 1462053473802663 1352260794789245 1807748218051424 1520050351517868 1543181574436770 2282443814463595 2338469417463486 2083960629948203 2248623575224686 2166705649959681 2621421141612712 2494744279231103 2281249221172331 3093938823205836 4330599331898217 3180873878681768 2666511888482533 3919565455992175 4873395915882102 3936658367139750 4847558340018043 5939174877438505 4585640172627856 4658096119774506 5148496054143625 4376335118333266 7161331528859090 5059909481915451 5741255331093145 6286966633595178 5866158548238479 6162035497215434 10288256114084775 7700732028906296 8947097893667973 8345441281182398 9516938311230886 10967754433245689 11666386843365665 10149931744826393 10936378591389541 12255334682628606 13287899250468570 9993149618654446 12751277336504274 12279884007867190 16987919279224054 12892037080694455 12703165921105895 14709893160500907 20661495357756962 13586786241793578 23499171213188755 15846894794880591 15338773097477624 23322126618741655 24828361187100467 26973364079064095 23599265218925315 22609427971779438 24935760156487268 28724160536811762 44673511020630930 32883962892548828 38897425813497879 37863590019583110 38663756254598127 32833312594013076 57822386817628057 50165342172990192 41024841312071841 47005693740320945 42311256309649351 58413041437112788 48783982254702561 44516473111854906 50951275536261034 63603149201519801 35494790235329625 212111318225393925 52393247775687937 81526413639849148 45666607009112614 68496175246397028 33965842826312953 60102647974090630 57098899522261008 68712287093913093 51981377684255132 44206698291210974 65603860322760845 67778133438001384 48281774992254074 114022176978707061 31570310233339704 75223474917097285 45632828022359433 205160972962074026 42629324930195356 42629324930195356 99939743905492198 28237325330560010 117046461616548796 128821458489664835 186858407075349717 74685953198401456 156101598711685817 102968472362436617 88916205385680456 218550756366788104 198966550689379756 196245929679542344 268893314610892754 62814475341309618 164754128275307446 37274405776748077 77193971303748068 39919565526999991 85496156071909392 385578578898583306 258853820550552439 336939612677245734 172418554065415122 64325374609114550 472825178948598350 216141461669774528 315205021210666460 758707340726026071 264651685597324365 283075655364955143 502354619349611495 220615720850585544 117949491546113972 126108517833796355 126108517833796355 432353809583621496 770217986897880150 351887119620845506 752034588209171920 214618299743286299 261578907351144125 596660126125516152 318555973788329084 340122810048577428 726235024096220010 4965194171200108344 441622981929358437 2011830266024000080 1073358140621382242 572612058898037559 610898403751884101 695143713458946040 2965732639536326736 899175348396088349 1089657644424399782 1161537834849962850 1238057794119125085 3958531799182420500 1406207446561484054 3193350548981513582 1812356499739472950 1930656072350465812 4113026950673267610 2332821198543892336 5633519006435885584 3192707518433532826 20392224248148961650
3 4 5 6 7 8 9 10 11 12 13 14 15 16 17 18 19 20 21 22 23 24 25 26 27 28 29 30 31 32 33 34 35 36 37 38 39 40 41 42 43 44 45 46 47 48 49 51 52 53 54 55 56 57 58 59 60 61 62 63 64 66 67 68 69 70 72 73 76
7 33 49 128 142 252 219 299 196 279 197 220 174 187 143 138 105 130 82 85 61 88 83 57 43 63 56 46 39 46 36 23 22 26 22 18 19 17 17 8 14 29 13 9 8 4 6 3 5 5 6 4 7 3 6 3 5 4 4 1 2 1 3 2 1 1 1 1 1
7 41 83 367 451 1329 1727 3862 3105 7996 7456 14107 12133 23658 20614 30625 27271 50840 40229 62239 50059 92561 108231 111794 100630 176997 196929 213825 227094 305331 271015 216875 261346 407316 388844 340354 548905 464751 638015 348543 543537 1372921 967171 847675 685828 601400 906190 450295 1053039 1894180 2268264 1649813 2571899 1552971 6653682 2039334 4178735 3840309 3199306 966467 2551945 1300156 6942254 3247129 4025116 2323520 3087735 6175470 10785566
