0 1 2 3 11 12 13 14 15 23 24 25 26 27 35 36 37 38 39 47 48 49 50 51
1 2 22 21 467 702 725 918 691 4675 6962 8514 9675 6160 10584 12701 12435 12181 7206 2210 1658 889 491 107
2 104 372 186 1988 2612 2944 3629 2727 32082 49779 56736 61454 37642 35792 39909 36093 32340 17584 2861 2064 1061 535 116
20 7219 17214 6396 63046 111576 140578 273764 279604 134249097977 8238336132185 231161330269372 5800011451900250 52983090365170029 55828173261960545 76218050973211087 70949063867639231 52015712277449952 24791405623661699 4488326413867 669564133198 61935923414 3740738617 86418164
2 3 11 12 13 14 15 23 24 25 26 27 35 36 37 38 39
2 2 27 35 30 43 31 99 107 102 94 66 24 29 19 10 7
11 3 49 70 57 93 65 157 164 157 141 95 24 30 19 10 7
44 9 331 1698 816 1543 1316 1235116 556137 2096998 21057322 526237 459802 89757 49594 4474 623
3 4 5 6 7 8 9 10 11 12 13 14 15 16 17 18 19 20 21 22 23 24 25 26 27 28 29 30 31 32 33 34 35 36 37 38 39 40 41 42 43 44 45 46 47 48 49 50 51 52 53 54 55 56 57 58 59 60 61 62 63 64 65 66 67 68 69 70 71 72 73 74 75 76 77 78 79 80 81 82 83 84 85 86 87 88 89 90 91 92 93 94 95 96 97 98 99 100 101 102 103 104 105 106 107 108 109 110 111 112 113 114 115 116 117 118 119 120 121 122 123 124 125 126 127 128 129 130 131 132 133 134 135 136 137 138 139 140 141 142 143 144 145 146 147 148 149 150 151 152 153 154 155 156 157 158 159 160 161 162 163 164 165 166 167 168 169 170 171 172 173 174 175 176 177 178 179 180 181 182 183 184 185 186 187 188 189 190 191 192 193 194 195 196 197 198 199 200 201 202 203 204 205 206 207 208 209 210 211 212 213 214 215 216 217 218 219 220 221 222 223 224 225 226 227 228 229 230 231 232 233 234 235 236 237 238 239 240 241 242 243 244 245 246 247 248 249 250 251 252 253 254 255 256 257 258 259 260 261 262 263 264 265 266 267 268 269 270 271 272 273 274 275 276 277 278 279 280 281 282 284 285 286 288 289 290 292 293 302 304 306 308 310 312 314 315 316 318 320 322
143 984 2232 4998 7492 10174 11407 12357 12398 12827 11965 11286 10468 10746 9731 9048 8857 8757 8151 7791 7270 7691 7215 6727 6585 6587 6265 5962 5682 5857 5666 5074 5104 5093 4887 4663 4489 4610 4366 4011 4050 3887 3872 3599 3470 3507 3515 3175 3180 3087 2971 2836 2734 2687 2725 2415 2499 2391 2423 2199 2152 2153 2141 1876 2069 1849 1813 1724 1695 1729 1722 1477 1635 1396 1428 1353 1359 1273 1336 1147 1238 1134 1094 1086 1130 1025 1012 924 1005 871 829 859 862 813 829 735 799 661 713 664 720 576 612 536 665 529 561 494 553 494 502 443 510 430 411 390 413 422 390 345 414 354 376 279 352 353 338 243 342 313 291 193 289 290 272 164 258 249 237 149 210 235 215 111 180 203 207 109 148 184 158 99 145 155 159 85 124 153 145 60 125 105 131 59 80 117 115 45 105 76 90 46 71 87 81 38 77 70 65 34 54 59 62 25 59 48 59 32 41 43 64 20 49 40 48 23 45 38 47 13 37 34 33 14 30 30 42 12 33 24 27 9 15 23 28 8 27 17 25 5 15 13 25 6 18 8 21 6 13 4 16 3 10 3 15 3 11 3 13 4 3 1 11 2 7 2 10 4 3 2 10 3 7 3 9 5 2 3 6 3 2 3 3 2 2 2 3 2 1 2 3 2 1 2 3 1 1 2 2 1 1 2 1 1 1 1 1 1 1 1 1 1 1 1 1 2 1 1 1 1
143 1017 2861 8892 19850 38609 69015 110065 178330 259500 384387 497646 714986 962024 1284522 1533971 2201632 2711103 3552330 4110428 5571792 7020373 9076642 10072371 13593962 16200138 20728548 22355865 29558039 34626663 44339095 45621937 61167936 69690304 87957652 93719865 121547022 137750258 169806015 176742604 234267076 249966715 315586783 318248560 409747377 442071800 566657790 567761913 726621428 788446587 964148781 974493348 1184221620 1288099370 1641038319 1594869693 2053655454 2128052900 2760010121 2606688542 3246583376 3477930708 4156995627 4088387649 5669004745 5476108179 6446183434 6651170883 8064892084 8816542908 10917224843 9727207086 13892473408 12429126390 15877850123 15158497314 18878773537 19146415532 24494430620 22177848958 30360714200 29132985367 33262983109 35133023098 45398418018 43217646242 51489124178 48104566094 66728720893 61338409232 67017842197 75249524564 91140300815 89346550161 110023472340 101058306814 134893789794 116267360956 155399044433 151185664294 193167789719 158168394831 204186045406 186729399789 291121863468 234326557488 310012720859 272846359864 395262605594 337023807837 417204238383 380693463342 549974054982 465442907665 556244859963 525612968319 683893628871 679317810785 747162989068 725454608490 1000250552707 887949374109 1249781692264 908302476990 1344709764379 1336141598957 1581342669880 1167310720744 1974041734295 1766730735843 2119487472923 1345715243312 2519209110043 2359441390882 2705425058947 1776922546608 3216993536323 3174931966138 3973035069598 2413809510956 4202895444176 4492688207879 4861382899053 2712690328507 4597939987053 5848521921071 7681169804574 3926147986578 6567960989332 7769373907572 7685847555039 5597834039721 7930481085220 9528036279428 12666247795077 6846522339056 10981157694124 14775668786137 14233720289805 7124263715852 15290657718549 13385209619740 21201798071431 9738529579927 14692720434138 22852587216955 24648405339909 12397762200909 26584934116656 19497953677632 28877519986668 17101895732411 26573168806853 35133689145749 35534443042884 21854762465553 40145364513020 38548369930655 42259040445395 26445263659550 36199539570710 48239129845605 55496739691418 29290205931158 56562340799994 55034882873927 78763826011290 49335364376323 57304638133408 67517791702610 114574484188251 48394728874831 97751117485406 87039608520869 125020611257200 67118741072980 132041430752771 115530493696521 161491443018144 54819528888578 146339645551724 147258044704836 153042162784759 85624533677871 170112372184493 189643933055672 281498940732702 108219346069445 287277955835790 215052463813412 246914413080156 109042166489129 164966413574743 279806655535205 357028455921371 140463015376671 471903743598638 299784366763223 450363831567829 115115014994613 323481512872621 300691781421307 629410063387434 186910203242394 484490290330062 224125694453325 687869550789012 205162022308752 514183841115776 153401464375072 740015279261656 136092109514430 518200518387120 159778252348371 958894206711118 243224541753316 960090400396358 285216742059676 1150759821175117 424681255372301 293588801110755 105882246722733 1348514701145541 247776886154518 1051646442223846 278845951841333 1699301097744404 664508579702608 548921669562078 380700406535698 2318185311748969 675224028549987 1745040158179913 787756853673717 2616542621245008 1546294923142772 677708528497360 1070353397990244 2368342059932142 1246589845474069 919091500897350 1451029619970367 1604145188725827 1111387737855777 1153345349894336 1292285539569785 2168282861071116 1501811583252539 839611730366814 1744371838683174 2924503109833875 2100394979862234 1131238503938606 2436748699688666 3936155402448645 1412749565173450 1520980492851175 3274587938674342 3524556866114538 1896564103591584 2195786311682516 4724438290675422 2540952590045698 2938929793929555 3160137867148997 3397584011986773 3925922161489422 4219388528587095 8030248384943040 9253082936723602 10657331232548839 12269218019229465 14118662665280005 16239786535829663 18671488299600364 40034853525153890 21458096037352891 24650106150830490 28305020340996003 32488293351466654
3 4 5 6 7 8 9 10 11 12 13 14 15 16 17 18 19 20 21 22 23 24 25 26 27 28 29 30 31 32 33 34 35 36 37 38 39 40 41 42 45 46 49 50 53 54 57 65 85
2 12 48 82 74 83 89 125 51 70 56 73 35 31 27 35 13 20 22 32 7 14 18 14 6 9 10 19 6 7 8 6 2 3 4 10 2 1 4 2 4 4 2 2 3 2 1 1 1
2 17 78 214 211 406 678 1439 712 1696 1973 4323 2128 2965 3253 6622 2499 6079 8074 18976 3729 10792 17014 17672 9222 19640 22821 72238 25726 31720 44516 50599 13695 38576 50614 225222 54907 29766 113999 95304 255700 425392 255908 422232 702998 816904 386155 1300156 20506255
