17 29 41 53 65 77
6066 10958 37422 27006 17350 1186
607108 971633 586911 152822 40460 1215
1285347904 2844807496280316541 34720339080038404863 2466719731454259544 18767716272905185 33277245
17 29 41 53
1296 1046 375 25
50826 4469 697 29
120440987 285504840 6520136 13498
3 4 5 6 7 8 9 10 11 12 13 14 15 16 17 18 19 20 21 22 23 24 25 26 27 28 29 30 31 32 33 34 35 36 37 38 39 40 41 42 43 44 45 46 47 48 49 50 51 52 53 54 55 56 57 58 59 60 61 62 63 64 65 66 67 68 69 70 71 72 73 74 75 76 77 78 79 80 81 82 83 84 85 86 87 88 89 90 91 92 93 94 95 96 97 98 99 100 101 102 103 104 105 106 107 108 109 110 111 112 113 114 115 116 117 118 119 120 121 122 123 124 125 126 127 128 129 130 131 132 133 134 135 136 137 138 139 140 141 142 143 144 145 146 147 148 149 150 151 152 153 154 155 156 157 158 159 160 161 162 163 164 165 166 167 168 169 170 171 172 173 174 175 176 177 178 179 180 181 182 183 184 185 186 187 188 189 190 191 192 193 194 195 196 197 198 199 200 201 202 203 204 205 206 207 208 209 210 211 212 213 214 215 216 217 218 219 220 221 222 223 224 225 226 227 228 229 230 231 232 233 234 235 236 237 238 239 240 241 242 243 244 245 246 247 248 249 250 251 252 253 254 255 256 257 258 259 260 261 262 263 264 265 266 267 268 269 270 271 272 273 274 275 276 277 278 279 280 281 282 283 284 285 286 287 288 289 290 291 292 293 294 295 296 297 298 299 300 301 302 303 304 305 306 307 308 309 310 311 312 313 314 315 316 317 318 319 320 321 322 323 324 325 326 327 328 329 330 331 332 333 334 335 336 337 338 339 340 341 342 343 344 345 346 347 348 350 351 352 354 357 359 360 361 368 373 376 377 378 384 389
354 2156 5115 12378 21177 34909 48934 61860 71849 83281 88363 87835 95480 90766 87120 77696 74346 65258 62154 55111 53018 46931 46093 40877 40207 35486 34960 31047 31865 27772 27902 25464 25515 22887 23714 20653 21985 19598 20114 18500 19107 16770 17632 15832 16306 14781 15246 13907 14635 13122 13410 12107 12825 11425 11766 10727 11213 9903 10665 9369 9938 9077 9192 8631 8953 8053 8351 7521 8038 7225 7200 6777 7047 6359 6644 5983 6250 5665 5883 5528 5477 5043 5252 4924 5088 4652 4707 4323 4619 4099 4294 3911 4070 3696 3785 3576 3603 3389 3464 3157 3358 3011 2959 2859 2863 2548 2877 2480 2653 2393 2416 2172 2259 2043 2224 1992 2073 1876 1976 1808 1886 1650 1720 1573 1751 1434 1494 1492 1517 1290 1433 1378 1393 1163 1315 1158 1236 1093 1192 1021 1100 1047 1107 951 993 882 971 855 843 716 805 727 809 601 753 610 684 499 632 569 615 517 580 496 520 452 563 442 514 410 482 399 453 375 422 361 386 336 386 309 364 300 402 319 355 278 334 295 311 280 307 269 257 213 227 215 226 189 224 217 205 170 225 167 209 136 143 171 154 135 147 145 131 116 145 125 153 132 134 111 124 113 101 111 110 98 85 105 91 67 105 85 110 72 89 88 97 66 68 60 70 66 71 79 61 52 54 60 71 55 63 50 66 44 38 50 59 49 46 50 49 33 44 42 47 28 37 51 41 30 21 41 29 32 31 37 22 15 24 19 35 29 24 26 20 29 17 21 25 13 20 21 16 19 12 16 48 8 8 12 12 9 10 13 6 9 6 12 11 8 9 7 10 8 7 9 10 5 3 3 4 6 2 9 5 4 6 5 1 2 3 2 1 3 1 3 5 3 4 2 1 1 1 3 2 2 1 2 2 27 1 3 1 3 3 2 2 1 1 1 1
354 2381 7157 23552 54776 135292 260218 509370 857865 1530392 2353055 3693863 5781967 8237956 11592349 15271550 20855042 26311800 34043262 41824966 53698794 62937997 81109760 93258068 114583043 130837628 162533970 177290296 229130572 241587766 304172356 331858801 407019730 437026494 565100591 575968281 759291986 793650868 1016895901 1091523353 1382930881 1430170619 1825973517 1896585673 2406460879 2504931741 3200470308 3330012894 4263085812 4413103486 5491910469 5551559069 7281269494 7312478302 9143011991 9522144709 11877337183 11809616231 15292905528 15045419512 19199991673 19646573947 24037399029 25433149853 30865626625 31841216524 38634626440 38296723464 49803596643 49163483281 57610149707 62830797858 73475552360 76237457312 93385795912 89689602537 113156123370 114600863838 135897484583 146496373732 170131128759 175797041207 205831146632 214550034907 253960157741 259886731190 309729037594 321054709257 390100038072 397599527917 449525065657 455887758868 557741620453 567004273503 645555877851 707350823878 766004804752 826032361558 959945062403 933860999350 1143873802177 1172975846509 1287115041667 1399090849717 1532174150164 1550846232973 1889350042096 1904485985479 2251152728238 2338956597227 2616321263357 2597705729148 2952307807646 3074661870139 3600061634734 3609110609028 4317878891669 4238937537132 4914457728238 5090779288248 5656761187794 5874053291290 6601257631362 6501450673718 8222548292132 7486976884933 8492377752021 9451814326190 10545464457565 10458279922387 12254419228425 13021218151370 15001117152100 14068047125312 17327116344316 17262997319590 19209723225246 19878876688909 22846770901191 21164877244149 26290306679905 27201637585733 30464975329695 31101080180253 33480372450237 32817534612212 42436350075783 37603049854290 42426879064728 41897725753637 49339304807846 47676826889004 57962709792660 48418847763333 65066967725356 57962325709029 74475275228159 61134932082795 83306025362326 77537648324607 94709584576142 84576146946504 110197459603036 101717012765781 115169974979713 110610007689776 153308307634305 125305705401809 168190888336256 141959254873750 189649750466805 158356852391156 218418482948793 187608418656709 233507188064569 209339003366220 267987960677751 250226348327255 299729900516185 255923869260010 335095269347293 296060711226160 490918686610177 380510851583658 461372033980086 412521794511245 537886019319854 482309914807388 598510634336006 522637599870580 671095637440840 627835350558504 670150108913763 583336505493306 693974597774611 686629160973901 803269118570903 751319712652954 952591998259806 938021499782082 987290575617206 951569675094872 1440557333938587 938436680703890 1360138108612393 1039679708367416 1134680650283279 1498090025941445 1455257608050718 1391583821800170 1629150220393787 1749656115477306 1672006593292550 1661600448744501 2145501116512398 1955739102592938 2821148537485615 2512156791162183 2970646529397292 2428543672295782 2884008287152838 2904139298837849 2953369619380630 3371498542866960 3775259824722229 3596274333347648 3340232674926190 4277544070537421 4526119545847055 3551656517570992 5669368248146399 4900437472157105 7156661704543649 5148970681384416 7454206952722490 6696969149652533 8849236933381170 6241199482592653 7219016388213033 5886983926562302 8384302158152248 8042780287688179 10767261471721428 10900649873831404 9406183519400131 8494916647573645 10899883018957863 11174373780533382 14871692935150898 13142391142475233 16874624516429898 11858926476405306 21796286679273258 13517047628592120 13441096412574561 17239296329703013 23003930714005848 22050605606062902 21781424852948756 22652309506195756 26916663388289372 18865962959268068 26702574147496864 23990956582216918 38657771025872818 23431882096873983 34545852836322759 47296168548060288 40646384929325952 27988620272708699 25506081140756830 46195783271213623 42624521902917249 49397257755642649 45356767458564073 53644051018797785 43623857495953347 30785657949650567 49399603366488834 41794242828159080 85832371619516600 73493962411097460 79897514358892738 70855141375832820 60030241562705214 103174659637778399 63758839990747162 74868653018434534 110741468389141422 62561238300091687 89909413956016395 113808714758380383 92329130478239958 102173401680698299 79668038339390198 103660223650106890 333345323655149883 64233796100706738 73842157660711740 113683102338425588 108506648595648916 103817580670999319 102941518124761700 146327414475867557 82549822368976811 115780961428034619 83755531221457729 175569692424823194 170959815315319010 154378834003690391 166786086529950207 136084171949108872 213140291098752964 176290500153226466 170900643560470277 253563867439248244 275493352580241322 145567425002673937 95302768692776272 102090203090348314 141677270385070567 234227073661496118 85496156071909392 436553621882416956 245028218176189375 255397419956961673 329550496909154438 296578001471540465 64325374609114550 137669771892147700 220959863585551017 220959863585551017 84300815636225119 270526304941648869 96450110192202760 296051686706140845 551539302126463860 346206843517520716 488116018759820654 269638361246603040 144117936527873832 154043597379576030 164637479165761044 527830679431268259 376017294104585960 401765112575366318 229272286871217150 489809074910764812 523157814702288250 8054911702694468052 363117512048110005 1241298542800027086 441622981929358437 1413942192805196340 2224299479652245052 2044282456734690724 2476115588238250170 1319510599727473500 1406207446561484054 2056513475336633805 2816759503217942792
3 4 5 6 7 8 9 10 11 12 13 14 15 16 17 18 19 20 21 22 23 24 25 26 27 28 29 30 31 32 33 34 35 36 37 38 39 40 41 42 43 44 45 46 47 48 49 50 51 52 53 54 55 56 57 58 59 60 61 62 63 64 65 67 68 69 73 78 79 91 94 97
18 165 228 844 814 2784 2541 4478 2948 5536 3262 4287 2378 4006 2091 2649 1530 2458 1323 1426 838 1385 865 1000 554 985 595 482 287 511 364 367 196 342 262 162 97 200 161 108 58 105 97 33 23 38 24 19 15 26 8 8 4 2 3 1 5 4 2 4 1 1 1 2 2 1 2 1 1 1 1 1
18 210 347 1955 2388 12887 13056 47745 36562 133012 88400 261602 154929 505172 270260 737005 396417 1246660 600791 1478137 769068 2095519 1103371 2797489 1276581 4162021 2039635 3922224 1756684 4942475 2911759 6474644 2550664 7468915 4517492 6865206 3558830 8344308 6755846 7940100 3839056 9662093 9427297 4493357 3553606 6840893 4561533 5135433 3040610 8918110 2458397 4235536 1445587 1146835 2593580 329931 3777322 3616063 2107292 4252952 1430440 966467 1430440 5200624 3041786 2323520 9729815 7089500 14179000 44108109 56634173 92669720
