25 37 49 61 73
3308 28418 40873 20772 6624
725141 730476 276175 67101 8417
3432239819522000 4698288959520208621 3338218787377665117 240342257415525184 752033762868
25 37 49
417 672 116
3051 1764 143
166870790 19047609 555154
3 4 5 6 7 8 9 10 11 12 13 14 15 16 17 18 19 20 21 22 23 24 25 26 27 28 29 30 31 32 33 34 35 36 37 38 39 40 41 42 43 44 45 46 47 48 49 50 51 52 53 54 55 56 57 58 59 60 61 62 63 64 65 66 67 68 69 70 71 72 73 74 75 76 77 78 79 80 81 82 83 84 85 86 87 88 89 90 91 92 93 94 95 96 97 98 99 100 101 102 103 104 105 106 107 108 109 110 111 112 113 114 115 116 117 118 119 120 121 122 123 124 125 126 127 128 129 130 131 132 133 134 135 136 137 138 139 140 141 142 143 144 145 146 147 148 149 150 151 152 153 154 155 156 157 158 159 160 161 162 163 164 165 166 167 168 169 170 171 172 173 174 175 176 177 178 179 180 181 182 183 184 185 186 187 188 189 190 191 192 193 194 195 196 197 198 199 200 201 202 203 204 205 206 207 208 209 210 211 212 213 214 215 216 217 218 219 220 221 222 223 224 225 226 227 228 229 230 231 232 233 234 235 236 237 238 239 240 241 242 243 244 245 246 247 248 249 250 251 252 253 254 255 256 257 258 259 260 261 262 263 264 265 266 267 268 269 270 271 272 273 274 275 276 277 278 279 280 281 282 283 284 285 286 287 288 289 290 291 292 293 294 295 296 297 298 299 300 301 302 303 304 305 306 307 308 309 310 311 312 313 314 315 316 317 318 319 320 322 323 324 325 326 328 329 330 333 334 339 340 342 343 345 346 354 355 360 373
239 1408 3967 8901 15377 23851 35115 41167 48058 48330 50295 48232 48317 43694 45900 42506 41888 40051 39009 35387 37062 33718 33324 32285 31765 29573 30015 27485 27632 25687 26120 24161 24883 23128 22711 21620 21372 19323 20274 18899 18684 18166 17811 16053 16730 15300 15222 14864 14729 13414 14157 12991 12822 12110 12137 11129 11624 10839 10589 9907 10190 8996 9526 8976 8817 8684 8554 7564 8088 7275 7194 6941 6945 6401 6550 6031 6083 5582 5849 5303 5507 5138 5151 4870 4802 4387 4701 4273 4233 4061 3984 3690 3809 3513 3591 3481 3299 3145 3183 3032 2991 2888 2770 2683 2637 2479 2492 2348 2311 2124 2243 2191 2040 2067 1956 1944 1841 1709 1652 1662 1583 1522 1527 1482 1473 1382 1324 1303 1327 1209 1194 1275 1162 1090 1056 1042 1042 1042 990 962 982 891 849 861 820 749 807 793 757 751 755 674 717 649 644 647 615 550 551 531 548 541 471 469 538 463 432 458 466 420 372 381 377 398 448 455 356 290 315 306 315 314 284 279 285 276 236 242 280 233 219 250 243 216 203 228 216 173 178 181 185 172 154 167 162 137 142 143 153 131 142 143 129 126 142 108 106 105 97 109 91 96 85 107 98 80 84 73 80 89 66 72 80 72 72 67 72 41 63 62 61 49 47 58 54 50 29 41 39 47 48 55 39 39 29 39 33 38 32 39 31 30 19 19 30 22 33 20 18 14 19 24 19 22 20 36 23 14 13 13 12 12 12 14 12 10 14 14 14 12 10 3 10 4 7 10 5 6 7 8 4 7 6 3 10 6 6 6 3 7 3 6 6 4 5 5 5 2 2 5 5 4 7 1 2 1 3 1 1 2 1 2 1 1 1 1 1 1
239 1535 5553 16579 39563 87578 175438 315436 555097 844207 1340993 1973362 2850773 3842909 5682257 7211895 10059637 13006835 17049111 21286495 29201885 34269415 44445036 55412075 69478143 82878021 106948941 123824074 156776180 185610383 227927343 263029954 339949578 377794255 466787244 554255715 646030851 732372412 922070125 1008368476 1227486150 1429710800 1650121927 1849648730 2322901576 2515199479 2950762648 3439049936 3952957703 4235382920 5387611210 5847011585 6738438552 7763649672 8826478269 9494440375 11529413187 12269805249 14132366571 16034115671 18809931354 19356112168 23654770907 25127881936 28882626940 33009657547 35826917219 38514101136 47219952749 48698348496 54833765085 60754310298 69373123286 71839759133 87483281812 91965756998 106075728295 112797937679 132563583562 134533695308 164393640614 167997700023 193999076555 216474665455 235405860899 250433093216 294030992020 301498448124 337381886145 371543883118 413437615748 430438269730 509834553400 524829582656 593849168839 658068330849 685060243754 739511576801 848044682802 891650768208 1017863639073 1155480536883 1176407811881 1294886701856 1439032984241 1538424757726 1660850639104 1783794777696 1923560358292 2027660091048 2325237335312 2547108054416 2586355444300 3041768460712 3144532689196 3506799740153 3617606181834 3805341463301 3988007255582 4735670917805 4785817340958 5091681924262 5733238764714 6324969027740 6673955634341 7282078776093 7507997577150 8244176614896 9105557406893 9146939737890 10345086842362 12302796402796 11890619904164 13009773770481 13559105043254 14746018158099 16907791506369 18336190939797 18248748239542 20523958341747 22615110229238 22242759890548 24148907821941 27760039117084 27982205202994 28349289928620 33188138078680 37033614556698 37760973582227 43632376485617 48189408510951 47779528450884 53205647060921 51887110131511 58259121655636 64493508903641 65873864364374 65470490406596 72401201818469 76465238741513 83125896737317 93256859198854 87203105315556 100703552724732 118899072586965 111410398752920 116438521848650 146366952097993 143996082023140 154595242299026 144373828761133 164872835386351 180851347713460 211576021500008 241013931522731 256948738370000 233179462442499 221785445867705 236993919749965 261547422193345 289778851926428 339678723312237 315113461889056 355759964167746 377903613085266 399714777835548 375984588981191 408736853374650 558966188120144 484306601963694 502111570972957 638463725870074 637644999571187 612973359587073 624288266328606 781527246985180 790038930953604 688382705503507 775322832784887 884408428315028 972530260575316 981443337073241 884168529697047 1126875340083444 1141223117659512 1062173283172178 1212451640127002 1337653138510277 1503228543116733 1387164632040988 1640461995085527 1828771152687214 1691861928105871 1828822891554337 2417637014110911 1816809158405060 1969870129584027 2138389995086238 2311775207513333 2836772300051637 2313752151333051 2744111755962011 2834354391443781 3553374899008884 3546991299431582 2727855016533945 3681202326298284 3392830486907684 3846803084142857 5009641032506917 3640874558742904 4493659648292513 5398947481864657 5058612068358372 5384476946805866 5664524790013737 6623854139120099 3770159170406321 6944500435173252 6910432656285952 7159999866743475 6342956522650815 6362635039178901 8727255557015194 8969569410929013 8886498183355076 5404027347418138 8634780409126558 8718453526377154 11807183363905168 13543848307714277 16052598504829985 12620355541172238 12799766264628312 10059844200898882 14983141646915018 13733753161042471 17157227109307280 16391222736818937 23918092467997224 18412161664703084 17863371314404008 12773122156855866 15457117905553411 22851447199522723 19360582651962408 32852362296165054 18553974631473735 16828932824495472 15410477143450434 23448913462253270 28788926768282589 26531870141957822 36583938520660765 30486305025230003 70781803567976505 37566518214418706 25567956237052451 24565516012710102 29314032047774706 27161276630029689 27348032742121362 33631869590957499 46504828994829912 33220727440214643 32800946805338833 49539083310774939 52492841124307275 56153919168157640 67327609479515520 43138479080812323 22671265634504430 60638454757354536 27337720215359159 45873783051790614 80751481692159560 33391722669628926 51329525680944582 61488570547382040 66602978641632260 52355564314048727 68161027835464709 63217628555147696 43407535775468621 117690124543850484 76294307742861507 120372850595963938 99854928730537224 46525692013544051 118376080140078169 54757156732348023 114720806723555346 144443995162366453 130290486842251792 139650139428267175 125016232236888286 186799866142393959 60652363979685928 64976586702933308 178951676161818644 194307508134496127 242345905670954651 311333668282176200 52462044228828641 112313204225748578 60105349839666544 220959863585551017 78801255302666615 110307860425292772 235898983092227944 134819180623301520 288235873055747664 164637479165761044 175943559810422753 298330063062758076 318555973788329084 441622981929358437 1022141228367345362
3 4 5 6 7 8 9 10 11 12 13 14 15 16 17 18 19 20 21 22 23 24 25 26 27 28 29 30 31 32 33 34 35 36 37 38 39 40 41 42 43 44 45 46 47 48 49 50 51 52 53 54 55 56 57 58 60 62 64 65 66 67 68 71 84 92
4 37 58 163 129 341 179 444 181 437 227 403 176 304 115 218 101 184 73 139 70 115 33 99 36 80 34 48 36 58 21 57 33 54 17 41 13 23 9 21 12 24 5 9 3 11 5 8 3 12 1 9 2 2 4 3 9 6 2 1 6 2 5 1 1 1
4 50 89 418 437 1784 1264 5671 3058 12965 7564 25214 13375 40910 18669 56402 29794 78433 34540 107364 62911 147135 52463 199300 71302 250294 105318 202816 210392 422543 140328 642352 304415 814299 271100 977959 334758 749808 223610 817729 657803 1410167 274092 1379209 276872 1466874 607535 1441834 400104 3173817 294546 3511424 755502 761475 1737876 1786218 7001636 7599450 2860880 2243010 12575058 3247129 16471776 3087735 15796476 88216218
