0 2 3 4 5 7 8 9 10 11 12 13 14 15 16 17 18 19 20 21 22 23 24 25 26 27 28 29 30 31 32
3 5 7 1 9 11 5 6 13 7 14 8 12 15 16 15 8 17 9 11 10 12 10 3 8 3 4 4 2 1 2
9 7 18 1 14 15 11 7 23 10 24 8 22 19 33 38 8 30 9 11 11 12 12 3 8 3 4 4 2 1 2
102 14 78 2 98 51 123 21 258 55 213 31 186 138 469 3137 97 7063 8689 1617 992 366 4940 67 1658 21 640 240 78 22 6
0 2 3 4 5 7 8 9 10 11 12 13 14 15 16 17 18 19 20 21 22 23 24 25 26 27 28 29 30 31 32
3 5 7 1 9 11 5 6 13 7 14 8 12 15 16 15 8 17 9 11 10 12 10 3 8 3 4 4 2 1 2
9 7 18 1 14 15 11 7 23 10 24 8 22 19 33 38 8 30 9 11 11 12 12 3 8 3 4 4 2 1 2
102 14 78 2 98 51 123 21 258 55 213 31 186 138 469 3137 97 7063 8689 1617 992 366 4940 67 1658 21 640 240 78 22 6
2 3 4 5 6 7 8 9 10 11 12 13 14 15 16 18 19 20 22 23 24 26 28 30 34
13 12 55 37 63 24 59 12 39 4 15 4 9 2 7 7 2 3 3 2 1 3 1 1 1
13 12 85 80 186 118 473 96 686 89 595 180 614 154 839 1639 636 933 2167 1254 1254 4152 3150 3718 8349
2 3 4 5 6 7 8 9 10 11 12 13 14 15 16 18 19 20 22 23 24 26 28 30 34
13 12 55 37 63 24 59 12 39 4 15 4 9 2 7 7 2 3 3 2 1 3 1 1 1
13 12 85 80 186 118 473 96 686 89 595 180 614 154 839 1639 636 933 2167 1254 1254 4152 3150 3718 8349
