2 3 4 5 6 7 8 9 10 11 12 13 14 15 16 17 18 19 20 21 22 23 24 25 26 27 28 29 30 31 32 33 34 35 36 37 38 39 40 41 42 43 44 45 46 47 48 49 50 51 52
3 10 12 8 10 14 22 15 19 26 18 19 26 23 34 53 109 233 501 614 415 731 1120 4037 6159 6340 6214 5694 4974 4449 4058 4337 4034 3990 4204 4213 3092 3120 2973 2837 2725 2532 2318 4633 3381 2648 1805 931 208 49 10
5 13 16 11 17 18 27 17 26 30 20 26 28 27 42 66 131 275 695 985 812 1586 2491 9140 13494 12725 11600 9907 8449 7381 6664 7587 7014 6869 7364 7333 5202 5061 4873 4464 4048 3524 3043 5847 4047 2979 1926 946 208 49 10
12 42 44 31 38 54 59 42 82 50 41 83 142 371 2454 33603 37608 350959 679794 2064094 1949844 60127905 6088910392 28352632888903 278671929083811 158085753383472 268454394007409 424149381918754 378046722610883 298618145024822 344677599894462 459699318422588 466103847922882 240168464888450 521349373263603 261443664423295 121612374416489 276298074546448 145817253260326 67794193176551 225617363492471 1401563768725009 330403435453922 304984675843301 52296572019346 8190067940067 929285423810 61142335491 659604714 4960669 658
17 18
1 1
1 1
4 15
3 4 5 6 7 8 9 10 11 12 13 14 15 16 17 18 19 20 21 22 23 24 25 26 27 28 29 30 31 32 33 34 35 36 37 38 39 40 41 42 43 44 45 46 47 48 49 50 51 52 53 54 55 56 57 58 59 60 61 62 63 64 65 66 67 68 69 70 71 72 73 74 75 76 77 78 79 80 81 82 83 84 85 86 87 88 89 90 91 92 93 94 95 96 97 98 99 100 101 102 103 104 105 106 107 108 109 110 111 112 113 114 115 116 117 118 119 120 121 122 123 124 125 126 127 128 129 130 131 132 133 134 135 136 137 138 139 140 141 142 143 144 145 146 147 148 149 150 151 152 153 154 155 156 157 158 159 160 161 162 163 164 165 166 167 168 169 170 171 172 173 174 175 176 177 178 179 180 181 182 183 184 185 186 187 188 189 190 191 192 193 194 195 196 197 198 199 200 201 202 203 204 205 206 207 208 209 210 211 212 213 214 215 216 217 218 219 220 221 222 223 224 225 226 227 228 229 230 231 232 233 234 235 236 237 238 239 240 241 242 243 244 245 246 247 248 249 250 251 252
471 1270 2549 3181 4007 4181 4255 4106 4072 3832 3731 3512 3573 3441 3426 3176 3189 3117 3037 2968 2909 2646 2744 2514 2542 2423 2429 2300 2376 2146 2168 2050 2059 1877 2000 1830 1784 1729 1723 1607 1716 1589 1575 1522 1447 1374 1419 1333 1360 1307 1260 1165 1206 1149 1185 1112 1101 1012 1046 922 976 953 968 883 937 825 821 793 815 758 759 657 693 648 670 659 639 589 583 591 552 534 601 535 514 483 449 428 477 431 429 405 398 398 377 352 373 366 330 310 309 297 290 307 293 275 263 255 235 246 250 234 236 214 218 198 189 193 203 183 179 163 171 155 155 165 159 135 135 139 135 130 130 121 115 106 116 111 110 113 110 85 84 82 87 88 75 77 78 67 70 71 67 60 56 52 52 49 55 51 53 57 42 45 40 43 44 36 32 38 32 32 38 40 34 33 29 28 24 25 30 25 23 18 32 24 18 25 25 21 14 14 16 18 12 20 13 11 12 15 13 11 12 9 9 9 8 9 7 7 9 7 5 7 5 6 7 3 3 7 4 4 4 4 4 5 4 5 5 2 3 3 3 2 2 2 3 3 1 2 3 1 1 1 1 1 1 1 2 1
471 1329 3576 6496 12304 19598 30197 44737 66237 91547 127108 169447 234978 314662 423320 528968 694926 893046 1137585 1454975 1819620 2126764 2789224 3293049 4163052 5018657 6211028 7314341 9352383 10515754 13025944 15024152 18739613 20875204 27180329 30178049 35058374 41477626 49158490 56418077 71251745 78996908 93241773 107589184 121356286 138099651 168249864 185347164 223701180 252552879 286262086 311430698 374380161 421702658 507594609 558411927 648909222 694654002 841449086 853131307 1031385752 1195425629 1407779261 1484773010 1832367317 1845190096 2082973827 2384863821 2770259690 3009808929 3405945582 3364341563 4084200980 4321376889 5132369209 5850320947 6427095940 6779991527 7629053711 8884832911 9209158392 10319260808 13319182708 13525086660 14575419293 15695139999 16497275590 17398857248 22516992685 22697691664 26201710826 27948103426 30351388931 34816697811 36605692579 39360723849 46905380193 52061822187 51786648548 55515198920 60596995236 66343633119 73236175079 87296672758 93493325173 100252512239 106451631875 113479108213 114823834641 139418389758 155547569747 162203972568 184299974678 188128972645 209829294366 206799648558 230590688831 266764244794 305535807379 307486631122 337840184427 341093206974 389512437496 396443489580 439181084586 525172968504 559063303568 529149061589 583268613371 650083319215 728869220970 760761081894 843275642422 882408931575 911397459937 932369302014 1120060610648 1188741286248 1335607828987 1507188178353 1631324015610 1326050947254 1499282823393 1573319676987 1916008353475 2101016198226 1946197064588 2234059232826 2493171858081 2335711063426 2707039211800 3061147387848 3171767563583 3099027175157 3223556268912 3255690849944 3639600133918 3751151806411 4653965041186 4775847311986 5430285817101 6424160540470 5209532434344 6142482808404 5909646548310 7165236211605 8008776769320 7094387575689 6977522445648 9183166268910 8451980059950 9324919446520 12034836429124 13951941271006 13015077533530 13637584189870 13284503788430 14165243534410 13224980791120 14942281910955 20075836625552 18156207106920 18364351415635 15525863441854 30620809607633 25084244326739 20388526036462 31131649257540 33893567309548 31428086321855 22786368439430 24724946926333 31130126678964 38309886902018 27997481629388 50757534374948 36121961289447 32994351991013 39867855699208 53788967136594 50995134187518 46901270986599 56574802632996 45788209189867 50310794857455 54767284733340 52983901664320 64861575358410 54884593582959 59700069116625 83475923178195 70595461200369 54818536026295 83416768653946 64750479629475 84423274195722 106996058739367 49804794323742 54084547550013 137016993128015 84993116037468 92247484695396 100103495040444 108609635702460 117818199767000 159731953480785 138572505290076 187805667912850 203590318136810 88265869768510 143478719237760 155460155516136 168414446012841 121612270876658 131703171940550 142608371029838 231587677990536 250683311777613 90436839668817 195725867407170 317646740168199 114540884553038 123888443077259 133978259344888 144867692496445 156618412527946 169296722391554 182973889854026 395453033363344 213636919820625
7 11
1 1
4 15
