9 20 21 32 33 44 45 57
305 226 1125 208 1076 26 104 1
8004 1358 5695 374 1666 28 108 1
69237 176941 1997999 83777 283251 1156 2528 1
9 20 21 32 33 44 45 57
305 226 1125 208 1076 26 104 1
8004 1358 5695 374 1666 28 108 1
69237 176941 1997999 83777 283251 1156 2528 1
3 4 5 6 7 8 9 10 11 12 13 14 15 16 17 18 19 20 21 22 23 24 25 26 27 28 29 30 31 32 33 34 35 36 37 38 39 40 41 42 43 45 47 50 54
48 414 910 1635 2038 2785 2353 2005 1326 1042 542 410 294 228 191 178 137 115 89 72 75 55 43 50 26 36 25 30 13 11 12 5 11 4 2 6 3 1 3 3 1 2 3 1 1
48 487 1407 3562 6352 12917 16851 21964 23136 28817 21999 22994 24781 24013 27853 35399 35281 41782 44160 43500 56039 63926 49390 69249 47398 90095 67278 116290 62158 64079 87070 41704 81290 33396 24620 128217 65720 35954 161793 78837 37338 149352 201697 124754 239943
3 4 5 6 7 8 9 10 11 12 13 14 15 16 17 18 19 20 21 22 23 24 25 26 27 28 29 30 31 32 33 34 35 36 37 38 39 40 41 42 43 45 47 50 54
48 414 910 1635 2038 2785 2353 2005 1326 1042 542 410 294 228 191 178 137 115 89 72 75 55 43 50 26 36 25 30 13 11 12 5 11 4 2 6 3 1 3 3 1 2 3 1 1
48 487 1407 3562 6352 12917 16851 21964 23136 28817 21999 22994 24781 24013 27853 35399 35281 41782 44160 43500 56039 63926 49390 69249 47398 90095 67278 116290 62158 64079 87070 41704 81290 33396 24620 128217 65720 35954 161793 78837 37338 149352 201697 124754 239943
