2 3 14 15 26 27 38 39 50 51
8 32 424 695 10027 19528 18374 35790 5623 9476
67 453 1532 2607 93803 182646 68965 131433 7349 12051
1797 28674 228345 774112 32808209770389197 85080525521005700 1875169845849800522 3291494341724397339 4421368555751 3872721946595
3 14 15 26 27 38 39
1 19 41 139 260 5 13
3 35 73 246 422 5 19
30 745 2302 4222893 6316896 2469 29191
3 4 5 6 7 8 9 10 11 12 13 14 15 16 17 18 19 20 21 22 23 24 25 26 27 28 29 30 31 32 33 34 35 36 37 38 39 40 41 42 43 44 45 46 47 48 49 50 51 52 53 54 55 56 57 58 59 60 61 62 63 64 65 66 67 68 69 70 71 72 73 74 75 76 77 78 79 80 81 82 83 84 85 86 87 88 89 90 91 92 93 94 95 96 97 98 99 100 101 102 103 104 105 106 107 108 109 110 111 112 113 114 115 116 117 118 119 120 121 122 123 124 125 126 127 128 129 130 131 132 133 134 135 136 137 138 139 140 141 142 143 144 145 146 147 148 149 150 151 152 153 154 155 156 157 158 159 160 161 162 163 164 165 166 167 168 169 170 171 172 173 174 175 176 177 178 179 180 181 182 183 184 185 186 187 188 189 190 191 192 193 194 195 196 197 198 199 200 201 202 203 204 205 206 207 208 209 210 211 212 213 214 215 216 217 218 219 220 221 222 223 224 225 226 227 228 229 230 231 232 233 234 235 236 237 238 239 240 241 242 243 244 245 246 247 248 249 250 251 252 253 254 255 256 257 258 259 260 261 262 263 264 265 266 267 268 269 270 271 272 273 274 275 276 277 278 279 280 281 282 283 284 285 286 287 288 289 290 291 292 293 294 295 296 297 298 299 300 301 302 303 304 305 306 307 308 309 310 312 313 314 316 317 318 323 324 325 327 328 332 333 334 335 341 342 343 344 345 346 347 349 350 351 352 353 358 360 361
288 1306 2998 5186 7649 9312 10745 11404 11558 11541 11330 11083 10895 10447 10403 9722 9650 9183 9032 8703 8431 8019 8118 7595 7522 7463 7188 6874 6913 6435 6401 6146 6174 5876 5829 5734 5644 5397 5375 4930 5014 4820 4740 4571 4587 4234 4358 4053 3965 4022 3839 3779 3762 3502 3538 3308 3204 3140 3134 3002 2974 2872 2883 2803 2617 2581 2564 2515 2362 2335 2302 2252 2163 2141 2049 1979 2067 1944 1910 1801 1786 1696 1744 1704 1687 1567 1585 1504 1512 1434 1399 1371 1305 1240 1324 1180 1155 1187 1153 1162 1104 1041 1046 924 957 980 906 982 901 845 924 814 809 792 763 770 745 653 696 653 638 641 617 592 617 510 550 548 517 513 505 540 546 463 451 467 409 422 412 436 404 363 381 360 343 315 312 292 352 338 323 313 300 303 290 293 269 259 233 241 259 221 227 191 236 187 174 189 193 146 193 186 167 167 144 157 156 143 131 136 103 137 134 100 128 120 122 119 96 98 98 82 110 90 77 95 87 88 84 64 83 72 63 83 75 64 67 56 70 63 54 55 49 52 58 36 38 31 36 44 42 57 39 33 19 34 20 34 28 38 38 29 28 23 24 18 30 27 22 26 26 32 27 26 20 24 11 19 19 12 14 19 18 22 21 16 14 6 9 9 10 14 15 14 9 9 8 4 2 5 5 7 9 10 6 2 6 8 2 1 5 7 8 9 5 6 4 3 2 3 2 4 4 4 6 4 5 3 4 2 1 2 3 4 2 1 2 1 2 1 1 2 1 1 1 1 2 1 1 1 1 2 1 1 1 1 1 1 1 1 1 1 1 1 1 1 1 1
288 1427 4266 10196 22100 40851 71265 116551 179618 268011 392138 559751 785333 1071884 1470114 1890933 2548725 3224547 4224314 5357817 6759588 8297406 10743824 12969055 16377735 20638269 24908129 30025358 37115072 43951766 53667246 64115764 78540000 90834987 109725141 131260729 154927252 185964408 220437105 245232687 301878251 339044069 406343589 462606292 561590140 603197990 741575560 817369777 947067217 1141768547 1264259592 1473519537 1737097956 1899986909 2218025129 2432112011 2760346502 3117427249 3626532007 4039314847 4614720283 5260495811 6114029128 6768647707 7384721245 8336527091 9649591269 10802374704 11677052057 13282863269 15149928306 16984608395 18879294154 21270841513 22898612725 24599988825 29868078419 32918995548 36270105791 39417939348 44224413773 47209150168 55413270583 60747005186 69814094235 73756936377 84168342421 90110274397 100803927421 109366979389 121617822823 129110858282 144222861057 151632347551 183959238562 188459065658 200600427541 240883460866 255670544810 292780517731 308160919137 330583869501 375014352135 365253857200 434909508856 485871637400 511643334127 622685672558 623642238943 658261397416 820057097978 794529679246 894367249142 955449799115 1037437691084 1153441772082 1271139435646 1238081002328 1442039851633 1546370322744 1688084801895 1896756040322 1993996219556 2152157092501 2435460774654 2312720154627 2669924866235 2913452375123 3187973471864 3385615613124 3873037287127 4418264367361 4980294081815 4498616017765 4942637225506 5724753768210 5377139501719 6278218472111 6432626953975 7882936538246 8047613306013 8001667143243 9178578731454 9688587774450 10107971209809 10035593146097 11198184090465 10898702812427 14846755898447 15749683750326 17926376092252 18134811494631 18867061697987 21157718187881 23427565225206 25986815815222 25220659810308 27386733815537 26830063938177 30886078803857 36594057152380 34428673416247 38072265855751 36363208709183 48513838120496 38862314436780 40778418593351 50242946796915 52633773421797 45353049474640 65330280470234 68325154460283 68510933922439 70465585084944 68292039990420 83231570281189 88168773139820 94208797442455 99120906020025 108737422513270 89251928626811 118984448274066 130712307066727 107677743735330 148154975732349 150515286024208 164967025630344 175239084811852 160414432014930 180816096095390 196530012253416 178288784572978 246292821548309 219233248899794 213691321510616 281669097146032 285010109336356 297600767387230 324864080433827 267048280040625 401340638621972 389008714588388 360162384526543 496545591900485 490647633370864 436240770564060 523301782020241 478428657666105 597999364065710 648289424413984 560952299130248 638801165033143 651531099964145 688559093576258 835521408731961 578953426856882 629822626683971 601085647857928 719580260007785 981999246644172 1015903011522299 1450036628391678 1179655422797109 1079195740202160 573556363557836 1207990202931423 781426424071308 1404560726263200 1283497286668353 1797589082981831 1846958288230067 1666444563295729 1713628842811369 1612483373804258 1981236795212513 1329972663558278 2584003384081658 2434578468939388 2088485847616843 2615569619984790 2881680956405985 4000046142891965 3410636123613503 3894702105450214 2796562281243102 4340309063021457 1871380589632279 3938851547788614 4315969691896816 2879544055516079 3523622987204542 4997330340608969 5319215534716245 6410400708603673 7073448677002940 5489531968968319 5194261233578782 2254524427956315 4471268670163771 5216841527600869 6155075677393630 8093317356435772 9341901741677707 9452586506966923 6364206284747815 6913732553122508 6898876314315913 4076936450224776 1744371838683174 4734023326466595 5024898089696109 7432423443525308 10529689919070362 12464775851358976 8073706333611760 4346479623198075 9707450339537030 13723274073297858 3658842536648853 2040825852575075 10514050181090257 15703369849088002 19433953496825649 25985287680962491 16809352322049250 21236132777165211 16275581625420537 13590336047947092 7304861672142106 11777766484468266 8753641655487981 18812582366745940 20575151265733100 22491970767802420 34988269722138360 25052876018349206 33391722669628926 21411265366902246 30468943620474792 16650744660408065 8620496275465025 19184055329127103 31971993697646517 45742168311288416 24538436038458930 13162217895057704 27280880560337709 14118662665280005 33653966668976958 17414180133147295 20017426762576945 46000013310974674 24650106150830490 26415807633566326 37274405776748077 39919565526999991 85496156071909392 49005643635237875 52462044228828641 68834885946073850 73653287861850339 157602510605333230 84300815636225119 126108517833796355 134819180623301520 144117936527873832 154043597379576030 164637479165761044 175943559810422753 188008647052292980 214618299743286299 229272286871217150 244904537455382406 261578907351144125 279363328483702152 387632532919029223 441622981929358437 471314064268398780
3 4 5 6 7 8 9 10 11 12 13 14 15 16 17 18 19 20 21 22 23 24 25 26 27 28 29 30 31 32 33 34 35 36 37 38 39 40 41 42 43 44 45 46 47 48 49 53 60 67 70
3 8 16 31 41 56 53 58 43 47 33 50 30 37 38 27 23 17 16 22 12 12 6 14 13 10 10 6 5 9 5 4 3 3 6 9 2 1 5 2 2 3 3 1 2 1 1 1 1 1 1
3 12 28 76 130 291 372 784 683 1408 1228 3385 2238 4764 5792 6067 6221 6361 6464 13413 7746 11649 7395 23902 30848 31217 26366 35658 21341 69216 26465 37458 40476 41704 92380 175709 51373 49240 156581 104060 107019 113106 163842 149352 212696 159522 63261 204226 1053646 2600312 4647040
