9 20 21 32 33 44 45 56 57
226 3647 5476 20117 21180 19270 20414 4867 4788
12820 81153 126373 192584 198252 63078 64766 6724 6560
1395838 4779630325 12399388118 5109708860887481339 1826126851477203131 520580556099802010 522036199330779227 3386040187391 1921268410704
9 20 21 32 33 44 45
52 313 455 145 145 1 1
544 1293 1905 222 199 1 1
27753 14037397 46698134 5181518 386006 11 22
3 4 5 6 7 8 9 10 11 12 13 14 15 16 17 18 19 20 21 22 23 24 25 26 27 28 29 30 31 32 33 34 35 36 37 38 39 40 41 42 43 44 45 46 47 48 49 50 51 52 53 54 55 56 57 58 59 60 61 62 63 64 65 66 67 68 69 70 71 72 73 74 75 76 77 78 79 80 81 82 83 84 85 86 87 88 89 90 91 92 93 94 95 96 97 98 99 100 101 102 103 104 105 106 107 108 109 110 111 112 113 114 115 116 117 118 119 120 121 122 123 124 125 126 127 128 129 130 131 132 133 134 135 136 137 138 139 140 141 142 143 144 145 146 147 148 149 150 151 152 153 154 155 156 157 158 159 160 161 162 163 164 165 166 167 168 169 170 171 172 173 174 175 176 177 178 179 180 181 182 183 184 185 186 187 188 189 190 191 192 193 194 195 196 197 198 199 200 201 202 203 204 205 206 207 208 209 210 211 212 213 214 215 216 217 218 219 220 221 222 223 224 225 226 227 228 229 230 231 232 233 234 235 236 237 238 239 240 241 242 243 244 245 246 247 248 249 250 251 252 253 254 255 256 257 258 259 260 261 262 263 264 265 266 267 268 269 270 271 272 273 274 275 276 277 278 279 280 281 282 283 284 285 286 287 288 289 290 291 292 293 294 295 296 297 299 300 301 302 303 304 305 306 307 308 311 312 313 315 316 317 318 319 320 321 322 323 324 325 326 328 329 333 337 339 340 343 349 355 357 359 364 371 377
242 998 3496 5857 11909 13702 20975 19718 27044 22340 28459 21513 26380 18884 23250 16698 20803 14366 18536 12988 16595 11677 15056 10771 13778 9688 12830 9183 11866 8443 10860 7782 10112 7056 9327 6484 8481 5990 7772 5632 7310 5076 6710 4880 6504 4651 5922 4295 5818 3912 5173 3704 4901 3584 4562 3389 4368 3137 4136 2910 3888 2895 3694 2621 3527 2492 3273 2268 3181 2178 2966 2001 2894 1993 2644 1795 2579 1742 2348 1648 2377 1531 2238 1511 2136 1428 1913 1296 1862 1264 1823 1174 1693 1200 1569 1065 1514 1029 1508 957 1451 964 1372 861 1287 853 1260 798 1187 775 1148 690 1069 717 1035 691 986 638 911 604 855 578 823 486 748 541 733 496 673 453 680 421 642 452 601 398 567 391 527 361 483 358 497 328 463 322 457 308 432 277 397 243 378 247 387 255 363 230 306 197 276 186 251 206 266 183 236 154 223 147 250 153 239 139 192 135 187 116 184 114 202 111 156 99 159 97 146 84 141 89 132 68 108 80 123 69 120 68 93 60 98 52 86 52 84 52 67 43 68 46 54 45 65 32 64 38 62 33 45 30 59 44 48 33 42 20 52 26 41 32 39 31 45 26 42 16 33 13 31 15 33 12 48 19 33 8 21 7 17 7 18 5 16 8 14 10 16 15 12 4 11 5 14 9 11 4 14 1 15 5 10 7 13 4 4 4 7 4 6 4 7 3 3 2 7 5 3 1 5 1 3 1 2 1 3 3 2 4 3 4 2 1 2 4 3 4 1 1 2 2 3 5 5 2 4 4 6 2 2 4 1 1 1 2 1 1 1 2 1 2 2 1 1 1
242 1075 4693 10748 31346 53434 122413 175573 363755 453056 869796 978268 1778851 1835991 3217606 3199730 5600894 5081797 8983688 8121019 13984494 12350896 21443477 19252083 32492993 28524070 47931709 42139644 70754922 60341591 99440910 84476442 141992656 115447044 197619881 157714093 265505439 216816286 356972646 293023745 479324523 379109469 622830096 525818301 849852079 702266659 1094303672 924622923 1499760067 1170359276 1814910414 1502075308 2354435448 1995383122 3006690033 2519847983 4018028413 3168003041 4991994097 4030217662 6184124476 5387929623 7999488845 6440502860 10193006550 8138122258 12677428159 9470068084 15828807339 12393726051 19772166160 14957867726 25669187322 19313627437 30380947352 22788846867 38100666475 28870623886 45355462725 34530745843 61090253196 41344142439 71301859860 53360879214 90465852972 63812124537 103799208228 75828496970 128296553979 89961219603 160148406943 114519157857 192736779065 143610289503 221317733085 164665079309 271134597604 202759571978 341844881322 237903061781 413528567964 293005873970 497540029147 335858855191 576520604969 412245307428 696036541691 494416088375 839858401290 572536821092 1027348935068 660760988581 1203101201338 840636012437 1423176371958 1042040556590 1679184456518 1124754281400 1949469901800 1406475820412 2265293036795 1589177274349 2790429885305 1719558787953 2997955813300 2281898230571 3780934514804 2622316515612 4211239644508 2810661643022 5160395532835 3455191448543 6173260304266 4432343473087 6824538159664 4759849712823 7838559982585 5660006703401 8903450677938 6617509350119 9989811019049 7563131571691 12027400154035 8332434239812 13784239488234 9880489606833 17230626157973 12035641599999 19270117190339 13603517452456 20789599302253 13463151306686 25609961814832 16480959983544 30964212415368 21118513667820 37330231644522 22620747937052 36190099477402 23657338260087 39965885407511 27934949690743 42608419363456 38297593282738 54812741278961 40231848924368 56084053786389 41065283158564 63233014737521 45869471900842 83704947350825 59211813293336 101744073640092 62111054740222 92893463386435 71085430695843 116160156203143 75476102291010 126254975376350 83325993391560 160784096122760 99953957445204 147452348327104 105881602300920 198316980342162 131615178089273 203496066249546 128018615614075 235587195751732 165626205530635 245958136258367 147742221943340 248984647722168 207245865411532 360119308745454 209944189016366 398956115001998 239869957673757 356628295683273 238632275793899 454138792904106 288559206525690 465282055670013 307585331263351 555615520447289 363079954743871 472097202798724 362001256301739 652210252462230 494242570774585 580406965991729 543619886460792 856370840929379 392187912472480 949511835502524 558414693343391 1104095455445063 534342793997044 904059052766962 588187641662959 1291314599147433 1141778805697893 1339917143905668 1042884075385794 1278941816083012 659796319484258 1924484177082741 997666814642410 1862133836781195 1587802686515265 2038993635821455 1655298427831669 2716909023372204 1615180072502618 3054616934194075 1167182490400656 2921952258833174 1269759576679535 2891952078017325 1601460887650566 3484897184665791 1380212944608917 6373310843208195 3162929176624791 5525579597867473 1184165553794450 3355160981901227 1370048661792632 3410268988644482 1553464656109391 4084981730971652 1136811137279349 4474521637350752 2198403129927211 5109132032689878 3527698723199360 6032222056370543 6482147414673087 5414705629975546 1706135595922744 5272180360808451 2904836183776326 8492417169696198 5818305750081903 6847103511581981 2737807446950529 12037302595310093 779050629562167 12919917845249940 4593874803210065 11568441632795424 7362738217559813 15066833598621262 4880039004443487 6574299630851781 7078814152508230 11112117355902209 8078827357433961 12354551445029317 7451970743832021 14617099306488307 6587358935047548 7265390880721120 5081905180091396 19954338726360825 14724951895322619 9955305891122543 3652430836071053 18809136831192003 4219388528587095 13287894782388867 4872038056472084 10468742139507344 5234371069753672 17702520456141635 20418374415470750 14959130157021168 32120993539772160 25861488826395075 36379745085635831 19861944784807002 10657331232548839 22871084155644208 49076872076917860 39486653685173112 63862312346346183 17414180133147295 18671488299600364 42916192074705782 46000013310974674 73950318452491470 130313336685095794 141525101704980015 60652363979685928 129953173405866616 139203819477763320 223646434660488462 79839131053999982 85496156071909392 180065153666688780 52462044228828641 56156602112874289 73653287861850339 192900220384405520 110307860425292772 117949491546113972 144117936527873832 429236599486572598 318555973788329084 726235024096220010 827532361866684724 572612058898037559 899175348396088349 1319510599727473500
3 4 5 6 7 8 9 10 11 12 13 14 15 16 17 18 19 20 21 22 23 24 25 26 27 28 29 30 31 32 33 34 35 36 37 38 39 40 41 42 43 44 45 46 47 48 50 51 52 53 54 56 58 59 60 62 63 64 66 67 68 71 74 76 78
1 32 49 157 155 286 250 382 271 331 210 287 151 207 127 149 80 120 69 93 61 81 47 61 41 56 31 51 30 36 18 31 15 27 16 24 10 10 8 19 11 15 4 9 7 4 6 3 2 1 3 1 3 1 2 1 1 2 3 1 1 1 1 1 1
1 38 67 370 455 1446 1781 4676 4410 9203 7426 17114 11179 24528 19932 33876 20378 40780 30603 64558 44677 75015 61639 113588 67067 159269 91136 239325 146890 213762 125597 348403 150805 287202 288249 652968 230296 520263 240778 920426 434320 861203 193853 765973 685214 674579 1028172 368051 544054 173525 648395 281589 2670976 386155 1580469 715220 966467 2899401 5200624 1741630 2012558 3087735 8175936 10785566 14179000
