0 1 2 3 8 9 10 11 12 13 14 15 16 20 21 22 23 24 25 26 27 28 32 33 34 35 36 37 38 39 40 44 45 46 47 48 49 50 51 52
1 1 4 4 8 30 21 36 35 43 63 75 4 57 146 134 196 295 552 985 1491 142 2088 5842 6862 7582 8439 9013 9603 10198 793 3779 8900 7696 5950 4287 2611 1407 583 27
4 4 13 9 10 38 32 51 57 62 96 114 4 101 228 211 326 554 1234 2477 4136 433 6381 17795 20262 21745 22863 23436 23743 23869 1754 5943 13385 10729 7751 5219 3014 1530 583 27
44 8 149 79 26 198 273 596 536 716 5019 3692 45 1578368 540718 1385385 15961003 1558553 1936149 47849813 2014427314 82492038 78137560247365 1095990502393408 1749242888154711 6492970823014277 30955441038494685 40517766913509522 34111626294984968 40656017895110931 32420026836463792 3207910698142408 3243061461788493 682890796915195 118856544683534 16656842421462 1628170529414 88025525963 1334286057 1772733
20 21 22 23 24 25 26 27 28 32 33 34 35 37 38 39
3 2 4 2 3 3 2 4 1 2 6 12 10 5 4 2
3 2 6 3 4 3 2 5 1 2 7 13 11 5 4 2
2459 532 56307 2460 103 55 493 460 7 12 309 285 574 420 21 386
3 4 5 6 7 8 9 10 11 12 13 14 15 16 17 18 19 20 21 22 23 24 25 26 27 28 29 30 31 32 33 34 35 36 37 38 39 40 41 42 43 44 45 46 47 48 49 50 51 52 53 54 55 56 57 58 59 60 61 62 63 64 65 66 67 68 69 70 71 72 73 74 75 76 77 78 79 80 81 82 83 84 85 86 87 88 89 90 91 92 93 94 95 96 97 98 99 100 101 102 103 104 105 106 107 108 109 110 111 112 113 114 115 116 117 118 119 120 121 122 123 124 125 126 127 128 129 130 131 132 133 134 135 136 137 138 139 140 141 142 143 144 145 146 147 148 149 150 151 152 153 154 155 156 157 158 159 160 161 162 163 164 165 166 167 168 169 170 171 172 173 174 175 176 177 178 179 180 181 182 183 184 185 186 187 188 189 190 191 192 193 194 195 196 197 198 199 200 201 202 203 204 205 206 207 208 209 210 211 212 213 214 215 216 217 218 219 220 221 222 223 224 225 226 227 228 229 230 231 232 233 234 235 236 237 238 239 240 241 242 243 244 245 246 247 248 249 250 251 252 253 254 255 256 257 258 259 260 261 262 263 264 265 266 267 268 269 270 271 272 273 274 275 276 277 278 279 280 281 282 283 284 285 286 287 288 289 290 291 292 293 294 295 296 297 298 299 300 320
265 992 1960 2917 3881 4537 4887 4955 4987 4779 4600 4455 4405 4242 4186 3977 3729 3655 3768 3687 3653 3502 3413 3284 3211 3102 3080 2929 2904 2860 2787 2671 2611 2502 2521 2430 2401 2344 2262 2195 2183 2121 2046 2020 1928 1891 1897 1808 1778 1745 1653 1597 1605 1614 1566 1517 1460 1305 1324 1390 1391 1341 1283 1237 1245 1195 1196 1141 1109 1099 1065 1014 1000 969 960 937 955 913 904 847 813 822 782 757 748 707 684 713 681 648 642 619 595 623 607 607 597 562 489 504 514 512 483 477 459 463 428 442 439 409 402 397 374 361 360 348 368 355 355 339 316 297 305 287 288 259 251 239 247 214 238 204 215 191 213 196 219 200 198 163 158 167 172 168 160 165 165 155 156 150 146 146 134 136 120 124 123 134 129 131 113 100 97 96 93 92 84 82 74 75 69 66 61 65 60 66 65 64 63 64 42 43 51 50 49 49 50 48 46 44 45 49 49 48 47 38 39 42 41 40 36 33 29 27 26 25 26 23 23 19 20 15 16 15 20 16 16 18 18 17 17 14 10 11 11 11 11 10 11 11 13 12 12 12 11 10 7 9 10 11 11 11 9 7 6 5 5 5 5 5 4 4 2 2 2 5 5 4 4 4 4 4 3 2 1 1 1 1 1 2 1 1 1 1 1 1 1 1 2 3 3 3 3 1 1 1 1 1 1 1 1 1 1 1 1 1 1 1 1
265 1055 2830 5996 11959 21314 34994 54073 82018 116469 164071 227951 316803 425030 572982 741513 929058 1208313 1640751 2083785 2692538 3324009 4174008 5106454 6339065 7671124 9625282 11405553 14058628 17096629 20587316 24255784 29307658 34003787 41576919 49093245 58715523 69214748 80138847 93109673 111156520 130595192 151399324 179642849 202273211 236584637 279877943 320656066 371443940 433797750 478511638 547783517 637896557 759916621 856168030 976345842 1107156312 1149137823 1338884337 1633723013 1882947940 2113112073 2354850457 2589329661 3007957320 3320936146 3852168820 4231402138 4770867824 5392118553 6021322525 6535569322 7442355925 8047020893 9293689020 10289950285 12133877230 13201210592 14839658942 15623133319 17130812924 19528195923 21420908686 23864615667 26653385264 28747984616 31213658286 37034832050 40395704326 43455633572 49228970664 54052420033 58292144537 68706458866 76013771368 86250799322 94224306426 100820034020 98317861280 111252039681 126844521948 142506399645 151061863277 166478562033 178944643057 201539657577 209794136327 240843064205 266607408896 277901026013 306081133877 331683685728 349001061570 373105165619 422655530952 454041200139 540044587163 581960957418 654966806876 681274329520 702479965925 731566806124 850402982044 902102244106 1019844902054 1030430304199 1088795234212 1141443134197 1297484341704 1252203301020 1551232155664 1469130484910 1728423616301 1682309336752 2099172120580 2135102764498 2634045731597 2676460509175 2956182046005 2726566152478 2775364838036 3209921549777 3653953801357 3928779813092 4151194269450 4728494286956 5168932696801 5391771833023 5938469412798 6320602349532 6797793791172 7438268048484 7621613576257 8425217530209 8065802426250 9183164775981 10123968775611 12132591188440 12855404020186 14457137837527 13462791190298 13016001792590 14015110853016 15245293682066 16353555448230 17798399001531 17670364997470 18495613266755 18564750708465 20539020871760 20668448635832 21803545778177 22853942020466 26793147760292 26251153207707 30865895428085 33341699285595 35966212947480 39010141582295 43187549162000 31760091552037 34031110026369 44330814333322 47751371432516 51243467519320 55946679910683 62231130476090 66733895402651 68233284301338 69656211872921 78871939812651 94485855297836 102982569243195 108078618391845 118301431911716 101750644279983 114485121336546 136149577705679 145653029710788 155127339401015 153201417784527 149033729521615 141751455887077 144541651267990 152264357696031 160185044243430 186534594254335 175931405148090 187192962899564 163746485841711 195899118851772 155754753036820 189507635828314 184070414274842 281558893237507 237844631011003 259531161884740 315121835606129 342238328118227 350502014510553 380532879710361 361777420424279 242402727256062 285917287188741 310187203262440 336459253131285 364893975789537 358103292265394 432114049677022 468387927442340 599581287526970 597877749507792 647749203057954 701665704655656 694094742481349 680326257881326 516804420050212 726589090283403 869989717973440 1039361800565595 1124608148854323 1216656540931893 1086953312122668 927757999146587 858316721827113 771341342608229 833805302094162 901192281807658 973879956580714 1052274195964172 923174217458724 997165804674236 538465402505158 581453915832224 627783982613330 1644346775359370 1774957229109706 1520946487052278 1641313522129426 1770957669716062 1910575370419042 2060913995338910 1646102800764386 1243674833019230 670448123060170 722760953690372 779050629562167 839611730366814 904760108316360 1879594478260985 1050197489931117 1131238503938606 1218374349844333 1312051800816215 1412749565173450 1520980492851175 1637293969337171 1762278433057269 3793128207183168 6122477557725225 6587358935047548 7086657436013133 7622857770137094 2732873183547535 2938929793929555 3160137867148997 3397584011986773 3652430836071053 3925922161489422 4219388528587095 4534253126900886 4872038056472084 5234371069753672 5622992691950605 6039763882095515 6486674127079088 6965850144195831 7479565078510584 30326181989842964
4 5 6 7 8 9 10 11 12 13 14 15 16 17 18 19 20 21 22 23 29 30 45
2 12 4 8 3 8 3 5 3 3 3 2 2 2 1 1 1 3 1 2 2 1 1
2 18 8 24 13 72 31 103 66 114 128 112 161 236 135 176 405 1232 385 980 4872 2436 53174
