23 35 47 59 71
1625 24381 42613 22239 9135
340799 836277 323007 81765 13000
9952793260142 37428971932911958148 11603464564752198887 712343872407295292 16472908216659
23 35 47
170 685 167
821 1822 246
55077127 68905578 1094766
3 4 5 6 7 8 9 10 11 12 13 14 15 16 17 18 19 20 21 22 23 24 25 26 27 28 29 30 31 32 33 34 35 36 37 38 39 40 41 42 43 44 45 46 47 48 49 50 51 52 53 54 55 56 57 58 59 60 61 62 63 64 65 66 67 68 69 70 71 72 73 74 75 76 77 78 79 80 81 82 83 84 85 86 87 88 89 90 91 92 93 94 95 96 97 98 99 100 101 102 103 104 105 106 107 108 109 110 111 112 113 114 115 116 117 118 119 120 121 122 123 124 125 126 127 128 129 130 131 132 133 134 135 136 137 138 139 140 141 142 143 144 145 146 147 148 149 150 151 152 153 154 155 156 157 158 159 160 161 162 163 164 165 166 167 168 169 170 171 172 173 174 175 176 177 178 179 180 181 182 183 184 185 186 187 188 189 190 191 192 193 194 195 196 197 198 199 200 201 202 203 204 205 206 207 208 209 210 211 212 213 214 215 216 217 218 219 220 221 222 223 224 225 226 227 228 229 230 231 232 233 234 235 236 237 238 239 240 241 242 243 244 245 246 247 248 249 250 251 252 253 254 255 256 257 258 259 260 261 262 263 264 265 266 267 268 269 270 271 272 273 274 275 276 277 278 279 280 281 282 283 284 285 286 287 288 289 290 291 292 293 294 295 296 297 298 299 300 301 302 303 304 305 306 307 308 309 310 311 312 313 314 315 316 317 318 319 320 321 322 323 324 325 326 327 328 329 330 331 332 333 334 335 336 338 339 340 346 348 350 351 352 353 354 355 356 359 362 367 370 371 374 376 378 379 380 386 391 394
269 1373 3650 8621 14598 21273 29727 36087 38836 39529 40613 38671 38383 36681 36292 34389 34240 32098 31978 30496 29808 28515 28580 26551 26778 25755 25060 23917 23777 22353 22652 21225 21129 20286 20107 19015 18620 17808 17915 16669 17013 15954 15865 15276 14877 14214 14302 13491 13499 12922 12659 12171 12096 11090 11160 10895 10589 10159 9919 9683 9479 8936 8839 8369 8578 8242 7719 7752 7353 7123 7082 6580 6617 6635 6291 6189 6034 5672 5581 5370 5300 5126 4976 4859 4702 4539 4415 4041 4235 4161 3876 3815 3896 3645 3592 3326 3344 3298 3200 3137 2951 2754 2874 2618 2642 2583 2478 2321 2399 2217 2237 2053 2221 2159 1992 1882 1881 1754 1775 1624 1727 1588 1493 1554 1533 1378 1447 1316 1351 1279 1250 1147 1219 1148 1171 1051 1073 1034 1000 947 1022 917 921 778 891 848 833 747 875 743 762 685 748 687 698 709 672 629 655 586 627 551 618 529 559 478 507 442 515 478 533 507 413 460 402 404 396 371 340 319 379 340 326 315 309 307 286 235 247 234 258 218 227 236 211 234 209 221 161 158 167 186 142 192 135 149 108 141 137 133 118 133 126 127 97 100 94 106 97 84 87 110 80 83 82 75 79 72 78 76 55 76 76 61 69 53 63 55 51 48 54 128 55 63 52 50 29 40 33 40 35 26 30 30 35 38 22 42 20 26 27 33 21 24 27 21 17 21 18 17 23 26 17 31 13 26 17 17 10 18 10 18 9 15 10 10 12 18 9 6 10 7 11 7 8 7 3 3 4 5 7 8 9 8 8 6 8 8 4 7 3 4 9 5 2 6 6 1 4 8 7 10 2 4 4 2 4 6 5 1 3 2 4 1 1 1 1 6 2 1 1 1 1 1 2 3 3 2 3 4 2 1 1 2 2 1 2 2 2
269 1475 5052 16142 37785 80199 159352 294260 474166 755709 1155330 1668539 2390994 3336582 4651821 6193982 8394426 10812546 14328361 18128937 23534567 29688494 38189111 46437128 59502976 72758826 90059910 109202237 134913797 159665725 200049191 233369868 287942837 339607218 412196769 477329741 565199134 666013645 811740263 906793318 1100917002 1273098163 1486471153 1747018270 2015018637 2305536690 2717836553 3132727398 3631015485 4111763351 4839784959 5488637359 6312588158 6919243100 7931251519 9270955877 10450805647 11879189424 13205232445 15414146098 17054632729 19249831820 21627380837 24175652715 27896086720 31709661699 33796170776 39610893579 42710841233 48512765839 53837377526 60747930077 64883007342 77783321908 83391871122 97416611319 103286185097 116998578683 124753243253 143608382663 155747896102 173320132587 188924724274 217547404436 226297725545 260952543010 276683600986 295382618427 338737199992 392134095671 400935863682 453171246245 499748408731 538659406267 605557279722 653036216581 710269528907 801395324753 861649821053 954705251442 1004013776911 1087927433894 1213552579455 1300909357196 1402957515171 1623635140183 1655334266941 1786951550386 1900310149518 2187090790916 2311713286661 2481228546511 2811235828434 3195499453391 3100360840165 3439038994426 3829759744632 4027944894701 4406451995137 4680164130221 5256907013621 5545450449287 5451595305534 6494657786016 6981666139166 7349038579267 7798706327195 8602445430967 9420061756953 9917902851274 10818598875262 11210841003875 12273653654347 13150843107339 14085969811869 15778955554707 16226217232923 18572992762094 18407638510367 20947796504283 23322226122064 23620275966594 25488425078311 24932483562369 30019809232396 31719447130938 34446654686454 34815578727284 45059884772492 43038967028399 45335459992556 47137613873035 54737572959114 56545288494997 62344740611552 68901381636492 71748074333215 76618306583689 82816224441662 85367487430613 98180819899545 93565278947463 111676047270303 109599120573850 123030310274749 113962441275869 137877575825418 130401694738530 163673735366639 172474032901132 188663797727829 206353631468849 195537579073725 237671298865760 217978744324637 240995037878117 255307872631341 273795249200270 265165303287000 279891714554720 359401635213816 345315708268818 354875943412374 383674003863880 417920265109284 435575588233104 415231659330799 416950397657593 472842959736707 500344321767436 598877775688836 544798433926872 581752047320801 682625558594573 637794921803966 823927892122519 772540758811238 939043789722145 687439671320140 782461290003356 867640510372796 1062305795664461 830174408357610 1295597440597185 938324004247784 1222299776430885 945436863786528 1424328883116468 1381799220214580 1500150346897500 1352690014641084 1731728500272763 1746215671637684 1979632530346196 1567545590530897 1627298982698965 1704301367757778 2292171984559585 2158142866804426 2030791678422663 2240273283085643 3392557153517618 2380659639431124 2678277061840581 2991614801085129 2672304534037042 3365031456453492 3411454182788989 3729357791146155 4166180029355524 2816054166241479 4531688389178833 4827792616955515 4045849619401441 5223722623847502 4690268760652714 5157266161201882 5433149027294904 5048981797300182 4954148587276189 6474257427157983 15381642390735819 7697266045690569 9286987673821243 8682505977976868 8961046565650563 5965495913381395 8262322330742072 6977439575567200 9308197376085575 8969873065367048 7360469306400434 8508840769336304 9970927985822501 11784382468459041 13707837247031487 8590535994785930 17264808319795688 9611795524261598 15615493375802777 14088189006803738 21520202796694789 12967987797594681 15634569742279311 20072197167864209 18079403484631564 15040925761815171 21112013798714564 18759575242737486 20069500324610045 26422335400282502 32026238146104426 21941400468158625 45855436972279997 22447700258545008 45260718228793830 30700732102845118 33047874237588228 17900656878455537 38816804722630978 21183060821287955 46645228169941683 26391079932341963 49045781584875610 28373150904265633 30510489768230182 38666468983537960 76310730566707694 34239334151731322 27774921497523627 44083072875753696 32753126677019796 56853415740727216 52396287915367410 46234255106039570 44065988154602897 20418374415470750 28377115511098077 39049875311850288 56211738694601280 62873820573289483 88022972620271711 102941518124761700 110464366551854715 107921934348843102 76294307742861507 124198629676853142 146308077020685995 79005265085203377 134615866675907832 56014464898801092 78723768587331199 208818283274425126 133374308078520684 49300212301660980 176082146021285102 166051696631116664 30326181989842964 125628950682619236 276094977437552464 255973938622622045 431179741546244159 82667643562954687 219788951195020144 192789289449291653 104924088457657282 217237292683405860 356683351311207009 317406848276124744 64325374609114550 220959863585551017 157602510605333230 337203262544900476 90175434980549623 103151466321735325 110307860425292772 117949491546113972 1055661358862536518 401765112575366318 229272286871217150 244904537455382406 261578907351144125 279363328483702152 298330063062758076 637111947576658168 1020368430145732284 1241298542800027086 1005915133012000040 2085431140376838120 3373003154250113708 1798350696792176698 1089657644424399782 1238057794119125085 2812414893122968108 2996957487181162162 1596675274490756791 4665642397087784672 6385415036867065652 7701076869334858372
3 4 5 6 7 8 9 10 11 12 13 14 15 16 17 18 19 20 21 22 23 24 25 26 27 28 29 30 31 32 33 34 35 36 37 38 39 40 41 42 43 44 45 46 47 48 49 50 51 52 53 54 55 56 57 58 59 60 61 62 64 65 67 68 69 73 75 76 79 80 83
8 36 44 120 103 177 146 229 135 209 97 160 69 143 71 116 56 96 56 72 48 64 34 69 30 57 21 42 26 39 32 41 9 24 12 27 12 11 12 15 4 13 9 7 5 6 5 9 2 5 5 5 2 8 1 3 2 3 3 3 5 1 2 2 2 4 1 1 1 1 1
8 43 68 301 335 1008 1023 3001 2299 6458 3479 9466 5357 17438 10424 27037 14341 40656 24221 53851 40333 72688 38386 139513 64708 150467 60087 226131 133469 235122 183801 394633 112433 463013 193996 539015 327835 395077 365980 897751 197615 818252 657755 620215 546046 1211985 755441 1257757 252831 1350126 1306671 1753046 755502 2740452 386155 2316930 1432172 3349724 2044594 2658748 7462442 1932934 4341942 5224890 4647040 15351639 5392783 5392783 9289091 18578182 15796476
