4 5 6 7 8 9 16 17 18 19 20 21 28 29 30 31 32 33 40 41 42 43 44 45
24 53 103 161 194 126 175 447 536 1739 2521 1847 1807 4205 4313 17808 20800 11171 1201 2655 1992 10032 10792 5291
139 231 364 546 561 379 509 1164 1574 5891 10332 8426 7902 17692 16978 63577 71057 37087 2010 4299 3081 19791 20300 9382
4218 6943 6915 8015 6601 4422 72188 297086 3418597 10695898 60025999 138230848 12922950615949807 21340749120419741 20069232329469447 116572446455569831 110192516864111031 28287713426460188 4473784596284015 3941422668884321 2719552920230654 93179004775108131 46303042371634729 8806081429357887
4 5 6 7 8 9 16 17 18 19 20 21 28 29 31 32 33
3 1 5 3 5 3 3 7 12 45 67 25 1 2 23 26 18
5 2 12 5 5 5 6 10 16 59 87 30 3 3 25 36 20
21 10 130 18 25 14 184 3275 13278 310841 346821 4462 24 5 3331 34718 15515
3 4 5 6 7 8 9 10 11 12 13 14 15 16 17 18 19 20 21 22 23 24 25 26 27 28 29 30 31 32 33 34 35 36 37 38 39 40 41 42 43 44 45 46 47 48 49 50 51 52 53 54 55 56 57 58 59 60 61 62 63 64 65 66 67 68 69 70 71 72 73 74 75 76 77 78 79 80 81 82 83 84 85 86 87 88 89 90 91 92 93 94 95 96 97 98 99 100 101 102 103 104 105 106 107 108 109 110 111 112 113 114 115 116 117 118 119 120 121 122 123 124 125 126 127 128 129 130 131 132 133 134 135 136 137 138 139 140 141 142 143 144 145 146 147 148 149 150 151 152 153 154 155 156 157 158 159 160 161 162 163 164 165 166 167 168 169 170 171 172 173 174 175 176 177 178 179 180 181 182 183 184 185 186 187 188 189 190 191 192 193 194 195 196 197 198 199 200 201 202 203 204 205 206 207 208 209 210 211 212 213 214 215 216 217 218 219 220 221 222 223 224 225 226 227 228 229 230 231 232 233 234 235 236 237 238 239 240 241 242 243 244 245 246 247 248 249 250 251 252 253 254 255 256 257 258 259 260 261 262 263 264 265 266 267 268 269 270 271 272 273 274 275 276 277 278 279 280 281 282 283 284 285 286 287 288 289 290 291 292 293 294 295 296 297 298 299 300 301 319
506 1400 3312 4741 6235 6857 7833 7845 8062 7436 7400 6569 7188 6192 6269 5707 5736 5487 5590 5010 5131 4581 4780 4468 4470 3982 4082 3948 3977 3535 3724 3252 3621 3219 3256 2988 2982 2838 3030 2713 2810 2464 2736 2427 2549 2389 2300 2300 2285 2004 2203 1894 2141 1861 1963 1833 1731 1723 1777 1569 1723 1422 1631 1523 1519 1392 1445 1357 1403 1273 1394 1162 1319 1148 1192 1134 1082 1036 1099 980 1077 864 976 896 966 899 847 883 882 836 890 702 821 724 818 728 715 631 682 656 685 536 613 568 653 558 538 518 577 498 503 481 561 470 513 433 443 437 423 442 440 397 436 363 371 346 341 333 315 322 357 265 304 288 319 310 277 292 288 279 308 212 289 242 307 291 231 228 192 226 258 157 207 181 232 194 146 182 157 183 177 124 190 141 186 156 118 148 131 164 156 102 127 97 146 112 97 113 107 126 98 79 95 79 97 80 87 80 99 70 78 65 76 75 78 80 59 73 62 51 72 40 56 58 45 53 35 51 46 44 60 32 45 40 33 46 30 39 44 28 49 29 32 29 30 41 28 29 21 26 32 17 19 7 32 19 20 15 16 21 14 11 12 12 29 11 13 8 9 20 16 7 9 4 19 10 5 5 11 15 12 8 6 5 11 12 6 5 6 9 13 4 5 5 2 15 2 1 3 4 8 3 2 2 2 8 2 2 2 3 5 3 2 2 1 4 1 2 1 1
506 1512 4560 9464 18872 31501 54439 82053 128684 177231 257804 326493 509352 618009 851808 1054001 1428435 1813957 2466083 2850693 3815633 4359456 5857452 7053242 8837183 9873215 12724380 15202306 19538224 20908227 27534996 29698733 39934001 43431714 52797254 58890823 72012773 79869537 106378635 110004780 143017853 149022482 199068907 211311337 259791200 291478029 339634193 388236225 471580877 473895703 618580496 618561858 821617930 847147679 1021394165 1133751543 1250679371 1414809493 1733422903 1770828802 2247483200 2195229860 2904151263 3078716305 3562074494 3813814233 4626139957 4957387563 5990559524 6093360898 7831712859 7536561010 9706020129 9510472498 11198689967 12202299141 13777664496 14541395055 17580588028 17466026166 21929125665 20293980898 25505418877 28102421458 32729499961 35212856455 37365203132 44084155265 50588842409 54802754328 64545074973 58451057434 77523360422 76607194299 97439713571 98194389690 111402548994 108185586235 126521702856 137949468295 165518759277 144651196672 186139868261 188890063410 246755747913 230851555711 255607791856 269231017686 332593400595 326953529413 369656016807 394597035224 526671963696 489435534581 581566780114 560423849093 659341875555 709456016408 760982312132 871907052067 1003261611832 994857177633 1212582167830 1097013457185 1270902041401 1265769001140 1444546687250 1540827766517 1545619965046 1803872739572 2262632684910 1786393066568 2297141473850 2427613397445 3043508869853 3278088384075 3208966141947 3794774886627 4064152710979 4460909784755 5493158876464 4034068350566 6263193947817 5418004956086 7945745898443 8557966888475 7251509611392 7968988860645 6841477776751 9282110491372 12509267447742 8038372022523 11017541208217 10950749901526 15372166890360 14728225054139 10950094716786 17005852685155 15047773841961 19439854185022 20658018956178 15517490077378 27380034810859 20650622625683 30843446026054 30964680737392 23370901133028 34505811495586 31444767136318 43494503470633 51682255381605 32619467390376 47051262395933 36193705987631 61783458140585 53578335103311 49727841773725 64315461053790 62188586127065 83643815672780 70922168491171 63021780903690 84251113373822 73331011275973 96393651225986 92388544981320 106815668601096 102891052558517 142528004724727 109140154917588 134398757015304 122122432252986 152652663952962 171870911076030 185470140421509 206264827469230 164437095178015 233054701389505 215058485346166 190632793552769 283573261872280 181173086385978 258555597474192 290793530259925 258595527691667 318271578783071 229669105117935 348620699256240 348962513561776 369937875732942 525445242039850 329122500951509 480491975912893 455776153480229 420909704353501 612685229359600 453379705918217 609489049905567 753736217485624 532730325303037 1012434542226659 666605014228982 775391408527971 803609576294235 846977847844971 1282323630609370 959215947448807 1103559531865977 829823895816266 1198158592933317 1457130441845684 905104755678399 1010489565928938 420974961300921 2047082808430012 1311565877439007 1485000781784310 1208860080051552 1385107813014558 2017991137601445 1450274202041670 1233973816592503 1439923524306003 1567379847068140 4280694175984008 1687550377712903 2281405944436500 1422759616444792 1933007286333782 4225007186995641 3641226966202728 1708044364572157 2652444512357750 1162907831664448 5894452734654976 3363580369544785 1828747834353910 1944644273492210 4498007481978922 6758735592572849 5948903217130152 4160801118825583 3460036049683008 3064022340985628 7374929353661870 8673131444284464 4618014101501207 4137497551029423 5363412271948614 8703435067873360 13577204249118029 4524954015754424 6091871749221665 6372904102137311 2825499130346900 22706476465089900 3274587938674342 1762278433057269 5421120969706122 7874779912333318 17566290493460128 6920224602357938 5081905180091396 5465746367095070 5877859587859110 25281102937191976 6795168023973546 7304861672142106 7851844322978844 12364699218663612 22671265634504430 14616114169416252 10468742139507344 11245985383901210 6039763882095515 25499786263332779 6965850144195831 14959130157021168 8030248384943040 28305020340996003
3 4 5 6 7 8 9 10 11 12 13 14 15 16 17 18 19 20 21 22 23 24 25 26 27 28 30 31 32 33 34 35 36 39 40 41 43 45 48 52 55
1 7 17 27 35 32 23 21 23 13 14 13 12 12 3 11 7 6 6 4 3 3 2 7 3 2 2 2 1 4 2 1 1 1 1 2 1 1 1 1 1
1 12 25 73 100 167 185 274 365 398 496 704 981 1326 482 1855 1718 1502 2360 2662 1854 2514 1629 10806 6395 6156 6830 10892 7436 25942 18644 5604 11208 14883 24620 47743 26015 37338 63261 147273 239943
