4 15 16 27 28 39 40 51 52
49 592 905 13697 14295 23398 25808 10128 11113
3378 7908 12596 246572 245648 111684 119441 18194 19700
282033 3059659 6129410 2076861526085615720 7701924490645372322 4440365350039323337 2976931042101831264 1576129718945185 1347525333314203
4 15 16 27 28 39 40 52
9 83 152 231 255 15 16 1
83 666 993 490 561 18 19 1
5231 207218 320858 7750898 9735506 113579 18283 385
3 4 5 6 7 8 9 10 11 12 13 14 15 16 17 18 19 20 21 22 23 24 25 26 27 28 29 30 31 32 33 34 35 36 37 38 39 40 41 42 43 44 45 46 47 48 49 50 51 52 53 54 55 56 57 58 59 60 61 62 63 64 65 66 67 68 69 70 71 72 73 74 75 76 77 78 79 80 81 82 83 84 85 86 87 88 89 90 91 92 93 94 95 96 97 98 99 100 101 102 103 104 105 106 107 108 109 110 111 112 113 114 115 116 117 118 119 120 121 122 123 124 125 126 127 128 129 130 131 132 133 134 135 136 137 138 139 140 141 142 143 144 145 146 147 148 149 150 151 152 153 154 155 156 157 158 159 160 161 162 163 164 165 166 167 168 169 170 171 172 173 174 175 176 177 178 179 180 181 182 183 184 185 186 187 188 189 190 191 192 193 194 195 196 197 198 199 200 201 202 203 204 205 206 207 208 209 210 211 212 213 214 215 216 217 218 219 220 221 222 223 224 225 226 227 228 229 230 231 232 233 234 235 236 237 238 239 240 241 242 243 244 245 246 247 248 249 250 251 252 253 254 255 256 257 258 259 260 261 262 263 264 265 266 267 268 269 270 271 272 273 274 275 276 277 278 279 280 281 282 283 284 285 286 287 288 289 290 291 292 293 294 295 296 297 298 299 300 301 302 303 304 305 306 307 308 309 310 311 312 313 314 315 316 317 318 319 320 321 322 323 324 325 326 327 328 329 330 331 332 334 335 336 337 338 340 341 342 343 344 345 346 349 352 354 355 356 360 361 362 364 367 370 380 386
334 1562 4058 7657 11482 14923 18339 19615 20458 20957 20769 19804 19625 18111 17635 16840 16026 15366 14984 14202 13770 12870 12965 12101 12123 11510 11208 10812 10551 10059 10127 9749 9339 9158 9095 8791 8452 8160 7890 7801 7381 7331 7158 6786 6645 6453 6256 6183 6029 5824 5667 5458 5343 5092 5034 4985 4735 4680 4500 4418 4454 4151 4083 4100 3791 3911 3561 3646 3380 3435 3245 3152 3164 3058 2883 2926 2861 2773 2761 2777 2408 2527 2390 2412 2325 2220 2175 2214 2025 2087 1961 2006 1851 1827 1745 1723 1707 1712 1569 1532 1452 1465 1445 1431 1345 1329 1314 1292 1291 1166 1204 1168 1085 1131 1046 1110 1010 1016 954 945 877 949 813 869 818 780 758 770 715 697 705 669 654 650 574 642 580 612 575 617 555 550 541 525 498 527 488 467 444 486 413 434 429 448 410 413 355 393 368 382 296 359 317 349 297 324 301 292 282 341 259 248 247 223 241 252 222 230 219 217 205 193 212 193 192 203 159 181 159 184 182 149 167 165 149 143 134 144 138 171 138 155 119 156 114 113 119 107 93 105 112 86 90 105 97 83 85 101 79 92 72 98 70 92 72 72 67 63 53 71 48 73 53 63 46 36 44 44 44 51 34 51 36 47 33 42 33 37 24 43 37 27 26 38 27 29 25 24 33 28 27 27 21 18 13 23 8 17 16 15 16 23 18 23 16 20 19 20 15 16 15 15 7 12 13 10 14 11 11 10 8 9 6 10 9 3 10 8 6 9 7 8 6 4 6 5 5 4 7 5 5 7 3 4 2 3 2 1 3 2 2 3 2 3 3 1 1 1 2 1 2 2 2 1 4 1 3 1 1 2 1 1 3 1 1 2 1 1 1 2 2 1 1 1 1
334 1702 5721 15067 32408 63364 117116 192109 304429 473856 699883 988494 1403945 1868886 2543715 3306426 4333427 5496332 7173400 8941423 11272333 13791402 17671621 21068620 27082804 32189054 40296706 47941431 59397442 69079378 85570615 103647087 121134431 144769368 174518597 207117449 244995348 281948084 332066042 389706190 457944239 537993761 632470768 709896985 834424456 956825377 1112737680 1283674706 1465127773 1677484530 1905996460 2204597353 2495569184 2809528592 3265724359 3750723306 4306992719 4764958177 5360904688 6200898634 7244125020 7873592610 8941040874 10316867705 10923136216 13063305213 13475816048 16374526188 17307367486 19969525517 22009938116 24551823220 28082872764 30850597717 33869787770 39427750827 44146516698 48101263563 55280562193 63327264697 63177148025 74005389113 79667239791 90744379474 101822167236 109074186906 123397880318 139435214184 144097578550 169402536116 179144054648 205149443623 212589878541 246016968990 260244030482 297291949556 315458937829 359741979974 369956221624 402562285925 440220538534 497465216703 533722248782 599154016207 645885303743 709650023743 796077902935 894194132065 960821230577 1005165689473 1138248181636 1183459661143 1252279768466 1442033876881 1531303875762 1750754029413 1840080441598 1970788507136 2103373272198 2317464184395 2401488360670 2885108417049 2690352132232 3308785290907 3519455186798 3697404434478 3900919527684 4313487954659 4624796475650 5023952864540 5565924141187 5818177614367 6202291478055 6767853106815 6825030694644 8142257954615 8492386928941 9761296262976 9934197101154 12000329946695 12130315065354 12770197718910 13679505641402 14819768866418 15595087499958 18368017914213 19088085332905 19109115797998 19309583022341 26092881247694 22970980181768 26636910412834 28545371157524 33389273321217 33825216888505 40068991620088 34891946706075 42113210049786 45490779734607 50269761670242 42623873723269 57680688095519 55145860418812 66920251153975 64777466450699 71217039755016 74609420431691 78877547851664 82357437930489 115350491147886 93005338760994 97015972660616 111941756314271 103691405925184 123975711944016 142800630609285 145758036487960 148936111136800 159887974503960 182652458364730 185636265263486 187966336772280 218737411798380 214418554244176 244316448421896 278950699355955 247513929718475 300703552400574 286709705337590 360971127852687 378606964443318 352654062632075 421950740904662 431100538448237 460236770113119 430909115026286 466884944933500 527018122626458 592164012967908 815656685325614 737781812641266 811435301339479 663300207315496 939380060073728 766074490740014 814769887016951 1018360135961281 920296266719395 875377756308876 1097970293335875 1235493931555666 981765053305239 1254050037317909 1448937712438330 1533240894733635 1399525210798136 1692713038400786 2061055157225356 1658829059436668 2035583642713649 1761015157200150 2624914275290313 1940698468604879 2924695634283168 2461261005572877 2505518739432503 2707730165715407 2755197898030689 2447602571100123 4013766171535215 2491793535395490 4593478036827079 3265109934730682 4124878255479887 3226999587104004 3041006760844590 3692154755052498 3959530884040588 4441969329882128 5919329115116574 4132179861945275 6355312791867731 5081923429965293 7443841602075414 5719411856215247 6929593809174129 5885633305033477 7894575028538458 5569226001966074 9879677641435103 8666080541374315 7837871787414030 7968932013551004 12197037398731297 10433206632015086 11144979531142675 9262445434243029 9575752186859374 16090127283425577 13090119559775831 14086276061049026 14964089018298866 14539128825954337 11772105724851147 11151354720598731 17696917476795077 6456512597824739 15762695893657281 16352687698956540 17540813366152165 16948999888991085 28858611994248084 26565679993615252 33745746109610084 26758565464881181 32177866037234130 29488279295410576 39562366166000504 29136454622656509 35147986107532949 31387190084163330 38326964300533942 24004259564898668 33991986638103259 36145521217264015 29846865548571856 51986882743410608 42554935912431236 52501488332086587 40726553450382585 35644295818579506 46018101128151256 30319227378677268 55452683675112184 68309454683697080 19013112136253691 68700149407724824 65774940903650997 55110372081736368 75223474917097285 63506407234548060 85311414797552115 61038552034711682 64722198240566299 71947956232562068 65811089475288520 82799086451235428 58523230808274398 110388004359890234 83547719873783579 92100133331548751 136084171949108872 64374288112058673 90458116003814902 49300212301660980 77481721417963142 56610040681992006 28305020340996003 97464880054399962 69601909738881660 74548811553496154 119758696580999973 85496156071909392 134292795123110752 147016930905713625 52462044228828641 56156602112874289 60105349839666544 128650749218229100 68834885946073850 157602510605333230 168601631272450238 180350869961099246 96450110192202760 412605865286941300 117949491546113972 378325553501389065 134819180623301520 144117936527873832 308087194759152060 164637479165761044 175943559810422753 643854899229858897 261578907351144125 298330063062758076 637111947576658168 340122810048577428 441622981929358437 471314064268398780 1005915133012000040 1145224117796075118 695143713458946040 843250788562528427 1596675274490756791 2332821198543892336
3 4 5 6 7 8 9 10 11 12 13 14 15 16 17 18 19 20 21 22 23 24 25 26 27 28 29 30 31 32 33 34 35 36 37 38 39 40 41 42 43 44 45 46 47 48 50 51 53 54 56 59 60 61 63 65 66 67 70
3 24 23 125 82 224 156 248 187 224 140 210 136 166 97 105 76 84 68 69 52 45 24 35 34 33 18 18 16 8 4 8 9 12 3 8 5 10 5 5 4 3 2 1 1 4 2 1 3 1 1 2 1 1 1 1 1 1 1
3 28 40 318 262 1213 1049 3170 2837 6404 4826 13596 11094 22349 15299 25071 18795 34114 40806 51875 43137 54317 30815 74640 84000 115484 60347 96322 100486 62257 21996 111678 107829 195629 51051 164580 98277 369087 133725 192044 150755 204751 90512 53174 106348 407048 406258 124754 668808 347050 408452 1158465 526823 1228308 1430440 966467 1300156 1505499 4647040
