21 33 34 45 46 57 58 69 70
3302 17075 3194 36031 6463 19741 2958 9676 1545
2609581 717119 125360 324929 52913 82861 12193 15514 2456
5136047749788 8074814487922699973 1116545957321304485 3594407482085502145 1151254789022682654 1002591062200031429 297594536881814817 108313459046083 19533089278819
21 33 34 45 46
762 692 97 168 27
16213 2357 248 250 37
766172176 47516838 481542 1528056 49401
3 4 5 6 7 8 9 10 11 12 13 14 15 16 17 18 19 20 21 22 23 24 25 26 27 28 29 30 31 32 33 34 35 36 37 38 39 40 41 42 43 44 45 46 47 48 49 50 51 52 53 54 55 56 57 58 59 60 61 62 63 64 65 66 67 68 69 70 71 72 73 74 75 76 77 78 79 80 81 82 83 84 85 86 87 88 89 90 91 92 93 94 95 96 97 98 99 100 101 102 103 104 105 106 107 108 109 110 111 112 113 114 115 116 117 118 119 120 121 122 123 124 125 126 127 128 129 130 131 132 133 134 135 136 137 138 139 140 141 142 143 144 145 146 147 148 149 150 151 152 153 154 155 156 157 158 159 160 161 162 163 164 165 166 167 168 169 170 171 172 173 174 175 176 177 178 179 180 181 182 183 184 185 186 187 188 189 190 191 192 193 194 195 196 197 198 199 200 201 202 203 204 205 206 207 208 209 210 211 212 213 214 215 216 217 218 219 220 221 222 223 224 225 226 227 228 229 230 231 232 233 234 235 236 237 238 239 240 241 242 243 244 245 246 247 248 249 250 251 252 253 254 255 256 257 258 259 260 261 262 263 264 265 266 267 268 269 270 271 272 273 274 275 276 277 278 279 280 281 282 283 284 285 286 287 288 289 290 291 292 293 294 295 296 297 298 299 300 301 302 303 304 305 306 307 308 309 310 311 312 313 314 315 316 317 318 319 320 321 322 323 324 325 326 327 328 329 330 331 332 333 334 335 336 337 338 339 340 342 343 344 345 353 358 359 360 361 369 373
243 1466 4150 9940 22605 36265 49255 90267 110651 136623 147444 155161 147756 144730 134414 130042 122489 120912 109742 105439 99604 96895 87817 85312 80908 79286 72480 69361 65376 63885 58368 55845 54037 52809 47822 45763 44096 42257 38931 36914 35746 35328 32199 30339 29750 28673 26525 24549 24434 23824 22089 20752 20348 19803 18492 17013 17320 16752 15584 14299 14513 13916 12973 12068 12413 12083 11372 10511 10362 10264 9647 8821 8879 8859 8123 7570 7615 7237 7174 6565 6640 6477 6037 5492 5612 5369 5121 4708 4571 4725 4344 3979 3952 3875 3823 3405 3402 3396 3244 3064 3071 2907 2995 2654 2662 2622 2617 2402 2410 2367 2258 2069 2052 2053 2120 1939 1943 1851 1977 1683 1710 1815 1677 1524 1614 1633 1548 1501 1514 1482 1402 1242 1394 1320 1345 1212 1218 1205 1136 1070 1062 1132 1139 1006 1081 984 1033 891 959 881 898 813 816 842 798 756 740 829 735 623 662 622 670 599 630 565 617 517 536 586 527 442 465 452 528 455 503 461 443 389 419 418 384 347 407 356 355 294 366 337 353 301 311 340 266 266 237 272 274 235 225 236 247 201 262 236 225 189 185 241 180 172 201 175 244 144 174 155 170 146 185 140 139 147 130 135 134 115 117 110 123 92 112 122 125 74 90 98 99 89 111 98 62 56 96 55 79 68 65 64 59 53 46 67 54 41 48 53 67 32 60 48 45 35 49 63 37 51 48 44 34 29 49 39 43 34 25 31 25 27 87 38 26 15 17 19 27 19 18 35 13 14 13 13 17 19 10 8 12 7 6 16 5 5 6 9 6 3 1 11 7 7 5 3 4 6 6 5 8 5 4 5 5 2 6 8 3 6 4 4 5 4 3 2 4 2 1 1 1 3 1 1 1 1 1 1 1 1 1
243 1628 5821 18436 52529 119756 242113 635675 1061895 2034935 3234298 5319723 7439307 11313285 15256561 21654990 28209732 39752904 49261924 66148356 81852225 108521840 127269960 167063825 197347287 255152897 296110081 373644939 425976398 540548608 606767603 750078652 860287996 1070400099 1179237551 1434905398 1619307101 1941683175 2156495832 2563928910 2816563913 3434765242 3743704865 4391478167 4858801040 5826571450 6234277940 7119397564 7999783359 9244418799 10147833129 11597658504 12650353876 14685755990 16118308831 17712301261 20021806809 22952345318 24750291654 26940026635 30222111278 33825610701 36686715886 40776333359 46550682741 51158309455 58468068908 62050046699 68416976794 79772952332 87312592515 92229608909 106769055701 120185948918 127582074092 141649296833 152776286956 166136378022 190838204315 203811037945 226687417889 255963297700 274688784821 280632476583 313416726954 344464739596 373267145516 403398278117 429802637456 492929665301 517780832286 547297563237 562073212990 629492386445 702754719902 694709357664 780883502376 853169942093 904999741723 971281077948 1059362518330 1124744563995 1255083897272 1302145607762 1402386013778 1544974231395 1730305140263 1709124728079 1879678313388 2117830861601 2225619271964 2301057580953 2486305203057 2808099746138 3158943564858 3364584152888 3623439016041 3837739806347 4781254581197 4392260921636 4858748255931 5848512070861 5764469034045 6203094815711 7290843422804 7737036617159 8516478228985 9377790587877 9954609418082 10784223331597 11643416253608 11258982535096 13692490908849 15165363196675 16528242257894 16877297695090 18775152886064 19623086679901 20355144425255 22334937706803 23709060827475 27569104928395 31863712357560 31095899379959 34304506336659 36689425830902 40646884552302 39211935513568 48740528934095 48856547707465 52188050033669 55303084843943 58318793267621 64059152704103 69445823333416 72968852987511 72948306819532 95358802419607 95362060896603 84977264209987 103429176053351 106631273482480 122036102119305 127485898655341 136626630002473 134692082966882 174843809582099 151789781996624 162809056946376 206500746361639 191883036416532 184190262519211 217755941147177 223296134758999 286004894077064 284079364949908 314677944961535 315464242109960 355968781046125 328167658948410 366162673026378 418890225406906 420374508309649 422529135740622 556161157696362 494065396604874 530299398625761 509908601346442 652853096079867 653314127247793 776564732036475 718078772560046 725183472773895 1004142354337220 801177174864915 859878053699799 879072109045302 1079357086698105 1127900096515723 1159069346699965 1141233316641336 1290567793833006 1473752795846251 1359561921053167 1792394233775674 1838110695232564 1823406791134129 1695440046342880 1833724602757436 2500913001983049 1986432515065416 2368533964497501 2786750404943406 2523419513985345 3706730692075450 2542329157092287 3280126760117440 3060934613315423 3530807570419131 3525847453163333 4966442471585113 4048493675873164 4208304213093101 4986561258027279 4522145100080383 5412110691655057 5996971850190347 5417280196857574 5825340286636527 5970531721773806 7343944203114987 5764541083293123 7820919111734969 8446756497923432 9545123164602845 6229839345257573 8527677402432253 9475066113313677 12012732750625065 10400193779220790 13551358343268026 13181972445585130 8874928332503686 8232550716548550 17412764707122709 9243952271907552 16011964719983157 15041420360004727 14702187025994914 15064272617281029 16264393519268487 14832686719350000 15082047672370640 22471598620576224 18512252262118433 16006893397866906 18283000257786256 23054304921807823 33170725885903386 14934093795465980 36689175164238509 30003649522972781 29091399629442384 24574043516211862 38678577886201785 52465007670005489 31410817234025903 50892425634003481 51263119197216198 47279986536430545 39676015301528797 35908541943819935 67551097120688007 59055589215655741 71355421040281519 56457464686675865 38695810490325292 58886966330290874 52655588891534742 63593060220619531 201984950954908365 108621861293635630 70619812970190484 56667762272765034 56899391175273822 70373712832439566 99468413664340706 65845731027416591 76303220917328087 183134237576559308 63691285451984688 87187084531087835 68982294984593132 81628516254199914 104548037976270170 140762488377808463 75637804072164361 55795878987962668 98335712633502504 64832234970066305 54253324297824458 177842244164788135 51107579642308181 54064867008017460 69446928408339985 163071833753296001 80886196910790826 43380278069417204 16239786535829663 233228979488203442 128185801764296410 190752698384933383 124426568399789508 108832390804898901 96950325107978807 177847847504020938 190578291557253313 145567425002673937 283746194716705126 194929760108799924 146624172199685061 228936754160992290 210911877670818775 131268514615487420 281100721444787862 458332795685094705 164775248454577219 408891205697289043 248861448897562188 394971270328605900 358629635477698717 315205021210666460 247402886575116853 174476250616774742 373251090345504766 206302932643470650 206302932643470650 117949491546113972 126108517833796355 432353809583621496 154043597379576030 164637479165761044 279363328483702152 387632532919029223 413766180933342362 441622981929358437 471314064268398780 790738119649411319 1022141228367345362
3 4 5 6 7 8 9 10 11 12 13 14 15 16 17 18 19 20 21 22 23 24 25 26 27 28 29 30 31 32 33 34 35 36 37 38 39 40 41 42 43 44 45 46 47 48 49 50 51 52 53 54 55 56 57 58 59 60 61 62 63 64 65 66 67 68 70 71 72 73 74 75 76 77 84 92 99 100
10 74 86 459 331 1046 701 1406 769 1581 851 1482 694 1144 566 965 423 711 343 690 292 563 257 410 160 402 155 308 148 289 121 196 74 213 75 157 69 151 50 70 48 78 37 60 41 59 22 34 25 30 17 16 21 19 1 7 7 14 10 8 8 8 4 3 1 6 1 4 3 1 1 2 8 2 3 1 1 2
10 91 129 1071 929 5773 4225 17017 10760 46486 25609 95165 48596 154970 81935 267791 114504 377874 176819 588163 251547 850408 374043 994576 314562 1585527 507113 1705693 692526 2686988 922194 2768006 816186 4771380 1215328 4797971 1913124 7106316 2168599 3515021 2010913 6956137 2821454 7545517 4585654 9891835 4239733 7395295 5796505 13785798 5379390 9168675 8793212 11056067 563178 4988263 4767549 10466120 9067955 9329948 9008398 13414975 9278693 7766336 1741630 10484577 2323520 9294080 15438675 6175470 4697205 10785566 43142264 14179000 78982380 44108109 118114304 236228608
