14 26 27 38 39 50 51 62 63
555 10473 7155 28332 20957 15363 10547 3895 2716
17168 379190 286358 216497 147575 46546 32119 4723 3261
3957411 1944100343097369913 25573041396929115885 8902605114305581995 5919460074041053686 166622876556583785 109677327933170225 40567113305 20841957321
14 26 27 38 39
119 317 211 38 30
1067 882 600 54 42
150785 9774015 5848463 12973 5587
3 4 5 6 7 8 9 10 11 12 13 14 15 16 17 18 19 20 21 22 23 24 25 26 27 28 29 30 31 32 33 34 35 36 37 38 39 40 41 42 43 44 45 46 47 48 49 50 51 52 53 54 55 56 57 58 59 60 61 62 63 64 65 66 67 68 69 70 71 72 73 74 75 76 77 78 79 80 81 82 83 84 85 86 87 88 89 90 91 92 93 94 95 96 97 98 99 100 101 102 103 104 105 106 107 108 109 110 111 112 113 114 115 116 117 118 119 120 121 122 123 124 125 126 127 128 129 130 131 132 133 134 135 136 137 138 139 140 141 142 143 144 145 146 147 148 149 150 151 152 153 154 155 156 157 158 159 160 161 162 163 164 165 166 167 168 169 170 171 172 173 174 175 176 177 178 179 180 181 182 183 184 185 186 187 188 189 190 191 192 193 194 195 196 197 198 199 200 201 202 203 204 205 206 207 208 209 210 211 212 213 214 215 216 217 218 219 220 221 222 223 224 225 226 227 228 229 230 231 232 233 234 235 236 237 238 239 240 241 242 243 244 245 246 247 248 249 250 251 252 253 254 255 256 257 258 259 260 261 262 263 264 265 266 267 268 269 270 271 272 273 274 275 276 277 278 279 280 281 282 283 284 285 286 287 288 289 290 291 292 293 294 295 296 297 298 299 300 301 302 303 304 305 306 307 308 309 310 311 312 313 314 315 316 317 318 319 320 321 322 323 324 325 326 327 329 330 331 332 334 335 336 337 338 339 340 341 342 343 345 346 350 351 352 353 354 355 359 361 362 366 368 370 375 377 379 382 387 390
407 1828 4465 8923 14509 19226 24297 27200 28093 28425 28934 27409 27242 25629 24527 23804 23340 21882 21455 20834 19538 18929 18837 17660 17393 17006 16374 15928 15957 15023 14885 14423 13737 13206 13385 12556 12452 12264 11664 11297 11483 10519 10660 10265 9896 9533 9531 9155 9078 8817 8437 8229 8278 7638 7693 7411 7314 6951 7189 6588 6784 6413 6033 6099 6212 5591 5603 5605 5250 5077 5158 4780 4835 4608 4622 4404 4433 4078 4193 4078 4059 3693 3847 3507 3619 3455 3326 3244 3321 2932 3079 3024 2899 2751 2895 2559 2631 2610 2504 2447 2450 2222 2216 2216 2162 1938 2129 1888 2022 1991 1923 1863 1831 1601 1676 1646 1593 1440 1551 1341 1337 1337 1346 1277 1377 1191 1205 1174 1168 1077 1059 1002 1048 1003 984 929 955 841 886 837 832 736 761 690 737 721 720 647 668 607 608 556 621 569 555 472 497 492 507 493 513 449 433 439 414 348 383 348 338 316 343 312 342 270 270 270 294 264 254 271 235 253 244 255 226 201 191 208 220 200 186 168 162 175 179 161 160 154 137 140 145 121 106 108 115 93 127 126 105 88 83 92 92 94 100 89 92 79 76 77 68 79 50 85 70 66 63 55 66 59 60 51 42 51 61 44 54 47 47 39 45 38 46 40 37 43 35 22 38 26 23 23 36 26 23 26 25 25 18 20 27 19 27 20 13 18 13 19 20 20 16 18 23 18 10 16 23 21 16 17 13 15 8 13 13 12 13 12 25 7 11 13 10 8 7 13 13 10 5 9 10 2 8 12 12 6 6 3 4 3 2 3 7 5 5 5 6 7 5 2 3 7 5 2 11 6 8 4 6 4 5 2 5 1 7 3 1 4 3 2 3 2 4 1 1 3 2 3 1 1 3 1 1 3 2 1 2 2 2
407 1993 6335 16763 39206 76150 140036 244587 383166 585595 891043 1269001 1785269 2441532 3287950 4363502 5882877 7577208 9632058 12575056 15462518 19351471 24589595 30481378 36793810 47173074 55933532 68843278 86037666 102185112 121809210 149430688 174327774 208140847 252048471 299164357 344830890 417002807 483918414 566905766 684416080 786605614 902760088 1061135708 1227818709 1411401875 1639476269 1944447616 2196868288 2585618872 2877235374 3263425709 3900602250 4314774160 4868672932 5585708319 6454857298 7215334077 8579078551 9405647113 10777007958 11985095602 13086016387 15267334286 18027789793 19622404267 21471002778 25222496048 27767225806 30378868836 35011078540 38640305011 43129719111 48246962100 54967619681 59517567766 68841669159 74452931968 83391812012 94861095782 107817564601 110903450135 128829411895 141267072890 157242207845 171942464594 190196215269 208343216471 234653941829 254063486475 277864342121 313635004206 346938470807 368973550960 428882865227 443760942848 485905373418 569697180695 604136766375 654309947913 742018634709 778036396076 838977023776 986067194127 1049121868257 1052797516992 1240157675238 1297292325157 1488806988969 1646586632855 1821166201796 1920147344778 2121517226818 2151117998101 2405131775069 2692751871144 2925862801837 2975218980739 3418437058869 3515354133878 3714866625256 4250704283495 4633361221682 4832468871186 5867416066296 5786285179416 6377587681186 6697665179420 7739096131722 7749113969181 8228145257792 9028584116542 10277664604316 10723904770005 12314835578528 12410042999761 13817219739521 14322308550803 15471635079462 16945185486255 18914327624721 17280874446692 21130088837812 20591791510382 23709888296222 26305425350995 28708257046977 27981926931204 32070718883211 32755628922936 34242881770451 35180180389521 42714553101812 42029884199078 47031685713546 44829310244195 50315985153195 55615033258247 62788798366545 64175952493627 76180832373354 69277861809264 73593383223456 80176833169772 86197418193517 79430153392802 101896456235438 97964646762291 100037527532047 105086512951567 131045523778057 124603005714021 151386667184034 132140915200765 141723595899963 150313638724447 182606606051330 171094870691925 180773378945590 212946564210995 210091789477362 239435387992516 255791465382185 299458419592300 271312923461158 278181712540329 274461081381444 324128451792781 374232117793670 365887979700723 408948524415525 374826006620627 404025270535602 447363013667542 535686429388360 482561447010231 566308572897058 585194517553358 530813418715186 631892774949057 717179745733719 646005424327508 591173694490985 639818526162868 757231761477602 709377865022551 1036588183563582 1114977767515874 965329729977383 868905389051718 886551737702849 1094486075803216 1256639762270293 1376335738766099 1532291124899677 1547585109275118 1610497271308081 1461941620874137 1564848049765817 1769838936375033 1654806428896456 2098549718834496 1455614675460235 2786635854807225 2637074228451022 2156113928299659 2448310369075203 2353874817741315 3030233335924424 2972512827912394 3258456264717775 3201354527666618 2663815610084036 3610270448859004 4486388875533077 3654128002303162 4632502460925021 4473559137100898 4282951598180476 4203111093142634 5336410885297599 4705308669007562 6325294156858825 5748134739545326 5843688118962507 7308167233139363 6831836909025902 4135502605105112 9194970706916466 5803499477880835 5897016896800988 6152639374692196 10987587444058442 8005855666035127 8472625356955021 9673571426825948 9680052576677928 11129830398021173 8302608997579041 9608219777566385 14870916897789100 11039903612195453 17548365036805854 13994881200562701 9921463747531933 14460408894993572 10973877883307135 15528695171336937 18227356293538806 19094665954665420 19679146789014846 22945598442635836 29872259659525343 26054248601590403 13724704594305560 25985713138151705 38297552018292722 39812335093440700 29673597304793769 35003724358549458 27161276630029689 34268257344479300 23825526120190681 33991986638103259 38878394400811550 41808641334672096 49301637165937163 45952519924418009 94319175481378384 28948786965914319 52206985334614095 64830683494897196 50169712617847192 49052447738767713 41861575984523695 88131976309205794 100175168008886778 72227076113532075 45978757083928416 82663475411518340 90633069383460289 18506165873447204 85258649860390712 134113661552772188 164265968796546261 99046744029663959 79929752140568525 45428858216571582 61668644752401245 82373326276465947 36085668432747659 58706341824754254 183038179412744397 110374301423033347 116650132772779838 126781933719624122 167940909338546341 256766344717810988 188443426023928854 67289248220907484 176478225254511397 266211159937740367 210911877670818775 88520436579532724 516429084345997696 336939612677245734 476894050990540097 244641424128114182 403990293002524500 304909086329033908 410504957514008587 168601631272450238 482250550961013800 103151466321735325 743529446562819616 353848474638341916 126108517833796355 521855396914195750 432353809583621496 329274958331522088 527830679431268259 458544573742434300 979618149821529624 261578907351144125 279363328483702152 894990189188274228 637111947576658168 1241298542800027086 471314064268398780 502957566506000020 1955066639991620877 741433159884081684 843250788562528427 3484613504549888550 2639021199454947000 1498478743590581081 3624712999478945900 4968610588530836360 5997928895472904388
3 4 5 6 7 8 9 10 11 12 13 14 15 16 17 18 19 20 21 22 23 24 25 26 27 28 29 30 31 32 33 34 35 36 37 38 39 40 41 42 43 44 45 46 47 48 49 50 51 52 53 54 56 57 59 60 61 64 66 69
6 31 48 132 93 183 159 215 170 207 158 193 120 204 125 90 62 66 40 42 44 42 17 22 20 15 19 14 8 13 7 6 9 8 3 5 1 4 5 2 1 5 4 4 1 2 3 3 1 1 1 1 1 1 1 1 2 2 1 1
6 39 67 356 283 962 1124 2623 2720 5827 5738 12523 8960 24982 19904 21294 18664 29972 22422 41079 41009 49292 22006 38525 44946 35547 59633 65017 39526 65079 59324 38598 98201 132945 52260 87057 24620 117768 139079 87984 26015 227397 234198 270190 53174 181523 286291 316674 147273 147273 147273 294546 563178 386155 386155 526823 1430440 3865868 1300156 3483260
