16 17 18 28 29 30 40 41 42 52 53 54 66
1014 1020 1038 11875 4251 13171 17058 6352 24875 6957 2511 9276 594
19467 13725 29264 186777 74624 304992 74799 28888 132457 12716 4478 23096 594
17188535 8945489 52469938 5464833611430491617 349263792426677270 15148225978366805259 1240301706404846169 290295066759924306 4388514975200199242 1453020165269848 395053065160281 12947490720111777 377768
16 17 18 28 29 30 40 41 42
123 145 190 207 68 182 4 2 3
653 653 1136 374 135 374 4 2 4
838628 462937 2401647 1071558 229854 2044725 74 30 81
3 4 5 6 7 8 9 10 11 12 13 14 15 16 17 18 19 20 21 22 23 24 25 26 27 28 29 30 31 32 33 34 35 36 37 38 39 40 41 42 43 44 45 46 47 48 49 50 51 52 53 54 55 56 57 58 59 60 61 62 63 64 65 66 67 68 69 70 71 72 73 74 75 76 77 78 79 80 81 82 83 84 85 86 87 88 89 90 91 92 93 94 95 96 97 98 99 100 101 102 103 104 105 106 107 108 109 110 111 112 113 114 115 116 117 118 119 120 121 122 123 124 125 126 127 128 129 130 131 132 133 134 135 136 137 138 139 140 141 142 143 144 145 146 147 148 149 150 151 152 153 154 155 156 157 158 159 160 161 162 163 164 165 166 167 168 169 170 171 172 173 174 175 176 177 178 179 180 181 182 183 184 185 186 187 188 189 190 191 192 193 194 195 196 197 198 199 200 201 202 203 204 205 206 207 208 209 210 211 212 213 214 215 216 217 218 219 220 221 222 223 224 225 226 227 228 229 230 231 232 233 234 235 236 237 238 239 240 241 242 243 244 245 246 247 248 249 250 251 252 253 254 255 256 257 258 259 260 261 262 263 264 265 266 267 268 269 270 271 272 273 274 275 276 277 278 279 280 281 282 283 284 285 286 287 288 289 290 291 292 293 294 295 296 297 298 299 300 301 302 303 304 305 306 307 308 309 310 311 312 313 314 315 316 317 318 319 320 321 322 323 324 325 326 327 328 329 330 332 333 334 336 338 339 340 341 342 343 344 347 348 350 351 353 355 358 360 361 364 365 372 375 381 384 387 396
325 1400 4012 7169 12988 15952 22192 22190 26033 23952 26197 22316 24784 20487 21889 18403 20211 16497 18168 15099 16831 14150 15832 12801 14582 12230 13613 11125 12974 10551 12345 9986 11422 9413 10828 8539 10472 8392 9577 7907 9375 7415 8740 7078 8178 6682 8085 6328 7476 6145 7093 5751 6852 5388 6459 5075 6099 4992 5897 4563 5877 4512 5157 4113 5034 3926 4660 3815 4404 3551 4322 3375 4094 3295 3844 2994 3713 2809 3493 2731 3353 2668 3128 2397 3004 2518 2850 2287 2757 2208 2532 1997 2441 1961 2322 1795 2225 1761 2032 1612 2095 1559 1879 1489 1729 1476 1689 1307 1641 1330 1473 1187 1486 1111 1349 1104 1297 1071 1308 978 1166 989 1144 895 1145 874 998 831 962 762 948 703 904 758 842 681 801 675 740 621 699 571 712 518 659 613 605 529 618 496 572 440 502 428 540 390 510 376 439 369 457 322 434 344 403 309 379 266 384 300 349 254 399 220 280 223 289 227 301 209 273 240 221 180 219 204 211 190 203 170 196 145 203 166 172 142 178 120 167 116 136 117 142 94 92 99 95 89 105 81 109 84 98 74 92 57 75 79 68 69 84 68 63 56 55 63 73 47 76 48 51 44 52 33 53 47 51 41 31 23 32 50 51 33 42 27 31 34 41 31 30 32 33 28 28 14 32 17 24 18 20 30 16 10 16 20 17 12 16 13 12 8 17 12 12 16 9 10 8 9 13 13 11 9 17 4 8 3 15 5 9 9 9 5 10 4 14 10 9 7 2 14 4 3 5 7 6 3 5 6 4 6 2 1 3 2 4 4 2 2 2 4 2 2 1 1 2 3 4 1 1 2 3 2 1 1 1 1 1 2 2 1 2 1 4 3 1 1 1 3 1 2 1 1 1 1
325 1509 5536 13417 34534 63424 128717 202433 358013 502364 823507 1059410 1680766 2002782 3011809 3487635 5250681 5803090 8321330 9317734 13612693 14568884 21194932 22342329 31681587 33501452 48025443 47948316 70314691 71917356 102502392 103854847 148360095 143896649 208091251 199939230 294148880 282062464 400683167 390428219 570351866 530384081 759798479 736843465 1017755498 955195574 1410652126 1314767594 1839434686 1744606662 2405016599 2278275268 3238070660 2962485352 4159682767 3823562328 5454827123 5048521357 7102196256 6499848182 9668294460 8408927810 11360392434 10321902302 14956642966 13188068701 18393148379 17312868495 23687947087 20944460676 29901319816 27097830102 37565247172 34067067253 45589236238 40201358642 58115951294 49681245767 70016026496 60888815991 87971533643 77821748171 104853718754 94888366981 131919403422 125190152336 162183178154 146110526805 199318236663 178843663627 227281220767 199446083339 283915127129 262588191979 343572630331 311344691166 402418012130 367272703742 490379663975 422942981529 632043784178 518077935043 726507957631 626130575764 800742078083 753295705370 1020752880754 867169659663 1190419477763 1081824470931 1343873319082 1208373675816 1691245858157 1438020745511 1887442117881 1714772810727 2320682041729 2084717938477 2906336540716 2376933072110 3229333367238 2909150532316 3952129495822 3132461193964 4752274105625 3952309863841 4941946107449 4617658864196 6160151129693 5123983557224 7231721898694 5975699745368 8204421730640 7700772932575 10017460398690 8564214413690 11499055009805 10425888034908 12745472279208 11320289372094 14925587603759 13035165638830 18758459527193 15146379186021 20899753809362 20398390530771 23539467062939 21556631445174 28328404307361 25512571562647 30494537273295 26051710423441 33722093488585 30498079867676 43832966074540 35484486195375 49238048387884 41529168129847 52717519762367 47396726794692 65026986817117 49431418414890 72514772332589 62368139428717 81491352654726 68079787762929 91902250046380 72106195716956 114211862429302 94287800543054 121239859532924 94079215854265 167322108354006 102342097039987 138817508578876 121017538471644 171619197855131 144681969107807 209887322314390 159398452096100 235641393411858 223405889483762 228411750140888 188229765568528 272356333764389 261181988424031 290287962554446 314985797877506 353287263741714 316656355588947 406761103526781 321849163555162 504708082829154 424823352781789 486842932194668 457962160296315 624738619833919 468651746480538 651264575259877 510610068002002 628768811771764 598594092945106 791799811041698 542895794698563 573294181413990 756661043166578 734392619177131 775300687190750 980703138151955 792749993997668 1155227948940470 954183939280953 1253240799782627 1063643360423689 1358272450363019 925275988574218 1313168387394986 1474862455808918 1406020865185122 1703464544630796 2078743767380268 1696382312503524 1835752724636652 1846584183017643 1985790600185335 2142977647633706 2798889081068975 1874900228932649 3532285975716489 2344491771153759 2763244915573389 2550748373339479 2963679784039629 2123768653155047 4107870418706687 4100732933381231 4442010051863545 3919640653322101 3193896933295248 2626991549107799 3816398500115332 6260554270566377 6786164026069833 5116519343693340 6749691229349906 4707852967841562 5174900742246967 6026119743936014 8642183589176602 6609158171435169 7227140147130318 8393289642422604 9353693339739090 7875337119474416 9293463833741191 5295225504086585 14149427273797283 7156218153361829 10641976947726608 8200776376751681 11403306872736030 15958349831656150 9600820423661179 5902220974159021 11057579272485729 14816980034272530 13242809560397062 9590851957964592 15391953766980432 11972104192997475 13598762351029393 8731421869499889 22568108392357583 15001743607085679 18872214033213185 24557897246337275 16646802140110013 19772512095766150 15869807104329638 19831211529816786 28747919815406391 32959739424333248 29776497301716428 23828176277920467 47695183782600215 11976927248937662 29628471528529853 13845182872031372 66875009353620608 20216543541642456 38604225953911437 41821632930821568 45660007574656696 27337720215359159 58313782870230600 25499786263332779 93209317864690947 86158776401923737 90856147554991920 58572730256689220 25861488826395075 132932608392529923 40450248409759342 33528415388193047 80882470486162089 86777526010434494 80886196910790826 44404568142994393 80102098882175846 100961900006930874 73428645031948387 116066745186531927 41475522799929836 23000006655487337 69000019966462011 51065913784396816 111330868656554335 119283566310524895 64976586702933308 69601909738881660 72075360646188907 157033102357748050 122587209089954678 91544717087156056 49005643635237875 49005643635237875 108618646341702930 180316049518999632 270830032447336100 73653287861850339 78801255302666615 174476250616774742 309454398965205975 220615720850585544 117949491546113972 126108517833796355 134819180623301520 144117936527873832 154043597379576030 376017294104585960 401765112575366318 229272286871217150 489809074910764812 279363328483702152 1274223895153316336 1162897598757087669 441622981929358437 471314064268398780 572612058898037559 1832695211255652303 958728697912338045 2323075669699925700 1701169427975813525 2056513475336633805 2484305294265418180 4361106170762284114
3 4 5 6 7 8 9 10 11 12 13 14 15 16 17 18 19 20 21 22 23 24 25 26 27 28 29 30 31 32 33 34 35 36 37 38 39 40 41 42 43 44 45 46 47 49 50 51 53 55 56 63
4 44 54 140 130 304 208 295 191 290 204 218 141 149 97 148 67 86 76 75 42 58 32 34 32 35 15 24 14 12 16 13 10 10 10 5 4 5 4 6 4 4 6 8 1 2 1 1 1 3 1 1
4 49 84 344 386 1554 1348 3462 2799 7825 6911 13577 10449 17667 14014 33316 15054 32244 36327 52396 33849 63409 49645 79584 59660 90626 55638 125447 62217 73574 109623 134489 85560 163759 159611 101564 143181 195146 98899 225561 209768 289767 330474 660717 75175 150350 300700 147273 316674 959728 281589 966467
