29 41 53 65 77
14376 39981 27797 17010 829
2005042 615867 159632 38208 829
3316400706973703579 15628833873891969187 3192428294881418615 14741046610674416 6250230
29 41 53
1082 341 24
5467 610 26
200892000 4344412 2990
3 4 5 6 7 8 9 10 11 12 13 14 15 16 17 18 19 20 21 22 23 24 25 26 27 28 29 30 31 32 33 34 35 36 37 38 39 40 41 42 43 44 45 46 47 48 49 50 51 52 53 54 55 56 57 58 59 60 61 62 63 64 65 66 67 68 69 70 71 72 73 74 75 76 77 78 79 80 81 82 83 84 85 86 87 88 89 90 91 92 93 94 95 96 97 98 99 100 101 102 103 104 105 106 107 108 109 110 111 112 113 114 115 116 117 118 119 120 121 122 123 124 125 126 127 128 129 130 131 132 133 134 135 136 137 138 139 140 141 142 143 144 145 146 147 148 149 150 151 152 153 154 155 156 157 158 159 160 161 162 163 164 165 166 167 168 169 170 171 172 173 174 175 176 177 178 179 180 181 182 183 184 185 186 187 188 189 190 191 192 193 194 195 196 197 198 199 200 201 202 203 204 205 206 207 208 209 210 211 212 213 214 215 216 217 218 219 220 221 222 223 224 225 226 227 228 229 230 231 232 233 234 235 236 237 238 239 240 241 242 243 244 245 246 247 248 249 250 251 252 253 254 255 256 257 258 259 260 261 262 263 264 265 266 267 268 269 270 271 272 273 274 275 276 277 278 279 280 281 282 283 284 285 286 287 288 289 290 291 292 293 294 295 296 297 298 299 300 301 302 303 304 305 306 307 308 309 310 311 312 313 314 315 316 317 318 319 320 321 322 323 324 325 326 327 328 329 330 332 333 334 335 336 337 338 339 341 342 343 344 345 346 349 351 354 355 356 357 358 359 360 362 367 374 376 383 388
268 1332 4233 10737 20615 35482 50147 59304 69093 71118 73408 70110 70958 67343 65629 62143 62577 58575 58432 54618 54184 52462 50791 47549 48873 45171 44024 42447 42408 40331 39990 36954 37610 36131 34974 32939 33422 32197 30699 29371 30145 27665 28200 26346 26097 25810 24390 22977 24104 22192 21808 21163 21141 20250 19695 18625 18652 18266 17486 16434 17198 16178 15243 15121 14975 14196 13870 13171 13068 13197 12245 11761 12182 11372 10758 10827 10431 10323 10057 9359 9368 9220 8508 8282 8529 8282 7634 7666 7610 7189 7102 6659 6634 7008 6142 5915 6168 5806 5487 5416 5396 5269 5000 4814 4760 4786 4396 4188 4546 4161 3872 3830 3889 3751 3542 3349 3302 3521 3157 3172 3269 2952 2750 2812 2810 2706 2618 2513 2568 2503 2355 2181 2307 2309 2102 2079 2150 1920 1943 1805 1887 1836 1741 1641 1709 1557 1453 1459 1494 1438 1321 1236 1244 1235 1165 1148 1242 1068 1036 1004 1038 949 908 861 953 820 788 775 830 697 774 661 784 613 622 582 609 540 530 488 547 438 503 465 499 406 479 362 383 349 365 341 329 307 287 285 287 290 316 252 254 245 215 225 216 221 214 215 185 188 196 176 175 164 146 171 141 140 127 138 140 118 133 105 124 139 117 116 99 86 93 81 88 90 97 106 82 81 68 68 70 65 70 60 59 51 67 55 56 43 51 59 51 54 35 40 51 42 43 24 38 34 36 31 26 21 22 30 22 18 29 18 16 18 21 26 10 11 17 18 11 21 13 14 14 19 10 16 10 13 12 10 11 9 14 8 4 10 13 10 5 12 9 11 5 9 9 7 9 11 9 6 1 3 5 6 5 5 2 4 4 3 6 2 5 4 1 3 3 3 3 3 1 2 5 2 2 1 5 1 1 2 2 1 1 2 2 2 1 1 1 1 1 1 1 1 1
268 1439 5979 19272 50718 122038 245397 455442 782116 1238616 1955778 2815983 4186081 5823892 8091177 10800603 15095776 19138358 25612628 32654526 42830547 53573571 69174247 83499483 108174160 129551050 160812685 192623562 246341936 287028013 354229720 419591935 522732687 600777642 734542470 834015091 1034474254 1221256631 1414268216 1621401120 2043254941 2236287720 2686015881 3067373257 3612669163 4159735698 4867103739 5415469293 6583492353 7147609542 8467067518 9504792238 11531197747 12551239389 14407367286 16398222322 19144077298 21502711995 24191889386 26776335135 32279784032 35453055386 38833734433 44729737635 51341520615 55454491264 62615401541 70732849423 79068078008 89629574613 97881626682 109371360402 126885724785 138673947247 147378530176 169654143596 188193347705 213412972892 229477649104 254880650141 284953180843 314710534872 337149578399 367032599745 419409147097 474471835321 503890372229 584596036447 635870271894 684526196745 735206503562 831539399984 906864626802 1078473124708 1043468876749 1194716813622 1331454231434 1490508773592 1510148841962 1677539681398 1888376066503 2134886902592 2102502993122 2492894161720 2555269398254 3033723916550 3020316108509 3293492198466 3876639810446 4128026303865 3935355755747 4778538588909 5122506330159 5689264368310 5723777939708 6460049593231 6955681876441 8005661584611 7826329923727 9175232270093 10047673428042 11003117862615 10723677549739 11908847546531 13600905185165 14528403541140 14769265517114 17710481477387 18741755538762 20563156882358 20992646183694 21830688511022 25118135525290 30080862988467 27320675228905 31929153305441 36230827647903 37194615958954 37957257821563 40788049414135 46828206279408 52094982681512 50744810682384 58310469331226 62806973271626 67450286459197 62978745903392 71709986352785 84754182192349 88424533589941 83651372147872 98261060110243 99243076804456 117505334940538 111697660953180 120061221271534 148408327189230 144763190601933 144555061696139 164135662911445 177513739713394 188398597535688 184992578720740 204332362834955 241304700950988 230113204711173 224182912340727 268582592620079 307407905413490 293818634939213 324580549927155 311273457563765 431856180477524 338561248991064 381300335845397 408574449496303 434937576678067 440641151622069 450691039438290 475691287726075 573119381428316 495267994299161 598719429644619 627706194913824 721914621701475 608946547720136 771246849085959 633214588075291 746671471779583 748358197253566 854634647511400 849248197237464 933433081055338 916405095594224 954118553743607 1032644323804964 1163551428308973 1251931447421055 1463934544069991 1284508284698079 1350121080875903 1432662936747553 1362713373821209 1549393235680702 1784921565750047 1855513560946169 1898989738942297 2063110363049479 1895435928776851 2098851306440329 2381013771027800 2440593061637633 2619685179349031 2651569728662664 2485071504722142 3270278868910225 2807273159082210 2977003440600227 3153148969452798 3642513424784295 3533025344172841 3495163075720401 3861251488298429 3608698450477203 4590320545966159 5403472135916659 4752220958545644 5234112063877589 4919885064323227 4472304226606165 5427703145529854 5380546444422467 5915004786562379 6499935976911913 8175530004301478 8539776934881215 6815339355332628 7885518032455646 7496785293733059 8069599786645776 8685896000196417 9126835925745223 10751762978728771 9256066039257618 10120317447333687 9189521852151307 13104002735597031 12323150319668732 15114263021946412 10570788649302190 12624911583699652 17259087032250696 15235441404844299 16329050670472937 13127204421267896 16035616030281087 21228701904638892 19742290572862383 23500719512554211 12830831264602559 22058169093044157 18737736755300116 22523866125326505 23260394482232060 18616613557385495 17595993939614320 22320848129349093 26037104829171858 20032289233026627 18655796259353320 33267331423327785 19800683866863482 21611141580230431 26529177461515968 36331678501252920 43573027159658475 17428666280278901 21659774992543517 39210187366119731 40693416669324210 25264712526438105 51834547837939428 36505687848313587 38881971224692818 44550197378288640 56945706450758755 32788609395678850 59033162324196541 43866459035520814 55843309362144927 59701168596846912 51227924114194538 60276121744072948 63978317703634863 81639296018322840 61738369555905869 27863400576783324 86672491336238490 108018010937742912 82663475411518340 44367654699842279 125713193822846018 110693413996729187 131779029016952393 60512414154739964 114887961552206380 138317292342133147 104976379098423169 143964411228522029 204272587208497012 164271470197044069 117412683649508508 21458096037352891 65916198730193119 139650139428267175 177847847504020938 137746676290120661 202177465684665943 62814475341309618 139203819477763320 149097623106992308 114468377080496145 250831443197818766 88520436579532724 241794933084529528 251941019363370907 104924088457657282 232523903905081666 266320521110376800 211323059753998039 231255798467183569 247402886575116853 90175434980549623 186625545172752383 515757331608676625 220615720850585544 362007500926024299 134819180623301520 711290926734796848 154043597379576030 164637479165761044 351887119620845506 429236599486572598 244904537455382406 298330063062758076 637111947576658168 680245620097154856 726235024096220010 387632532919029223 413766180933342362 441622981929358437 502957566506000020 695143713458946040 1089657644424399782 1238057794119125085 1930656072350465812 2645418340688763701
3 4 5 6 7 8 9 10 11 12 13 14 15 16 17 18 19 20 21 22 23 24 25 26 27 28 29 30 31 32 33 34 35 36 37 38 39 40 41 42 43 44 45 46 47 48 49 50 51 52 53 54 55 56 57 58 59 60 62 63 64 65 66 68 69 70 71 73 74 75 79 80 85
6 38 50 196 191 394 331 514 316 429 303 335 212 316 164 259 165 216 127 164 110 135 95 105 81 88 62 72 51 58 51 61 39 37 25 33 20 29 19 14 25 14 15 12 8 15 7 9 5 5 9 9 5 11 3 1 2 2 3 2 3 2 2 4 2 2 1 4 2 3 1 2 2
6 47 82 463 615 2311 2159 6551 4743 12669 10644 21870 15845 40959 24851 65897 43409 91455 60835 126094 98874 180067 120837 213152 185517 250126 229907 347751 301580 513565 441650 713454 502412 589364 395691 825919 484847 1022570 602608 694824 1084474 1493574 1113390 1108934 830759 2181066 737094 2587898 799817 1133146 2065821 3703556 2178645 8422422 1505787 563178 1158465 1956198 2860880 2262260 3363374 2899401 5499713 8708150 6966520 9294080 4647040 17439141 8175936 15482771 14179000 18578182 41012510
