16 17 28 29 40 41 52 53 64 65
1287 638 17223 7426 35866 14176 14614 5890 2121 750
36925 13983 487129 186480 218118 82966 39660 15890 2291 800
34825106 15890558 18793301429079795852 8677961546990903587 7984733358793081929 3387898533422937061 60326944449939429 18920087361714793 135930476 36699346
16 17 28 29 40 41
224 114 322 153 24 4
2446 1154 693 389 36 6
1482977 759177 8832489 6987772 18395 2629
3 4 5 6 7 8 9 10 11 12 13 14 15 16 17 18 19 20 21 22 23 24 25 26 27 28 29 30 31 32 33 34 35 36 37 38 39 40 41 42 43 44 45 46 47 48 49 50 51 52 53 54 55 56 57 58 59 60 61 62 63 64 65 66 67 68 69 70 71 72 73 74 75 76 77 78 79 80 81 82 83 84 85 86 87 88 89 90 91 92 93 94 95 96 97 98 99 100 101 102 103 104 105 106 107 108 109 110 111 112 113 114 115 116 117 118 119 120 121 122 123 124 125 126 127 128 129 130 131 132 133 134 135 136 137 138 139 140 141 142 143 144 145 146 147 148 149 150 151 152 153 154 155 156 157 158 159 160 161 162 163 164 165 166 167 168 169 170 171 172 173 174 175 176 177 178 179 180 181 182 183 184 185 186 187 188 189 190 191 192 193 194 195 196 197 198 199 200 201 202 203 204 205 206 207 208 209 210 211 212 213 214 215 216 217 218 219 220 221 222 223 224 225 226 227 228 229 230 231 232 233 234 235 236 237 238 239 240 241 242 243 244 245 246 247 248 249 250 251 252 253 254 255 256 257 258 259 260 261 262 263 264 265 266 267 268 269 270 271 272 273 274 275 276 277 278 279 280 281 282 283 284 285 286 287 288 289 290 291 292 293 294 295 296 297 298 299 300 301 302 303 304 305 306 307 308 309 310 311 312 313 314 315 316 317 318 319 320 321 322 323 324 325 326 327 328 329 330 331 332 333 334 335 336 337 338 339 340 341 343 344 345 347 350 351 352 353 354 356 358 360 361 362 363 366 368 370 371 375 376 377 378 380 381 386
417 1909 4544 8773 13828 18930 23604 25791 27715 28325 28958 27274 27153 25542 24666 22780 22995 21177 20790 19604 18889 18086 17966 16396 16699 15853 15347 14477 14563 13531 13832 13042 12675 12262 12360 11449 11901 11158 10886 10230 10685 9793 9721 9465 9289 8987 9156 8264 8611 8103 7982 7670 7958 7239 7317 6894 6816 6508 6583 6185 6196 5932 5834 5364 5718 5212 5488 5110 5092 4921 4989 4448 4623 4459 4329 4198 4225 3940 3931 3745 3729 3651 3583 3373 3484 3392 3286 3049 3138 3046 2859 2810 2765 2715 2698 2388 2476 2488 2421 2281 2346 2239 2230 2129 2068 2037 1964 1854 1849 1738 1755 1646 1738 1558 1614 1573 1544 1445 1454 1323 1326 1308 1285 1235 1248 1156 1229 1108 1150 1045 1079 973 989 1006 959 905 944 866 856 886 764 738 798 735 726 693 732 638 717 624 617 622 548 546 581 541 537 508 470 503 518 445 460 465 416 411 406 396 344 370 375 364 348 335 338 330 295 286 284 276 275 261 236 238 248 215 245 246 208 190 208 166 170 185 170 188 166 161 162 171 148 154 145 141 131 131 133 130 121 119 123 113 101 94 95 93 95 83 102 100 60 75 89 106 82 72 61 57 58 59 66 63 73 62 61 58 50 51 47 47 40 43 53 45 36 50 41 43 37 29 35 42 35 34 42 45 34 30 48 34 28 26 32 26 20 24 35 26 31 20 25 23 28 26 16 18 14 13 22 21 14 14 20 10 8 9 15 10 11 18 10 11 12 8 8 10 7 11 4 2 6 9 9 7 13 9 7 4 6 7 5 4 6 12 6 7 5 6 6 4 8 5 5 4 2 4 6 5 3 2 3 2 3 2 5 2 4 1 1 3 2 3 4 1 2 1 3 4 1 2 1 1 2 3 1 3 4 1 2 1 1 2 1 1 1
417 2055 6372 16604 37813 77240 139279 237962 386937 594050 920025 1295246 1831151 2519563 3449249 4303923 6100067 7605329 9756991 12375746 15766523 19175492 24786492 29114183 36612498 44623357 55165832 63713140 81078907 93366460 115212865 134767758 166088411 190980262 239330697 269322176 333408928 387810783 466172962 508615173 654400687 726363137 831798082 976962369 1172031484 1320009465 1601909147 1744636089 2099356214 2348794544 2821696743 3008742258 3768013249 4097007786 4667615447 5239427712 6266706965 6643627130 8038201235 8953993138 10073725427 11357628148 13126926176 13446796820 16930564910 18209164887 21186395299 23010679807 27319056687 29929919899 34785421029 36215975692 41893435236 46084722046 52726139876 56693202089 66194109400 71953841148 78833451011 87542669990 104045887682 106555404927 121198681519 131986252258 153482204780 168589264913 194516961959 195970952733 233419635029 254811891276 260994151691 293786864185 334604885767 353721570695 405264344163 412924973037 473788011243 534872546134 592704448760 585192265873 712160643958 779752964952 836480613049 891893358383 1034213317003 1064772030221 1176646003893 1256630810392 1396734900427 1473305408556 1747353724607 1712363081631 2074935591554 2036657218000 2308830487913 2557346431276 2909162962051 2910593006978 3382284761690 3329597965396 3728912892874 4069019899396 4479958558431 4611811143208 5269406460899 5432912902310 6271771561326 6244231345228 7672332963273 7617032462146 8429922849485 8567087326963 9174201676512 10695300044028 11524595247411 11855109392569 13681315755202 13529159638165 14256640872302 17053217575285 16606155502117 16849332411244 21712763258293 21580913980761 22691146037686 24493523566322 27775260814301 28002227685524 33930701523864 32762449586361 34182477937173 38303625381324 38692038519280 42460501528407 49546929639453 50020959717916 53599882985821 57202656875306 58030604772418 66849028337812 75569045343160 72818694300157 76992396705242 88120495313337 86351255768838 99282588510827 106442567181497 112301291951545 101264331764934 125215509661124 136816339339006 134339074410712 152313814420817 161721723230667 166973135519216 180255543236671 177677318913695 196977550467875 207822862553230 236148056420540 246062297524462 260531536574392 242775480783100 284291111292395 310799824277045 291236139041077 337333400639245 393818344039769 371596993695949 375498918540093 427384860076340 392335050841247 413062167808588 498068385896507 504367453966386 594281854244690 520153073490280 608544663860007 618272864328270 748005807985434 678115900241153 812410790954802 791608305136253 898216570254735 789753493786168 933596121953293 1073510936514466 1070775815816560 1119102276858545 1241665662092385 1376586150822176 1312561231233624 1348188746727453 1366625949326476 1356210574246399 1628400524175023 1597151787875167 1619629980099046 2136371942850344 2246087406980288 1420890385564165 2035793708335254 2282893905883950 3213307716763914 2906203960956951 2522908090429464 2410123726328684 2475619471133886 2667372280860182 2971582276639711 3794960745170052 3885145683467178 4526190345675413 4633219392543325 4529655455195570 4470100176611426 4632630295290025 5210771520576263 4578057738082274 5535502728765272 4820357935562502 5498788750900018 8073291172386648 6979299536312673 5719411856215247 8463970921878862 7136105783546614 8896963266492338 8490659287724236 7435511859739423 8493051262915115 13751369272482285 10416456307785954 11164648113627560 14410949750066169 16738120951351220 13003373548739118 14514215426183027 22307869920228871 15848378779792690 15756395732647131 13866793539676253 18461902650032020 18217815573697462 15486619614508453 18528006215825500 28853534629253592 23059409381231352 29034948418132791 22793632416916563 27267598963687051 27733051384330475 36684070010749931 37226597467331629 26824729149521518 33850490779728505 26021477147805597 22034728383703811 40265870316765817 47782434715349990 31542150543270771 35654824236981349 54071978341773715 28168773381592215 25022107889572038 27777616584682647 49539083310774939 41315503150502844 44960424337194290 85085562695156919 47379265840615536 60972000227138706 64785826787263444 49052447738767713 47067797486329390 69565774417935676 48281774992254074 85131346533294231 31570310233339704 24090745154829120 62241233912030906 85989304253232014 93736904572503537 89149704086757037 155331454542946240 127157179571435845 94048414805848530 58523230808274398 94148217824060571 165921046150249526 108257005298242977 77377830124354618 127307906949341400 286664801576259813 167600444569783971 176082146021285102 141525101704980015 181957091939057784 186281314662305164 167066789793281622 295721795306677369 191662348384244213 213740390179773480 180065153666688780 98011287270475750 206391776321723798 336939612677245734 352734603584414754 184536074288447638 133160260555188400 216141461669774528 152454543164516954 252902446908675357 180350869961099246 482250550961013800 206302932643470650 441231441701171088 110307860425292772 126108517833796355 432353809583621496 308087194759152060 493912437497283132 752034588209171920 229272286871217150 489809074910764812 261578907351144125 838089985451106456 1193320252251032304 340122810048577428 775265065838058446 441622981929358437 471314064268398780 1005915133012000040 1610037210932073363 651688879997206959 2224299479652245052 3373003154250113708 899175348396088349 2323075669699925700 1238057794119125085 1319510599727473500 2812414893122968108 1596675274490756791 1701169427975813525 2332821198543892336
3 4 5 6 7 8 9 10 11 12 13 14 15 16 17 18 19 20 21 22 23 24 25 26 27 28 29 30 31 32 33 34 35 36 37 38 39 40 41 42 44 45 46 47 48 50 53 54 55 61 62 67 68 75
3 53 46 184 144 347 218 474 282 465 225 331 207 298 167 218 106 189 79 107 56 87 29 61 35 54 23 38 17 35 20 33 18 17 8 8 8 5 3 6 1 3 2 1 1 2 1 3 1 1 1 1 1 1
3 66 74 456 432 1789 1261 5471 4102 12310 6959 20671 15554 38400 23444 48918 28362 80730 37868 78266 43143 110239 37158 112052 87327 166102 68557 207290 77718 198661 162377 323974 174276 223446 134233 185424 188116 201935 83697 239120 37338 174384 137937 63261 75175 283826 294546 959728 408452 1053646 1430440 2600312 1741630 5392783
