15 27 39 51 63
1769 25642 49068 23494 17
22664 513931 243638 44294 17
6242149 1888510098566453971 9469202057340634065 6550009314458006 21
15 27 39 51
264 546 39 1
1508 1214 54 1
175304 17673796 126362 42
3 4 5 6 7 8 9 10 11 12 13 14 15 16 17 18 19 20 21 22 23 24 25 26 27 28 29 30 31 32 33 34 35 36 37 38 39 40 41 42 43 44 45 46 47 48 49 50 51 52 53 54 55 56 57 58 59 60 61 62 63 64 65 66 67 68 69 70 71 72 73 74 75 76 77 78 79 80 81 82 83 84 85 86 87 88 89 90 91 92 93 94 95 96 97 98 99 100 101 102 103 104 105 106 107 108 109 110 111 112 113 114 115 116 117 118 119 120 121 122 123 124 125 126 127 128 129 130 131 132 133 134 135 136 137 138 139 140 141 142 143 144 145 146 147 148 149 150 151 152 153 154 155 156 157 158 159 160 161 162 163 164 165 166 167 168 169 170 171 172 173 174 175 176 177 178 179 180 181 182 183 184 185 186 187 188 189 190 191 192 193 194 195 196 197 198 199 200 201 202 203 204 205 206 207 208 209 210 211 212 213 214 215 216 217 218 219 220 221 222 223 224 225 226 227 228 229 230 231 232 233 234 235 236 237 238 239 240 241 242 243 244 245 246 247 248 249 250 251 252 253 254 255 256 257 258 259 260 261 262 263 264 265 266 267 268 269 270 271 272 273 274 275 276 277 278 279 280 281 282 283 284 285 286 287 288 289 290 291 292 293 294 295 296 297 298 299 300 301 302 303 304 305 306 307 308 309 310 311 312 313 314 315 316 317 318 319 320 321 323 324 325 326 327 329 330 331 332 334 336 337 340 341 342 343 344 345 346 347 350 352 353 354 357 359 360 364 366 367
365 1617 4192 7962 11906 15915 18694 20914 21710 22163 21797 20920 20127 19436 18529 17776 17012 16340 15693 15344 14498 14088 13692 13272 12777 12189 11788 11476 11223 10887 10538 10155 9977 9723 9335 9079 8728 8859 8212 8110 7956 7607 7579 7253 7098 6757 6795 6539 6325 6128 5875 5780 5685 5450 5282 5196 4998 4866 4792 4662 4647 4473 4233 4047 4049 3927 3919 3853 3656 3548 3532 3243 3340 3163 3013 3065 2832 2889 2700 2663 2589 2546 2467 2484 2334 2361 2155 2231 2107 2066 2089 2004 1929 1929 1852 1788 1765 1695 1659 1647 1526 1505 1486 1442 1362 1355 1322 1363 1334 1277 1186 1236 1223 1156 1200 1042 1026 1033 990 986 956 884 936 917 840 767 783 776 734 747 749 728 685 652 610 648 591 583 600 538 566 564 521 514 487 506 467 483 451 429 414 427 398 397 408 396 414 385 350 382 353 343 396 354 329 303 288 313 271 285 263 282 241 246 212 288 215 195 242 237 214 188 189 196 186 199 173 164 149 169 169 158 151 166 153 132 141 140 121 125 124 116 142 122 136 98 100 119 112 100 109 106 97 107 83 90 84 80 94 78 71 72 59 79 79 59 75 74 61 53 48 56 66 62 58 54 49 52 56 59 45 38 42 47 34 33 41 40 44 36 25 37 38 28 20 41 24 26 22 23 30 20 22 21 26 14 28 18 23 14 13 14 13 14 19 17 12 13 12 15 14 19 20 14 13 15 12 12 9 12 7 16 9 6 7 3 11 6 12 5 6 8 3 8 9 3 10 4 6 11 2 4 1 3 4 5 3 2 1 2 1 1 3 2 1 2 3 2 1 1 3 1 2 1 2 1 2 3 1 1 1 1 1 1 1 1 1 1 2
365 1767 5906 15644 33578 67302 118077 203226 320005 494962 724570 1031983 1438219 1961777 2625129 3490035 4513556 5861644 7433078 9619599 11789820 14789686 18580295 23029725 28270726 33900750 41781871 50408388 62489733 74500068 89223901 106081751 128876030 155465816 179650146 212857286 252207799 308561829 348168978 412647545 482452614 549653530 659637864 751028944 875598078 995410341 1197901248 1353054227 1548649139 1812234117 1973491826 2333865686 2746178679 3040112082 3475936540 3969032499 4495078710 4970170093 5847289438 6521354266 7708600303 8577730059 9172317554 10374457392 11954901131 13317203805 15262925274 17303552219 19112022109 21167947238 23944974165 25575996925 30102179409 32976560506 35204520319 40583078267 44009382176 50016804844 53088437682 60818722421 67203673276 74689978444 83021241391 95282023164 100297205947 119530006803 121343267898 143805946564 153965710061 167664739993 192053052384 209446447863 222237857662 254080632771 276152956827 297507798961 333360701022 375708856515 379790324324 456464422247 464182367160 517458479333 557365238760 629445324007 664106124873 731723900597 758130077468 910856965302 992814566629 1114127737687 1121999226229 1302923253336 1423448893842 1545340181369 1722744974517 1690149190805 1872935044441 2135825159856 2205396714689 2425280483367 2722194648301 2721799991611 3161629999288 3414439285326 3488473820376 3715507231696 3851906008332 4335154399851 4854591352679 5358211762278 5780907572068 6360140274498 6856369443836 7025067256883 7324119540263 8773836226744 8395376730314 9286807150180 10518890205019 10333079633097 11739148139131 13428370572760 13632126411236 14403231256314 15776782609255 18272456704931 17687440103588 20735953829578 21042355352565 22563215737561 23750135194270 26482237728370 26424431536675 29372312088658 33692968528622 34363975108456 40424052391344 43399930180667 40908490532124 52553298160272 51965791196078 55526527987043 69469250023052 69182737971805 70634474660601 74468839518044 72689330851731 83467273553521 80936525665951 99748576868911 90759660550992 112049280460767 102472843070935 115416753677714 108290628920356 159723726108558 138553054364456 131990348135070 170179700716245 190163042038820 192535813285949 183394562579613 202807444450410 210286364591616 250458315617846 271784184895332 271425351787441 262661944698166 266671040765230 321147007218642 344697693748497 362172053763092 388758608361037 464252288250866 476575042316809 424470501530351 506160124197280 512943899563858 505800587272806 524863852343127 576290366038246 607356211148615 834330265120372 737032749990680 911496535605151 775975856497771 900565353174456 1030174934484850 1084623056251207 1004808934853740 1289025600390309 1331061806093842 1293183078079725 1475038957293621 1280139327735334 1497926374140405 1483526887443185 1575476762997315 1925305461121954 1943460390382673 1718175895844321 1979643585923750 1786236449102075 2394473717517309 2588034262289421 2204418028667860 3179769123802135 3084461324970198 2985881518817711 2582008447258865 2436386672135405 3349622244035713 4128280416175979 4208324544884832 4337023840354328 4287210818892193 4219406550418647 4765209883442567 5944809234091317 6918831357708769 5389717254792576 5222398533034598 5293687923410759 7281677258125701 5551166063647832 6124722880231285 7853802424414085 8504660009458206 9191974134119874 8847944953855112 6398182117100209 10094337427428672 11463342389751256 9808291971991315 7005624353558301 14753122672191708 8927457229354523 11354867030294026 10668715759541759 12852427639215278 16073740264119974 11034349724524269 13307837219764475 13468939949432777 17470396263784099 11093359783374134 23935239064345222 17216760650903729 22099673055625146 14621236139997009 14859182625845305 17870391010891980 16023800410748414 19881782611529166 30579982476201885 24449666318659550 18833333296644080 25309316322378153 23715333652950387 32828612835440068 29346364231588255 47144526670907268 57944393601060973 38881971224692818 36351577827646035 50434525568916163 45191714719437062 44475641017651841 38438747638639113 52797786301948524 30795178093364829 78095657946028656 55041750674319276 33349334529506697 40611262414088965 18566201891270118 73270119466336940 43849960602433998 114946892709821040 48181490309658240 53620737636565881 74702552949468715 31245634857501179 98250613628759346 106254582466028380 38593653809344873 134491513261243943 59547520881851587 94148217824060571 185684013478032085 36085668432747659 78723768587331199 21458096037352891 64374288112058673 96950325107978807 128547635202359958 79247422900698978 60652363979685928 32488293351466654 74548811553496154 39919565526999991 42748078035954696 137317075630734084 98011287270475750 56156602112874289 120210699679333088 192976123827343650 137669771892147700 78801255302666615 90175434980549623 289350330576608280 117949491546113972 252217035667592710 134819180623301520 288235873055747664 154043597379576030 329274958331522088 527830679431268259 188008647052292980 229272286871217150 261578907351144125 279363328483702152 298330063062758076 363117512048110005 413766180933342362 441622981929358437 572612058898037559 651688879997206959 1390287426917892080
3 4 5 6 7 8 9 10 11 12 13 14 15 16 17 18 19 20 21 22 23 24 25 26 27 28 29 30 31 32 33 34 35 36 37 38 39 40 41 42 43 44 45 46 47 48 50 51 52 53 54 55 56 59 60 62 65 72
3 22 42 141 97 206 165 250 182 277 133 209 115 143 88 128 70 71 33 48 44 52 24 25 27 17 10 16 12 13 16 9 6 4 5 11 2 9 5 6 1 7 4 6 3 3 2 2 1 1 2 1 3 1 1 1 1 1
3 25 67 380 305 1205 1209 3262 2758 7907 5074 13430 8458 18507 15395 30058 23162 34668 14765 31313 42130 61037 30423 43547 41869 52219 31583 78192 53092 90918 102172 102702 66894 47577 56936 227289 49240 367843 182338 232528 62370 397196 346149 593136 264958 328219 478569 335870 147273 211116 936142 347050 1451516 563178 902552 1430440 831820 6175470
