5 17 29 41 53
126 1366 1863 321 2
11318 11644 3655 360 2
144624 1291432 1006586 30711 682
5 17 29 41 53
126 1366 1863 321 2
11318 11644 3655 360 2
144624 1291432 1006586 30711 682
3 4 5 6 7 8 9 10 11 12 13 14 15 16 17 18 19 20 21 22 23 24 25 26 27 28 29 30 31 32 33 34 35 36 37 38 39 40 41 42 44 47
85 429 950 1924 2712 3734 3615 3932 2758 1848 1253 899 619 439 275 262 276 161 135 131 153 74 39 55 60 36 12 13 27 14 6 12 19 4 1 6 3 2 1 2 1 2
85 521 1422 4102 8101 17211 22442 38850 43279 47677 47797 52301 50581 50564 39774 49563 68301 57028 59684 75560 111107 66010 47604 78281 120272 94208 32664 37206 123066 109217 36520 79064 216154 101399 10143 94958 67217 35954 26015 57200 44583 150350
3 4 5 6 7 8 9 10 11 12 13 14 15 16 17 18 19 20 21 22 23 24 25 26 27 28 29 30 31 32 33 34 35 36 37 38 39 40 41 42 44 47
85 429 950 1924 2712 3734 3615 3932 2758 1848 1253 899 619 439 275 262 276 161 135 131 153 74 39 55 60 36 12 13 27 14 6 12 19 4 1 6 3 2 1 2 1 2
85 521 1422 4102 8101 17211 22442 38850 43279 47677 47797 52301 50581 50564 39774 49563 68301 57028 59684 75560 111107 66010 47604 78281 120272 94208 32664 37206 123066 109217 36520 79064 216154 101399 10143 94958 67217 35954 26015 57200 44583 150350
