12 24 36 48 60
952 10737 43958 34334 10014
56413 656865 432659 118110 14339
8781927 368641265084611 12817076648302110692 1044403452512616118 10740506339525
12 24 36
192 541 139
2539 1640 228
213496 24874705 478562
3 4 5 6 7 8 9 10 11 12 13 14 15 16 17 18 19 20 21 22 23 24 25 26 27 28 29 30 31 32 33 34 35 36 37 38 39 40 41 42 43 44 45 46 47 48 49 50 51 52 53 54 55 56 57 58 59 60 61 62 63 64 65 66 67 68 69 70 71 72 73 74 75 76 77 78 79 80 81 82 83 84 85 86 87 88 89 90 91 92 93 94 95 96 97 98 99 100 101 102 103 104 105 106 107 108 109 110 111 112 113 114 115 116 117 118 119 120 121 122 123 124 125 126 127 128 129 130 131 132 133 134 135 136 137 138 139 140 141 142 143 144 145 146 147 148 149 150 151 152 153 154 155 156 157 158 159 160 161 162 163 164 165 166 167 168 169 170 171 172 173 174 175 176 177 178 179 180 181 182 183 184 185 186 187 188 189 190 191 192 193 194 195 196 197 198 199 200 201 202 203 204 205 206 207 208 209 210 211 212 213 214 215 216 217 218 219 220 221 222 223 224 225 226 227 228 229 230 231 232 233 234 235 236 237 238 239 240 241 242 243 244 245 246 247 248 249 250 251 252 253 254 255 256 257 258 259 260 261 262 263 264 265 266 267 268 269 270 271 272 273 274 275 276 277 278 279 280 281 282 283 284 285 286 287 288 289 290 291 292 293 294 295 296 297 298 299 300 301 302 303 304 305 306 307 308 309 310 311 312 313 314 315 316 317 318 319 320 321 322 323 324 325 326 327 328 329 331 332 334 336 338 339 342 344 347 349 350 354 355 358 363 366 371 372 373 374
386 1947 4667 9105 16273 22890 30962 34204 37985 36944 39204 35707 36101 32320 32152 28533 29032 25388 26212 23582 23356 21271 22751 19762 21008 19129 19456 17650 18415 16367 17716 15699 15919 14620 15558 13520 14602 13121 13403 12228 13111 11340 12215 10833 11421 10190 11111 9502 10326 9273 9515 8581 9219 7988 8708 7617 8058 7197 7782 6694 7374 6516 6795 6001 6665 5652 6240 5522 5612 5119 5478 4747 5365 4605 4604 4339 4517 4010 4408 3777 4112 3612 3858 3406 3676 3282 3291 2867 3234 2814 3069 2709 2748 2489 2796 2377 2603 2272 2253 2177 2277 2069 2174 1957 2034 1731 1882 1611 1849 1590 1562 1461 1613 1320 1466 1401 1312 1219 1216 1088 1237 1115 1108 1035 1063 950 970 943 935 833 941 753 799 721 724 664 730 639 651 605 597 596 586 539 585 577 494 469 512 459 505 461 455 452 438 371 390 390 364 342 394 311 346 307 328 330 327 278 277 260 263 230 226 218 248 232 231 211 181 186 194 162 161 145 161 165 167 148 135 125 139 139 117 118 115 100 109 105 109 95 116 80 94 96 90 82 102 80 95 81 79 90 81 79 64 55 73 61 60 53 56 61 54 59 60 38 47 53 44 45 52 37 63 43 36 62 41 37 32 37 38 27 28 32 25 31 20 22 31 22 35 30 28 30 16 20 12 18 16 15 21 16 17 22 25 19 15 12 14 18 11 15 19 9 9 9 10 11 9 7 12 4 12 10 10 7 11 8 7 7 6 5 8 6 4 5 7 5 3 7 4 5 6 2 5 7 2 5 5 5 6 3 6 5 5 4 3 8 3 3 6 4 2 4 5 5 2 2 1 3 2 2 1 2 2 1 1 1 1 2 2 1 2 1 1 1 1
386 2100 6679 17424 43848 90289 173053 300091 509525 745024 1208181 1660325 2383206 3150946 4395535 5354461 7471759 8904680 11851046 14345301 18631905 21685548 30410326 33680920 44518568 53196057 69509724 75968877 102309936 114037262 146610910 166578497 211499224 233137790 308451613 327754379 416107511 468591079 578907507 618386728 815821027 869024590 1074590744 1162770483 1493125812 1517399704 2076357847 2075275094 2548841712 2875528190 3457285141 3527932744 4586927996 4714372214 5786184786 6145478898 7639159534 7758570559 10032778803 10060531361 12332318823 13207952372 15976029046 15629734219 20846850055 20267194928 25527062098 26647186386 31066780819 31957908696 40968655602 39805020022 49797325253 50679298929 60264047551 60727747067 75723249653 75673822985 92828275440 90304385307 114660561676 111033750554 142345412021 136514267918 164841138551 170379868265 205112003583 190893602328 253124315077 239833902564 297485343401 290737359108 342418959837 345148763416 452514540231 408081265192 514378773721 497060329326 590157118042 589576770048 731081646900 744196501908 882032547656 862321630214 1062088257519 923197624735 1218479770793 1134622439847 1452046474722 1398031724292 1618909458173 1566165176045 2056155046808 1809938167620 2265528009970 2319592520033 2618519003830 2515268451282 2993226574596 2785352501957 3527266952965 3438288478174 4139801006550 3971368044253 4798023132446 4479631596498 5137457650991 5585077893799 6438855990480 6020656817116 8005054929806 6894097774388 7892239681419 7855106731188 8922102284260 8691930438664 10983764620785 10639505333898 11057290044195 11924223298528 13053177615728 13767889922675 14962741729533 15293904650487 18095944948897 19899766030095 19415366708486 19386189369956 23807065291088 24584119566320 28597712019920 29118777443956 32103033485627 32856117247167 36200053385504 34151789702223 37521088612635 44946239692291 44704644069937 43140930246444 55392894172384 47864658151815 58838988184575 58293903494271 67597204814738 72235363217084 74483515070417 74352089722176 78995896125540 82509434600621 97799837333359 80638756631186 97784702711242 107869335983180 123729676360074 136904006455898 138630370285146 138998672058590 130713160372280 148697064888185 166427674999935 152236784358699 167428012731836 160613643477008 202221536376986 222015787324765 239877144231253 230537395496552 223974358033067 241271266770763 279396963847563 303117804304023 276121088545713 317990418856165 330716992326241 289083039309553 364327153407378 413155197958955 432371082009319 409583088891675 586322207701639 400361390461174 541866444176110 608415829667738 580805599574245 599327966330852 822689023710003 688238758988285 900679133494335 774871504141360 891625584259825 972983943761796 967561491256524 1040040486849992 953865686623578 810423499562633 1229080497942740 1089179317430050 1246452004143458 1123864584117864 1291596321893016 1621661801774773 1490878070100436 1867195217598231 2089189455476966 1329937071659073 1703302509571234 2316178594642524 1912509682009441 2116108199065820 2808619281397697 2197384387034312 3595394017543304 3163213388710902 2592573016014516 4902143199785641 3694254417298490 3188388770014963 3045641566929608 4189527564663572 4202014972667478 3465872838640539 3594357941486306 4610732346084513 3842504811288960 5123401125661187 3898452001960397 4436061120297396 6286575518538512 5288867653585016 8276351358295563 8515778340483661 7899111813138625 9685734643541200 5216603316007543 7303388816636650 4254518289338874 7912533782563022 6870820137849912 7777246550627645 11150604155068973 8862070232413254 9425816965754825 14826506677265111 17817563139614200 15584649570433810 12141928256570497 12603017974335374 12015157736933580 17480590871881338 12010042635997922 17613569978972762 24291013321941564 11353162162618835 12311955029132110 15880004326582105 17328517901409447 20272449950646542 19787919775232904 15893821573650127 25884554362867869 11145364392067775 30133964191132402 29293922645015537 30487854256667108 21678548923604095 42981361431639169 28200059392231304 26660981154170847 32581242760306068 30795178093364829 24022405352789222 41150302531466200 38195083977063436 28948505840042845 37579314027523809 53810097085099676 36370395523923414 24090745154829120 74633227026575300 36379745085635831 46943304139297909 62491269715002358 22871084155644208 59678738213332603 100832743781320437 28237325330560010 75714763694285970 108194336765945296 84722113471101211 109514313464696046 58706341824754254 127307906949341400 133374308078520684 121600431258809297 103897529051529468 83025848315558332 238567132621049790 95302768692776272 102090203090348314 218699532845873968 157033102357748050 85496156071909392 183089434174312112 241794933084529528 255397419956961673 108618646341702930 128650749218229100 64325374609114550 236403765907999845 174476250616774742 206302932643470650 110307860425292772 269638361246603040 308087194759152060 188008647052292980 214618299743286299 229272286871217150 298330063062758076 637111947576658168 775265065838058446 536679070310691121 1303377759994413918 899175348396088349 958728697912338045 1022141228367345362 1089657644424399782
3 4 5 6 7 8 9 10 11 12 13 14 15 16 17 18 19 20 21 22 23 24 25 26 27 28 29 30 31 32 33 34 35 36 37 38 39 40 41 42 43 45 46 47 48 49 51 52 54 56 60 66 72
2 38 71 176 162 333 290 436 357 470 351 332 260 219 152 173 92 90 43 66 34 45 15 24 16 22 20 10 11 14 8 4 8 10 7 5 4 5 7 3 1 3 1 2 5 1 1 1 1 1 1 2 2
2 42 107 483 534 1841 1861 5728 5704 13195 11820 20144 20248 29894 25048 47251 32234 46385 22528 52333 37160 49038 17691 45157 39242 62524 58342 71488 49736 86350 49361 32477 88976 239760 108838 119001 107574 175534 245324 165493 37338 160127 89166 218362 496182 105558 451050 422232 589092 281589 526823 4533246 15469550
