15 27 39 51 63
1890 20994 44946 24370 7788
144599 713570 337781 77669 10817
66775451 2554485949177093649 12375537231209345799 1290345657563667802 17126982503122
15 27 39
484 960 187
8114 2963 270
2542575 170654391 1666643
3 4 5 6 7 8 9 10 11 12 13 14 15 16 17 18 19 20 21 22 23 24 25 26 27 28 29 30 31 32 33 34 35 36 37 38 39 40 41 42 43 44 45 46 47 48 49 50 51 52 53 54 55 56 57 58 59 60 61 62 63 64 65 66 67 68 69 70 71 72 73 74 75 76 77 78 79 80 81 82 83 84 85 86 87 88 89 90 91 92 93 94 95 96 97 98 99 100 101 102 103 104 105 106 107 108 109 110 111 112 113 114 115 116 117 118 119 120 121 122 123 124 125 126 127 128 129 130 131 132 133 134 135 136 137 138 139 140 141 142 143 144 145 146 147 148 149 150 151 152 153 154 155 156 157 158 159 160 161 162 163 164 165 166 167 168 169 170 171 172 173 174 175 176 177 178 179 180 181 182 183 184 185 186 187 188 189 190 191 192 193 194 195 196 197 198 199 200 201 202 203 204 205 206 207 208 209 210 211 212 213 214 215 216 217 218 219 220 221 222 223 224 225 226 227 228 229 230 231 232 233 234 235 236 237 238 239 240 241 242 243 244 245 246 247 248 249 250 251 252 253 254 255 256 257 258 259 260 261 262 263 264 265 266 267 268 269 270 271 272 273 274 275 276 277 278 279 280 281 282 283 284 285 286 287 288 289 290 291 292 293 294 295 296 297 298 299 300 301 302 303 304 305 306 307 308 309 310 311 313 314 316 317 318 319 320 321 322 323 324 325 326 327 328 329 331 332 333 334 337 338 339 340 341 349 350 351 353 355 356 357 359 367 374 375 378 380
275 1174 4023 7947 16474 21010 32199 34169 42697 40250 46310 39509 43452 35388 38382 30565 33712 26192 28770 22889 25474 19935 23632 18033 20720 16115 19468 15154 18291 13933 16721 13127 15590 11786 15023 11367 13949 10705 13150 9975 12239 9418 11662 8973 10917 8375 10798 7982 9690 7259 9331 7179 9054 6546 8193 6376 7789 5840 7573 5673 7022 5303 6614 4850 6276 4566 6022 4455 5681 4136 5642 3974 5225 3785 4854 3535 4843 3417 4491 3277 4019 3078 4063 2998 3844 2812 3672 2653 3476 2458 3275 2501 3123 2277 3098 2102 2772 2054 2650 1984 2590 1874 2427 1756 2221 1611 2264 1608 2109 1572 2019 1443 1920 1374 1880 1291 1752 1322 1782 1167 1638 1149 1501 1164 1470 1038 1426 962 1276 915 1271 893 1173 869 1120 802 1078 695 1006 755 933 703 929 624 799 596 821 653 769 557 728 513 666 529 622 482 669 431 599 441 551 423 537 381 532 377 496 348 418 322 449 330 411 281 403 275 360 274 377 285 352 231 371 219 315 224 310 203 304 192 288 197 230 186 283 169 224 145 220 147 211 127 182 126 155 127 161 99 118 104 115 115 152 80 128 82 95 92 95 86 84 68 88 74 101 65 92 68 71 62 93 43 69 62 62 64 67 41 68 38 45 41 56 30 67 45 37 33 51 29 45 31 33 20 42 19 34 22 29 35 30 11 31 18 18 20 27 15 26 16 17 13 26 17 29 18 16 15 18 5 17 10 11 10 12 5 13 6 8 8 20 3 8 7 6 5 6 3 4 8 1 10 8 1 6 6 3 7 8 6 3 3 4 1 2 3 6 5 3 4 5 5 6 5 3 1 1 1 1 1 1 1 1 1 1 2 1 1 1 1 2 2 1 1 1 1 2
275 1281 5501 14628 41995 79252 177915 286797 551040 789412 1370633 1755252 2884545 3429266 5398886 6008955 9155295 9691878 14317532 14804259 21877139 21771805 33669251 32350223 48023325 46306649 71364439 67101239 103587520 97799620 146452388 139512998 213589571 188204250 302960116 270391791 409726418 375566667 586750470 513209652 787343367 697338716 1070605853 959235673 1444469081 1255238808 2002558352 1744926350 2526541734 2183928864 3384671313 2925543347 4459979155 3802754774 5642970805 5030893891 7252997862 6209844653 9675470743 8211609440 11916168491 10302843747 15575292626 12591950951 19741952391 15945825850 24062463953 20506802313 30957872737 24493271896 39791470586 30928537615 47705446937 40309701945 60069648771 46390776596 76825192569 59903662705 91508217610 75932887439 109637802881 91866873926 143186647816 115709435794 170762932709 140178630086 212353407791 165152318776 258428024985 206006011026 302600085690 253588892525 375061685971 290904945855 472995662868 350569869326 528056363769 432885115254 653807034811 515868388717 784536909870 633520224940 910901473682 772587779544 1086413358587 853103820344 1395912024482 1077521631650 1549808265254 1367380849717 1946348123966 1491873531270 2245502552599 1783088647028 2731287713220 2091158159541 3235801953969 2611806258345 4088881880806 2839126441986 4511692378680 3564016493446 5193206537205 4367661565951 6356196682803 5011285056520 7430193535014 5736881814507 8445983182251 6431485429318 10189463431912 7718667198192 11055870477326 9635260246283 13478039298721 10484490422040 16110023243936 10695102775150 17838177400337 15064754736128 20407359979534 16557420096066 24337776027034 17760821607535 25316944762221 21640868759674 32620848191302 25676040519109 37431330957893 29153928228377 40162909490656 33800543190517 45951148431135 38238342560727 54053679944133 44599934616593 67131638772734 49616570736897 74290403279794 59854529024980 82380791417982 67804447796182 93248318755391 77159193840026 116013753242273 89159691223260 130503081962623 100745764373129 131258554386950 111322112376288 168916359923113 127107105714424 183590885974117 144095572125981 209795743062050 180228545464127 234954054565741 182209724134754 296010980949565 246613577864470 312179982699089 236757059622381 388126223111652 262224423563661 426566130619718 307539845667426 456918494539543 318920324332137 557370898429028 377944054889353 606017994073853 472423625264019 583346397133794 541887229888418 829819464614447 535691306800482 863839748864286 581348294894190 921457425260346 728306009283437 1057317127484903 702764763114754 1041149749511500 775882163878434 1103404592790215 1024398927799561 1247082637620299 830087749075873 1187255192594307 1116093196773305 1323714068658066 1392958395249509 1963222505053615 1191876655777898 2042980140714219 1407454029993042 1715695926319243 1758702791527955 2044514885097320 1838219961685454 2040658732574879 1753111416763627 2450428803481853 2336383369515357 3447646934372517 2178185930658323 3597687536831397 2704783798926429 3519179363173067 3229480248180284 4771573477595930 2718764526394980 4352491335074703 3886321726057293 4469655845405176 5047564296356515 5528497705766900 3963681841113800 7332738697182364 3532412220806488 4821467343351313 5556221172523934 7751609855714520 4106556670878350 11032488056230430 7322976334713004 7500220627732622 6984041737899464 10651407432259576 6587746204432499 11547224648670681 8076232585361226 11113325703757716 6077363648043736 13581363573845942 7378441515831937 13844080909452842 9125159097797340 13875774829994496 16019830085599414 16372302666672470 7408263668607295 20950769817479164 12315594599538441 13284278384113831 16532958040070063 22568816762126054 13693716126753940 26233514202901224 16814329441349721 20347239820655276 15920722271002730 34108091117803394 24661602559934616 40858547350284136 27066236756971490 32303360833503959 30660673485930469 39579034284627488 9502772674856272 37552462482384355 23866673259388302 32275805699610355 25998474829756341 34596020452369136 14724951895322619 52918701806746851 20640350896004918 33474793679478482 31447327375273984 89050413085939494 13940544310273856 47056004000575240 41538924153663133 39000476789405279 31092639900444721 39431486551724441 21924980301216999 30468943620474792 74042979136053315 9253082936723602 95242387189955616 82353214499809360 11435542077822104 72781632173969429 89456525637919211 42355987995840015 101903508877691602 127724624692692366 112028929797602184 60052280287730835 88916205385680456 96950325107978807 26415807633566326 56610040681992006 88957384320681931 194929760108799924 169379451311255798 109349766422936984 159678262107999964 213740390179773480 225837512210266808 294033861811427250 262310221144143205 164775248454577219 64325374609114550 64325374609114550 73653287861850339 78801255302666615 96450110192202760 103151466321735325 110307860425292772 117949491546113972 126108517833796355 214618299743286299 458544573742434300 244904537455382406 279363328483702152 318555973788329084 340122810048577428 726235024096220010 827532361866684724 695143713458946040 1089657644424399782 1161537834849962850 1406207446561484054 3193350548981513582
3 4 5 6 7 8 9 10 11 12 13 14 15 16 17 18 19 20 21 22 23 24 25 26 27 28 29 30 31 32 33 34 35 36 37 38 39 40 41 42 43 44 45 46 47 48 49 50 51 52 53 54 55 56 57 58 59 60 61 62 63 66 67 72 73 81 83 89 93
8 69 95 361 245 738 527 1076 706 1167 681 1036 533 799 439 526 268 346 200 264 157 171 118 97 70 85 56 53 20 45 18 48 13 41 24 46 7 36 11 23 5 16 4 10 4 7 9 10 2 7 4 5 1 8 3 5 1 5 4 4 1 1 2 1 1 1 1 1 1
8 87 139 932 760 3927 3140 13010 9772 31690 21629 63214 38827 106641 65030 144487 81196 181851 110829 235044 146138 262317 186815 189009 210007 269037 266568 272157 119270 300244 197573 431644 219350 538154 475522 906248 137312 1061334 288805 881774 209846 908475 197465 939784 344884 1079269 881912 1399766 422232 1329190 729250 2361068 281589 4034159 1158465 3041913 772310 5319712 2628507 4524520 966467 966467 2805655 6175470 4087968 12132164 15796476 34262962 56634173
